tree
version=v4
num_class=1
num_tree_per_iteration=1
label_index=0
max_feature_idx=293
objective=regression
feature_names=Column_0 Column_1 Column_2 Column_3 Column_4 Column_5 Column_6 Column_7 Column_8 Column_9 Column_10 Column_11 Column_12 Column_13 Column_14 Column_15 Column_16 Column_17 Column_18 Column_19 Column_20 Column_21 Column_22 Column_23 Column_24 Column_25 Column_26 Column_27 Column_28 Column_29 Column_30 Column_31 Column_32 Column_33 Column_34 Column_35 Column_36 Column_37 Column_38 Column_39 Column_40 Column_41 Column_42 Column_43 Column_44 Column_45 Column_46 Column_47 Column_48 Column_49 Column_50 Column_51 Column_52 Column_53 Column_54 Column_55 Column_56 Column_57 Column_58 Column_59 Column_60 Column_61 Column_62 Column_63 Column_64 Column_65 Column_66 Column_67 Column_68 Column_69 Column_70 Column_71 Column_72 Column_73 Column_74 Column_75 Column_76 Column_77 Column_78 Column_79 Column_80 Column_81 Column_82 Column_83 Column_84 Column_85 Column_86 Column_87 Column_88 Column_89 Column_90 Column_91 Column_92 Column_93 Column_94 Column_95 Column_96 Column_97 Column_98 Column_99 Column_100 Column_101 Column_102 Column_103 Column_104 Column_105 Column_106 Column_107 Column_108 Column_109 Column_110 Column_111 Column_112 Column_113 Column_114 Column_115 Column_116 Column_117 Column_118 Column_119 Column_120 Column_121 Column_122 Column_123 Column_124 Column_125 Column_126 Column_127 Column_128 Column_129 Column_130 Column_131 Column_132 Column_133 Column_134 Column_135 Column_136 Column_137 Column_138 Column_139 Column_140 Column_141 Column_142 Column_143 Column_144 Column_145 Column_146 Column_147 Column_148 Column_149 Column_150 Column_151 Column_152 Column_153 Column_154 Column_155 Column_156 Column_157 Column_158 Column_159 Column_160 Column_161 Column_162 Column_163 Column_164 Column_165 Column_166 Column_167 Column_168 Column_169 Column_170 Column_171 Column_172 Column_173 Column_174 Column_175 Column_176 Column_177 Column_178 Column_179 Column_180 Column_181 Column_182 Column_183 Column_184 Column_185 Column_186 Column_187 Column_188 Column_189 Column_190 Column_191 Column_192 Column_193 Column_194 Column_195 Column_196 Column_197 Column_198 Column_199 Column_200 Column_201 Column_202 Column_203 Column_204 Column_205 Column_206 Column_207 Column_208 Column_209 Column_210 Column_211 Column_212 Column_213 Column_214 Column_215 Column_216 Column_217 Column_218 Column_219 Column_220 Column_221 Column_222 Column_223 Column_224 Column_225 Column_226 Column_227 Column_228 Column_229 Column_230 Column_231 Column_232 Column_233 Column_234 Column_235 Column_236 Column_237 Column_238 Column_239 Column_240 Column_241 Column_242 Column_243 Column_244 Column_245 Column_246 Column_247 Column_248 Column_249 Column_250 Column_251 Column_252 Column_253 Column_254 Column_255 Column_256 Column_257 Column_258 Column_259 Column_260 Column_261 Column_262 Column_263 Column_264 Column_265 Column_266 Column_267 Column_268 Column_269 Column_270 Column_271 Column_272 Column_273 Column_274 Column_275 Column_276 Column_277 Column_278 Column_279 Column_280 Column_281 Column_282 Column_283 Column_284 Column_285 Column_286 Column_287 Column_288 Column_289 Column_290 Column_291 Column_292 Column_293
feature_infos=[-7421.5:7887.5] [-7280:7905] [-7896.5:7622.5] [-7318:7647.5] [-10369.2802734375:5441.9501953125] [82.652725219726562:1102.033447265625] [-8166.56494140625:7873.91015625] [-7317.5:7642.5] [-7285:7749.5] [-7772.5:7319] [-7665:7727] [-10268.0302734375:5441.8251953125] [82.652725219726562:1102.033447265625] [-8090.96826171875:7767.00927734375] [-7667.5:7727] [-7185:7930] [-7822:7462] [-7697.5:7787.5] [-10163.3046875:5442.080078125] [82.652725219726562:1102.033447265625] [-8055.1982421875:7681.28125] [-7700:7785] [-7102.5:8070] [-7760:7427.5] [-7429.5:8047.5] [-10069.9052734375:5445.27978515625] [82.652725219726562:1102.033447265625] [-7990.8623046875:7650.30126953125] [-7428.5:8047.5] [-6964:8065] [-7903.5:7782.5] [-7336:7990] [-9971.4052734375:5444.85498046875] [82.652725219726562:1102.033447265625] [-7893.96533203125:7644.728515625] [-7335:7990] [-7053.5:8007.5] [-7810:7725] [-7425.5:7800] [-9872.48046875:5434.02978515625] [82.652725219726562:1102.033447265625] [-7814.51416015625:7580.662109375] [-7424.5:7797.5] [-7005:7877.5] [-7899.5:7469.5] [-7287.5:7742.5] [-9787.0546875:5406.80517578125] [82.652725219726562:1102.033447265625] [-7760.921875:7469.01123046875] [-7290:7740] [-7037.5:7820] [-7655:7442.5] [-7320:7610] [-9753.3798828125:5379.080078125] [82.652725219726562:1102.033447265625] [-7720.837890625:7346.146484375] [-7322.5:7610] [-6615:7752.5] [-7546:7385] [-6735:7552.5] [-9714.48046875:5349.22998046875] [82.652725219726562:1102.033447265625] [-7625.080078125:7280.58740234375] [-6737.5:7552.5] [-6519.5:7797.5] [-7165:7172.5] [-6804.5:7510] [-9666.8798828125:5387.375] [82.652725219726562:1102.033447265625] [-7516.4365234375:7296.89794921875] [-6803.5:7510] [-6477.5:7782.5] [-7278.5:7245] [-6849.5:7405] [-9615.0048828125:5454.7001953125] [82.652725219726562:1102.033447265625] [-7384.26025390625:7306.72509765625] [-6848.5:7397.5] [-6477:7567.5] [-7323.5:6992.5] [-6849:7262.5] [-9566.6298828125:5507.2001953125] [82.652725219726562:1102.033447265625] [-7282.9638671875:7282.25048828125] [-6848:7260] [-6218.5:7537.5] [-7323:6932] [-6529.5:7322.5] [-9514.2548828125:5555.375] [82.652725219726562:1102.033447265625] [-7187.46728515625:7255.9091796875] [-6530:7322.5] [-6408.5:7610] [-6711:6925] [-6485:7382.5] [-9460.4052734375:5595.22509765625] [82.652725219726562:1102.033447265625] [-7077.015625:7267.41748046875] [-6487:7382.5] [-6313.5:7670] [-6722.5:6985] [-6594.5:7157.5] [-9407.955078125:5626.2001953125] [82.652725219726562:1102.033447265625] [-6955.01416015625:7257.42529296875] [-6596.5:7155] [-6385:7365] [-6832:6862.5] [-6614:7050] [-9355.6796875:5658.64990234375] [82.652725219726562:1102.033447265625] [-6810.4677734375:7238.568359375] [-6616:7052.5] [-6443.5:7085] [-6851.5:6018] [-6724.5:6254] [-9310.330078125:5689.4501953125] [82.652725219726562:1102.033447265625] [-6708.60693359375:7068.92578125] [-6726.5:6249] [-6528.5:6455] [-6962:5960] [-6733:6245] [-9260.10546875:5714.2001953125] [82.652725219726562:1102.033447265625] [-6601.2333984375:6872.65966796875] [-6732.5:6245] [-6638:6392.5] [-6849.5:5930] [-6686.5:6127.5] [-9207.3046875:5733.02490234375] [82.652725219726562:1102.033447265625] [-6481.3486328125:6584.0087890625] [-6685:6125] [-6657.5:6217.5] [-6919.5:5585] [-6797:5827.5] [-9155.48046875:5743.375] [82.652725219726562:1102.033447265625] [-6377.81689453125:6349.78076171875] [-6795.5:5827.5] [-6768:6520] [-6950:5465.5] [-6813.5:6182.5] [-9105.10546875:5758.375] [82.652725219726562:1102.033447265625] [-6301.197265625:6144.11865234375] [-6811:6182.5] [-6565.5:6505] [-7070.5:5785] [-6585:6127.5] [-9043.60546875:5768.2998046875] [82.652725219726562:1102.033447265625] [-6176.08837890625:6029.22509765625] [-6585.5:6125] [-6506.5:6447.5] [-6931:5727.5] [-6695.5:6070] [-8999.580078125:5780.1748046875] [82.652725219726562:1102.033447265625] [-6157.8076171875:6004.75048828125] [-6696:6062.5] [-6585.5:6232.5] [-6961:5657.5] [-6792.5:5750] [-8949.580078125:5794.875] [82.652725219726562:1102.033447265625] [-6134.52587890625:5978.4091796875] [-6792:5750] [-6695:6122.5] [-7144.5:5507.5] [-6812:6105] [-8897.830078125:5810.4248046875] [82.652725219726562:1102.033447265625] [-6177.88720703125:5989.91748046875] [-6811.5:6105] [-6714.5:6392.5] [-7091:5707.5] [-6922.5:6047.5] [-8848.8798828125:5814.7998046875] [82.652725219726562:1102.033447265625] [-6245.5791015625:5979.92529296875] [-6922:6047.5] [-6825:6335] [-7149.5:5650] [-6848:5822.5] [-8799.48046875:5814.4501953125] [82.652725219726562:1102.033447265625] [-6300.3447265625:5961.068359375] [-6847.5:5820] [-6590:6030] [-7169:5527.5] [-6790.5:5715] [-8748.080078125:5814.3251953125] [82.652725219726562:1102.033447265625] [-6341.1767578125:5903.568359375] [-6789.5:5717.5] [-6700.5:5752.5] [-7279.5:5177.5] [-6900:5355] [-8694.60546875:5814.580078125] [82.652725219726562:1102.033447265625] [-6390.615234375:5733.92578125] [-6899:5355] [-6547.5:5642.5] [-7374:4980] [-6919.5:5495] [-8641.5302734375:5817.77978515625] [82.652725219726562:1102.033447265625] [-6417.51416015625:5537.65966796875] [-6918.5:5495] [-6658:5782.5] [-7393.5:5097.5] [-7030:5567.5] [-8590.8798828125:5817.35498046875] [82.652725219726562:1102.033447265625] [-6473.19482421875:5452.41748046875] [-7029:5567.5] [-5679.5:5855] [-7504:5170] [-6051.5:5342.5] [-8541.23046875:5806.52978515625] [82.652725219726562:1102.033447265625] [-6400.44970703125:5442.42529296875] [-6050.5:5340] [-5404.5:5550] [-6525.5:5047.5] [-5776.5:5235] [-8489.5546875:5794.580078125] [82.652725219726562:1102.033447265625] [-5992.13623046875:5423.568359375] [-5775.5:5237.5] [-5280.5:5270] [-6250.5:4462.5] [-5652.5:4650] [-8427.6298828125:5797.77978515625] [82.652725219726562:1102.033447265625] [-5696.03271484375:5253.92578125] [-5651.5:4652.5] [-4759.5:4727.5] [-6126.5:4225] [-5013.5:4412.5] [-8351.0048828125:5797.35498046875] [82.652725219726562:1102.033447265625] [-5424.21142578125:5057.65966796875] [-5013:4415] [-4916:4447.5] [-5292:3440] [-4939:3627.5] [-8272.8798828125:5786.52978515625] [82.652725219726562:1102.033447265625] [-5107.55615234375:4769.0087890625] [-4938.5:3630] [-4717:3702.5] [-5309:3087.5] [-5089:3685] [-8187.2548828125:5759.30517578125] [82.652725219726562:1102.033447265625] [-4842.7783203125:4534.78076171875] [-5088:3685] [-4791.5:3972.5] [-5563:3287.5] [-4976:3460] [-8102.705078125:5731.580078125] [82.652725219726562:1102.033447265625] [-4603.61669921875:4329.11865234375] [-4975.5:3457.5] [-4527:3667.5] [-5180.5:3165] [-4777.5:3352.5] [-8012.77978515625:5701.72998046875] [82.652725219726562:1102.033447265625] [-4508.51416015625:4081.698974609375] [-4776.5:3355] [-4749:4182.5] [-5240:1952.5] [-5121:2140] [-7912.80517578125:5669.77978515625] [82.652725219726562:1102.033447265625] [-4564.19482421875:3785.408203125] [-5120:2142.5] [-2419.5:3979.5] [-5595:1510] [-3764:1971] [-7813.47998046875:5632.10498046875] [82.652725219726562:1102.033447265625] [-4491.44970703125:3494.4619140625] [-3759:2008] [0:3450.5] [-4277:0] none [-7700.93017578125:5575.6298828125] [82.652725219726562:1102.033447265625] [-4083.135986328125:3176.78369140625]
tree_sizes=2872 2878 2861 2882 2876 2861 2882 2874 2883 2884 2897 2867 2901 2848 2866 2883 2878 2844 2858 2892 2844 2851

Tree=0
num_leaves=31
num_cat=0
split_feature=271 215 138 47 277 149 39 264 250 281 6 135 88 68 254 171 274 253 271 86 120 96 269 288 5 103 64 78 281 282
split_gain=3.71567e+07 1.34401e+07 5.52654e+06 5.28217e+06 5.21056e+06 3.8233e+06 3.90813e+06 3.66364e+06 2.35814e+06 2.29423e+06 2.24753e+06 4.67873e+06 2.4439e+06 2.68069e+06 2.05455e+06 2.51258e+06 2.01222e+06 2.60263e+06 2.01001e+06 1.99752e+06 1.87798e+06 1.72895e+06 1.67268e+06 1.6697e+06 1.65983e+06 1.58962e+06 1.5599e+06 1.54253e+06 1.53269e+06 1.71232e+06
threshold=273.86253356933599 697.67520141601574 184.29510498046878 598.85974121093761 -2710.3974609374995 1590.5000000000002 1300.4475097656252 366.12072753906256 297.50462341308599 569.25000000000011 -2748.848022460937 -1601.2499999999998 -2643.737426757812 551.34381103515636 -1218.4999999999998 -782.74999999999989 356.75000000000006 940.25000000000011 302.91500854492193 -2360.2499999999995 -2939.9999999999995 697.99713134765636 -49.749999999999993 411.25000000000006 697.99713134765636 598.85974121093761 -1713.4999999999998 -752.74999999999989 90.750000000000014 -197.24999999999997
decision_type=2 2 2 2 2 2 2 2 2 2 2 2 2 2 2 2 2 2 2 2 2 2 2 2 2 2 2 2 2 2
left_child=2 7 -1 25 -5 22 -7 8 16 10 20 14 13 27 -12 19 17 23 -10 -16 -9 24 -6 -2 -14 -3 -20 -13 29 -4
right_child=1 3 28 4 5 6 -8 9 18 -11 11 12 21 -15 15 -17 -18 -19 26 -21 -22 -23 -24 -25 -26 -27 -28 -29 -30 -31
leaf_value=-112.03110827132291 -117.76731625375398 -124.58244811920369 -113.28069986812989 -157.10177437463523 -132.87677504602195 -158.98052496305229 -127.72302484622718 -125.35408272052771 -112.97123718542055 -114.34583453441907 -140.25344186250217 -127.27302500119926 -118.85891435509348 -118.14391765721901 -130.91243305555105 -141.96302514901879 -113.66416027446564 -128.62052502537639 -124.78089260235082 -115.63728513871831 -113.30861700281307 -129.91912798721944 -115.61568127828211 -131.65154772587104 -107.4269264631762 -108.54927486963555 -115.91092446425442 -146.91052526822807 -113.133550617937 -115.12227740700156
leaf_weight=8696 1376 52 2177 25 25 20 20 39 679 218 33 20 839 35 38 20 262 60 51 49 190 34 32 22 33 22 1764 20 5203 3004
leaf_count=8696 1376 52 2177 25 25 20 20 39 679 218 33 20 839 35 38 20 262 60 51 49 190 34 32 22 33 22 1764 20 5203 3004
internal_value=-114.039 -117.478 -112.961 -130.355 -136.748 -131.502 -143.352 -117.042 -116.274 -119.105 -119.874 -120.796 -119.576 -128.249 -129.347 -125.983 -117.698 -118.423 -115.292 -122.309 -115.36 -118.858 -123.186 -117.986 -118.426 -119.816 -116.16 -137.092 -113.74 -114.348
internal_weight=25058 5978 19080 196 122 97 40 5782 4214 1568 1350 1121 981 75 140 107 1720 1458 2494 87 229 906 57 1398 872 74 1815 40 10384 5181
internal_count=25058 5978 19080 196 122 97 40 5782 4214 1568 1350 1121 981 75 140 107 1720 1458 2494 87 229 906 57 1398 872 74 1815 40 10384 5181
is_linear=0
shrinkage=1


Tree=1
num_leaves=31
num_cat=0
split_feature=271 215 96 47 277 149 39 106 67 274 264 13 250 247 98 79 289 79 281 222 87 282 274 135 271 60 12 48 249 288
split_gain=3.35339e+07 1.21297e+07 5.03698e+06 4.76716e+06 4.70254e+06 3.45053e+06 3.52708e+06 3.37773e+06 2.67908e+06 2.28259e+06 2.42413e+06 2.33968e+06 2.20286e+06 2.36508e+06 1.89709e+06 2.49578e+06 2.39419e+06 2.24312e+06 1.75513e+06 1.74288e+06 1.60176e+06 1.55298e+06 1.51953e+06 1.48663e+06 1.48214e+06 1.47938e+06 1.42877e+06 1.36356e+06 2.66279e+06 1.34928e+06
threshold=273.86253356933599 697.67520141601574 171.26660919189456 598.85974121093761 -2710.3974609374995 1590.5000000000002 1300.4475097656252 -2343.2499999999995 -2578.807495117187 391.75000000000006 366.12072753906256 -3122.996704101562 297.50462341308599 713.75000000000011 -864.74999999999989 -909.24999999999989 -534.74999999999989 1932.7500000000002 90.750000000000014 320.29513549804693 2181.5000000000005 -197.24999999999997 188.25000000000003 -834.74999999999989 697.67520141601574 -3350.7075195312495 455.67280578613287 -2584.8361816406245 -2184.309936523437 348.25000000000006
decision_type=2 2 2 2 2 2 2 2 2 2 2 2 2 2 2 2 2 2 2 2 2 2 2 2 2 2 2 2 2 2
left_child=2 7 -1 24 -5 22 -7 8 25 10 12 -12 13 -9 15 -13 -16 -18 21 -14 -19 -4 -6 -21 -3 -2 -26 -11 -29 -25
right_child=1 3 18 4 5 6 -8 9 -10 27 11 14 19 -15 16 -17 17 20 -20 23 -22 -23 -24 29 26 -27 -28 28 -30 -31
leaf_value=2.0886361405369893 -10.324862935099491 4.7253063360850014 0.78897531322320769 -40.909910892486579 -18.615992253759632 -42.69472461223603 -13.000098851919175 -3.5974103126056605 -23.98089864007358 8.0686991606439857 2.1520100675603397 -8.5506253179662011 0.24650530366159021 -13.729946446816127 5.8817796129422888 -27.101494636535644 -4.7560490143572425 -26.561786499023437 1.0116204217380935 -6.4971677786774116 -8.9991408708933243 -0.84452870646557843 -1.9757685205515694 -2.3668237365782261 -18.511325703217434 2.570360717773438 -1.5935126692056656 -18.744766712188721 -0.78557202083709732 5.8775482834510093
leaf_weight=7020 86 24 2416 25 23 20 20 1434 29 42 93 194 849 60 48 20 567 20 5986 216 37 3658 34 780 26 30 24 21 1203 53
leaf_count=7020 86 24 2416 25 23 20 20 1434 29 42 93 194 849 60 48 20 567 20 5986 216 37 3658 34 780 26 30 24 21 1203 53
internal_value=-1.95777e-08 -3.26776 1.02383 -15.5006 -21.5737 -16.5901 -27.8474 -2.85309 -10.3881 -2.65926 -3.20075 -5.39252 -2.56816 -4.00434 -6.18444 -10.2844 -4.87881 -5.70654 0.404016 -1.43768 -15.1615 -0.194785 -8.69024 -2.80076 -5.48826 -6.98989 -10.3908 -0.78973 -1.0937 -1.84227
internal_weight=25058 5978 19080 196 122 97 40 5782 145 5637 4371 979 3392 1494 886 214 672 624 12060 1898 57 6074 57 1049 74 116 50 1266 1224 833
internal_count=25058 5978 19080 196 122 97 40 5782 145 5637 4371 979 3392 1494 886 214 672 624 12060 1898 57 6074 57 1049 74 116 50 1266 1224 833
is_linear=0
shrinkage=0.05


Tree=2
num_leaves=31
num_cat=0
split_feature=271 215 271 47 102 106 67 274 264 13 220 95 250 247 98 79 289 79 222 87 281 282 103 50 23 135 60 231 87 215
split_gain=3.02643e+07 1.0947e+07 4.69422e+06 4.30236e+06 4.30507e+06 3.0484e+06 2.41787e+06 2.06004e+06 2.18778e+06 2.11156e+06 1.99517e+06 3.01336e+06 1.98808e+06 2.13449e+06 1.71212e+06 2.25244e+06 2.16075e+06 2.02442e+06 1.57295e+06 1.44559e+06 1.41217e+06 1.47674e+06 1.35536e+06 1.34404e+06 2.43027e+06 1.34168e+06 1.33514e+06 1.28331e+06 1.2618e+06 1.25425e+06
threshold=273.86253356933599 697.67520141601574 188.93824768066409 598.85974121093761 -2031.4749755859373 -2343.2499999999995 -2578.807495117187 391.75000000000006 366.12072753906256 -3122.996704101562 -2.7499999999999996 2104.1125488281255 297.50462341308599 713.75000000000011 -864.74999999999989 -909.24999999999989 -534.74999999999989 1932.7500000000002 320.29513549804693 2181.5000000000005 90.750000000000014 -197.24999999999997 598.85974121093761 -1233.2499999999998 -1624.7499999999998 -834.74999999999989 -3350.7075195312495 1144.5000000000002 -1604.7499999999998 475.18203735351568
decision_type=2 2 2 2 2 2 2 2 2 2 2 2 2 2 2 2 2 2 2 2 2 2 2 2 2 2 2 2 2 2
left_child=2 5 -1 22 -5 6 26 8 12 -10 -6 -12 13 -7 15 23 29 27 -14 -19 21 -4 -3 24 28 -20 -2 -18 -11 -16
right_child=1 3 20 4 10 7 -8 -9 9 14 11 -13 18 -15 16 -17 17 19 25 -21 -22 -23 -24 -25 -26 -27 -28 -29 -30 -31
leaf_value=1.7763805177607173 -9.8086197629224436 -9.6152578977438132 0.60965786736184413 -34.459572254984003 -2.6684140425461993 -3.417539802014911 -22.78185359034045 -0.75024320204664274 2.0444096024318408 -11.975526115202136 -28.912194807389206 -5.772150794665019 0.23418001600127619 -13.043449257214863 -2.838814461749533 -25.746419470310215 -5.07051768437388 -25.233696098327638 -6.1723095054979682 -8.5491837474139967 0.79729615488812167 -1.1636384118733922 5.1894793672995139 -3.4593221833712833 -27.103200403849286 -1.7501581629159071 2.4418426163991294 5.7273359956412477 1.3308533420562745 13.340075622558595
leaf_weight=9306 86 52 2052 38 26 1434 29 1266 93 62 34 24 849 60 23 20 538 20 216 37 4978 2744 22 86 21 833 30 29 25 25
leaf_count=9306 86 52 2052 38 26 1434 29 1266 93 62 34 24 849 60 23 20 538 20 216 37 4978 2744 22 86 21 833 30 29 25 25
internal_value=2.31446e-08 -3.10437 0.972638 -14.7256 -20.495 -2.71043 -9.86869 -2.5263 -3.04071 -5.12289 -14.1777 -19.337 -2.43975 -3.80412 -5.87521 -9.77013 -4.63487 -5.42122 -1.3658 -14.4034 0.20738 -0.404922 -5.21385 -8.12309 -11.8368 -2.66073 -6.6404 -4.51825 -8.15185 5.58769
internal_weight=25058 5978 19080 196 122 5782 145 5637 4371 979 84 58 3392 1494 886 214 672 624 1898 57 9774 4796 74 194 108 1049 116 567 87 48
internal_count=25058 5978 19080 196 122 5782 145 5637 4371 979 84 58 3392 1494 886 214 672 624 1898 57 9774 4796 74 194 108 1049 116 567 87 48
is_linear=0
shrinkage=0.05


Tree=3
num_leaves=31
num_cat=0
split_feature=271 180 138 40 67 148 240 262 287 225 104 197 6 106 289 250 89 271 243 264 180 281 169 155 16 225 233 271 276 75
split_gain=2.7631e+07 9.12063e+06 6.70813e+06 6.45834e+06 7.40287e+06 3.28937e+06 2.05434e+06 2.57841e+06 2.88325e+06 2.11648e+06 2.16764e+06 1.82613e+06 1.76493e+06 2.09312e+06 1.69644e+06 1.76024e+06 1.627e+06 1.57272e+06 1.64639e+06 2.13272e+06 1.53492e+06 1.6454e+06 1.43827e+06 1.63448e+06 4.86328e+06 1.77379e+06 1.35194e+06 1.33997e+06 1.31896e+06 1.26919e+06
threshold=302.91500854492193 756.37554931640636 208.1150817871094 598.85974121093761 -831.83499145507801 -1309.4999999999998 -29.749999999999996 -1256.2499999999998 -389.74999999999994 -1642.9999999999998 -3660.8039550781245 -1643.7499999999998 -2748.848022460937 -2343.2499999999995 -803.24999999999989 270.59570312500006 240.65512847900393 246.48671722412112 267.34095764160162 282.50642395019537 388.34660339355474 569.25000000000011 -842.24999999999989 -402.24999999999994 -141.24999999999997 -527.24999999999989 1096.2500000000002 143.42427062988284 -336.24999999999994 239.89833831787112
decision_type=2 2 2 2 2 2 2 2 2 2 2 2 2 2 2 2 2 2 2 2 2 2 2 2 2 2 2 2 2 2
left_child=2 5 27 -3 -5 6 7 8 -2 28 -11 -7 -12 -14 -13 16 -16 29 19 -19 -17 22 -22 24 25 -24 -25 -1 -9 -4
right_child=1 3 17 4 -6 11 -8 9 -10 10 12 14 13 -15 15 20 -18 18 -20 -21 21 -23 23 26 -26 -27 -28 -29 -30 -31
leaf_value=2.3506333326100015 -30.586523209918631 -0.85141543149948129 -0.38281292121416632 -47.408455358232771 -13.332597062394425 -15.870637559007717 -17.93737966059599 14.815973043441772 -5.526989609003067 -21.905999919346399 0.44380075486151727 7.8322112354877831 -21.846553671360017 -5.9853770050100792 2.9737942016124728 -1.9967307801655878 -13.099198916634998 -1.4837677727104741 -0.076675410016789444 -7.03771176881191 2.5931890102854949 0.36260577867060534 7.1971264433860789 -5.215434668999368 -31.777061713260156 -9.9615595397890591 5.9786492139101028 1.1777882182088757 -2.5696840335925422 1.2272834561270718
leaf_weight=3465 22 33 2713 28 37 27 43 20 24 21 91 37 24 156 20 2251 74 1819 2427 191 57 162 20 735 23 61 28 8195 24 2230
leaf_count=3465 22 33 2713 28 37 27 43 20 24 21 91 37 24 156 20 2251 74 1819 2427 191 57 162 20 735 23 61 28 8195 24 2230
internal_value=-4.36362e-09 -3.79938 0.725567 -18.8657 -28.0114 -3.42273 -7.57621 -6.4099 -17.512 -4.88997 -6.4304 -2.91765 -5.23118 -8.1002 -2.81681 -2.93165 -9.67941 -0.269829 -0.953182 -2.01153 -2.74157 -4.28543 -5.10034 -5.60614 -11.4864 -5.72485 -4.80464 1.52632 5.33289 0.343571
internal_weight=25058 4018 21040 98 65 3920 425 382 46 336 292 3495 271 180 3468 3431 94 9380 4437 2010 3337 1086 924 867 104 81 763 11660 44 4943
internal_count=25058 4018 21040 98 65 3920 425 382 46 336 292 3495 271 180 3468 3431 94 9380 4437 2010 3337 1086 924 867 104 81 763 11660 44 4943
is_linear=0
shrinkage=0.05


Tree=4
num_leaves=31
num_cat=0
split_feature=271 180 138 40 32 148 175 262 287 225 4 197 289 250 89 76 6 106 271 243 180 281 214 265 261 252 96 276 117 75
split_gain=2.4937e+07 8.23137e+06 6.05409e+06 5.82866e+06 6.69965e+06 2.96865e+06 1.99537e+06 2.15976e+06 2.60213e+06 2.08496e+06 1.77035e+06 1.64808e+06 1.53104e+06 1.58862e+06 1.46837e+06 1.42149e+06 1.58224e+06 1.67512e+06 1.41938e+06 1.51029e+06 1.38526e+06 1.48497e+06 1.32433e+06 1.36248e+06 2.19125e+06 1.49136e+06 1.2257e+06 1.19036e+06 1.16238e+06 1.12636e+06
threshold=302.91500854492193 756.37554931640636 208.1150817871094 598.85974121093761 -1523.544982910156 -1309.4999999999998 -704.24999999999989 -1256.2499999999998 -389.74999999999994 -1642.9999999999998 1747.495056152344 -1643.7499999999998 -803.24999999999989 270.59570312500006 240.65512847900393 -3854.994750976562 -2748.848022460937 -2343.2499999999995 246.48671722412112 304.50262451171881 388.34660339355474 569.25000000000011 -3680.8525390624995 1193.8001098632815 373.75000000000006 1008.7500000000001 162.2836837768555 -336.24999999999994 222.39909362792972 194.96476745605472
decision_type=2 2 2 2 2 2 2 2 2 2 2 2 2 2 2 2 2 2 2 2 2 2 2 2 2 2 2 2 2 2
left_child=2 5 26 -3 -5 6 7 8 -2 27 -6 -7 -13 14 -14 -11 -17 -18 28 -20 -15 22 -22 25 -25 -24 -1 -9 -4 -28
right_child=1 3 18 4 10 11 -8 9 -10 15 -12 12 13 20 -16 16 17 -19 19 -21 21 -23 23 24 -26 -27 29 -29 -30 -31
leaf_value=1.9627338061188593 -29.057197350669995 -0.80884477171030922 -0.84139125647352953 -48.302888895117718 -24.519536434520376 -15.077105690373315 -22.614387574195863 14.075174307823183 -5.250639895598094 -18.520955276489257 -3.9654722118377688 7.4406009751397209 2.8251046383380891 -1.8968942221266525 -12.444238894301895 -0.47152223526829423 -20.052073585070097 -6.4085631506885594 -1.2353766819793612 1.6742895047956148 4.9905861103173459 0.34447536115293154 -5.3066653694825909 13.172169998168947 -8.7364424847421187 -17.951490553220115 0.40733708008705388 -2.4411996357142929 0.82981725229995495 1.8484164575296333
leaf_weight=5829 22 33 1489 23 22 27 20 20 24 23 20 37 20 2251 74 99 26 167 3934 503 33 162 821 25 21 24 3686 24 3454 2145
leaf_count=5829 22 33 1489 23 22 27 20 20 24 23 20 37 20 2251 74 99 26 167 3934 503 33 162 821 25 21 24 3686 24 3454 2145
internal_value=1.23984e-08 -3.60941 0.689288 -17.9224 -26.6109 -3.25159 -7.1974 -6.43606 -16.6364 -5.12906 -14.7319 -2.77177 -2.67597 -2.78506 -9.19544 -6.55316 -5.6105 -8.24655 -0.256338 -0.905523 -2.60449 -4.07116 -4.84532 -5.20962 3.17041 -5.66581 1.45001 5.06624 0.326392 0.937455
internal_weight=25058 4018 21040 98 65 3920 425 405 46 359 42 3495 3468 3431 94 315 292 193 9380 4437 3337 1086 924 891 46 845 11660 44 4943 5831
internal_count=25058 4018 21040 98 65 3920 425 405 46 359 42 3495 3468 3431 94 315 292 193 9380 4437 3337 1086 924 891 46 845 11660 44 4943 5831
is_linear=0
shrinkage=0.05


Tree=5
num_leaves=31
num_cat=0
split_feature=271 187 47 137 89 138 5 197 287 262 280 264 219 233 250 269 236 275 220 96 288 222 62 193 280 206 12 264 253 269
split_gain=2.25373e+07 8.54578e+06 4.72682e+06 3.8251e+06 4.96681e+06 3.56336e+06 3.5436e+06 2.83732e+06 2.18684e+06 2.55445e+06 1.64386e+06 1.56158e+06 1.92119e+06 1.72793e+06 1.56706e+06 1.55639e+06 1.49661e+06 1.431e+06 1.98985e+06 1.42641e+06 1.40921e+06 1.39568e+06 1.41582e+06 1.61371e+06 1.39391e+06 1.49655e+06 1.36496e+06 1.35991e+06 1.37814e+06 1.28742e+06
threshold=273.86253356933599 697.67520141601574 598.85974121093761 3420.7800292968755 757.00543212890636 184.29510498046878 757.00543212890636 -1643.7499999999998 -282.24999999999994 -1256.2499999999998 357.25000000000006 366.12072753906256 -1163.7499999999998 1096.2500000000002 297.50462341308599 -49.749999999999993 598.35256958007824 -309.24999999999994 58.250000000000007 598.85974121093761 337.75000000000006 314.05801391601568 1216.8560180664065 765.30499267578136 -452.74999999999994 -864.74999999999989 475.31204223632818 282.50642395019537 1020.2500000000001 124.25000000000001
decision_type=2 2 2 2 2 2 2 2 2 2 2 2 2 2 2 2 2 2 2 2 2 2 2 2 2 2 2 2 2 2
left_child=5 7 19 4 6 -1 15 8 9 -2 11 14 20 16 27 -4 24 18 -18 -3 -13 -16 -23 -24 26 -26 -14 -9 -29 -30
right_child=1 2 3 -5 -6 -7 -8 10 -10 -11 -12 12 13 -15 21 -17 17 -19 -20 -21 -22 22 23 -25 25 -27 -28 28 29 -31
leaf_value=1.5860160484180463 -30.445422373499191 -8.0026051277338066 -20.064820925394695 -1.5674231290817262 -41.428922104669944 0.21403815647336302 -33.757429177420484 -1.3367375436323083 -4.6926775591572127 -8.6119906802435189 0.29894281941613721 3.0563987693647401 -3.573121560096741 6.1083076586042138 0.5437974729484657 -2.5468798808753492 -16.044954226233742 -19.357422136579242 5.7461074781417851 6.8326772157962514 -9.6407206351940449 -2.9105019888087278 13.443639977152149 -0.089573337671472075 -13.721775647328824 -4.7157339453507872 9.6512860096991062 -3.8829574514507343 -22.287666296958925 -5.4140584725600025
leaf_weight=8696 21 43 21 26 27 10384 21 642 120 37 618 137 50 35 833 32 22 35 20 26 26 1057 24 268 49 787 32 923 20 26
leaf_count=8696 21 43 21 26 27 10384 21 642 120 37 618 137 50 35 833 32 22 35 20 26 26 1057 24 268 49 787 32 923 20 26
internal_value=-1.18564e-08 -2.67892 -12.9468 -18.6701 -23.0728 0.839338 -16.3752 -2.33086 -8.54561 -16.5172 -2.13346 -2.43494 -4.01273 -4.81092 -1.93869 -9.48795 -5.19502 -11.8906 -5.66826 -2.4125 1.03109 -1.06543 -2.05912 1.02275 -4.6334 -5.2436 1.58762 -3.12146 -4.30391 -12.7504
internal_weight=25058 5978 196 127 101 19080 74 5782 178 58 5604 4986 1193 1030 3793 53 995 77 42 69 163 2182 1349 292 918 836 82 1611 969 46
internal_count=25058 5978 196 127 101 19080 74 5782 178 58 5604 4986 1193 1030 3793 53 995 77 42 69 163 2182 1349 292 918 836 82 1611 969 46
is_linear=0
shrinkage=0.05


Tree=6
num_leaves=31
num_cat=0
split_feature=271 180 52 39 138 148 240 262 287 225 104 6 106 289 183 250 89 180 214 281 265 261 252 271 68 271 243 264 159 96
split_gain=2.04906e+07 6.80276e+06 5.28023e+06 6.75216e+06 5.03793e+06 2.49774e+06 1.78198e+06 1.90129e+06 2.11864e+06 1.751e+06 1.79676e+06 1.45726e+06 1.7126e+06 1.42614e+06 1.64839e+06 1.38377e+06 1.30713e+06 1.20213e+06 1.41432e+06 1.46825e+06 1.23237e+06 1.9122e+06 1.31381e+06 1.15627e+06 1.15165e+06 1.14725e+06 1.49976e+06 1.87417e+06 1.12165e+06 1.47886e+06
threshold=302.91500854492193 756.37554931640636 -2923.2499999999995 1300.4475097656252 212.2242126464844 -1309.4999999999998 -29.749999999999996 -1256.2499999999998 -389.74999999999994 -1642.9999999999998 -3660.8039550781245 -2748.848022460937 -2343.2499999999995 -803.24999999999989 -1544.7499999999998 270.59570312500006 240.65512847900393 388.34660339355474 -3680.8525390624995 569.25000000000011 1193.8001098632815 373.75000000000006 1008.7500000000001 143.42427062988284 160.77922058105472 246.48671722412112 267.34095764160162 274.88392639160162 362.47964477539068 320.30302429199224
decision_type=2 2 2 2 2 2 2 2 2 2 2 2 2 2 2 2 2 2 2 2 2 2 2 2 2 2 2 2 2 2
left_child=4 5 -3 -4 23 6 7 8 -2 -9 -11 -12 -13 -7 -15 16 -16 -17 -19 20 22 -22 -20 -1 -6 -26 27 -27 29 -14
right_child=1 2 3 -5 24 13 -8 9 -10 10 11 12 28 14 15 17 -18 18 19 -21 21 -23 -24 -25 25 26 -28 -29 -30 -31
leaf_value=2.0589135756746777 -26.220785713195802 -2.0086077130757847 -39.726422222682409 -5.2931834707657499 -12.264269267320634 7.0014124564635454 -16.215818521588346 5.1239579601721337 -4.7395070791244507 -19.665188834780739 0.67291555889360199 -19.524969371159873 -3.7077439837985566 -14.696136280468531 2.8436316430568698 -1.6850899604739487 -11.563003285511121 5.6400443113767187 -4.937365209146936 0.40232746874450886 12.472810581207277 -7.9933469454447437 -16.805237940947215 0.97857864899853864 0.30833063130846972 -1.111358805080261 0.0096346263573367404 -5.0636456258817093 1.3784449454234995 -15.899637426828086
leaf_weight=3465 22 39 35 24 20 39 43 44 24 21 91 24 72 28 20 2245 74 39 823 157 25 21 24 8684 4496 1603 2403 369 46 38
leaf_count=3465 22 39 35 24 20 39 43 44 24 21 91 24 72 28 20 2245 74 39 823 157 25 21 24 8684 4496 1603 2403 369 46 38
internal_value=7.48586e-09 -3.27184 -16.2836 -25.7197 0.624821 -2.94654 -6.56588 -5.47963 -15.0132 -4.17445 -5.57558 -4.48376 -7.09075 -2.50642 -2.61371 -2.51503 -8.49776 -2.34635 -3.70954 -4.05681 -4.84078 3.12956 -5.27364 1.2867 -0.279594 -0.252574 -0.828992 -1.85091 -5.17779 -7.91949
internal_weight=25058 4018 98 59 21040 3920 425 382 46 336 292 271 180 3495 3456 3428 94 3334 1089 1050 893 46 847 12149 8891 8871 4375 1972 156 110
internal_count=25058 4018 98 59 21040 3920 425 382 46 336 292 271 180 3495 3456 3428 94 3334 1089 1050 893 46 847 12149 8891 8871 4375 1972 156 110
is_linear=0
shrinkage=0.05


Tree=7
num_leaves=31
num_cat=0
split_feature=271 187 271 47 285 218 227 64 32 34 88 6 269 289 197 15 281 96 250 96 250 271 243 68 203 215 133 114 234 250
split_gain=1.84927e+07 6.22088e+06 4.55481e+06 4.02391e+06 3.33598e+06 3.15318e+06 4.50524e+06 2.12549e+06 2.85354e+06 2.01683e+06 2.31407e+06 2.0792e+06 1.85196e+06 1.71297e+06 1.61153e+06 1.3552e+06 1.33067e+06 1.31913e+06 1.23334e+06 1.51169e+06 1.18326e+06 1.49059e+06 1.28405e+06 1.17252e+06 1.07094e+06 1.36429e+06 2.19664e+06 1.52093e+06 2.40182e+06 1.91544e+06
threshold=302.91500854492193 697.67520141601574 208.1150817871094 598.85974121093761 642.43734741210949 397.75000000000006 791.25000000000011 -1958.9999999999998 -2073.734985351562 -2658.2333984374995 -2643.737426757812 -1366.2886962890623 -188.24999999999997 -153.74999999999997 -1643.7499999999998 -1920.9999999999998 498.00000000000006 598.85974121093761 270.59570312500006 240.65512847900393 207.27247619628909 246.48671722412112 302.84857177734381 497.51815795898443 -1431.2499999999998 411.96957397460943 -577.24999999999989 351.75000000000006 377.25000000000006 455.34440612792974
decision_type=2 2 2 2 2 2 2 2 2 2 2 2 2 2 2 2 2 2 2 2 2 2 2 2 2 2 2 2 2 2
left_child=2 7 -1 17 -5 -6 -7 8 15 -9 11 -11 -10 -8 23 -2 18 -3 19 -16 -4 -22 -23 -12 -20 -26 -27 -28 -29 -30
right_child=1 3 20 4 5 6 13 9 12 10 14 -13 -14 -15 16 -17 -18 -19 24 -21 21 22 -24 -25 25 26 27 28 29 -31
leaf_value=1.2520188325511983 -5.5778569177045663 -7.4523049983867384 -2.1772638079846316 -34.780353182012384 -1.6209809619027216 -39.696670408248906 -19.434144420815368 5.3026799393401429 -28.021262175386603 -5.6145484419718183 -17.865308217917171 -20.066847613652548 -9.6077334026495631 -0.27523015499114994 3.9329708687961102 6.0563983201980598 0.66510210855290142 6.8141875983430795 4.480605478815991 -11.653879221507481 0.6447491709876183 -0.98084102225968872 1.5638121984217066 -2.9676019363403321 -1.8979925105271318 -12.961313511927925 -0.03757557231326436 -11.499688857562333 -7.6664188700563773 9.2436248336777549
leaf_weight=11682 236 43 719 22 37 20 28 85 22 146 28 30 36 20 20 28 396 26 58 70 3978 4097 564 25 2228 72 172 103 34 33
leaf_count=11682 236 43 719 22 37 20 28 85 22 146 28 30 36 20 20 28 396 26 58 70 3978 4097 564 25 2228 72 172 103 34 33
internal_value=-3.56315e-09 -3.10824 0.59358 -11.796 -17.0767 -13.3673 -19.7587 -2.66272 -6.55013 -2.30508 -2.49444 -8.07801 -16.5922 -11.4513 -2.19104 -4.34392 -2.04719 -2.07653 -2.43216 -8.19013 -0.228377 -0.066177 -0.672928 -10.8381 -2.24023 -2.38777 -5.02358 -3.35248 -6.70639 0.662409
internal_weight=25058 4018 21040 196 127 105 68 3822 322 3500 3415 176 58 48 3239 264 3186 69 2790 90 9358 8639 4661 53 2700 2642 414 342 170 67
internal_count=25058 4018 21040 196 127 105 68 3822 322 3500 3415 176 58 48 3239 264 3186 69 2790 90 9358 8639 4661 53 2700 2642 414 342 170 67
is_linear=0
shrinkage=0.05


Tree=8
num_leaves=31
num_cat=0
split_feature=271 187 47 137 89 5 96 197 287 262 281 281 260 215 247 261 240 269 274 138 4 282 260 95 246 291 285 288 137 191
split_gain=1.68165e+07 6.40924e+06 3.63158e+06 3.25958e+06 4.03177e+06 3.0503e+06 2.84209e+06 2.21596e+06 1.78278e+06 2.04676e+06 1.48968e+06 1.46035e+06 1.58449e+06 2.04707e+06 1.96814e+06 1.83376e+06 1.87207e+06 1.38845e+06 1.25226e+06 1.21473e+06 1.38627e+06 1.19394e+06 1.09792e+06 1.30522e+06 1.43098e+06 1.32153e+06 1.16444e+06 1.09754e+06 1.06825e+06 1.91192e+06
threshold=273.86253356933599 697.67520141601574 598.85974121093761 3420.7800292968755 757.00543212890636 757.00543212890636 162.2836837768555 -1643.7499999999998 -282.24999999999994 -1256.2499999999998 152.75000000000003 268.75000000000006 73.750000000000014 411.96957397460943 180.25000000000003 -304.24999999999994 -538.74999999999989 -49.749999999999993 271.25000000000006 757.00543212890636 -912.00250244140614 -26.749999999999996 833.25000000000011 -1049.3500366210935 710.25000000000011 -456.69000244140619 268.46131896972662 2.2500000000000004 -5108.1350097656241 -2641.2499999999995
decision_type=2 2 2 2 2 2 2 2 2 2 2 2 2 2 2 2 2 2 2 2 2 2 2 2 2 2 2 2 2 2
left_child=6 7 19 4 5 17 -1 8 9 -2 21 12 14 18 27 16 -15 -4 22 20 -3 -8 23 24 26 -25 -14 -9 -10 -30
right_child=1 2 3 -5 -6 -7 10 11 28 -11 -12 -13 13 15 -16 -17 -18 -19 -20 -21 -22 -23 -24 25 -26 -27 -28 -29 29 -31
leaf_value=1.6439749160615305 -27.170000167120072 -13.854565935664708 -17.852781613667808 -0.43500392987177927 -36.825352149539526 -30.379805094855175 0.18160057866748469 -11.119454666663861 -14.268979335966566 -7.626304330052557 1.1076352137095142 -0.56413808696978729 -14.503272039240057 -3.2685693549995238 12.12909912665685 -4.7893752730712693 -19.927192942301431 -1.3069461166858674 -0.44034932902423285 8.0571990128783959 3.274089731488909 -1.5342608523450909 -9.1950727630884224 2.8549049504101278 6.1989077156240295 -2.887266447200008 -5.6094931476381094 -1.3136259763534492 8.4377412580674704 -6.5448724631000976
leaf_weight=5839 21 27 21 26 27 21 7950 29 21 37 4129 1605 44 26 27 189 48 32 465 21 21 1162 78 112 22 951 225 1783 31 68
leaf_count=5839 21 27 21 26 27 21 7950 29 21 37 4129 1605 44 26 27 189 48 32 465 21 21 1162 78 112 22 951 225 1783 31 68
internal_value=-5.32459e-09 -2.31407 -11.2062 -16.2228 -20.287 -14.2528 0.725027 -2.01264 -7.50491 -14.7025 0.31979 -1.83819 -2.34953 -3.26787 -1.27089 -7.40183 -14.0742 -7.86284 -2.69474 -1.9727 -6.36078 -0.0372132 -3.42679 -3.09449 -6.06153 -2.28226 -7.06424 -1.47056 -4.02608 -1.85335
internal_weight=25058 5978 196 127 101 74 19080 5782 178 58 13241 5604 3999 2160 1839 263 74 53 1897 69 48 9112 1432 1354 291 1063 269 1812 120 99
internal_count=25058 5978 196 127 101 74 19080 5782 178 58 13241 5604 3999 2160 1839 263 74 53 1897 69 48 9112 1432 1354 291 1063 269 1812 120 99
is_linear=0
shrinkage=0.05


Tree=9
num_leaves=31
num_cat=0
split_feature=271 180 52 81 138 148 6 10 289 281 76 278 145 250 183 203 276 54 26 212 243 72 241 78 274 288 260 254 115 219
split_gain=1.52572e+07 5.18454e+06 4.14812e+06 5.79734e+06 3.95122e+06 1.95458e+06 1.95308e+06 3.41068e+06 1.41062e+06 1.2683e+06 1.35074e+06 2.0541e+06 1.22043e+06 1.6962e+06 1.5403e+06 1.10043e+06 1.0985e+06 1.48692e+06 1.47356e+06 1.46082e+06 1.40017e+06 1.17014e+06 1.77936e+06 1.07927e+06 1.0535e+06 1.65612e+06 1.38047e+06 1.83628e+06 1.01892e+06 1.42493e+06
threshold=302.91500854492193 756.37554931640636 -2923.2499999999995 -785.06747436523426 212.2242126464844 -1391.7499999999998 -779.00613403320301 -541.74999999999989 -803.24999999999989 -417.24999999999994 -3854.994750976562 697.67520141601574 239.02124786376956 270.59570312500006 -1544.7499999999998 -1317.2499999999998 53.750000000000007 396.43238830566412 412.04266357421881 -1056.2499999999998 330.04473876953131 2119.7500000000005 767.75000000000011 -1398.7499999999998 271.25000000000006 485.25000000000006 -239.74999999999997 -531.74999999999989 770.75000000000011 -50.749999999999993
decision_type=2 2 2 2 2 2 2 2 2 2 2 2 2 2 2 2 2 2 2 2 2 2 2 2 2 2 2 2 2 2
left_child=4 5 -3 -4 -1 6 9 -8 -7 -2 -11 23 -10 -14 -15 -16 17 19 -19 20 -17 22 28 -12 25 26 -6 -28 -20 -30
right_child=1 2 3 -5 24 8 7 -9 12 10 11 -13 13 14 15 16 -18 18 21 -21 -22 -23 -24 -25 -26 -27 27 -29 29 -31
leaf_value=1.1253206779176188 -14.702391140801566 -1.5300368406833746 -42.871862724694346 -10.460419038824135 1.0270372958653107 7.1690366911888121 -31.110816469192503 -4.789835894107819 2.8845367859075739 -12.297859370861298 -2.178501448447888 10.230185733324497 -9.5471170995293591 -14.388737946290238 3.5846405529681551 -15.049445518709366 -1.2818163852160831 -10.799223220749544 -2.5891681397954627 -1.7916881507859568 -2.8770816801322834 -15.531480180649531 8.9512252366101297 -10.479207084069447 0.7293099718738022 -13.671980404853821 -4.2724880447044766 -0.60472457689640635 -16.593979284498428 -4.0112161930402115
leaf_weight=12149 28 39 22 37 1197 40 20 32 111 39 195 29 82 26 81 42 1421 104 228 1195 54 21 27 49 2060 24 365 5245 36 60
leaf_count=12149 28 39 22 37 1197 40 20 32 111 39 195 29 82 26 81 42 1421 104 228 1195 54 21 27 49 2060 24 365 5245 36 60
internal_value=-6.33481e-09 -2.82327 -14.1825 -22.546 0.539159 -2.53929 -5.88875 -14.9133 -2.16713 -4.50852 -3.59369 -2.35023 -2.27419 -2.44376 -2.26698 -2.17057 -2.3168 -3.14912 -5.53778 -2.2684 -8.20249 -4.06684 -3.38092 -3.84545 -0.261796 -0.56068 -0.514452 -0.843358 -4.4086 -8.72975
internal_weight=25058 4018 98 59 21040 3920 392 52 3528 340 312 273 3488 3377 3295 3269 3188 1767 476 1291 96 372 351 244 8891 6831 6807 5610 324 96
internal_count=25058 4018 98 59 21040 3920 392 52 3528 340 312 273 3488 3377 3295 3269 3188 1767 476 1291 96 372 351 244 8891 6831 6807 5610 324 96
is_linear=0
shrinkage=0.05


Tree=10
num_leaves=31
num_cat=0
split_feature=271 215 89 151 229 12 268 114 289 32 274 260 254 96 281 282 81 201 223 251 197 278 288 48 256 236 225 118 226 88
split_gain=1.38416e+07 5.45784e+06 2.59829e+06 4.88837e+06 2.41901e+06 1.94342e+06 1.95043e+06 1.5992e+06 1.63034e+06 1.55866e+06 1.45234e+06 1.35229e+06 1.79932e+06 1.7691e+06 1.31973e+06 1.33558e+06 1.31597e+06 1.29949e+06 1.28812e+06 2.12732e+06 1.25408e+06 1.66381e+06 1.24275e+06 1.19288e+06 1.36907e+06 1.17561e+06 1.09518e+06 1.22023e+06 1.07338e+06 1.00034e+06
threshold=273.86253356933599 697.67520141601574 757.00543212890636 3361.224975585938 182.86527252197268 757.00543212890636 -777.74999999999989 -2788.7499999999995 -803.24999999999989 -2847.674926757812 307.75000000000006 73.750000000000014 -424.74999999999994 697.99713134765636 90.750000000000014 -197.24999999999997 -3272.670043945312 396.30473327636724 622.71951293945324 -220.47365570068357 -1643.7499999999998 455.34440612792974 2.2500000000000004 -2584.8361816406245 -2162.1650390624995 642.43734741210949 -1642.9999999999998 -3540.608032226562 -1758.7499999999998 -1518.0700073242185
decision_type=2 2 2 2 2 2 2 2 2 2 2 2 2 2 2 2 2 2 2 2 2 2 2 2 2 2 2 2 2 2
left_child=4 7 5 -4 -1 6 -3 9 17 16 11 12 20 29 15 -6 26 -9 19 -8 21 -10 -22 -12 -25 -26 -2 -28 -24 -13
right_child=1 2 3 -5 14 -7 18 8 10 -11 23 13 -14 -15 -16 -17 -18 -19 -20 -21 22 -23 28 24 25 -27 27 -29 -30 -31
leaf_value=1.2852837973480826 0.44924540519714357 -17.802351213538127 -32.907448431650799 -0.99489209175109861 0.53904691965858775 -21.415443923473362 -0.039426869266438042 -0.87603103399276749 -2.9352687810920184 -16.965173153723441 7.0686787476539612 -5.7064717777295426 0.67242682598136871 -17.652905159904844 0.70634316972565325 -1.0819771533100395 6.6653972625732427 16.932337238675071 7.0241107368469251 -19.177367095947268 -13.897527810660277 -19.378157150268557 6.9866172176418893 -10.553941874163492 -0.35376634135572516 -9.4919788175159034 -20.3503792014989 -5.403796319166819 -2.1624919185532674 -2.5747488716865128
leaf_weight=8509 32 23 30 20 2168 20 53 20 40 31 50 302 699 21 5333 3070 22 21 30 20 22 25 33 35 1574 36 22 36 1123 1638
leaf_count=8509 32 23 30 20 2168 20 53 20 40 31 50 302 699 21 5333 3070 22 21 30 20 22 25 33 35 1574 36 22 36 1123 1638
internal_value=-8.99629e-10 -2.09943 -10.3051 -20.1424 0.657777 -6.93614 -4.63784 -1.82127 -1.68885 -7.04301 -1.76161 -2.29234 -1.35711 -3.21851 0.152674 -0.411038 -4.2967 8.24533 -1.69819 -5.2827 -2.49842 -9.25946 -2.12535 -0.539524 -0.770777 -0.558099 -6.97632 -11.0732 -1.90131 -3.06226
internal_weight=25058 5978 196 50 19080 146 126 5782 5639 143 5598 3903 1942 1961 10571 5238 112 41 103 73 1243 65 1178 1695 1645 1610 90 58 1156 1940
internal_count=25058 5978 196 50 19080 146 126 5782 5639 143 5598 3903 1942 1961 10571 5238 112 41 103 73 1243 65 1178 1695 1645 1610 90 58 1156 1940
is_linear=0
shrinkage=0.05


Tree=11
num_leaves=31
num_cat=0
split_feature=271 180 52 22 138 148 175 262 225 287 214 19 117 243 278 252 145 250 78 34 130 6 208 222 271 292 2 3 96 181
split_gain=1.25884e+07 4.32198e+06 3.58454e+06 5.03295e+06 3.31082e+06 1.63015e+06 1.67621e+06 1.3064e+06 1.66402e+06 1.60288e+06 1.27428e+06 1.78224e+06 1.25095e+06 1.22439e+06 2.11632e+06 1.19135e+06 1.11161e+06 1.54277e+06 1.15436e+06 1.23011e+06 1.44349e+06 2.10677e+06 1.23256e+06 1.73853e+06 1.13236e+06 1.77698e+06 3.11542e+06 1.97564e+06 1.8085e+06 1.14174e+06
threshold=302.91500854492193 756.37554931640636 -2923.2499999999995 347.25000000000006 220.71853637695315 -1309.4999999999998 -704.24999999999989 -1256.2499999999998 -1642.9999999999998 -389.74999999999994 -3680.8525390624995 757.00543212890636 226.48928070068362 697.67520141601574 598.35256958007824 -1064.4999999999998 239.02124786376956 270.59570312500006 -1734.7499999999998 -2658.2333984374995 -2262.924926757812 -971.53326416015614 475.18203735351568 380.26853942871099 697.67520141601574 598.35256958007824 1859.0000000000002 311.25000000000006 642.48309326171886 1951.990905761719
decision_type=2 2 2 2 2 2 2 2 2 2 2 2 2 2 2 2 2 2 2 2 2 2 2 2 2 2 2 2 2 2
left_child=4 5 -3 -4 -1 6 7 9 -9 -2 -7 16 -6 14 15 -10 -12 -18 -19 -20 21 22 23 -21 25 28 27 -27 29 -22
right_child=1 2 3 -5 12 10 -8 8 13 -11 11 -13 -14 -15 -16 -17 17 18 19 20 24 -23 -24 -25 -26 26 -28 -29 -30 -31
leaf_value=0.97262482448101728 -22.213047096946024 -1.174230142740103 -41.10309445381165 -10.252749773172233 -1.8848589400841815 6.7070524635769075 -19.359471762180331 5.593321181969209 -13.932715781392723 -3.5284789641698207 3.0582462188546309 -12.683016626040143 -0.068893839502152915 4.1745472403133617 -18.662558969958077 -3.1596678920925467 -8.9120110488232278 -7.0319044754883953 6.4567236773173011 -2.718374988054618 -1.7472025485885032 -21.048693988436746 2.4176111216447791 -15.647665120393803 -10.947846497595311 3.9310940558260139 -7.0489213166413478 25.120920111916284 -13.324342760895238 3.6952718951702117
leaf_weight=13210 22 39 20 39 1104 42 20 44 29 24 108 39 6726 34 29 223 81 107 45 78 2650 21 49 39 32 22 27 22 33 100
leaf_count=13210 22 39 20 39 1104 42 20 44 29 24 108 39 6726 34 29 223 81 107 45 78 2650 21 49 39 32 22 27 22 33 100
internal_value=5.9395e-09 -2.56449 -12.9359 -20.7105 0.489739 -2.3052 -5.22915 -4.53135 -3.51484 -12.4646 -1.94964 -2.05494 -0.324938 -4.78709 -5.87142 -4.39942 -1.93353 -2.0966 -1.92542 -1.75018 -1.87036 -6.12755 -4.23994 -7.02814 -1.59452 -1.48964 6.32146 14.526 -1.68892 -1.54929
internal_weight=25058 4018 98 59 21040 3920 425 405 359 46 3495 3453 7830 315 281 252 3414 3306 3225 3118 3073 187 166 117 2886 2854 71 44 2783 2750
internal_count=25058 4018 98 59 21040 3920 425 405 359 46 3495 3453 7830 315 281 252 3414 3306 3225 3118 3073 187 166 117 2886 2854 71 44 2783 2750
is_linear=0
shrinkage=0.05


Tree=12
num_leaves=31
num_cat=0
split_feature=271 215 82 274 271 289 93 288 96 208 222 138 75 16 105 231 101 281 281 131 243 218 192 271 269 267 282 98 289 205
split_gain=1.14877e+07 4.99966e+06 2.27903e+06 4.3984e+06 1.82738e+06 1.63456e+06 2.94695e+06 1.5673e+06 1.48818e+06 1.44954e+06 1.84349e+06 1.7317e+06 1.43069e+06 1.32961e+06 1.4633e+06 1.93149e+06 1.43645e+06 1.32083e+06 1.29527e+06 1.19957e+06 1.40281e+06 1.15818e+06 4.33091e+06 1.39477e+06 1.26222e+06 1.15386e+06 1.15072e+06 1.13958e+06 1.45794e+06 1.22619e+06
threshold=250.58671569824222 697.67520141601574 757.00543212890636 424.75000000000006 342.62866210937506 -803.24999999999989 -1359.2499999999998 3.2500000000000004 162.2836837768555 277.46133422851568 278.79521179199224 285.49470520019537 308.31669616699224 1176.7500000000002 -488.74999999999994 -491.24999999999994 -648.74999999999989 90.750000000000014 -44.749999999999993 330.09014892578131 278.83967590332037 1.0000000180025095e-35 -404.24999999999994 697.67520141601574 193.25000000000003 1416.7500000000002 -197.24999999999997 2348.7500000000005 -658.74999999999989 577.75000000000011
decision_type=2 2 2 2 2 2 2 2 2 2 2 2 2 2 2 2 2 2 2 2 2 2 2 2 2 2 2 2 2 2
left_child=8 4 21 -4 9 6 -6 -7 -1 10 -2 -11 19 14 15 -12 -17 26 -14 -13 -21 -3 -23 -24 -25 27 -10 28 -9 -30
right_child=1 2 3 -5 5 7 -8 25 17 11 13 12 18 -15 -16 16 -18 -19 -20 20 -22 22 23 24 -26 -27 -28 -29 29 -31
leaf_value=1.394013531428502 -1.1464592601290322 -0.51441469082125912 -34.667780038584837 -4.3704660263061532 -3.9304130554199221 -16.382375133605233 21.199054636955264 -14.203407861189596 0.82606719490222091 1.5536505500276589 1.9032505382597447 -1.7432769482305579 -3.3205301398499332 -12.164261577679561 -1.2976416647314064 -8.2562760524127796 -23.041097877025607 0.9775681881532583 0.78694063119720281 -18.76567797887893 -4.7123146612747853 -29.712570331210181 6.5765969103032891 -18.278582680225373 -2.1674300424514281 5.7560562546551228 -0.65120439276510478 2.5889661241603155 -2.2804757028731215 -5.444565109562383
leaf_weight=5837 2271 54 23 25 28 21 20 29 2059 1011 40 688 233 52 248 92 20 5266 1089 21 115 21 22 20 31 40 3664 93 1543 382
leaf_count=5837 2271 54 23 25 28 21 20 29 2059 1011 40 688 233 52 248 92 20 5266 1089 21 115 21 22 20 31 40 3664 93 1543 382
internal_value=1.05928e-08 -1.53056 -9.42061 -18.8879 -1.33812 -2.58329 6.5402 -2.79104 0.748817 -0.881559 -1.72686 -0.152466 -0.956233 -4.64298 -3.66521 -7.52809 -10.8964 0.406109 0.0630067 -2.59147 -6.88232 -6.35013 -9.70256 -3.94626 -8.48553 -2.65428 -0.119717 -2.81862 -3.076 -2.90836
internal_weight=25058 8232 196 48 8036 2156 48 2108 16826 5880 2723 3157 2146 452 400 152 112 10989 1322 824 136 148 94 73 51 2087 5723 2047 1954 1925
internal_count=25058 8232 196 48 8036 2156 48 2108 16826 5880 2723 3157 2146 452 400 152 112 10989 1322 824 136 148 94 73 51 2087 5723 2047 1954 1925
is_linear=0
shrinkage=0.05


Tree=13
num_leaves=31
num_cat=0
split_feature=264 215 273 82 5 54 218 170 250 264 267 92 250 20 113 153 281 26 292 136 55 255 282 54 34 29 88 98 6 165
split_gain=1.0428e+07 4.09706e+06 2.07367e+06 3.08576e+06 2.12267e+06 1.98551e+06 1.67729e+06 2.3908e+06 1.50583e+06 1.68748e+06 1.60025e+06 1.4589e+06 1.29091e+06 1.17503e+06 1.1299e+06 1.22756e+06 1.10718e+06 1.08273e+06 1.07267e+06 1.06819e+06 1.06685e+06 996826 927266 924046 923956 2.34209e+06 1.72905e+06 2.33271e+06 2.04272e+06 1.53679e+06
threshold=274.88392639160162 697.67520141601574 254.25000000000003 757.00543212890636 757.00543212890636 164.45284271240237 1.0000000180025095e-35 252.25000000000003 270.59570312500006 366.12072753906256 1416.7500000000002 -1394.2499999999998 366.12072753906256 -2302.084350585937 -929.24999999999989 -153.85218811035153 152.75000000000003 249.628776550293 424.42092895507818 -38.749999999999993 2644.4401855468755 -267.24999999999994 -26.749999999999996 424.32580566406256 -2658.2333984374995 -2260.2499999999995 -2643.737426757812 -2343.4999999999995 -1366.2886962890623 -1603.6849975585935
decision_type=2 2 2 2 2 2 2 2 2 2 2 2 2 2 2 2 2 2 2 2 2 2 2 2 2 2 2 2 2 2
left_child=5 8 3 6 -4 -1 21 -8 11 13 12 -2 14 17 -11 -16 22 -10 20 -17 23 -3 -7 -15 25 -14 28 -28 -26 -29
right_child=1 2 4 -5 -6 16 7 -9 9 10 -12 -13 24 18 15 19 -18 -19 -20 -21 -22 -23 -24 -25 26 -27 27 29 -30 -31
leaf_value=1.3070308557804218 6.106592343699548 -9.2807762327648344 2.4305513225103681 -28.419232144722571 -15.29544460674127 0.10143863560724412 -25.462444386115443 -2.7797469056787949 -16.736883921027182 -14.219727307841891 7.999013891640832 -5.1315603459156804 -2.909453837434913 -0.66597994318307407 4.9274467981778658 -17.289241157259262 0.90284284352939881 -3.4570853251399414 10.375464511188595 -4.5673053193014939 6.4803577605415796 6.125048596518381 -1.4187929521967537 -5.5904941519912406 -5.4968225786685947 7.6788164205551146 -16.353152566120542 4.2232351719678105 -21.74030813376109 -2.6032119951386137
leaf_weight=6130 31 21 57 26 24 7850 26 21 20 42 34 422 172 3406 26 21 4048 66 22 77 51 21 1150 98 100 75 29 91 24 877
leaf_count=6130 31 21 57 26 24 7850 26 21 20 42 34 422 172 3406 26 21 4048 66 22 77 51 21 1150 98 100 75 29 91 24 877
internal_value=2.08705e-09 -1.84209 -8.94958 -13.2658 -2.8216 0.564787 -8.83897 -15.3276 -1.597 -1.35751 -2.73011 -4.3625 -2.96791 -0.769954 -7.13176 -4.73099 0.216078 -6.54541 -0.631098 -7.29343 -0.699212 -1.57786 -0.0928132 -0.803709 -2.46265 0.305608 -3.07261 -2.38008 -8.64072 -1.96147
internal_weight=25058 5880 196 115 81 19178 89 47 5684 5231 1568 453 1534 3663 166 124 13048 86 3577 98 3555 42 9000 3504 1368 247 1121 997 124 968
internal_count=25058 5880 196 115 81 19178 89 47 5684 5231 1568 453 1534 3663 166 124 13048 86 3577 98 3555 42 9000 3504 1368 247 1121 997 124 968
is_linear=0
shrinkage=0.05


Tree=14
num_leaves=31
num_cat=0
split_feature=271 187 92 165 292 58 37 271 64 32 34 95 269 197 108 250 243 222 250 292 243 9 222 148 271 243 264 96 77 99
split_gain=9.50897e+06 3.35111e+06 2.82354e+06 4.93573e+06 3.17885e+06 3.21613e+06 3.45413e+06 2.61341e+06 1.36852e+06 2.4063e+06 1.63642e+06 1.63737e+06 1.47153e+06 1.24382e+06 1.4391e+06 1.21667e+06 1.99027e+06 1.16817e+06 1.14067e+06 1.08827e+06 1.42532e+06 2.55452e+06 1.14498e+06 1.08307e+06 980801 1.13125e+06 1.16798e+06 1.41816e+06 939796 2.05771e+06
threshold=302.91500854492193 697.67520141601574 1953.7500000000002 2918.859985351563 756.37554931640636 -556.74999999999989 -4073.7499999999995 208.1150817871094 -1958.9999999999998 -2073.734985351562 -2658.2333984374995 -3224.859985351562 -188.24999999999997 -1643.7499999999998 -1154.7499999999998 475.18203735351568 523.07272338867199 497.39965820312506 207.27247619628909 598.35256958007824 642.43734741210949 187.25000000000003 598.35256958007824 760.25000000000011 240.00333404541018 262.96884155273443 282.50642395019537 229.03541564941409 -1324.2499999999998 -958.74999999999989
decision_type=2 2 2 2 2 2 2 2 2 2 2 2 2 2 2 2 2 2 2 2 2 2 2 2 2 2 2 2 2 2
left_child=7 8 4 -4 5 6 -3 -1 9 15 -10 -12 -11 14 -13 -2 17 -17 -9 22 21 -21 28 24 -20 26 -26 -28 -15 -30
right_child=1 2 3 -5 -6 -7 -8 18 10 12 11 13 -14 19 -16 16 -18 -19 23 20 -22 -23 -24 -25 25 -27 27 -29 29 -31
leaf_value=0.92439455321898356 -7.011426345218311 -3.2958149937220984 -29.760459703717913 -0.67222838783264161 8.6210439499686746 5.0537450190248165 -25.066641983233001 -2.110457417173039 5.2379364249285532 -24.430521085045555 -9.5247874603787466 -2.885583805044492 -8.0168479569256306 1.5116201802116374 -19.355531597137453 1.9683883344425877 -4.3034464250802991 17.197190361022951 0.42797095850685746 -1.7151142220782198 -2.5945414620776512 21.850341498333478 -11.721916949748994 1.1106277548221308 -1.3144724017489793 0.015397076043423158 5.3079089663245469 -8.6420445766089102 -7.4528217507733245 -1.4975008630663937
leaf_weight=11682 110 35 35 25 34 29 38 719 85 22 67 36 36 230 21 34 100 20 2734 23 43 23 28 1659 1957 2161 22 106 153 2791
leaf_count=11682 110 35 35 25 34 29 38 719 85 22 67 36 36 230 21 34 100 20 2734 23 43 23 28 1659 1957 2161 22 106 153 2791
internal_value=-5.03372e-10 -2.22885 -8.60527 -17.6404 -4.6192 -9.03262 -14.6286 0.425643 -1.90186 -5.02115 -1.61488 -1.78545 -14.2427 -1.63057 -8.95346 -2.9952 -0.126465 7.60869 -0.19697 -1.50374 3.94994 10.0676 -1.65532 -0.0377159 -0.310653 -0.786253 -1.61712 -6.2444 -1.56652 -1.807
internal_weight=25058 4018 196 60 136 102 73 21040 3822 322 3500 3415 58 3348 57 264 154 54 9358 3291 89 46 3202 8639 6980 4246 2085 128 3174 2944
internal_count=25058 4018 196 60 136 102 73 21040 3822 322 3500 3415 58 3348 57 264 154 54 9358 3291 89 46 3202 8639 6980 4246 2085 128 3174 2944
is_linear=0
shrinkage=0.05


Tree=15
num_leaves=31
num_cat=0
split_feature=271 243 180 52 67 281 271 208 185 274 129 243 288 124 222 99 271 1 289 271 190 281 281 278 114 218 190 83 110 283
split_gain=8.67637e+06 3.76819e+06 1.40775e+06 2.81652e+06 4.48498e+06 1.40008e+06 1.20949e+06 1.52456e+06 1.66686e+06 1.59515e+06 1.50942e+06 1.39625e+06 1.39769e+06 1.36583e+06 1.21621e+06 1.42488e+06 1.32219e+06 1.55885e+06 1.17283e+06 1.17143e+06 1.14864e+06 1.14087e+06 1.12781e+06 1.42431e+06 2.12988e+06 1.44898e+06 1.86178e+06 1.42299e+06 1.18981e+06 1.12325e+06
threshold=250.58671569824222 551.05221557617199 756.37554931640636 -2923.2499999999995 -1008.3549804687499 257.75000000000006 308.35098266601568 523.07272338867199 -1938.4999999999998 -257.24999999999994 -1420.4999999999998 302.84857177734381 337.75000000000006 551.34381103515636 523.07272338867199 -1259.7499999999998 366.18142700195318 -1996.7499999999998 -466.24999999999994 142.51051330566409 -677.99999999999989 90.750000000000014 569.25000000000011 756.37554931640636 -2788.7499999999995 121.75000000000001 1693.7500000000002 681.03585815429699 697.99713134765636 147.25000000000003
decision_type=2 2 2 2 2 2 2 2 2 2 2 2 2 2 2 2 2 2 2 2 2 2 2 2 2 2 2 2 2 2
left_child=19 5 22 -4 -5 6 11 8 9 -8 -9 12 -2 14 15 16 -10 -18 20 -1 -17 -21 23 24 -3 -26 27 -27 -24 -7
right_child=1 2 3 4 -6 29 7 10 13 -11 -12 -13 -14 -15 -16 18 17 -19 -20 21 -22 -23 28 -25 25 26 -28 -29 -30 -31
leaf_value=1.4850354379838731 -1.1881116128734179 -18.119946516814988 -0.51660037835439043 -37.084439840316769 -7.9619055417867814 1.4252759252796121 -20.916547973950706 16.175923557281493 -2.519389683063384 -3.7467455525552076 0.49624491785511826 1.5826997752453777 -12.615715424219768 -13.590787370116622 9.6998165720985057 11.669608270710913 -4.72966623027932 -17.384043704138861 -2.2594973587704223 0.011375275025662832 -0.07032960878836142 0.93405686673300115 -3.6126708202064037 2.7338393483843126 -0.58156117944307228 -9.2119896605610858 0.6486714237266118 -24.211619104657856 7.9615476411931656 -0.94388099787433488
leaf_weight=3366 2975 38 39 20 39 868 24 20 108 31 66 492 27 27 21 29 53 45 1701 7176 74 6284 64 42 93 64 36 21 34 1181
leaf_count=3366 2975 38 39 20 39 868 24 20 108 31 66 492 27 27 21 29 53 45 1701 7176 74 6284 64 42 93 64 36 21 34 1181
internal_value=-7.80105e-09 -1.33016 -5.58235 -10.9424 -17.834 -1.06103 -1.46442 -2.38307 -2.64867 -11.239 4.14268 -0.886253 -1.29089 -2.41909 -2.27058 -2.39564 -6.33519 -10.5403 -1.94578 0.650771 3.23509 0.442143 -4.24235 -5.79075 -7.21152 -5.27451 -8.88148 -12.9178 0.402874 0.0597443
internal_weight=25058 8232 490 98 59 7742 5693 2199 2113 55 86 3494 3002 2058 2031 2010 206 98 1804 16826 103 13460 392 294 252 214 121 85 98 2049
internal_count=25058 8232 490 98 59 7742 5693 2199 2113 55 86 3494 3002 2058 2031 2010 206 98 1804 16826 103 13460 392 294 252 214 121 85 98 2049
is_linear=0
shrinkage=0.05


Tree=16
num_leaves=31
num_cat=0
split_feature=271 180 47 292 289 289 96 262 289 90 287 274 260 254 261 250 275 281 282 96 27 43 254 138 113 6 195 281 276 52
split_gain=7.87498e+06 3.16965e+06 3.36108e+06 3.6621e+06 2.8715e+06 4.50579e+06 1.53149e+06 1.34263e+06 1.48511e+06 1.38692e+06 1.25473e+06 1.20849e+06 1.18429e+06 1.60057e+06 1.50263e+06 1.11886e+06 1.03157e+06 1.01827e+06 1.06671e+06 1.00468e+06 896380 893655 1.13898e+06 1.6202e+06 949254 1.06929e+06 1.33469e+06 869000 1.182e+06 857666
threshold=273.86253356933599 697.67520141601574 598.85974121093761 642.43734741210949 -244.74999999999997 -153.74999999999997 162.2836837768555 -1256.2499999999998 -803.24999999999989 -3734.8107910156245 -389.74999999999994 391.75000000000006 -139.74999999999997 -449.74999999999994 -378.24999999999994 267.34753417968756 90.750000000000014 152.75000000000003 -26.749999999999996 598.85974121093761 1322.133972167969 207.25000000000003 -794.49999999999989 349.96574401855474 -850.99999999999989 -779.00613403320301 -1167.545959472656 15.250000000000002 -72.249999999999986 -315.74999999999994
decision_type=2 2 2 2 2 2 2 2 2 2 2 2 2 2 2 2 2 2 2 2 2 2 2 2 2 2 2 2 2 2
left_child=6 7 19 -4 29 -6 -1 10 -9 -10 -2 12 13 21 -14 20 -17 18 27 -3 -16 24 23 -23 25 -11 -27 28 -8 -5
right_child=1 2 3 4 5 -7 17 8 9 11 -12 -13 14 -15 15 16 -18 -19 -20 -21 -22 22 -24 -25 -26 26 -28 -29 -30 -31
leaf_value=1.1707197172788137 -14.210980109679396 -3.6211504977941518 -29.700565882205964 -6.4922048387073339 -33.627534504370253 -5.0536419997344151 0.001607565646128092 8.7055948077021412 -11.724131203442813 -0.82645167617120441 -1.9578749412960477 0.064409181149930911 -4.6812908016528825 3.5056385973116031 -3.7938460517765549 -1.0287734186993196 -4.5286618830180476 0.85004070172251911 -1.5115153061825519 9.0040847860849826 -13.391124255568892 -2.3661198895028295 -1.5277738423329856 -16.46202357610067 1.7396013209056631 -18.784022207260133 -2.4148922985250301 0.5666565135403715 -2.2421558115328755 7.2143543481826784
leaf_weight=5839 39 40 25 21 22 37 2687 37 32 271 45 1281 505 222 246 2184 233 4129 1162 26 27 47 203 36 321 20 33 4512 751 25
leaf_count=5839 39 40 25 21 22 37 2687 37 32 271 45 1281 505 222 246 2184 233 4129 1162 26 27 47 203 36 321 20 33 4512 751 25
internal_value=3.22422e-09 -1.58355 -7.83685 -12.5022 -8.40731 -15.7083 0.496147 -1.37158 -1.27907 -1.34433 -7.64682 -1.28532 -1.68297 -0.309328 -2.17869 -1.70887 -1.36616 0.198675 -0.0964844 1.35243 -4.74303 -1.21902 -3.54538 -8.48001 -0.187486 -2.09673 -8.59192 0.110341 -0.488522 0.957012
internal_weight=25058 5978 196 130 105 59 19080 5782 5698 5661 84 5629 4348 1153 3195 2690 2417 13241 9112 66 273 931 286 83 645 324 53 7950 3438 46
internal_count=25058 5978 196 130 105 59 19080 5782 5698 5661 84 5629 4348 1153 3195 2690 2417 13241 9112 66 273 931 286 83 645 324 53 7950 3438 46
is_linear=0
shrinkage=0.05


Tree=17
num_leaves=31
num_cat=0
split_feature=271 215 267 260 267 240 232 278 271 243 281 254 191 271 281 267 72 190 280 23 254 219 288 138 237 289 282 243 262 89
split_gain=7.18566e+06 3.20348e+06 1.82911e+06 4.59099e+06 2.17313e+06 2.12299e+06 1.54855e+06 1.24379e+06 1.14355e+06 1.29042e+06 1.24573e+06 1.22644e+06 1.81719e+06 979088 993198 956840 1.16684e+06 937215 1.41771e+06 1.30693e+06 1.67558e+06 1.36713e+06 1.1967e+06 1.11768e+06 1.17055e+06 1.15302e+06 933316 925250 1.36983e+06 1.16523e+06
threshold=250.58671569824222 697.67520141601574 520.25000000000011 425.75000000000006 -300.24999999999994 118.75000000000001 1478.0000000000002 697.67520141601574 312.07698059082037 316.03454589843756 192.75000000000003 731.25000000000011 1635.2500000000002 143.42427062988284 90.750000000000014 1416.7500000000002 401.75000000000006 -1707.2499999999998 -409.49999999999994 -2670.9999999999995 -1107.4999999999998 -2208.7499999999995 3.2500000000000004 332.65150451660162 -923.99093627929676 -803.24999999999989 -197.24999999999997 598.35256958007824 410.25000000000006 598.85974121093761
decision_type=2 2 2 2 2 2 2 2 2 2 2 2 2 2 2 2 2 2 2 2 2 2 2 2 2 2 2 2 2 2
left_child=13 8 3 4 -3 -4 -7 -6 9 -2 11 12 17 -1 26 27 -17 19 23 21 -21 -10 -20 24 -19 -25 -15 29 -29 -12
right_child=1 2 5 -5 7 6 -8 -9 10 -11 15 -13 -14 14 -16 16 -18 18 22 20 -22 -23 -24 25 -26 -27 -28 28 -30 -31
leaf_value=1.341191928391849 -0.80762697144864826 -16.98768176417197 9.5493875415236857 -31.13321200348437 7.8028951538801197 -18.689431138038636 -1.5770072594667095 -7.2977212206522628 5.876641580793593 2.1546145923991702 -0.85800532930058149 -10.332497688293458 10.244383876664299 0.80059425742045631 0.85872550565541561 15.518690404891968 -1.3562624499911355 -12.957081810633341 -14.479750667918815 -23.388738549839367 -4.6398572628314687 -11.133359473092217 -2.7307036579512474 14.155033370581542 0.39241652397009047 1.8762318754849368 -0.41174286904462032 -1.4156692402179427 -14.053055238723756 6.1666437637421403
leaf_weight=3465 4302 31 27 24 25 20 39 30 27 402 1234 50 28 2388 6237 20 21 24 22 22 26 21 1458 22 52 146 4736 65 32 62
leaf_count=3465 4302 31 27 24 25 20 39 30 27 402 1234 50 28 2388 6237 20 21 24 22 22 26 21 1458 22 52 146 4736 65 32 62
internal_value=3.3466e-09 -1.21051 -7.52619 -11.797 -6.4009 -2.06347 -7.37783 -0.433805 -1.05647 -0.554476 -1.76516 -2.6055 -2.39644 0.592233 0.398 -0.652908 6.87542 -2.59091 -2.32317 -7.39916 -13.2331 -1.56523 -2.90535 1.2081 -3.82321 3.48417 -0.00536147 -0.874489 -5.5847 -0.52195
internal_weight=25058 8232 196 110 86 86 59 55 8036 4704 3332 1898 1848 16826 13361 1434 41 1820 1724 96 48 48 1480 244 76 168 7124 1393 97 1296
internal_count=25058 8232 196 110 86 86 59 55 8036 4704 3332 1898 1848 16826 13361 1434 41 1820 1724 96 48 48 1480 244 76 168 7124 1393 97 1296
is_linear=0
shrinkage=0.05


Tree=18
num_leaves=31
num_cat=0
split_feature=138 243 152 271 271 208 247 26 92 39 288 163 184 93 289 274 226 236 40 250 181 188 30 113 292 180 238 197 214 225
split_gain=6.60738e+06 3.09724e+06 1.4624e+06 1.71105e+06 1.49644e+06 1.32088e+06 1.95388e+06 1.61764e+06 1.26502e+06 4.85813e+06 2.32027e+06 1.95359e+06 1.7253e+06 1.70288e+06 1.30001e+06 1.23246e+06 1.37152e+06 1.23211e+06 1.56615e+06 1.17781e+06 1.0804e+06 1.06555e+06 1.04722e+06 902073 1.27518e+06 1.56273e+06 1.66935e+06 2.37165e+06 1.26234e+06 1.23645e+06
threshold=233.17544555664065 551.05221557617199 231.74176788330081 302.91500854492193 598.35256958007824 523.07272338867199 -1440.9999999999998 346.50718688964849 1953.7500000000002 1263.3275146484377 54.750000000000007 -2313.7499999999995 -2131.2499999999995 -1995.2499999999998 -244.74999999999997 1115.7500000000002 -1504.2499999999998 523.07272338867199 523.24734497070324 270.59570312500006 1951.990905761719 -1320.9445800781248 -4197.4999999999991 -929.24999999999989 497.39965820312506 403.88594055175787 -705.74999999999989 -487.24999999999994 -377.61250305175776 -227.74999999999997
decision_type=2 2 2 2 2 2 2 2 2 2 2 2 2 2 2 2 2 2 2 2 2 2 2 2 2 2 2 2 2 2
left_child=-1 2 21 -4 5 6 7 -5 10 -10 13 12 22 -3 -11 16 -13 18 -7 -8 23 -2 -12 -21 25 -25 -27 -28 -26 -29
right_child=1 8 3 4 -6 17 19 -9 9 14 11 15 -14 -15 -16 -17 -18 -19 -20 20 -22 -23 -24 24 28 26 27 29 -30 -31
leaf_value=0.67868267922102754 -12.881545603716816 -5.3532336044311526 -0.1049138574169946 -19.289845361028398 12.117252264022827 -0.31251032142078178 -7.7181108648417052 -4.1083926647346711 -26.269569310834335 7.0641376535097766 -12.105534356611747 10.138249093294144 -20.849562228809702 -24.66672420501709 -7.726117652654648 10.469394817352295 -2.4639234630728879 -2.2036546405993014 14.283454530239107 -3.6424615284966451 3.7918527895918022 -2.7161569819377185 0.84524377230051406 -0.8179472671529171 -0.55317115038633347 8.4637200717926024 -21.638645472526552 -13.760225496292115 15.255711787679921 -3.2070718513525565
leaf_weight=14751 27 25 5846 28 20 34 77 47 31 24 27 24 22 21 39 25 215 57 40 467 95 570 37 2012 28 25 20 30 23 371
leaf_count=14751 27 25 5846 28 20 34 77 47 31 24 27 24 22 21 39 25 215 57 40 467 95 570 37 2012 28 25 20 30 23 371
internal_value=-5.85709e-09 -0.971306 -0.777664 -0.622377 -1.51896 -1.60028 -1.80032 -9.77614 -4.85087 -10.0653 -3.6131 -2.22559 -8.77053 -14.1703 -2.09173 -0.0935254 -1.19843 3.32141 7.5772 -1.6103 -1.45716 -3.1759 -4.61837 -1.62472 -1.24915 -1.41152 -4.08926 -4.83469 6.57633 -3.99658
internal_weight=25058 10307 9817 9220 3374 3354 3223 75 490 94 396 350 86 46 63 264 239 131 74 3148 3071 597 64 2976 2509 2458 446 421 51 401
internal_count=25058 10307 9817 9220 3374 3354 3223 75 490 94 396 350 86 46 63 264 239 131 74 3148 3071 597 64 2976 2509 2458 446 421 51 401
is_linear=0
shrinkage=0.05


Tree=19
num_leaves=31
num_cat=0
split_feature=96 180 40 32 149 54 197 107 11 114 75 12 121 236 89 110 283 181 73 133 268 212 268 281 117 138 242 155 201 75
split_gain=5.97899e+06 2.49135e+06 2.33099e+06 3.9737e+06 1.58406e+06 1.16791e+06 1.11859e+06 1.93238e+06 1.65193e+06 1.31379e+06 1.30928e+06 1.61842e+06 1.6051e+06 1.5132e+06 1.48613e+06 1.6137e+06 2.43229e+06 1.42885e+06 1.45349e+06 1.41725e+06 1.3239e+06 1.25641e+06 1.25185e+06 1.2952e+06 1.11632e+06 1.75564e+06 2.02734e+06 1.46037e+06 1.31996e+06 1.1126e+06
threshold=268.39988708496099 756.37554931640636 598.85974121093761 -1523.544982910156 2282.7500000000005 164.45284271240237 -1643.7499999999998 -1268.7499999999998 -6050.5249023437491 -2788.7499999999995 302.84857177734381 362.52809143066412 -1537.2499999999998 388.34660339355474 291.49632263183599 276.07646179199224 45.250000000000007 -1230.923889160156 -2218.9999999999995 -577.24999999999989 -366.74999999999994 -1323.2499999999998 70.750000000000014 213.25000000000003 260.93164062500006 233.17544555664065 -1307.9449462890623 82.750000000000014 216.82173919677737 284.01470947265631
decision_type=2 2 2 2 2 2 2 2 2 2 2 2 2 2 2 2 2 2 2 2 2 2 2 2 2 2 2 2 2 2
left_child=5 6 -3 -4 -5 -1 7 -2 -8 -10 14 12 13 -12 29 16 -16 18 -13 20 -19 -21 23 -22 25 -7 27 -27 -28 -11
right_child=1 2 3 4 -6 24 8 -9 9 10 11 17 -14 -15 15 -17 -18 19 -20 21 22 -23 -24 -25 -26 26 28 -29 -30 -31
leaf_value=1.0201376627780063 -3.229844587631808 1.6014721986019251 -31.421456544295605 4.6172067737579345 -14.82536485086788 0.37584030195039719 8.6816731769331668 -19.915913901329041 -8.394328610743246 -1.9471568819961602 -2.7174777217886668 -4.0176211298898208 0.71571601100233129 -17.953589893579483 -3.7145477316114639 -2.7016726581008297 -17.558672388719053 -1.2451466333431505 7.3562859162872218 8.6246927038828538 -8.6365415030259367 -1.7424493269812051 -2.2886112588517213 -22.028144227981571 1.6615187458097935 -3.879960107424234 -3.6383110215538936 -16.487023175716399 -0.14174402100107691 0.92326165028532192
leaf_weight=6136 131 33 23 20 22 8600 43 20 62 1116 88 43 2041 20 90 707 49 96 81 30 65 1131 47 25 1150 283 310 25 2087 484
leaf_count=6136 131 33 23 20 22 8600 43 20 62 1116 88 43 2041 20 90 707 49 96 81 30 65 1131 47 25 1150 283 310 25 2087 484
internal_value=-2.37922e-09 -1.30952 -9.22101 -14.7155 -5.567 0.455523 -1.18778 -5.43992 -1.08452 -1.15253 -1.07908 -0.481451 0.40138 -5.53898 -1.97503 -3.66994 -8.59485 -1.73126 3.41211 -2.18877 -5.74754 -1.47456 -8.90251 -12.3564 0.177364 0.0263889 -1.08462 -4.90326 -0.593949 -1.07886
internal_weight=25058 6467 98 65 42 18591 6369 151 6218 6175 6113 3667 2149 108 2446 846 139 1518 124 1394 233 1161 137 90 12455 11305 2705 308 2397 1600
internal_count=25058 6467 98 65 42 18591 6369 151 6218 6175 6113 3667 2149 108 2446 846 139 1518 124 1394 233 1161 137 90 12455 11305 2705 308 2397 1600
is_linear=0
shrinkage=0.05


Tree=20
num_leaves=31
num_cat=0
split_feature=271 215 82 274 281 288 68 47 255 170 271 264 227 218 12 139 48 88 264 208 289 57 222 131 30 101 164 159 253 282
split_gain=5.49608e+06 2.45348e+06 1.63115e+06 3.41937e+06 1.02969e+06 1.27079e+06 1.73724e+06 1.97685e+06 1.16812e+06 1.13514e+06 1.08874e+06 2.01859e+06 941502 1.65653e+06 3.17508e+06 866863 1.29776e+06 906795 793799 1.12918e+06 1.09276e+06 1.14361e+06 1.0419e+06 980970 955841 1.24787e+06 1.78383e+06 912953 884020 1.17515e+06
threshold=246.48671722412112 697.67520141601574 757.00543212890636 424.75000000000006 279.25000000000006 360.25000000000006 285.49470520019537 357.96914672851568 1010.7500000000001 1012.5000000000001 697.67520141601574 642.43734741210949 1137.5000000000002 1.0000000180025095e-35 598.85974121093761 -3381.300170898437 -2584.8361816406245 -3251.319946289062 322.94755554199224 277.46133422851568 -803.24999999999989 -2691.4999999999995 278.79521179199224 269.41552734375006 778.75000000000011 -460.74999999999994 -458.24999999999994 224.08947753906253 -974.24999999999989 -524.49999999999989
decision_type=2 2 2 2 2 2 2 2 2 2 2 2 2 2 2 2 2 2 2 2 2 2 2 2 2 2 2 2 2 2
left_child=-1 4 12 -4 5 8 -7 -8 10 -10 11 18 13 -3 -15 -6 -17 -18 19 22 -20 -22 -2 27 25 26 -25 -24 -23 -30
right_child=1 2 3 -5 15 6 7 -9 9 -11 -12 -13 -14 14 -16 16 17 -19 20 -21 21 28 23 24 -26 -27 -28 -29 29 -31
leaf_value=0.54112396556419595 -0.94714646010746228 0.75039760061988137 -28.466872837232508 -1.7534515113830567 -8.8131917035138159 -16.384177677333355 7.1032858787044404 -9.8125236205565631 -3.5260386579176961 -17.58078893661499 9.377801452636719 -15.55013519525528 4.6919750179235749 -3.0001612554896964 -25.608560458819074 6.7050153828955992 -9.6995003203550993 0.079495599610376957 6.8230402020045693 0.24734894542583691 -10.152740847787193 -8.888379777019674 -6.7428980605942872 -4.5578023518350994 -14.292322477217645 -1.2619603794400056 -22.567064852714537 1.3864810436199875 1.9045715731803818 -2.2045627036528463
leaf_weight=16335 2205 54 23 25 27 32 31 39 51 20 25 24 26 44 24 74 24 1936 35 1922 43 44 49 44 31 101 20 117 198 1435
leaf_count=16335 2205 54 23 25 27 32 31 39 51 20 25 24 26 44 24 74 24 1936 35 1922 43 44 49 44 31 101 20 117 198 1435
internal_value=2.53525e-09 -1.01333 -6.54426 -14.5536 -0.886195 -1.1964 -6.73314 -2.32124 -1.10766 -7.48512 -1.03571 -1.07724 -3.94662 -5.78763 -10.9796 0.0870114 0.205156 -0.0402472 -1.02161 -0.669112 -1.92324 -2.10122 -1.3553 -3.8414 -6.23676 -4.72329 -10.1857 -1.01315 -1.89477 -1.70633
internal_weight=25058 8723 196 48 8527 6466 102 70 6364 71 6293 6268 148 122 68 2061 2034 1960 6244 4489 1755 1720 2567 362 196 165 64 166 1677 1633
internal_count=25058 8723 196 48 8527 6466 102 70 6364 71 6293 6268 148 122 68 2061 2034 1960 6244 4489 1755 1720 2567 362 196 165 64 166 1677 1633
is_linear=0
shrinkage=0.05


Tree=21
num_leaves=31
num_cat=0
split_feature=264 180 52 231 250 92 264 281 266 282 288 271 274 264 226 98 115 278 201 262 271 250 0 261 138 128 169 141 282 232
split_gain=5.03967e+06 1.99122e+06 2.05958e+06 3.81494e+06 1.17164e+06 1.33305e+06 1.20278e+06 1.13898e+06 1.12129e+06 1.83684e+06 1.3154e+06 1.58081e+06 1.22283e+06 1.3335e+06 1.26268e+06 1.36687e+06 1.40066e+06 1.35342e+06 1.17834e+06 1.1363e+06 1.11146e+06 1.5838e+06 1.03681e+06 1.03412e+06 1.02797e+06 960808 951002 2.33978e+06 1.07804e+06 1.01425e+06
threshold=274.88392639160162 756.37554931640636 -2923.2499999999995 798.75000000000011 270.59570312500006 -1394.2499999999998 366.12072753906256 569.25000000000011 -1251.2499999999998 -524.49999999999989 353.75000000000006 497.39965820312506 -109.24999999999999 497.39965820312506 -990.24999999999989 -969.24999999999989 -1793.4999999999998 598.35256958007824 642.43734741210949 -518.99999999999989 188.93824768066409 199.19667053222659 466.25000000000006 -754.24999999999989 332.65150451660162 -679.74999999999989 -701.24999999999989 -903.24999999999989 155.75000000000003 327.25000000000006
decision_type=2 2 2 2 2 2 2 2 2 2 2 2 2 2 2 2 2 2 2 2 2 2 2 2 2 2 2 2 2 2
left_child=20 4 -3 -4 5 -2 -6 8 -8 10 11 -10 13 -11 15 16 23 26 19 -13 -1 -22 -19 -14 -23 -26 -16 -28 29 -29
right_child=1 2 3 -5 6 -7 7 -9 9 12 -12 18 14 -15 17 -17 -18 22 -20 -21 21 24 -24 -25 25 -27 27 28 -30 -31
leaf_value=0.78467705493089146 6.4053482440210168 0.5672730054610815 -30.729684812372383 -4.4374535876351429 -0.44669271497218105 -4.3371348045766354 -9.5514707062925606 1.0369491720000705 -0.99065260097239782 -4.7806876687899882 -7.9663490804036456 20.955397207840633 9.5453654033797122 -16.630404847860337 2.1345556072304759 7.0125031161714695 -9.4666894125938423 -4.780381596920102 0.5878311942605412 6.727959267298381 -1.4856010244153013 0.34320033423983043 -16.775931153758879 -4.3026376852622397 -14.248866723884237 -1.9770776437274344 -15.766987276077272 -4.7976603137819387 -10.731521552648301 -0.58557677124639096
leaf_weight=9306 31 39 22 37 3663 422 56 251 103 92 30 23 28 32 89 66 40 43 34 36 1479 8313 31 26 22 58 36 228 39 383
leaf_count=9306 31 39 22 37 3663 422 56 251 103 92 30 23 28 32 89 66 40 43 34 36 1479 8313 31 26 22 58 36 228 39 383
internal_value=-4.92763e-09 -1.28059 -8.34811 -14.2413 -1.1608 -3.602 -0.953286 -2.06712 -2.61774 -2.33202 1.7838 3.27617 -3.15301 -7.83868 -2.57716 1.49725 -2.37517 -3.34502 8.00179 12.2742 0.392631 0.0230627 -9.80554 2.87781 0.288917 -5.35182 -2.72814 -3.35901 -2.6718 -2.15735
internal_weight=25058 5880 98 59 5782 453 5329 1666 1415 1359 226 196 1133 124 1009 160 94 849 93 59 19178 9872 74 54 8393 80 775 686 650 611
internal_count=25058 5880 98 59 5782 453 5329 1666 1415 1359 226 196 1133 124 1009 160 94 849 93 59 19178 9872 74 54 8393 80 775 686 650 611
is_linear=0
shrinkage=0.05


end of trees

feature_importances:
Column_271=43
Column_281=25
Column_250=20
Column_289=17
Column_96=15
Column_243=15
Column_264=15
Column_138=14
Column_180=13
Column_274=13
Column_282=12
Column_288=12
Column_215=11
Column_6=9
Column_197=9
Column_222=9
Column_262=9
Column_47=8
Column_89=8
Column_225=7
Column_254=7
Column_269=7
Column_287=7
Column_52=6
Column_148=6
Column_260=6
Column_278=6
Column_292=6
Column_12=5
Column_32=5
Column_75=5
Column_88=5
Column_98=5
Column_106=5
Column_208=5
Column_218=5
Column_261=5
Column_267=5
Column_5=4
Column_34=4
Column_39=4
Column_40=4
Column_54=4
Column_67=4
Column_68=4
Column_79=4
Column_92=4
Column_114=4
Column_187=4
Column_214=4
Column_236=4
Column_240=4
Column_247=4
Column_276=4
Column_26=3
Column_48=3
Column_64=3
Column_78=3
Column_82=3
Column_87=3
Column_95=3
Column_113=3
Column_117=3
Column_135=3
Column_137=3
Column_149=3
Column_181=3
Column_190=3
Column_201=3
Column_219=3
Column_226=3
Column_231=3
Column_252=3
Column_253=3
Column_268=3
Column_280=3
Column_4=2
Column_13=2
Column_16=2
Column_23=2
Column_30=2
Column_60=2
Column_72=2
Column_76=2
Column_81=2
Column_93=2
Column_99=2
Column_101=2
Column_103=2
Column_104=2
Column_110=2
Column_115=2
Column_131=2
Column_133=2
Column_145=2
Column_155=2
Column_159=2
Column_165=2
Column_169=2
Column_170=2
Column_175=2
Column_183=2
Column_191=2
Column_203=2
Column_212=2
Column_220=2
Column_227=2
Column_232=2
Column_233=2
Column_255=2
Column_265=2
Column_275=2
Column_277=2
Column_283=2
Column_285=2
Column_0=1
Column_1=1
Column_2=1
Column_3=1
Column_9=1
Column_10=1
Column_11=1
Column_15=1
Column_19=1
Column_20=1
Column_22=1
Column_27=1
Column_29=1
Column_37=1
Column_43=1
Column_50=1
Column_55=1
Column_57=1
Column_58=1
Column_62=1
Column_73=1
Column_77=1
Column_83=1
Column_86=1
Column_90=1
Column_102=1
Column_105=1
Column_107=1
Column_108=1
Column_118=1
Column_120=1
Column_121=1
Column_124=1
Column_128=1
Column_129=1
Column_130=1
Column_136=1
Column_139=1
Column_141=1
Column_151=1
Column_152=1
Column_153=1
Column_163=1
Column_164=1
Column_171=1
Column_184=1
Column_185=1
Column_188=1
Column_192=1
Column_193=1
Column_195=1
Column_205=1
Column_206=1
Column_223=1
Column_229=1
Column_234=1
Column_237=1
Column_238=1
Column_241=1
Column_242=1
Column_246=1
Column_249=1
Column_251=1
Column_256=1
Column_266=1
Column_273=1
Column_291=1

parameters:
[boosting: gbdt]
[objective: regression]
[metric: l2]
[tree_learner: serial]
[device_type: cpu]
[data_sample_strategy: bagging]
[data: ]
[valid: ]
[num_iterations: 1000]
[learning_rate: 0.05]
[num_leaves: 31]
[num_threads: 0]
[seed: 42]
[deterministic: 1]
[force_col_wise: 0]
[force_row_wise: 0]
[histogram_pool_size: -1]
[max_depth: -1]
[min_data_in_leaf: 20]
[min_sum_hessian_in_leaf: 0.001]
[bagging_fraction: 1]
[pos_bagging_fraction: 1]
[neg_bagging_fraction: 1]
[bagging_freq: 0]
[bagging_seed: 400]
[bagging_by_query: 0]
[feature_fraction: 1]
[feature_fraction_bynode: 1]
[feature_fraction_seed: 30056]
[extra_trees: 0]
[extra_seed: 12879]
[early_stopping_round: 0]
[early_stopping_min_delta: 0]
[first_metric_only: 0]
[max_delta_step: 0]
[lambda_l1: 0]
[lambda_l2: 0]
[linear_lambda: 0]
[min_gain_to_split: 0]
[drop_rate: 0.1]
[max_drop: 50]
[skip_drop: 0.5]
[xgboost_dart_mode: 0]
[uniform_drop: 0]
[drop_seed: 17869]
[top_rate: 0.2]
[other_rate: 0.1]
[min_data_per_group: 100]
[max_cat_threshold: 32]
[cat_l2: 10]
[cat_smooth: 10]
[max_cat_to_onehot: 4]
[top_k: 20]
[monotone_constraints: ]
[monotone_constraints_method: basic]
[monotone_penalty: 0]
[feature_contri: ]
[forcedsplits_filename: ]
[refit_decay_rate: 0.9]
[cegb_tradeoff: 1]
[cegb_penalty_split: 0]
[cegb_penalty_feature_lazy: ]
[cegb_penalty_feature_coupled: ]
[path_smooth: 0]
[interaction_constraints: ]
[verbosity: -1]
[saved_feature_importance_type: 0]
[use_quantized_grad: 0]
[num_grad_quant_bins: 4]
[quant_train_renew_leaf: 0]
[stochastic_rounding: 1]
[linear_tree: 0]
[max_bin: 255]
[max_bin_by_feature: ]
[min_data_in_bin: 3]
[bin_construct_sample_cnt: 200000]
[data_random_seed: 175]
[is_enable_sparse: 1]
[enable_bundle: 1]
[use_missing: 1]
[zero_as_missing: 0]
[feature_pre_filter: 1]
[pre_partition: 0]
[two_round: 0]
[header: 0]
[label_column: ]
[weight_column: ]
[group_column: ]
[ignore_column: ]
[categorical_feature: ]
[forcedbins_filename: ]
[precise_float_parser: 0]
[parser_config_file: ]
[objective_seed: 16083]
[num_class: 1]
[is_unbalance: 0]
[scale_pos_weight: 1]
[sigmoid: 1]
[boost_from_average: 1]
[reg_sqrt: 0]
[alpha: 0.9]
[fair_c: 1]
[poisson_max_delta_step: 0.7]
[tweedie_variance_power: 1.5]
[lambdarank_truncation_level: 30]
[lambdarank_norm: 1]
[label_gain: ]
[lambdarank_position_bias_regularization: 0]
[eval_at: ]
[multi_error_top_k: 1]
[auc_mu_weights: ]
[num_machines: 1]
[local_listen_port: 12400]
[time_out: 120]
[machine_list_filename: ]
[machines: ]
[gpu_platform_id: -1]
[gpu_device_id: -1]
[gpu_device_id_list: ]
[gpu_use_dp: 0]
[num_gpu: 1]

end of parameters

pandas_categorical:null
