tree
version=v4
num_class=1
num_tree_per_iteration=1
label_index=0
max_feature_idx=146
objective=regression
feature_names=Column_0 Column_1 Column_2 Column_3 Column_4 Column_5 Column_6 Column_7 Column_8 Column_9 Column_10 Column_11 Column_12 Column_13 Column_14 Column_15 Column_16 Column_17 Column_18 Column_19 Column_20 Column_21 Column_22 Column_23 Column_24 Column_25 Column_26 Column_27 Column_28 Column_29 Column_30 Column_31 Column_32 Column_33 Column_34 Column_35 Column_36 Column_37 Column_38 Column_39 Column_40 Column_41 Column_42 Column_43 Column_44 Column_45 Column_46 Column_47 Column_48 Column_49 Column_50 Column_51 Column_52 Column_53 Column_54 Column_55 Column_56 Column_57 Column_58 Column_59 Column_60 Column_61 Column_62 Column_63 Column_64 Column_65 Column_66 Column_67 Column_68 Column_69 Column_70 Column_71 Column_72 Column_73 Column_74 Column_75 Column_76 Column_77 Column_78 Column_79 Column_80 Column_81 Column_82 Column_83 Column_84 Column_85 Column_86 Column_87 Column_88 Column_89 Column_90 Column_91 Column_92 Column_93 Column_94 Column_95 Column_96 Column_97 Column_98 Column_99 Column_100 Column_101 Column_102 Column_103 Column_104 Column_105 Column_106 Column_107 Column_108 Column_109 Column_110 Column_111 Column_112 Column_113 Column_114 Column_115 Column_116 Column_117 Column_118 Column_119 Column_120 Column_121 Column_122 Column_123 Column_124 Column_125 Column_126 Column_127 Column_128 Column_129 Column_130 Column_131 Column_132 Column_133 Column_134 Column_135 Column_136 Column_137 Column_138 Column_139 Column_140 Column_141 Column_142 Column_143 Column_144 Column_145 Column_146
feature_infos=[-3260:3291] [-3240.5:3408.5] [-3305:3155.5] [-3270:3159] [-2931.784912109375:4277.43994140625] [4.3059353828430176:443.019775390625] [-3144.97021484375:3522.32958984375] [-3269:3157.5] [-3200.5:3225] [-3288:2896.5] [-3209.5:2900] [-2936.2451171875:4262.22509765625] [4.1769399642944336:441.44692993164062] [-3150.836669921875:3463.254150390625] [-3210:2898.5] [-3178:3032] [-3254:2675.5] [-3200:2709] [-2940.6201171875:4245.4150390625] [4.3059353828430176:445.35134887695312] [-3155.305908203125:3394.685546875] [-3200:2717.5] [-3160.5:2857.5] [-3210.5:2501.5] [-3196.5:2537] [-2945.050048828125:4227.52978515625] [4.1769399642944336:452.79052734375] [-3159.051025390625:3316.714111328125] [-3196:2538] [-3148:2598.5] [-3260.5:2242.5] [-3237.5:2364] [-2949.89501953125:4208.10009765625] [4.1769399642944336:452.79052734375] [-3166.1826171875:3230.103759765625] [-3237:2365.5] [-3197:2868.5] [-3266:2195.5] [-3226:2474] [-2954.554931640625:4190.10009765625] [4.1769399642944336:452.79052734375] [-3171.62060546875:3161.366943359375] [-3226:2456.5] [-2579.5:2609.5] [-3281:2038.5] [-2770.5:2215] [-2954.8701171875:4167.4150390625] [4.3679304122924805:452.79052734375] [-3135.155029296875:3060.15185546875] [-2768.5:2197.5] [-2435.5:2388.5] [-2802:2006] [-2786.5:2030.5] [-2955.219970703125:4137.60986328125] [4.3059353828430176:452.79052734375] [-3103.459228515625:2906.72900390625] [-2775:2071] [-2484.5:2135] [-3469.5:2009] [-2513.5:2035.5] [-2950.669921875:4113.5751953125] [4.1769399642944336:443.019775390625] [-3030.326416015625:2819.935302734375] [-2513.5:2034.5] [-2082:2182.5] [-2568.5:2027] [-2181:2046] [-2944.830078125:4083.52490234375] [4.1769399642944336:445.35134887695312] [-2953.114990234375:2685.44140625] [-2179.5:2045.5] [-1962.5:2073.5] [-2192:2003] [-2074:2003.5] [-2937.465087890625:4051.530029296875] [4.7467460632324219:452.79052734375] [-2870.377197265625:2544.62841796875] [-2062.5:2003] [-1854:2142.5] [-2757:2001] [-1968:2141] [-2927.469970703125:4019.35498046875] [4.621978759765625:452.79052734375] [-2771.479248046875:2413.162109375] [-1970:2135] [-1882:2172.5] [-2149:2013.5] [-2147.5:2094.5] [-2916.139892578125:3987.340087890625] [4.4346942901611328:452.79052734375] [-2668.29931640625:2298.556640625] [-2149:1652] [-1882.5:1656] [-2156:1572.5] [-1992:1656] [-2908.43994140625:3956.31494140625] [4.3679304122924805:452.79052734375] [-2606.817626953125:2204.82421875] [-1991:1751.5] [-1804:1809.5] [-1999.5:1554] [-1988:1578.5] [-2900.554931640625:3922.2451171875] [4.3059353828430176:443.019775390625] [-2550.5615234375:2088.9765625] [-1984:1578] [-1947.5:1598] [-2137:1557] [-2136.5:1583.5] [-2894.179931640625:3887.6201171875] [4.1769399642944336:441.44692993164062] [-2512.91943359375:1979.2059326171875] [-2137:1582.5] [-2007.5:1609.5] [-2154:1575] [-2026.5:1594] [-2886.64501953125:3852.364990234375] [4.3679304122924805:441.63720703125] [-2468.699462890625:1873.05078125] [-2027:1593.5] [-1091.5:1601.5] [-2236:1551] [-1275.5:1551.5] [-2866.169921875:3817.5048828125] [4.3059353828430176:441.63720703125] [-2309.045166015625:1778.0916748046875] [-1271.5:1551] [-1235:1690.5] [-1483.5:1549] [-1424:1689] [-2845.77001953125:3779.264892578125] [4.1769399642944336:441.63720703125] [-2165.67724609375:1660.0833740234375] [-1424.5:1683] [-1295:1720.5] [-1441.5:1561.5] [-1314:1642.5] [-2816.260009765625:3739.35009765625] [4.621978759765625:441.63720703125] [-1950.6612548828125:1615.2855224609375] [-1314.5:1049] [0:1072.5] [-1523.5:0] none [-2788.669921875:3696.574951171875] [4.4346942901611328:441.63720703125] [-1773.328369140625:1468.44140625]
tree_sizes=2775 2746 2759 2778

Tree=0
num_leaves=31
num_cat=0
split_feature=134 141 11 136 133 142 5 141 121 142 128 73 5 54 66 141 12 117 142 141 138 106 121 26 72 120 141 65 50 141
split_gain=374473 207950 341966 190101 196041 278856 364086 178084 254270 174785 155807 215912 162516 117063 165814 226118 258086 125463 202131 144272 129589 118740 99973.9 118779 95835 145105 95491.2 155923 405961 266969
threshold=-8.2499999999999982 184.75000000000003 -186.56249999999997 27.250000000000004 -215.74999999999997 -120.24999999999999 87.003631591796889 179.25000000000003 -65.749999999999986 -31.249999999999996 -207.74999999999997 273.75000000000006 116.34150695800783 135.00986480712893 -445.74999999999994 12.250000000000002 135.54453277587893 123.8196487426758 -259.24999999999994 142.25000000000003 134.78519439697268 -114.74999999999999 -327.24999999999994 47.369750976562507 86.750000000000014 -22.749999999999996 189.75000000000003 -37.249999999999993 26.250000000000004 341.25000000000006
decision_type=2 2 2 2 2 2 2 2 2 2 2 2 2 2 2 2 2 2 2 2 2 2 2 2 2 2 2 2 2 2
left_child=1 10 -3 4 5 6 -2 -6 -9 -7 11 13 -13 17 15 -15 -17 19 -19 20 22 -20 23 -1 25 -16 -5 29 -29 -28
right_child=3 2 -4 26 7 9 -8 8 -10 -11 -12 12 -14 14 24 16 -18 18 21 -21 -22 -23 -24 -25 -26 -27 27 28 -30 -31
leaf_value=-0.046195462087225039 7.2371135493463958 -6.5329329697752501 0.61207581653162402 0.052336369786636069 -0.02592165773540387 -0.39833318161937081 -0.92882054488350174 0.68136992840053845 -6.3165187973747212 4.0983315304648178 -0.10777132793155285 -1.7371979645453046 -6.7701299962591905 6.7257790235578154 -0.060154338774416144 5.7148700038525684 -1.0056300744306823 -5.1585123766886269 -2.0450869640898484 3.1795127890174952 2.8947837128222624 0.39055174652105867 -0.27076252242143789 -1.4109976257739569 3.13736992983105 -4.3321755327339382 0.018857539535098073 7.2640365460324512 0.66644085039490153 -5.0578024858529602
leaf_weight=237 39 33 34 78155 421145 128 21 25 27 26 87303 81 20 22 206 20 50 34 116 28 29 88 1842 487 20 22 242 24 818 29
leaf_count=237 39 33 34 78155 421145 128 21 25 27 26 87303 81 20 22 206 20 50 34 116 28 29 88 1842 487 20 22 242 24 818 29
internal_value=-0.0290843 -0.122582 -2.90711 -0.012152 -0.0255142 1.48744 4.37904 -0.0262829 -2.95215 0.360844 -0.120523 -0.457665 -2.73382 -0.385846 0.491267 2.30416 0.914513 -0.490082 -1.58929 -0.390345 -0.428863 -0.994419 -0.466426 -0.964232 -0.181259 -0.472367 0.0588853 0.518754 0.854496 -0.524401
internal_weight=591351 90672 67 500679 421411 214 60 421197 52 154 90605 3302 101 3201 340 92 70 2861 238 2623 2595 204 2566 724 248 228 79268 1113 842 271
internal_count=591351 90672 67 500679 421411 214 60 421197 52 154 90605 3302 101 3201 340 92 70 2861 238 2623 2595 204 2566 724 248 228 79268 1113 842 271
is_linear=0
shrinkage=1


Tree=1
num_leaves=31
num_cat=0
split_feature=134 128 121 140 87 145 117 141 118 54 82 121 45 5 134 142 105 141 82 142 105 129 5 145 54 142 77 103 99 78
split_gain=343476 205750 167804 149024 540842 522458 157576 154791 214934 211394 203488 172741 159201 151180 147177 145554 128655 179850 246442 156538 126568 117244 243577 490992 116552 142160 114502 113246 186170 129929
threshold=-22.249999999999996 3.7500000000000004 -327.24999999999994 -103.24999999999999 128.75000000000003 116.06231689453126 123.8196487426758 195.25000000000003 175.25078582763675 156.40227508544925 39.239976882934577 241.75000000000003 165.75000000000003 43.38585281372071 -26.249999999999996 -9.7499999999999982 -329.74999999999994 209.75000000000003 59.05427551269532 -14.749999999999998 132.25000000000003 -217.74999999999997 54.205436706542976 123.42527389526369 38.118984222412116 -52.249999999999993 300.75000000000006 156.87112426757815 -290.74999999999994 -39.749999999999993
decision_type=2 2 2 2 2 2 2 2 2 2 2 2 2 2 2 2 2 2 2 2 2 2 2 2 2 2 2 2 2 2
left_child=2 16 14 4 5 -3 -6 -5 10 13 -9 12 20 24 -1 -11 21 -18 -19 -20 -12 22 23 -2 -10 -26 -4 29 -29 -23
right_child=1 3 26 7 6 -7 -8 8 9 15 11 -13 -14 -15 -16 -17 17 18 19 -21 -22 27 -24 -25 25 -27 -28 28 -30 -31
leaf_value=-0.87476299470728702 1.25173504240108 0.87812977199969089 -0.11628522395413379 0.054537213195895051 0.6051223580567342 11.655841371687977 -4.6035008915513762 6.8344278526306157 0.46271451987871315 -0.76424002647399902 1.5635287541434879 5.0881107147534692 5.2195042625069625 1.0620056921688021 2.6234353326982069 -5.9511330377487912 -0.0095493560731091959 -5.867533009052277 0.7406075829551334 -3.7525433840496198 -1.2712617210452519 0.57776270714912858 0.072300312953183843 10.137373594804245 -5.7571315853368672 -0.80885398743000436 -1.1629952353003927 -2.6683479135983612 1.7253002080652451 -3.4972993236780172
leaf_weight=999 53 23 39868 152304 53 22 20 20 82 38 105 30 20 389 31 21 395619 30 63 28 63 890 98 22 21 47 263 73 36 20
leaf_count=999 53 23 39868 152304 53 22 20 20 82 38 105 30 20 389 31 21 395619 30 63 28 63 890 98 22 21 47 263 73 36 20
internal_value=-4.92978e-09 0.0104227 -0.139319 0.0596302 1.83582 6.14723 -0.821898 0.0582615 0.736764 0.23099 2.00758 1.56475 1.00251 0.542017 -0.769477 -2.61042 -0.00857656 -0.0101388 -1.93751 -0.6419 0.500482 0.510096 1.71358 3.85819 -0.806489 -2.337 -0.123145 0.305775 -1.21723 0.488201
internal_weight=591351 550190 41161 153258 118 45 73 153140 836 598 238 218 188 539 1030 59 396932 395740 121 91 168 1192 173 75 150 68 40131 1019 109 910
internal_count=591351 550190 41161 153258 118 45 73 153140 836 598 238 218 188 539 1030 59 396932 395740 121 91 168 1192 173 75 150 68 40131 1019 109 910
is_linear=0
shrinkage=0.05


Tree=2
num_leaves=31
num_cat=0
split_feature=134 141 11 136 133 142 12 145 141 115 142 128 73 5 54 30 91 80 101 117 142 131 141 141 92 8 86 141 142 141
split_gain=312568 182751 309417 165596 159547 250016 318765 343277 196470 238451 153394 130243 189233 146304 106677 157535 240397 341755 113635 146146 197789 117099 125228 94552.3 92516 196029 97072.9 88882.1 87074 122104
threshold=-8.2499999999999982 184.75000000000003 -186.56249999999997 29.750000000000004 -215.74999999999997 -120.24999999999999 88.79883193969728 135.0818786621094 179.25000000000003 45.250000000000007 -31.249999999999996 -207.74999999999997 273.75000000000006 116.34150695800783 135.00986480712893 -590.24999999999989 -254.74999999999997 -405.24999999999994 86.250000000000014 123.8196487426758 -259.24999999999994 134.67639160156253 142.25000000000003 35.750000000000007 19.250000000000004 -99.249999999999986 -233.24999999999997 27.750000000000004 -259.24999999999994 3.2500000000000004
decision_type=2 2 2 2 2 2 2 2 2 2 2 2 2 2 2 2 2 2 2 2 2 2 2 2 2 2 2 2 2 2
left_child=1 11 -3 4 5 6 7 -2 -6 -10 -7 12 14 -14 18 16 17 23 19 21 -21 22 24 -16 26 -26 28 -20 29 -1
right_child=3 2 -4 -5 8 10 -8 -9 9 -11 -12 -13 13 -15 15 -17 -18 -19 27 20 -22 -23 -24 -25 25 -27 -28 -29 -30 -31
leaf_value=-4.5413824456078666 2.0489315807819368 -6.1447406450907387 0.6517227817984188 0.086295018789806333 0.0034948082588081896 -0.426020052824025 -1.0501392519474029 11.312796154022218 -0.4310158348083496 -7.1704020880517509 3.5984492125182315 -0.071831747654658565 -1.5770245250360466 -6.3523302221298223 -1.2525139570236208 -0.28207215804268015 -1.8218374644556352 7.8640292895691735 0.051573091117959269 -5.3996143433355517 -1.1015310651717747 3.3534523055666967 3.1990811169147495 2.7771089644045444 -6.02128161740574 -0.86251349016628431 0.1553407634436188 3.7641752890178135 -0.41250825943111091 -1.0292212709854467
leaf_weight=28 20 33 34 70851 429554 129 20 20 35 21 29 87303 81 20 24 220 31 28 38 31 196 21 24 37 22 113 665 28 1482 213
leaf_count=28 20 33 34 70851 429554 129 20 20 35 21 29 87303 81 20 24 220 31 28 38 31 196 21 24 37 22 113 665 28 1482 213
internal_value=6.62535e-09 -0.0854206 -2.69579 0.0154695 0.00379495 1.3561 4.10386 6.68086 0.00310874 -2.95829 0.312648 -0.0834903 -0.391737 -2.52263 -0.324501 0.512802 1.97007 3.29085 -0.424006 -0.472429 -1.68849 -0.364934 -0.395592 1.19168 -0.429786 -1.7032 -0.357797 1.62662 -0.555845 -1.43727
internal_weight=591351 90672 67 500679 429828 218 60 40 429610 56 158 90605 3302 101 3201 340 120 89 2861 2795 227 2568 2547 61 2523 135 2388 66 1723 241
internal_count=591351 90672 67 500679 429828 218 60 40 429610 56 158 90605 3302 101 3201 340 120 89 2861 2795 227 2568 2547 61 2523 135 2388 66 1723 241
is_linear=0
shrinkage=0.05


Tree=3
num_leaves=31
num_cat=0
split_feature=136 134 141 67 92 39 136 105 2 48 85 141 128 127 145 141 141 83 135 128 126 69 142 65 141 141 50 5 102 111
split_gain=289520 166276 121292 202505 116200 135995 111249 94051 129650 147623 202729 88181.4 189033 85780.7 201457 153231 84498.2 97295.7 177916 227993 255807 179828 238375 123398 221310 196531 180024 107473 105954 112553
threshold=-7.7499999999999991 -54.249999999999993 184.75000000000003 -272.79750061035151 312.25000000000006 213.79499816894534 29.750000000000004 -329.74999999999994 7.2500000000000009 -55.158674240112298 -126.24999999999999 166.75000000000003 -57.249999999999993 -161.24999999999997 123.42527389526369 179.25000000000003 174.25000000000003 306.76348876953131 -60.249999999999993 83.750000000000014 111.75000000000001 414.57751464843756 -120.24999999999999 -37.249999999999993 341.25000000000006 341.25000000000006 19.250000000000004 43.631549835205085 158.98500061035159 -200.46199798583982
decision_type=2 2 2 2 2 2 2 2 2 2 2 2 2 2 2 2 2 2 2 2 2 2 2 2 2 2 2 2 2 2
left_child=1 2 4 -4 -1 -6 13 8 9 10 -3 -9 -13 14 -2 -15 -8 23 -19 20 -20 -21 -23 25 26 28 -25 -24 29 -18
right_child=6 7 3 -5 5 -7 16 11 -10 -11 -12 12 -14 15 -16 -17 17 18 19 21 -22 22 27 24 -26 -27 -28 -29 -30 -31
leaf_value=-0.22135239848493909 0.35614276140442364 0.33129192995541334 -5.6609454967357493 0.58413624382019047 -5.4821347337216144 -0.86522495767165875 0.074023958867946146 -0.039902100517184076 3.6103934919927272 -3.8767583677172661 4.9980193138122564 0.32416154793330604 -5.5110214212666389 0.012500511101957799 5.6822308106855921 -3.8261075024421403 0.88864889460451468 4.2414361062257191 -0.60103619754314419 -1.3855892564802756 -7.1305464039246251 -3.5687146795207059 -0.71864769022252106 5.1998466889063515 4.883301421923516 -4.1194446783799394 0.76248778554766128 1.6443425416455839 2.5949411498739368 -1.0657533527853398
leaf_weight=9584 92 767 27 25 22 58 69378 192832 32 20 24 35 23 316911 22 26 170 23 40 138 24 29 60 24 39 26 480 243 47 130
leaf_count=9584 92 767 27 25 22 58 69378 192832 32 20 24 35 23 316911 22 26 170 23 40 138 24 29 60 24 39 26 480 243 47 130
internal_value=-7.16275e-09 -0.0483081 -0.250152 -2.6585 -0.237193 -2.13488 0.0253369 -0.0381853 0.488791 0.36562 0.472887 -0.0404884 -1.98979 0.0126789 1.38398 0.0121856 0.0819803 0.45672 -0.0643971 -0.249854 -3.0496 0.131388 0.761939 0.773601 1.25458 0.0734023 0.973791 1.17642 0.387564 0.0417413
internal_weight=591351 203449 9716 52 9664 80 387902 193733 843 811 791 192890 58 317051 114 316937 70851 1473 557 534 64 470 332 916 543 373 504 303 347 300
internal_count=591351 203449 9716 52 9664 80 387902 193733 843 811 791 192890 58 317051 114 316937 70851 1473 557 534 64 470 332 916 543 373 504 303 347 300
is_linear=0
shrinkage=0.05


end of trees

feature_importances:
Column_141=20
Column_142=11
Column_5=6
Column_128=5
Column_134=5
Column_54=4
Column_121=4
Column_136=4
Column_145=4
Column_105=3
Column_117=3
Column_11=2
Column_12=2
Column_50=2
Column_65=2
Column_73=2
Column_82=2
Column_92=2
Column_133=2
Column_2=1
Column_8=1
Column_26=1
Column_30=1
Column_39=1
Column_45=1
Column_48=1
Column_66=1
Column_67=1
Column_69=1
Column_72=1
Column_77=1
Column_78=1
Column_80=1
Column_83=1
Column_85=1
Column_86=1
Column_87=1
Column_91=1
Column_99=1
Column_101=1
Column_102=1
Column_103=1
Column_106=1
Column_111=1
Column_115=1
Column_118=1
Column_120=1
Column_126=1
Column_127=1
Column_129=1
Column_131=1
Column_135=1
Column_138=1
Column_140=1

parameters:
[boosting: gbdt]
[objective: regression]
[metric: l2]
[tree_learner: serial]
[device_type: cpu]
[data_sample_strategy: bagging]
[data: ]
[valid: ]
[num_iterations: 1000]
[learning_rate: 0.05]
[num_leaves: 31]
[num_threads: 0]
[seed: 42]
[deterministic: 1]
[force_col_wise: 0]
[force_row_wise: 0]
[histogram_pool_size: -1]
[max_depth: -1]
[min_data_in_leaf: 20]
[min_sum_hessian_in_leaf: 0.001]
[bagging_fraction: 1]
[pos_bagging_fraction: 1]
[neg_bagging_fraction: 1]
[bagging_freq: 0]
[bagging_seed: 400]
[bagging_by_query: 0]
[feature_fraction: 1]
[feature_fraction_bynode: 1]
[feature_fraction_seed: 30056]
[extra_trees: 0]
[extra_seed: 12879]
[early_stopping_round: 0]
[early_stopping_min_delta: 0]
[first_metric_only: 0]
[max_delta_step: 0]
[lambda_l1: 0]
[lambda_l2: 0]
[linear_lambda: 0]
[min_gain_to_split: 0]
[drop_rate: 0.1]
[max_drop: 50]
[skip_drop: 0.5]
[xgboost_dart_mode: 0]
[uniform_drop: 0]
[drop_seed: 17869]
[top_rate: 0.2]
[other_rate: 0.1]
[min_data_per_group: 100]
[max_cat_threshold: 32]
[cat_l2: 10]
[cat_smooth: 10]
[max_cat_to_onehot: 4]
[top_k: 20]
[monotone_constraints: ]
[monotone_constraints_method: basic]
[monotone_penalty: 0]
[feature_contri: ]
[forcedsplits_filename: ]
[refit_decay_rate: 0.9]
[cegb_tradeoff: 1]
[cegb_penalty_split: 0]
[cegb_penalty_feature_lazy: ]
[cegb_penalty_feature_coupled: ]
[path_smooth: 0]
[interaction_constraints: ]
[verbosity: -1]
[saved_feature_importance_type: 0]
[use_quantized_grad: 0]
[num_grad_quant_bins: 4]
[quant_train_renew_leaf: 0]
[stochastic_rounding: 1]
[linear_tree: 0]
[max_bin: 255]
[max_bin_by_feature: ]
[min_data_in_bin: 3]
[bin_construct_sample_cnt: 200000]
[data_random_seed: 175]
[is_enable_sparse: 1]
[enable_bundle: 1]
[use_missing: 1]
[zero_as_missing: 0]
[feature_pre_filter: 1]
[pre_partition: 0]
[two_round: 0]
[header: 0]
[label_column: ]
[weight_column: ]
[group_column: ]
[ignore_column: ]
[categorical_feature: ]
[forcedbins_filename: ]
[precise_float_parser: 0]
[parser_config_file: ]
[objective_seed: 16083]
[num_class: 1]
[is_unbalance: 0]
[scale_pos_weight: 1]
[sigmoid: 1]
[boost_from_average: 1]
[reg_sqrt: 0]
[alpha: 0.9]
[fair_c: 1]
[poisson_max_delta_step: 0.7]
[tweedie_variance_power: 1.5]
[lambdarank_truncation_level: 30]
[lambdarank_norm: 1]
[label_gain: ]
[lambdarank_position_bias_regularization: 0]
[eval_at: ]
[multi_error_top_k: 1]
[auc_mu_weights: ]
[num_machines: 1]
[local_listen_port: 12400]
[time_out: 120]
[machine_list_filename: ]
[machines: ]
[gpu_platform_id: -1]
[gpu_device_id: -1]
[gpu_device_id_list: ]
[gpu_use_dp: 0]
[num_gpu: 1]

end of parameters

pandas_categorical:null
