tree
version=v4
num_class=1
num_tree_per_iteration=1
label_index=0
max_feature_idx=293
objective=regression
feature_names=Column_0 Column_1 Column_2 Column_3 Column_4 Column_5 Column_6 Column_7 Column_8 Column_9 Column_10 Column_11 Column_12 Column_13 Column_14 Column_15 Column_16 Column_17 Column_18 Column_19 Column_20 Column_21 Column_22 Column_23 Column_24 Column_25 Column_26 Column_27 Column_28 Column_29 Column_30 Column_31 Column_32 Column_33 Column_34 Column_35 Column_36 Column_37 Column_38 Column_39 Column_40 Column_41 Column_42 Column_43 Column_44 Column_45 Column_46 Column_47 Column_48 Column_49 Column_50 Column_51 Column_52 Column_53 Column_54 Column_55 Column_56 Column_57 Column_58 Column_59 Column_60 Column_61 Column_62 Column_63 Column_64 Column_65 Column_66 Column_67 Column_68 Column_69 Column_70 Column_71 Column_72 Column_73 Column_74 Column_75 Column_76 Column_77 Column_78 Column_79 Column_80 Column_81 Column_82 Column_83 Column_84 Column_85 Column_86 Column_87 Column_88 Column_89 Column_90 Column_91 Column_92 Column_93 Column_94 Column_95 Column_96 Column_97 Column_98 Column_99 Column_100 Column_101 Column_102 Column_103 Column_104 Column_105 Column_106 Column_107 Column_108 Column_109 Column_110 Column_111 Column_112 Column_113 Column_114 Column_115 Column_116 Column_117 Column_118 Column_119 Column_120 Column_121 Column_122 Column_123 Column_124 Column_125 Column_126 Column_127 Column_128 Column_129 Column_130 Column_131 Column_132 Column_133 Column_134 Column_135 Column_136 Column_137 Column_138 Column_139 Column_140 Column_141 Column_142 Column_143 Column_144 Column_145 Column_146 Column_147 Column_148 Column_149 Column_150 Column_151 Column_152 Column_153 Column_154 Column_155 Column_156 Column_157 Column_158 Column_159 Column_160 Column_161 Column_162 Column_163 Column_164 Column_165 Column_166 Column_167 Column_168 Column_169 Column_170 Column_171 Column_172 Column_173 Column_174 Column_175 Column_176 Column_177 Column_178 Column_179 Column_180 Column_181 Column_182 Column_183 Column_184 Column_185 Column_186 Column_187 Column_188 Column_189 Column_190 Column_191 Column_192 Column_193 Column_194 Column_195 Column_196 Column_197 Column_198 Column_199 Column_200 Column_201 Column_202 Column_203 Column_204 Column_205 Column_206 Column_207 Column_208 Column_209 Column_210 Column_211 Column_212 Column_213 Column_214 Column_215 Column_216 Column_217 Column_218 Column_219 Column_220 Column_221 Column_222 Column_223 Column_224 Column_225 Column_226 Column_227 Column_228 Column_229 Column_230 Column_231 Column_232 Column_233 Column_234 Column_235 Column_236 Column_237 Column_238 Column_239 Column_240 Column_241 Column_242 Column_243 Column_244 Column_245 Column_246 Column_247 Column_248 Column_249 Column_250 Column_251 Column_252 Column_253 Column_254 Column_255 Column_256 Column_257 Column_258 Column_259 Column_260 Column_261 Column_262 Column_263 Column_264 Column_265 Column_266 Column_267 Column_268 Column_269 Column_270 Column_271 Column_272 Column_273 Column_274 Column_275 Column_276 Column_277 Column_278 Column_279 Column_280 Column_281 Column_282 Column_283 Column_284 Column_285 Column_286 Column_287 Column_288 Column_289 Column_290 Column_291 Column_292 Column_293
feature_infos=[-15955:32615] [-14325:32882.5] [-18642.5:31642.5] [-15862.5:32565] [-12127.5751953125:39313.67578125] [215.35255432128906:4107.3359375] [-11622.5654296875:31728.416015625] [-15860:32557.5] [-14185:32910] [-18347.5:31947.5] [-15512.5:32477.5] [-12104.2998046875:39065.1484375] [215.35255432128906:4107.3359375] [-11697.787109375:31610.185546875] [-15512.5:32487.5] [-13882.5:33117.5] [-18200:32182.5] [-16917.5:32675] [-12083.6748046875:38836.2265625] [215.35255432128906:4107.3359375] [-11751.2607421875:31706.986328125] [-16917.5:32665] [-15287.5:32895] [-21585:31202.5] [-16612.5:31515] [-12074.650390625:38607.30078125] [215.35255432128906:4107.3359375] [-11853.283203125:31670.21484375] [-16615:31530] [-15010:32440] [-22600:30712.5] [-17347.5:31857.5] [-12095.150390625:38369.3515625] [215.35255432128906:4107.3359375] [-11955.4384765625:31683.83203125] [-17345:31865] [-12775:33562.5] [-22762.5:31372.5] [-17510:32980] [-12089.974609375:38136.8984375] [215.35255432128906:4107.3359375] [-12052.853515625:31722.57421875] [-17507.5:32987.5] [-13710:34420] [-19792.5:31817] [-15477.5:33837.5] [-12076.775390625:37934.625] [215.35255432128906:4107.3359375] [-12145.6396484375:31766.431640625] [-15475:33845] [-13800:34245] [-19280:32122] [-14620:32347.5] [-12061.900390625:37733.7265625] [215.35255432128906:4107.3359375] [-11931.990234375:31819.255859375] [-14617.5:32347.5] [-12560:34895] [-19485:32037.5] [-14232.5:34312.5] [-12048.3251953125:37529.07421875] [215.35255432128906:4107.3359375] [-11720.6396484375:31881.595703125] [-14230:34320] [-12514:35555] [-19900:32655] [-17247.5:34972.5] [-12047.2998046875:37311.125] [215.35255432128906:4107.3359375] [-11526.6396484375:31995.314453125] [-17247.5:34980] [-15617.5:35860] [-19935:32960] [-18262.5:35277.5] [-12073.474609375:37096] [215.35255432128906:4107.3359375] [-11312.990234375:32293.6953125] [-18262.5:35285] [-16632.5:35685] [-20950:32920] [-18425:33555] [-12081.3251953125:36886.0234375] [215.35255432128906:4107.3359375] [-11400.353515625:32408.359375] [-18425:33560] [-16795:33850] [-22542.5:30762.5] [-18120:31290] [-12086.7998046875:36681.6484375] [215.35255432128906:4107.3359375] [-11493.1396484375:32276.91796875] [-18122.5:31290] [-16517.5:31650] [-22640:31207] [-17460:31632.5] [-12080.875:36482.25] [215.35255432128906:4107.3359375] [-11366.130859375:32189.92578125] [-17457.5:31635] [-15055:31955] [-23082.5:31120] [-17830:31937.5] [-12077.5751953125:36287.30078125] [215.35255432128906:4107.3359375] [-11491.5283203125:32166.9765625] [-17827.5:31940] [-15217.5:32317.5] [-19515:31427.5] [-16985:32217.5] [-12057.375:36102.07421875] [215.35255432128906:4107.3359375] [-11584.7080078125:32113.84375] [-16982.5:32215] [-15307.5:34945] [-23482.5:32045] [-18230:34362.5] [-12038.7001953125:35955.6015625] [215.35255432128906:4107.3359375] [-11665.234375:31893.0390625] [-18227.5:34370] [-13655:34770] [-25237.5:32005] [-19985:32640] [-12019.375:35786.7265625] [215.35255432128906:4107.3359375] [-11725.1220703125:31559.126953125] [-19982.5:32645] [-14837.5:32935] [-24342.5:29335] [-19090:30047.5] [-11973.3251953125:35578.5] [215.35255432128906:4107.3359375] [-11697.7021484375:31361.91796875] [-19087.5:30045] [-16575:30437.5] [-20892.5:29492.5] [-18302.5:30405] [-11913.2998046875:35369.875] [215.35255432128906:4107.3359375] [-11526.228515625:31274.92578125] [-18302.5:30405] [-16672.5:31040] [-20990:30205] [-18745:31022.5] [-11850.0498046875:35167.4765625] [215.35255432128906:4107.3359375] [-11343.3896484375:31251.9765625] [-18745:31025] [-17115:31327.5] [-21432.5:30320] [-18440:30667.5] [-11803.3251953125:34970.2734375] [215.35255432128906:4107.3359375] [-11139.626953125:31198.84375] [-18442.5:30685] [-16837.5:30707.5] [-19622.5:28327.5] [-19145:28770] [-11757.275390625:34754.1484375] [215.35255432128906:4107.3359375] [-11009.43359375:30978.0390625] [-19145:28770] [-17515:29015] [-21832.5:26655] [-20900:27305] [-11700.275390625:34547.375] [215.35255432128906:4107.3359375] [-10743.939453125:30644.126953125] [-20900:27310] [-19270:27897.5] [-23587.5:24765] [-20595:24822.5] [-11638.150390625:34326.57421875] [215.35255432128906:4107.3359375] [-10940.44140625:30114.88671875] [-20597.5:24825] [-18992.5:26665] [-22692.5:22970] [-19935:23182.5] [-11575.4501953125:34104.9765625] [215.35255432128906:4107.3359375] [-11472.8095703125:29484.669921875] [-19932.5:23180] [-18097.5:23784] [-20540:21102.5] [-19040:22085] [-11506.875:33875.6015625] [215.35255432128906:4107.3359375] [-12041.41796875:28747.8828125] [-19037.5:22086] [-17692.5:24340] [-20807.5:21758] [-19460:22987.5] [-11438.275390625:33641.875] [215.35255432128906:4107.3359375] [-12715.8349609375:27957.392578125] [-19457.5:22985.5] [-17782.5:25519.5] [-21362.5:21541.5] [-18602.5:23167] [-11351:33379.875] [215.35255432128906:4107.3359375] [-13250.986328125:26986.947265625] [-18600:23169] [-16887.5:25303] [-20467.5:22052.5] [-17707.5:23282] [-11247.599609375:33102.6484375] [215.35255432128906:4107.3359375] [-13635.44140625:26086.54296875] [-17705:23280] [-14105:25814] [-17990:22759] [-16585:23988.5] [-11143.6748046875:32796.8515625] [215.35255432128906:4107.3359375] [-13683.5830078125:25100.720703125] [-16582.5:23986.5] [-13742.5:26520.5] [-17095:19633.5] [-15047.5:20863] [-11027:32497.67578125] [215.35255432128906:4107.3359375] [-13807.576171875:24128.3828125] [-15025:20861] [-13007.5:23395] [-17325:19784.5] [-14332.5:21014] [-10905.4501953125:32190.650390625] [215.35255432128906:4107.3359375] [-13376.4326171875:23217.84765625] [-14335:21012] [-12730:23546] [-15172.5:19031.5] [-13672.5:20261] [-10783.6748046875:31872.400390625] [215.35255432128906:4107.3359375] [-12729.7109375:22283.7265625] [-13670:20259] [-10192.5:22793] [-13790:17769] [-11465:19192.5] [-10652:31576.80078125] [215.35255432128906:4107.3359375] [-12432.919921875:21629.068359375] [-11465:19192] [-11430:20333] [-14545:19080] [-13197.5:19281] [-10509.2001953125:31254.92578125] [215.35255432128906:4107.3359375] [-12139.017578125:20810.2890625] [-13195:19280.5] [-11520:20743.5] [-15100:17781] [-12340:18407] [-10361.7998046875:30943.55078125] [215.35255432128906:4107.3359375] [-11771.3798828125:20160.037109375] [-12337.5:18406] [-8717.5:22530.5] [-12557.5:18402.5] [-11217.5:21238] [-10227.125:30623.525390625] [215.35255432128906:4107.3359375] [-11189.6630859375:19465.259765625] [-11215:21240] [-7842.5:22421.5] [-11727.5:20075.5] [-8415:21157] [-10100.1748046875:30324.5] [215.35255432128906:4107.3359375] [-10612.8759765625:18938.873046875] [-8412.5:21158] [-7480:22173] [-11500:20830] [-8785:22059.5] [-9958.224609375:29992.625] [215.35255432128906:4107.3359375] [-10064.88671875:18497.720703125] [-8762.5:22057.5] [-4677.5:24591.5] [-10257.5:11798] [-6772.5:17212.5] [-9812.1748046875:29626] [215.35255432128906:4107.3359375] [-9231.2607421875:18380.8828125] [-6789.5:17212] [0:18646.5] [-9058:0] none [-9667.4248046875:29211.025390625] [215.35255432128906:4107.3359375] [-8392.0556640625:16709.892578125]
tree_sizes=2828 2831 2829 2832 2836 2833 2826 2841 2839 2854 2839

Tree=0
num_leaves=31
num_cat=0
split_feature=26 215 274 131 208 261 264 186 282 246 281 107 285 128 274 120 260 8 218 117 292 103 159 253 18 90 260 186 281 52
split_gain=6.8979e+07 7.95838e+07 4.10726e+07 3.71271e+07 6.93007e+07 4.27236e+07 4.09226e+07 7.4019e+07 6.07756e+07 3.47937e+07 6.0243e+07 2.6185e+07 2.5781e+07 3.28042e+07 2.94426e+07 2.28153e+07 2.00903e+07 2.29464e+07 1.99429e+07 1.79882e+07 3.81343e+07 2.36993e+07 3.11363e+07 1.76685e+07 1.68066e+07 3.01018e+07 2.683e+07 1.64661e+07 1.60278e+07 1.39237e+07
threshold=2042.5865478515627 2784.5214843750005 -63.249999999999993 2042.5865478515627 1748.4644165039065 -1303.2499999999998 2299.0893554687505 10091.017578125002 393.75000000000006 -3747.2499999999995 289.25000000000006 81.250000000000014 2784.5214843750005 10519.500000000002 4212.5000000000009 -434.74999999999994 429.75000000000006 10606.250000000002 2768.5000000000005 1515.713562011719 1515.713562011719 1102.340026855469 1438.1508789062502 4103.7500000000009 11243.672363281252 3804.2570800781255 1799.7500000000002 10091.017578125002 1231.0000000000002 2618.0000000000005
decision_type=2 2 2 2 2 2 2 2 2 2 2 2 2 2 2 2 2 2 2 2 2 2 2 2 2 2 2 2 2 2
left_child=1 9 11 4 18 -5 8 -8 -7 10 -1 15 13 14 16 -2 17 -11 -4 20 23 -22 -23 -18 25 29 -26 -24 -25 -21
right_child=2 -3 3 5 -6 6 7 -9 -10 12 -12 -13 -14 -15 -16 -17 19 -19 -20 24 21 22 27 28 26 -27 -28 -29 -30 -31
leaf_value=-10.867253182861869 -76.195225022141301 68.639871010417053 -51.923757148609461 42.497209100044671 -126.12647563249286 -11.075461067360097 -43.906943524185976 64.499734857087859 -119.25772609025653 -1.5955622628028774 -110.86397227555926 -105.38680155566618 -59.478975329701264 48.714250395457313 -53.995224760562053 -0.67147456556971408 -4.5619594770786644 37.83061976628116 9.9601921006995902 20.538162208625852 8.4918584637799324 -77.452436916641247 -41.143141245576473 -22.320224869553403 -8.6592126014869955 -33.282307490809913 65.028524621820296 8.9045441575914186 28.200751805166632 -23.678260078902625
leaf_weight=61 20 39 23 38 20 37 32 31 20 14377 20 23 20 31 28 20 9681 37 30 117 30 39 42 20 21 45 30 27 73 21
leaf_count=61 20 39 23 38 20 37 32 31 20 14377 20 23 20 31 28 20 9681 37 30 117 30 39 42 20 21 45 30 27 73 21
internal_value=-3.01471 -2.72881 -27.0911 -17.3314 -46.8215 -3.70622 -18.3373 9.43603 -49.0342 -2.84141 -35.5578 -62.8767 -2.73386 -2.68776 -2.75256 -38.4333 -2.69414 -1.49436 -16.8951 -4.39863 -4.72211 -30.8223 -41.7429 -4.3536 9.30355 2.2296 34.6865 -21.5593 17.336 13.8096
internal_weight=25053 24759 294 231 73 158 120 63 57 24720 81 63 24639 24619 24588 40 24560 14414 53 10146 9912 138 108 9774 234 183 51 69 93 138
internal_count=25053 24759 294 231 73 158 120 63 57 24720 81 63 24639 24619 24588 40 24560 14414 53 10146 9912 138 108 9774 234 183 51 69 93 138
is_linear=0
shrinkage=1


Tree=1
num_leaves=31
num_cat=0
split_feature=26 215 263 264 236 51 13 286 75 192 227 285 128 274 267 114 187 285 247 211 173 158 141 166 110 5 101 122 284 260
split_gain=6.22535e+07 7.18244e+07 3.7607e+07 6.28876e+07 5.85831e+07 4.91653e+07 3.56209e+07 3.17086e+07 5.02704e+07 2.87527e+07 4.12141e+07 2.32683e+07 2.96044e+07 2.65732e+07 2.23263e+07 2.05155e+07 1.9664e+07 2.66209e+07 2.99098e+07 3.35532e+07 3.62906e+07 2.54417e+07 2.41764e+07 2.31131e+07 1.95962e+07 1.89736e+07 2.55624e+07 1.7268e+07 1.64226e+07 1.55195e+07
threshold=2042.5865478515627 2784.5214843750005 6086.4824218750009 2299.0893554687505 2784.5214843750005 12916.750000000002 -1648.582824707031 -3915.5969238281245 1245.2596435546877 4140.5000000000009 1532.7500000000002 2784.5214843750005 10519.500000000002 4212.5000000000009 582.75000000000011 5307.0000000000009 1890.4719848632815 1565.8640136718752 2838.2500000000005 60.750000000000007 1341.8898925781252 11502.962890625002 7127.2500000000009 1067.1999511718752 1438.1508789062502 1245.2596435546877 -6219.9999999999991 1911.2500000000002 252.63749694824222 429.75000000000006
decision_type=2 2 2 2 2 2 2 2 2 2 2 2 2 2 2 2 2 2 2 2 2 2 2 2 2 2 2 2 2 2
left_child=1 7 3 6 5 9 28 8 -1 10 14 12 13 16 -4 -11 17 21 19 24 -21 29 -22 -23 -19 27 -27 -18 -2 -9
right_child=2 -3 4 -5 -6 -7 -8 11 -10 15 -12 -13 -14 -15 -16 -17 25 18 -20 20 22 23 -24 -25 -26 26 -28 -29 -30 -31
leaf_value=-7.1701682440439853 -27.134728379683061 68.071852717032797 -41.110839466615161 -108.92173943355165 45.596012242635091 -87.241754077911381 18.004152891039848 1.3397183403601884 -95.528226817737931 58.130169195234771 -89.264293702443453 -53.641050176620482 49.142512016911667 -48.431489617483962 28.62245577176412 -7.6954536569529566 -28.846295757293703 -60.712764294942225 -63.835301760969493 62.696273737368386 6.4371193569281999 10.103593473207383 -48.511784392136796 73.367083601518104 -11.769177582097608 -9.615734506689984 52.831742293374582 27.419148095130922 -84.553922119140623 -1.2400162308392133
leaf_weight=60 33 39 22 29 39 25 32 14243 22 20 21 20 31 28 24 29 30 39 29 23 87 42 26 22 43 23 57 25 20 9870
leaf_count=60 33 39 22 29 39 25 32 14243 22 20 21 20 31 28 24 29 30 39 29 23 87 42 26 22 43 23 57 25 20 9870
internal_value=1.47022e-07 0.2716 -22.8726 -45.3432 -8.64119 -23.643 -23.6517 0.164633 -30.876 -9.93633 -31.2246 0.267943 0.311739 0.250172 -4.72825 19.1721 0.305674 0.200488 -16.131 -9.78502 5.4466 0.367336 -6.20599 31.8504 -35.0472 19.3358 34.8781 -3.27109 -48.8023 0.283774
internal_weight=25053 24759 294 114 180 141 85 24720 82 116 67 24638 24618 24587 46 49 24559 24424 247 218 136 24177 113 64 82 135 80 55 53 24113
internal_count=25053 24759 294 114 180 141 85 24720 82 116 67 24638 24618 24587 46 49 24559 24424 247 218 136 24177 113 64 82 135 80 55 53 24113
is_linear=0
shrinkage=0.05


Tree=2
num_leaves=31
num_cat=0
split_feature=26 222 4 274 131 208 261 264 186 282 246 281 107 292 221 70 30 292 260 274 218 159 75 54 232 281 12 289 117 233
split_gain=5.61838e+07 6.51603e+07 4.1885e+07 3.52971e+07 3.27067e+07 5.93282e+07 3.74489e+07 3.51774e+07 6.57244e+07 5.45743e+07 2.97952e+07 5.36768e+07 2.39738e+07 2.22712e+07 2.28835e+07 1.97097e+07 2.3383e+07 2.11047e+07 1.87642e+07 1.83516e+07 1.73705e+07 1.68066e+07 2.47518e+07 1.6996e+07 1.64893e+07 1.70803e+07 1.48109e+07 1.4731e+07 1.34067e+07 1.18375e+07
threshold=2042.5865478515627 2784.5214843750005 18950.602539062504 -63.249999999999993 2042.5865478515627 1748.4644165039065 -1303.2499999999998 2299.0893554687505 10091.017578125002 393.75000000000006 -3747.2499999999995 289.25000000000006 -262.24999999999994 2784.5214843750005 10429.762695312502 9023.7500000000018 10562.500000000002 1168.1457519531252 437.75000000000006 4212.5000000000009 2768.5000000000005 1890.4719848632815 1748.4644165039065 1473.834655761719 -2613.7499999999995 635.75000000000011 1315.5429687500002 -995.24999999999989 1373.502868652344 -5709.9999999999991
decision_type=2 2 2 2 2 2 2 2 2 2 2 2 2 2 2 2 2 2 2 2 2 2 2 2 2 2 2 2 2 2
left_child=1 10 -3 12 5 20 -6 9 -9 -8 11 29 -2 14 18 17 -17 -16 21 -20 -5 23 -23 26 -25 27 28 -26 -12 -1
right_child=3 2 -4 4 6 -7 7 8 -10 -11 13 -13 -14 -15 15 16 -18 -19 19 -21 -22 22 -24 24 25 -27 -28 -29 -30 -31
leaf_value=-33.245476745605473 -29.885573891589519 12.858164595514536 115.18732269287109 -45.362318254553756 43.364282482548766 -113.73772529602053 -6.0817419954248386 -38.106484603881839 64.045703931008617 -108.59636978149416 1.3117900596567487 -101.20423513412476 -92.930059444427499 -52.486828689575191 10.196793518066407 -43.235808706283571 18.37078425279304 67.73411682651323 -1.3890782141664964 -46.103192868440054 12.392730611165366 59.994123229980474 -2.316686223534977 -47.373515828450522 11.301432825459376 20.970807731442335 14.201664090691125 -26.203340975443524 -23.201755619049074 11.540708529949189
leaf_weight=25 38 20 20 23 38 20 37 32 31 20 13951 20 25 20 30 20 67 34 9947 23 30 30 34 30 36 41 223 96 56 36
leaf_count=25 38 20 20 23 38 20 37 32 31 20 13951 20 25 20 30 20 67 34 9947 23 30 30 34 30 36 41 223 96 56 36
internal_value=1.80706e-07 0.25802 64.0227 -21.7289 -12.6814 -40.3604 0.106963 -13.5912 12.1589 -42.0518 0.154837 -30.1204 -54.9032 0.25437 0.297217 19.7019 4.20835 40.7635 0.17746 -1.49223 -12.6708 1.32575 26.8915 1.21239 -13.1531 -7.21888 1.41732 -15.9748 1.21378 -6.81429
internal_weight=25053 24759 40 294 231 73 158 120 63 57 24719 81 63 24638 24618 151 87 64 24467 9970 53 14497 64 14433 203 173 14230 132 14007 61
internal_count=25053 24759 40 294 231 73 158 120 63 57 24719 81 63 24638 24618 151 87 64 24467 9970 53 14497 64 14433 203 173 14230 132 14007 61
is_linear=0
shrinkage=0.05


Tree=3
num_leaves=31
num_cat=0
split_feature=26 215 263 264 236 51 13 118 89 157 255 285 128 274 215 254 10 187 5 101 122 285 247 212 264 158 166 194 26 173
split_gain=5.07059e+07 5.89267e+07 3.19258e+07 5.78079e+07 5.1102e+07 4.2463e+07 3.09205e+07 2.81139e+07 5.02437e+07 2.49145e+07 2.04599e+07 1.95598e+07 2.60737e+07 2.21733e+07 1.71634e+07 1.69584e+07 1.88507e+07 1.84093e+07 2.18833e+07 2.08087e+07 1.68806e+07 1.59585e+07 3.03309e+07 2.77643e+07 3.25145e+07 2.14514e+07 2.01677e+07 1.52052e+07 1.4439e+07 1.31263e+07
threshold=2042.5865478515627 2784.5214843750005 6086.4824218750009 2299.0893554687505 2784.5214843750005 12916.750000000002 -1536.6087646484373 -7711.4758300781241 1286.4824218750002 4638.5000000000009 781.25000000000011 2784.5214843750005 10519.500000000002 4212.5000000000009 2042.5865478515627 -4898.7499999999991 -529.74999999999989 1890.4719848632815 1245.2596435546877 -6219.9999999999991 1911.2500000000002 1565.8640136718752 2838.2500000000005 1394.0000000000002 1748.4644165039065 11502.962890625002 1046.584899902344 1890.4719848632815 1088.9631958007815 1473.834655761719
decision_type=2 2 2 2 2 2 2 2 2 2 2 2 2 2 2 2 2 2 2 2 2 2 2 2 2 2 2 2 2 2
left_child=1 7 3 6 5 9 27 8 -1 10 -4 12 13 15 -11 16 -9 21 20 -20 -19 25 23 28 -25 -17 -27 -2 -23 -30
right_child=2 -3 4 -5 -6 -7 -8 11 -10 14 -12 -13 -14 -15 -16 17 -18 18 19 -21 -22 22 -24 24 -26 26 -28 -29 29 -31
leaf_value=-7.7165997556050616 -22.948430976867677 61.656843221798923 -4.1511990679634945 -102.30306843724745 43.125853768373148 -80.646309883117681 20.283047288258871 2.3629140218098956 -95.216230337960383 -6.9111533101399747 -60.583493479366965 -49.173026618957522 46.120232271379045 -44.233209528241844 52.025618344261538 0.29626853836300054 -56.190718269348146 -31.178431846355569 -5.9341471354166666 52.572870824987241 24.88654217529297 -56.428113632202148 -60.68924968324859 -16.485263101259868 63.499243898744943 6.8097837276947804 64.338617904663096 -77.599518823623669 10.632232514671658 -22.738022283228432
leaf_weight=75 35 39 36 29 39 25 30 27 21 30 29 20 31 28 21 24068 28 29 21 55 25 20 29 24 27 39 25 20 46 82
leaf_count=75 35 39 36 29 39 25 30 27 21 30 29 20 31 28 21 24068 28 29 21 55 25 20 29 24 27 39 25 20 46 82
internal_value=-5.89368e-08 0.245119 -20.6425 -41.3463 -7.53006 -21.5413 -20.5493 0.148231 -26.8571 -8.80311 -29.3287 0.253515 0.293693 0.235881 17.3569 0.286609 -27.4462 0.348892 19.1145 36.4065 -5.22243 0.248747 -12.9173 -5.9556 25.8595 0.373141 29.282 -42.8216 -16.9189 -10.7456
internal_weight=25053 24759 294 114 180 141 85 24720 96 116 65 24624 24604 24573 51 24545 55 24490 130 76 54 24360 228 199 51 24132 64 55 148 128
internal_count=25053 24759 294 114 180 141 85 24720 96 116 65 24624 24604 24573 51 24545 55 24490 130 76 54 24360 228 199 51 24132 64 55 148 128
is_linear=0
shrinkage=0.05


Tree=4
num_leaves=31
num_cat=0
split_feature=26 229 289 282 254 253 248 44 172 269 138 282 190 278 221 262 229 202 257 2 177 267 260 292 26 216 20 1 248 79
split_gain=4.57621e+07 5.36888e+07 3.76132e+07 3.12708e+07 2.70285e+07 5.04673e+07 3.32344e+07 6.37786e+07 3.08564e+07 2.59388e+07 4.66313e+07 2.50248e+07 1.95535e+07 1.70929e+07 2.49224e+07 1.74202e+07 2.55257e+07 3.81532e+07 2.27048e+07 1.66089e+07 1.77868e+07 1.64157e+07 1.60643e+07 1.88675e+07 4.14806e+07 2.84385e+07 2.61192e+07 2.33932e+07 1.96025e+07 2.02815e+07
threshold=2042.5865478515627 2784.5214843750005 -1177.7499999999998 -3367.4999999999995 -154.74999999999997 882.75000000000011 1833.7500000000002 -922.74999999999989 8203.7197265625018 -3295.4999999999995 1286.4824218750002 985.50000000000011 5477.5000000000009 2299.0893554687505 10429.762695312502 -242.24999999999997 1373.502868652344 5495.0881347656259 1226.166442871094 -8499.9999999999982 -5066.2499999999991 -459.74999999999994 437.75000000000006 1515.713562011719 1647.119079589844 -92.467777252197251 9398.3393554687518 9871.2500000000018 179.25000000000003 1305.7500000000002
decision_type=2 2 2 2 2 2 2 2 2 2 2 2 2 2 2 2 2 2 2 2 2 2 2 2 2 2 2 2 2 2
left_child=1 9 -3 -2 5 8 -6 -8 -5 10 -1 12 -9 14 19 -16 18 -18 -17 21 -21 -11 -22 26 25 -25 -24 28 -27 -30
right_child=3 2 -4 4 6 -7 7 11 -10 13 -12 -13 -14 -15 15 16 17 -19 -20 20 22 -23 23 24 -26 27 -28 -29 29 -31
leaf_value=-4.6648364141875627 -70.889353222317169 104.13799968901135 8.3287439727783212 -34.474266753979585 -71.170433065626355 60.044843108078538 62.331155704316643 -53.105565393538704 24.008275100764109 -39.610714239120483 -94.746812000274659 -74.75595056039316 8.9864545583724986 -36.879290992982924 62.058890568126337 12.143441493312519 6.1713563799858093 94.204743728637709 -51.265138015747077 13.018948397835096 1.1934246669518485 -5.2018947220481602 -1.2946968913499479 -85.5687858581543 24.2975862234183 -50.595172767639163 39.192579092979429 -54.619396998431228 -33.532009575583722 25.046669167412652
leaf_weight=51 27 21 20 67 36 29 21 21 34 50 20 27 32 31 22 48 32 20 20 270 14161 113 9650 20 46 20 40 37 22 45
leaf_count=51 27 21 20 67 36 29 21 21 34 50 20 27 32 31 22 48 32 20 20 270 14161 113 9650 20 46 20 40 37 22 45
internal_value=-6.11501e-08 0.232863 57.4018 -19.6104 -14.4249 1.9062 -29.9215 -15.2189 -14.7871 0.138036 -30.04 -35.5758 -15.616 0.224969 0.271696 21.1581 13.6597 40.0304 -6.50614 0.150512 0.257166 -15.7567 0.113841 -1.43353 -17.0374 -30.2417 -1.12757 -21.3179 -7.15526 5.81188
internal_weight=25053 24759 41 294 267 130 137 101 101 24718 71 80 53 24647 24616 142 120 52 68 24474 24311 163 24041 9880 190 144 9690 124 87 67
internal_count=25053 24759 41 294 267 130 137 101 101 24718 71 80 53 24647 24616 142 120 52 68 24474 24311 163 24041 9880 190 144 9690 124 87 67
is_linear=0
shrinkage=0.05


Tree=5
num_leaves=31
num_cat=0
split_feature=19 4 282 254 253 248 44 172 78 75 75 201 292 246 249 274 257 225 274 254 13 260 117 285 152 288 113 275 47 254
split_gain=4.15586e+07 4.88153e+07 4.13791e+07 2.82588e+07 5.73754e+07 3.35874e+07 5.6175e+07 3.03933e+07 2.5124e+07 5.77443e+07 2.16566e+07 3.2852e+07 1.45973e+07 2.96212e+07 2.32738e+07 1.82239e+07 1.50524e+07 3.43119e+07 1.84344e+07 1.57438e+07 1.34524e+07 1.34194e+07 1.46862e+07 3.69288e+07 1.67199e+07 1.95468e+07 1.92947e+07 1.47974e+07 1.56912e+07 1.3509e+07
threshold=2042.5865478515627 18950.602539062504 -3367.4999999999995 -154.74999999999997 882.75000000000011 1833.7500000000002 -922.74999999999989 8203.7197265625018 -7748.7499999999991 1209.4280395507815 2299.0893554687505 2299.0893554687505 2299.0893554687505 1507.7500000000002 9855.4877929687518 4212.5000000000009 1373.502868652344 2554.2500000000005 2434.7500000000005 1129.2500000000002 1236.349548339844 253.25000000000003 1515.713562011719 1515.713562011719 1890.4719848632815 871.25000000000011 -1345.2499999999998 -246.74999999999997 1154.7329101562502 -4898.7499999999991
decision_type=2 2 2 2 2 2 2 2 2 2 2 2 2 2 2 2 2 2 2 2 2 2 2 2 2 2 2 2 2 2
left_child=1 8 -2 4 7 -5 -7 20 9 -1 -8 -12 14 -14 15 21 18 -18 -16 -19 -4 29 23 -23 25 -24 -26 28 -25 -10
right_child=2 -3 3 5 -6 6 10 -9 12 -11 11 -13 13 -15 16 -17 17 19 -20 -21 -22 22 24 27 26 -27 -28 -29 -30 -31
leaf_value=-0.82153890978905464 -80.21889541625977 56.116975559332438 -19.10057881915051 -68.711963417655554 65.778048768536806 59.214596924327672 10.933967953636532 23.653515541212901 -23.566601511284158 -90.837274459838866 -98.380268205915186 -20.455495984930742 10.812649709528143 -73.262909355163572 21.865197560787202 -43.386008505026503 -0.99968575901455348 97.60851768493653 -35.985630289713548 36.951666326108189 -68.219395637512207 -0.91771857926368527 7.3145477163498516 -17.672079203526177 15.78025904568759 42.996079421043397 -52.075538768768311 -12.397495703543386 -71.523006892973385 1.4976537075797947
leaf_weight=62 25 39 46 38 29 21 21 35 54 25 21 38 22 20 40 24 36 20 21 23 20 11969 122 24 22 56 20 62 31 12067
leaf_count=62 25 39 46 38 29 21 21 35 54 25 21 38 22 20 40 24 36 20 21 23 20 11969 122 24 22 56 20 62 31 12067
internal_value=-3.94456e-07 0.22191 -18.688 -12.9695 3.78786 -28.6419 -13.5661 -14.0113 0.133726 -26.6881 -32.671 -48.1914 0.228457 -29.2233 0.278759 0.162365 20.607 35.0135 1.94934 65.1642 -33.9851 0.205152 -0.957935 -1.19098 11.8446 18.5402 -16.532 -29.1452 -48.0244 1.38599
internal_weight=25053 24759 294 269 130 139 101 101 24720 87 80 59 24633 42 24591 24451 140 79 61 43 66 24427 12306 12086 220 178 42 117 55 12121
internal_count=25053 24759 294 269 130 139 101 101 24720 87 80 59 24633 42 24591 24451 140 79 61 43 66 24427 12306 12086 220 178 42 117 55 12121
is_linear=0
shrinkage=0.05


Tree=6
num_leaves=31
num_cat=0
split_feature=19 4 282 263 278 64 17 282 246 281 192 219 173 260 171 117 278 289 156 131 32 138 159 203 37 288 37 281 12 77
split_gain=3.75066e+07 4.40558e+07 3.73446e+07 2.75826e+07 5.12238e+07 4.80417e+07 5.20776e+07 2.56498e+07 2.35551e+07 4.73316e+07 2.28527e+07 2.2808e+07 2.13847e+07 1.34866e+07 2.03886e+07 1.49972e+07 3.20142e+07 3.50774e+07 2.3328e+07 1.73738e+07 1.95928e+07 1.67144e+07 3.05183e+07 1.49762e+07 1.50954e+07 1.40966e+07 1.30769e+07 1.49399e+07 1.37954e+07 1.2986e+07
threshold=2042.5865478515627 18950.602539062504 -3367.4999999999995 6086.4824218750009 2784.5214843750005 1670.2500000000002 -5351.2499999999991 985.50000000000011 -3747.2499999999995 289.25000000000006 4140.5000000000009 -1103.7499999999998 2299.0893554687505 429.75000000000006 6563.7500000000009 1515.713562011719 1438.1508789062502 -1444.7499999999998 7315.7500000000009 1890.4719848632815 11742.657226562502 1438.1508789062502 1473.834655761719 4214.7500000000009 8958.5000000000018 871.25000000000011 4420.2500000000009 1167.2500000000002 1565.8640136718752 -573.74999999999989
decision_type=2 2 2 2 2 2 2 2 2 2 2 2 2 2 2 2 2 2 2 2 2 2 2 2 2 2 2 2 2 2
left_child=1 8 -2 5 7 6 -4 10 9 -1 11 -5 -12 14 23 16 18 -18 -15 20 26 -19 -23 24 -10 -24 27 -17 -29 -21
right_child=2 -3 3 4 -6 -7 -8 -9 13 -11 12 -13 -14 15 -16 19 17 21 -20 29 -22 22 25 -25 -26 -27 -28 28 -30 -31
leaf_value=-4.9111244568457977 -76.20794955444336 53.311126508468242 -61.755006290204598 12.705880521844936 60.659583269316585 -94.600662485758463 20.558900219461194 -56.156424628363723 1.1071546039988627 -91.254438872564407 -5.3010805271289971 -48.457749971662253 61.973433022272026 -1.2011103284164832 51.649834337234495 6.4490629927317302 -72.037711668014524 -2.8551968122350759 32.704156913009342 16.35277441519278 63.632089406793774 -83.036243765694763 -33.264602148121803 -42.105425337553029 32.256488756033093 21.300045986175537 -17.053382643337908 19.088631913397048 73.877094787359241 -28.525230855941771
leaf_weight=65 25 39 33 27 29 24 46 27 14358 21 27 35 21 9663 20 75 28 145 51 27 22 21 29 20 39 20 29 27 20 40
leaf_count=65 25 39 33 27 29 24 46 27 14358 21 27 35 21 9663 20 75 28 145 51 27 22 21 29 20 39 20 29 27 20 40
internal_value=-1.14488e-07 0.210815 -17.7536 -12.3211 0.290692 -32.6468 -13.8254 -12.4881 0.12704 -25.995 -1.76954 -21.822 24.1315 0.218235 1.20146 -1.17382 -1.47152 -19.3971 -1.0231 11.177 19.549 -12.5416 -32.6062 1.13147 1.19153 -10.9933 13.1263 20.3001 42.4029 -10.4401
internal_weight=25053 24759 294 269 166 103 79 137 24720 86 110 62 48 24634 14437 10197 9957 243 9714 240 173 215 70 14417 14397 49 151 122 47 67
internal_count=25053 24759 294 269 166 103 79 137 24720 86 110 62 48 24634 14437 10197 9957 243 9714 240 173 215 70 14417 14397 49 151 122 47 67
is_linear=0
shrinkage=0.05


Tree=7
num_leaves=31
num_cat=0
split_feature=33 18 289 282 254 149 92 225 121 78 234 292 246 220 274 8 251 248 97 269 13 289 169 0 170 92 96 229 247 233
split_gain=3.42121e+07 5.11873e+07 4.82183e+07 4.11459e+07 3.775e+07 3.41794e+07 3.18842e+07 3.68347e+07 2.88351e+07 2.31903e+07 5.25183e+07 1.33889e+07 2.74265e+07 2.04183e+07 2.60392e+07 1.45878e+07 2.18142e+07 2.05959e+07 1.69453e+07 2.04831e+07 1.39609e+07 1.34386e+07 1.32563e+07 1.27689e+07 1.34743e+07 1.90181e+07 1.62456e+07 2.51269e+07 1.35838e+07 1.5416e+07
threshold=2299.0893554687505 18657.019531250004 -1292.9999999999998 -2703.4999999999995 -154.74999999999997 1018.7500000000001 5981.5000000000009 3304.7500000000005 5216.2500000000009 -7748.7499999999991 -3650.2499999999995 2299.0893554687505 1507.7500000000002 7236.7500000000009 4212.5000000000009 10606.250000000002 1633.5604248046877 1250.2500000000002 8113.6494140625009 -202.74999999999997 8877.6337890625018 -675.24999999999989 -650.24999999999989 -8030.4999999999991 -6473.7499999999991 -3438.9999999999995 2042.5865478515627 1748.4644165039065 -5269.2499999999991 -5709.9999999999991
decision_type=2 2 2 2 2 2 2 2 2 2 2 2 2 2 2 2 2 2 2 2 2 2 2 2 2 2 2 2 2 2
left_child=1 9 -3 -2 5 22 7 -6 -8 10 -1 13 -13 14 15 18 -17 -18 23 -20 -21 -22 -5 -11 25 -25 28 -28 29 -26
right_child=3 2 -4 4 6 -7 8 -9 -10 11 -12 12 -14 -15 -16 16 17 -19 19 20 21 -23 -24 24 26 -27 27 -29 -30 -31
leaf_value=-88.641186406215041 -74.696613111495978 99.630927276611331 5.609495054880778 16.68093487381935 -41.097809505462649 59.924404219218665 -100.7398013201627 50.778666324615479 -26.379499116539957 -15.198216727020137 -1.9108593456447125 10.466199944236063 -70.434699058532715 35.890688285827643 -49.872720395601718 -23.107927507824371 54.327994703111202 8.8302447928756962 -62.353729605674744 -33.908747820172998 35.839724930472997 -12.829925240958865 -40.886981358528139 6.5264581370353696 -59.913610811233525 57.274520285924282 -71.662418594360346 -1.0336194823769962 0.31381901261326806 -0.47589560349782306
leaf_weight=24 30 25 30 20 24 28 22 20 32 134 64 22 20 40 26 27 42 61 22 35 23 37 20 80 20 24 20 34 24023 24
leaf_count=24 30 25 30 20 24 28 22 20 32 134 64 22 20 40 26 27 42 61 22 35 23 37 20 80 20 24 20 34 24023 24
internal_value=8.16742e-08 0.164072 48.3465 -20.8078 -11.0689 17.5553 -30.9305 0.664225 -56.6744 0.0572242 -25.5646 0.148457 -28.058 0.196474 0.13851 0.191354 16.8962 27.3827 0.102629 -18.8802 -8.81263 5.82677 -12.103 0.193807 0.278947 18.2375 0.201517 -27.1924 0.262982 -27.493
internal_weight=25053 24857 55 196 166 68 98 44 54 24802 88 24714 42 24672 24632 24606 130 103 24476 117 95 60 40 24359 24225 104 24121 54 24067 44
internal_count=25053 24857 55 196 166 68 98 44 54 24802 88 24714 42 24672 24632 24606 130 103 24476 117 95 60 40 24359 24225 104 24121 54 24067 44
is_linear=0
shrinkage=0.05


Tree=8
num_leaves=31
num_cat=0
split_feature=26 215 274 131 208 250 193 288 269 107 243 269 138 292 220 274 257 198 131 285 247 211 276 211 13 124 232 264 2 210
split_gain=3.1436e+07 3.92073e+07 2.43608e+07 2.48808e+07 4.86531e+07 2.86892e+07 3.78117e+07 2.24763e+07 2.90476e+07 2.24588e+07 2.11406e+07 2.00308e+07 4.16539e+07 1.56759e+07 1.70365e+07 2.27146e+07 1.4984e+07 2.00086e+07 2.67551e+07 1.70141e+07 4.02248e+07 1.73523e+07 1.93849e+07 1.45973e+07 1.39375e+07 2.59262e+07 1.9114e+07 1.47824e+07 1.36996e+07 1.54796e+07
threshold=2042.5865478515627 2784.5214843750005 -63.249999999999993 2042.5865478515627 1748.4644165039065 2042.5865478515627 9976.7626953125018 634.75000000000011 1188.2500000000002 -262.24999999999994 2299.0893554687505 -3295.4999999999995 1286.4824218750002 2784.5214843750005 7236.7500000000009 4212.5000000000009 1890.4719848632815 2134.2500000000005 1647.119079589844 1565.8640136718752 2838.2500000000005 60.750000000000007 -553.74999999999989 707.25000000000011 9466.1030273437518 916.51937866210949 2784.5000000000005 1180.005310058594 -8499.9999999999982 -3375.2499999999995
decision_type=2 2 2 2 2 2 2 2 2 2 2 2 2 2 2 2 2 2 2 2 2 2 2 2 2 2 2 2 2 2
left_child=1 11 9 4 -4 -5 7 -7 -9 -2 -8 12 -1 14 15 16 19 18 -18 24 21 22 -21 -23 28 27 -27 -26 -13 -30
right_child=2 -3 3 5 -6 6 10 8 -10 -11 -12 13 -14 -15 -16 -17 17 -19 -20 20 -22 23 -24 -25 25 26 -28 -29 29 -31
leaf_value=-2.4228248455945187 -19.599171442734569 50.28618900592511 -7.8036162502360797 -40.707488890617128 -99.327337722778324 24.629049896276914 5.4625063523002293 -74.410594885999501 7.8020261446634933 -80.61907752990723 67.171006178174693 -14.937324978361193 -87.561489419937132 -42.990504092261908 32.831611171960837 -47.461419509887698 -19.239712475776674 54.592073706218173 31.98585144923284 8.5658914750622159 -77.911834924871272 45.429359855651853 -40.715946623257231 -1.9428451516162391 -34.326245850783131 13.194501202901206 70.6353157043457 20.090855489174526 9.9027049327478185 0.1031702641204144
leaf_weight=51 38 39 53 31 20 26 23 22 21 25 35 149 20 21 40 25 50 28 52 31 22 20 56 87 26 30 28 24 410 23550
leaf_count=51 38 39 53 31 20 26 23 22 21 25 35 149 20 21 40 25 50 28 52 31 22 20 56 87 26 30 28 24 410 23550
internal_value=9.82936e-08 0.193002 -16.2535 -8.73716 -32.8786 2.41681 12.9432 -12.0701 -34.2602 -43.8134 42.7004 0.113971 -26.4055 0.190359 0.227179 0.174138 0.222621 17.1527 6.87528 0.132541 -13.8382 -6.57212 -23.1558 6.91177 0.257151 18.1789 40.9245 -8.20604 0.176868 0.270858
internal_weight=25053 24759 294 231 73 158 127 69 43 63 58 24720 71 24649 24628 24588 24563 130 102 24433 216 194 87 107 24217 108 58 50 24109 23960
internal_count=25053 24759 294 231 73 158 127 69 43 63 58 24720 71 24649 24628 24588 24563 130 102 24433 216 194 87 107 24217 108 58 50 24109 23960
is_linear=0
shrinkage=0.05


Tree=9
num_leaves=31
num_cat=0
split_feature=40 229 274 138 289 165 254 264 292 246 281 95 143 220 274 240 8 251 274 92 39 221 215 260 47 283 171 131 65 219
split_gain=2.91153e+07 4.21605e+07 3.35233e+07 4.15063e+07 3.31287e+07 2.19716e+07 4.0731e+07 2.65769e+07 2.03691e+07 2.00972e+07 4.33256e+07 1.97269e+07 1.58412e+07 1.49179e+07 2.17856e+07 1.35366e+07 1.39602e+07 1.79283e+07 2.45224e+07 1.25799e+07 1.11974e+07 1.0976e+07 1.18128e+07 1.09925e+07 1.64064e+07 2.07314e+07 1.44789e+07 1.24291e+07 1.3069e+07 1.52817e+07
threshold=2299.0893554687505 2784.5214843750005 -49.749999999999993 2042.5865478515627 -1444.7499999999998 7904.3601074218759 -720.49999999999989 2299.0893554687505 2784.5214843750005 -3747.2499999999995 298.75000000000006 12586.774902343752 521.25000000000011 7236.7500000000009 4212.5000000000009 5103.7500000000009 10606.250000000002 1633.5604248046877 1927.5000000000002 10517.500000000002 12454.484863281252 10429.762695312502 1088.9631958007815 253.25000000000003 1515.713562011719 -926.99999999999989 -1040.2499999999998 1209.4280395507815 -4938.7499999999991 124.75000000000001
decision_type=2 2 2 2 2 2 2 2 2 2 2 2 2 2 2 2 2 2 2 2 2 2 2 2 2 2 2 2 2 2
left_child=1 8 12 -4 -3 -5 -7 -8 9 10 -1 -9 -2 14 15 16 19 -18 20 21 -19 23 -23 24 27 26 -26 -11 -29 -30
right_child=2 4 3 5 -6 6 7 11 -10 13 -12 -13 -14 -15 -16 -17 17 18 -20 -21 -22 22 -24 -25 25 -27 -28 28 29 -31
leaf_value=-4.1088327773033626 -91.497238845825208 90.11503488291865 -67.762362747192384 -40.694397616386418 8.454619485360606 68.110019073486328 -41.303934331094069 -19.768243870564874 -50.379992675781253 1.1128800566797419 -88.577566175460817 43.416752115090695 -28.566348218917849 28.324504807654847 -43.950280925205782 -40.939552249908445 -21.499765754699709 28.824869364759195 -7.8387041727701829 -35.324787384033208 71.552612951527479 -5.5254780422557488 42.069136643409735 -0.94208019696778789 49.324012546539308 -20.836522547646268 -9.4568898417732949 -6.5864323248254495 19.244987539363947 -10.303544183877799
leaf_weight=63 20 23 25 24 27 25 31 21 20 11485 20 30 20 47 28 20 25 46 36 25 23 22 32 12287 20 164 22 94 276 52
leaf_count=63 20 23 25 24 27 25 31 21 20 11485 20 30 20 47 28 20 25 46 36 25 23 22 32 12287 20 164 22 94 276 52
internal_value=2.95883e-08 0.151358 -19.1954 -8.72453 46.0184 2.54223 12.2402 -4.79332 0.0589099 0.0996078 -24.4627 17.3994 -60.0318 0.182132 0.128488 0.1786 0.212017 16.5536 25.6139 0.125233 43.0675 0.161474 22.6787 0.111641 1.1805 -12.8095 18.534 1.42254 9.85002 14.5605
internal_weight=25053 24857 196 156 50 131 107 82 24807 24787 83 51 40 24704 24657 24629 24609 130 105 24479 69 24454 54 24400 12113 206 42 11907 422 328
internal_count=25053 24857 196 156 50 131 107 82 24807 24787 83 51 40 24704 24657 24629 24609 130 105 24479 69 24454 54 24400 12113 206 42 11907 422 328
is_linear=0
shrinkage=0.05


Tree=10
num_leaves=31
num_cat=0
split_feature=40 229 274 131 289 250 272 262 78 75 292 115 143 143 220 260 8 251 274 97 190 212 118 260 107 253 134 155 206 1
split_gain=2.62766e+07 3.80499e+07 3.02547e+07 3.76277e+07 2.98987e+07 2.6621e+07 3.13223e+07 2.55915e+07 1.94888e+07 5.10884e+07 1.8447e+07 1.54742e+07 2.0808e+07 1.42967e+07 1.34584e+07 1.97947e+07 1.28506e+07 1.60476e+07 2.17882e+07 1.37184e+07 1.96376e+07 1.41456e+07 1.37774e+07 1.61029e+07 1.47752e+07 1.26146e+07 1.22696e+07 1.90118e+07 1.26404e+07 1.09467e+07
threshold=2299.0893554687505 2784.5214843750005 -49.749999999999993 2042.5865478515627 -1444.7499999999998 2042.5865478515627 -902.82870483398426 -187.24999999999997 -7748.7499999999991 1209.4280395507815 2784.5214843750005 1884.7500000000002 4397.0000000000009 521.25000000000011 7236.7500000000009 5553.7500000000009 10606.250000000002 1633.5604248046877 1927.5000000000002 8113.6494140625009 3144.2500000000005 4168.7500000000009 7174.1103515625009 2583.0000000000005 5792.0000000000009 1830.2500000000002 6703.7500000000009 6250.0000000000009 4807.5000000000009 -8378.2499999999982
decision_type=2 2 2 2 2 2 2 2 2 2 2 2 2 2 2 2 2 2 2 2 2 2 2 2 2 2 2 2 2 2
left_child=1 8 13 -4 -3 -5 -7 -8 9 -1 14 -9 -13 -2 15 16 19 -18 -19 22 -21 -22 24 25 26 -24 27 29 -29 -10
right_child=2 4 3 5 -6 6 7 11 10 -11 -12 12 -14 -15 -16 -17 17 18 -20 20 21 -23 23 -25 -26 -27 -28 28 -30 -31
leaf_value=0.76290605298934455 -86.922375183105473 85.609281863336989 -67.33881439540697 -51.248313322067261 8.0318886368362996 -43.764357227370851 73.94644393920899 46.135544141133629 -21.29339267116482 -83.906204088211069 -47.86099128723145 -44.623409481048583 20.791226300116509 -27.138030760288242 26.908280417259704 -42.661211027922455 -20.424777603149415 40.914077738057017 -5.8417467753092449 -51.873790404796608 11.1866771086207 -30.13357431748334 22.858601768980634 56.756243064186791 -15.651736908989983 -21.694795262813571 28.583807287718123 -8.8916731595993053 -57.486728143692019 0.2700778890995264
leaf_weight=62 20 23 23 20 27 21 20 21 59 25 20 20 31 20 47 27 25 69 39 30 53 34 47 22 148 24 38 32 23 23983
leaf_count=62 20 23 23 20 27 21 20 21 59 25 20 20 31 20 47 27 25 69 39 30 53 34 47 22 148 24 38 32 23 23983
internal_value=-4.4592e-08 0.14379 -18.2356 -8.2883 43.7175 1.92344 11.3344 23.9113 0.0559644 -23.5673 0.139104 10.0126 -4.86157 -57.0302 0.177971 0.127011 0.173924 15.6739 24.03 0.0897572 -16.9903 -4.96147 0.171738 19.3797 0.0981743 7.7983 0.194756 0.149987 -29.2132 0.21716
internal_weight=25053 24857 196 156 50 133 113 92 24807 87 24720 72 51 40 24700 24653 24626 133 108 24493 117 87 24376 93 24283 71 24135 24097 55 24042
internal_count=25053 24857 196 156 50 133 113 92 24807 87 24720 72 51 40 24700 24653 24626 133 108 24493 117 87 24376 93 24283 71 24135 24097 55 24042
is_linear=0
shrinkage=0.05


end of trees

feature_importances:
Column_274=16
Column_260=10
Column_292=9
Column_26=8
Column_282=8
Column_131=7
Column_254=7
Column_264=7
Column_281=7
Column_285=7
Column_289=7
Column_215=6
Column_246=6
Column_13=5
Column_75=5
Column_229=5
Column_8=4
Column_107=4
Column_117=4
Column_138=4
Column_220=4
Column_247=4
Column_248=4
Column_253=4
Column_269=4
Column_4=3
Column_78=3
Column_92=3
Column_128=3
Column_143=3
Column_159=3
Column_173=3
Column_186=3
Column_208=3
Column_211=3
Column_221=3
Column_251=3
Column_257=3
Column_263=3
Column_278=3
Column_288=3
Column_1=2
Column_2=2
Column_5=2
Column_12=2
Column_18=2
Column_19=2
Column_37=2
Column_40=2
Column_44=2
Column_47=2
Column_51=2
Column_97=2
Column_101=2
Column_118=2
Column_122=2
Column_158=2
Column_166=2
Column_171=2
Column_172=2
Column_187=2
Column_190=2
Column_192=2
Column_212=2
Column_218=2
Column_219=2
Column_225=2
Column_232=2
Column_233=2
Column_236=2
Column_250=2
Column_261=2
Column_262=2
Column_267=2
Column_0=1
Column_10=1
Column_17=1
Column_20=1
Column_30=1
Column_32=1
Column_33=1
Column_39=1
Column_52=1
Column_54=1
Column_64=1
Column_65=1
Column_70=1
Column_77=1
Column_79=1
Column_89=1
Column_90=1
Column_95=1
Column_96=1
Column_103=1
Column_110=1
Column_113=1
Column_114=1
Column_115=1
Column_120=1
Column_121=1
Column_124=1
Column_134=1
Column_141=1
Column_149=1
Column_152=1
Column_155=1
Column_156=1
Column_157=1
Column_165=1
Column_169=1
Column_170=1
Column_177=1
Column_193=1
Column_194=1
Column_198=1
Column_201=1
Column_202=1
Column_203=1
Column_206=1
Column_210=1
Column_216=1
Column_222=1
Column_227=1
Column_234=1
Column_240=1
Column_243=1
Column_249=1
Column_255=1
Column_272=1
Column_275=1
Column_276=1
Column_283=1
Column_284=1
Column_286=1

parameters:
[boosting: gbdt]
[objective: regression]
[metric: l2]
[tree_learner: serial]
[device_type: cpu]
[data_sample_strategy: bagging]
[data: ]
[valid: ]
[num_iterations: 1000]
[learning_rate: 0.05]
[num_leaves: 31]
[num_threads: 0]
[seed: 42]
[deterministic: 1]
[force_col_wise: 0]
[force_row_wise: 0]
[histogram_pool_size: -1]
[max_depth: -1]
[min_data_in_leaf: 20]
[min_sum_hessian_in_leaf: 0.001]
[bagging_fraction: 1]
[pos_bagging_fraction: 1]
[neg_bagging_fraction: 1]
[bagging_freq: 0]
[bagging_seed: 400]
[bagging_by_query: 0]
[feature_fraction: 1]
[feature_fraction_bynode: 1]
[feature_fraction_seed: 30056]
[extra_trees: 0]
[extra_seed: 12879]
[early_stopping_round: 0]
[early_stopping_min_delta: 0]
[first_metric_only: 0]
[max_delta_step: 0]
[lambda_l1: 0]
[lambda_l2: 0]
[linear_lambda: 0]
[min_gain_to_split: 0]
[drop_rate: 0.1]
[max_drop: 50]
[skip_drop: 0.5]
[xgboost_dart_mode: 0]
[uniform_drop: 0]
[drop_seed: 17869]
[top_rate: 0.2]
[other_rate: 0.1]
[min_data_per_group: 100]
[max_cat_threshold: 32]
[cat_l2: 10]
[cat_smooth: 10]
[max_cat_to_onehot: 4]
[top_k: 20]
[monotone_constraints: ]
[monotone_constraints_method: basic]
[monotone_penalty: 0]
[feature_contri: ]
[forcedsplits_filename: ]
[refit_decay_rate: 0.9]
[cegb_tradeoff: 1]
[cegb_penalty_split: 0]
[cegb_penalty_feature_lazy: ]
[cegb_penalty_feature_coupled: ]
[path_smooth: 0]
[interaction_constraints: ]
[verbosity: -1]
[saved_feature_importance_type: 0]
[use_quantized_grad: 0]
[num_grad_quant_bins: 4]
[quant_train_renew_leaf: 0]
[stochastic_rounding: 1]
[linear_tree: 0]
[max_bin: 255]
[max_bin_by_feature: ]
[min_data_in_bin: 3]
[bin_construct_sample_cnt: 200000]
[data_random_seed: 175]
[is_enable_sparse: 1]
[enable_bundle: 1]
[use_missing: 1]
[zero_as_missing: 0]
[feature_pre_filter: 1]
[pre_partition: 0]
[two_round: 0]
[header: 0]
[label_column: ]
[weight_column: ]
[group_column: ]
[ignore_column: ]
[categorical_feature: ]
[forcedbins_filename: ]
[precise_float_parser: 0]
[parser_config_file: ]
[objective_seed: 16083]
[num_class: 1]
[is_unbalance: 0]
[scale_pos_weight: 1]
[sigmoid: 1]
[boost_from_average: 1]
[reg_sqrt: 0]
[alpha: 0.9]
[fair_c: 1]
[poisson_max_delta_step: 0.7]
[tweedie_variance_power: 1.5]
[lambdarank_truncation_level: 30]
[lambdarank_norm: 1]
[label_gain: ]
[lambdarank_position_bias_regularization: 0]
[eval_at: ]
[multi_error_top_k: 1]
[auc_mu_weights: ]
[num_machines: 1]
[local_listen_port: 12400]
[time_out: 120]
[machine_list_filename: ]
[machines: ]
[gpu_platform_id: -1]
[gpu_device_id: -1]
[gpu_device_id_list: ]
[gpu_use_dp: 0]
[num_gpu: 1]

end of parameters

pandas_categorical:null
