tree
version=v4
num_class=1
num_tree_per_iteration=1
label_index=0
max_feature_idx=146
objective=regression
feature_names=Column_0 Column_1 Column_2 Column_3 Column_4 Column_5 Column_6 Column_7 Column_8 Column_9 Column_10 Column_11 Column_12 Column_13 Column_14 Column_15 Column_16 Column_17 Column_18 Column_19 Column_20 Column_21 Column_22 Column_23 Column_24 Column_25 Column_26 Column_27 Column_28 Column_29 Column_30 Column_31 Column_32 Column_33 Column_34 Column_35 Column_36 Column_37 Column_38 Column_39 Column_40 Column_41 Column_42 Column_43 Column_44 Column_45 Column_46 Column_47 Column_48 Column_49 Column_50 Column_51 Column_52 Column_53 Column_54 Column_55 Column_56 Column_57 Column_58 Column_59 Column_60 Column_61 Column_62 Column_63 Column_64 Column_65 Column_66 Column_67 Column_68 Column_69 Column_70 Column_71 Column_72 Column_73 Column_74 Column_75 Column_76 Column_77 Column_78 Column_79 Column_80 Column_81 Column_82 Column_83 Column_84 Column_85 Column_86 Column_87 Column_88 Column_89 Column_90 Column_91 Column_92 Column_93 Column_94 Column_95 Column_96 Column_97 Column_98 Column_99 Column_100 Column_101 Column_102 Column_103 Column_104 Column_105 Column_106 Column_107 Column_108 Column_109 Column_110 Column_111 Column_112 Column_113 Column_114 Column_115 Column_116 Column_117 Column_118 Column_119 Column_120 Column_121 Column_122 Column_123 Column_124 Column_125 Column_126 Column_127 Column_128 Column_129 Column_130 Column_131 Column_132 Column_133 Column_134 Column_135 Column_136 Column_137 Column_138 Column_139 Column_140 Column_141 Column_142 Column_143 Column_144 Column_145 Column_146
feature_infos=[-18745:31025] [-17115:31327.5] [-21432.5:30320] [-18440:30667.5] [-11803.3251953125:34970.2734375] [215.35255432128906:4107.3359375] [-11139.626953125:31198.84375] [-18442.5:30685] [-16837.5:30707.5] [-19622.5:28327.5] [-19145:28770] [-11757.275390625:34754.1484375] [215.35255432128906:4107.3359375] [-11009.43359375:30978.0390625] [-19145:28770] [-17515:29015] [-21832.5:26655] [-20900:27305] [-11700.275390625:34547.375] [215.35255432128906:4107.3359375] [-10743.939453125:30644.126953125] [-20900:27310] [-19270:27897.5] [-23587.5:24765] [-20595:24822.5] [-11638.150390625:34326.57421875] [215.35255432128906:4107.3359375] [-10940.44140625:30114.88671875] [-20597.5:24825] [-18992.5:26665] [-22692.5:22970] [-19935:23182.5] [-11575.4501953125:34104.9765625] [215.35255432128906:4107.3359375] [-11472.8095703125:29484.669921875] [-19932.5:23180] [-18097.5:23784] [-20540:21102.5] [-19040:22085] [-11506.875:33875.6015625] [215.35255432128906:4107.3359375] [-12041.41796875:28747.8828125] [-19037.5:22086] [-17692.5:24340] [-20807.5:21758] [-19460:22987.5] [-11438.275390625:33641.875] [215.35255432128906:4107.3359375] [-12715.8349609375:27957.392578125] [-19457.5:22985.5] [-17782.5:25519.5] [-21362.5:21541.5] [-18602.5:23167] [-11351:33379.875] [215.35255432128906:4107.3359375] [-13250.986328125:26986.947265625] [-18600:23169] [-16887.5:25303] [-20467.5:22052.5] [-17707.5:23282] [-11247.599609375:33102.6484375] [215.35255432128906:4107.3359375] [-13635.44140625:26086.54296875] [-17705:23280] [-14105:25814] [-17990:22759] [-16585:23988.5] [-11143.6748046875:32796.8515625] [215.35255432128906:4107.3359375] [-13683.5830078125:25100.720703125] [-16582.5:23986.5] [-13742.5:26520.5] [-17095:19633.5] [-15047.5:20863] [-11027:32497.67578125] [215.35255432128906:4107.3359375] [-13807.576171875:24128.3828125] [-15025:20861] [-13007.5:23395] [-17325:19784.5] [-14332.5:21014] [-10905.4501953125:32190.650390625] [215.35255432128906:4107.3359375] [-13376.4326171875:23217.84765625] [-14335:21012] [-12730:23546] [-15172.5:19031.5] [-13672.5:20261] [-10783.6748046875:31872.400390625] [215.35255432128906:4107.3359375] [-12729.7109375:22283.7265625] [-13670:20259] [-10192.5:22793] [-13790:17769] [-11465:19192.5] [-10652:31576.80078125] [215.35255432128906:4107.3359375] [-12432.919921875:21629.068359375] [-11465:19192] [-11430:20333] [-14545:19080] [-13197.5:19281] [-10509.2001953125:31254.92578125] [215.35255432128906:4107.3359375] [-12139.017578125:20810.2890625] [-13195:19280.5] [-11520:20743.5] [-15100:17781] [-12340:18407] [-10361.7998046875:30943.55078125] [215.35255432128906:4107.3359375] [-11771.3798828125:20160.037109375] [-12337.5:18406] [-8717.5:22530.5] [-12557.5:18402.5] [-11217.5:21238] [-10227.125:30623.525390625] [215.35255432128906:4107.3359375] [-11189.6630859375:19465.259765625] [-11215:21240] [-7842.5:22421.5] [-11727.5:20075.5] [-8415:21157] [-10100.1748046875:30324.5] [215.35255432128906:4107.3359375] [-10612.8759765625:18938.873046875] [-8412.5:21158] [-7480:22173] [-11500:20830] [-8785:22059.5] [-9958.224609375:29992.625] [215.35255432128906:4107.3359375] [-10064.88671875:18497.720703125] [-8762.5:22057.5] [-4677.5:24591.5] [-10257.5:11798] [-6772.5:17212.5] [-9812.1748046875:29626] [215.35255432128906:4107.3359375] [-9231.2607421875:18380.8828125] [-6789.5:17212] [0:18646.5] [-9058:0] none [-9667.4248046875:29211.025390625] [215.35255432128906:4107.3359375] [-8392.0556640625:16709.892578125]
tree_sizes=2800 2833 2821 2857 2847 2835 2820 2845 2832 2831 2821 2836 2868 2843 2842 2835 2822 2802

Tree=0
num_leaves=31
num_cat=0
split_feature=4 82 135 29 142 131 110 85 122 106 38 24 71 142 123 0 93 87 141 9 134 122 94 26 115 94 60 108 5 92
split_gain=8.97264e+06 2.72848e+07 2.91641e+07 3.03752e+07 2.41464e+07 1.96353e+07 3.39176e+07 2.029e+07 1.7649e+07 1.10542e+07 1.02548e+07 1.12227e+07 8.87024e+06 8.79101e+06 8.38464e+06 8.41564e+06 8.28878e+06 1.36481e+07 1.01304e+07 8.22187e+06 8.18255e+06 1.14241e+07 8.13922e+06 8.10503e+06 7.88594e+06 7.63494e+06 6.60895e+06 9.1794e+06 8.75427e+06 8.34201e+06
threshold=11597.850097656252 2784.5214843750005 -919.74999999999989 10230.500000000002 -914.74999999999989 1401.3559570312502 1264.2258911132815 -4339.2499999999991 2607.7500000000005 3718.7500000000005 -6358.7499999999991 -1687.2499999999998 1145.2500000000002 -1177.7499999999998 9478.5649414062518 -711.74999999999989 -2035.7499999999998 -3037.7499999999995 884.50000000000011 7315.7500000000009 497.75000000000006 -802.24999999999989 -1514.7499999999998 1401.3559570312502 1135.5000000000002 -2301.4999999999995 9740.5249023437518 -1187.7499999999998 2042.5865478515627 2444.5000000000005
decision_type=2 2 2 2 2 2 2 2 2 2 2 2 2 2 2 2 2 2 2 2 2 2 2 2 2 2 2 2 2 2
left_child=5 2 3 23 -4 19 -7 -8 9 -6 -9 12 20 -3 15 22 17 -17 -19 -1 25 -22 -13 -2 -24 -12 27 -18 29 -29
right_child=1 13 4 -5 8 6 7 10 -10 -11 11 14 -14 -15 -16 16 26 18 -20 -21 21 -23 24 -25 -26 -27 -28 28 -30 -31
leaf_value=-1.424756739287341 17.868076311500776 59.364803373907762 48.830087222365748 -77.566445463517837 3.6133534230168829 -70.339500591103445 -45.29197268246206 -40.348590347786278 -31.435687013775873 43.900219461557882 30.103682242886027 -48.106923688499236 28.292585608131716 17.128682057750389 -39.574780540712773 -20.023590844136855 15.074846851068356 6.0124667008785888 44.236986400232027 20.984945509461426 -43.704840919536736 -0.64336707236280022 -2.7521625432707983 -23.895705907460279 -36.525590494674823 -0.021005018555882105 15.452335380971272 -18.241501445691377 -35.855346829134284 0.15886502116995516
leaf_weight=23873 21 28 34 21 90 22 34 21 31 21 33 21 34 22 21 32 32 52 26 41 20 67 56 26 25 58 27 134 37 114
leaf_count=23873 21 28 34 21 90 22 34 21 31 21 33 21 34 22 21 32 32 52 26 41 20 67 56 26 25 58 27 134 37 114
internal_value=-1.55115 7.13236 0.237168 -27.5729 10.9819 -1.65417 -9.05032 -7.45274 1.91972 11.2352 -5.86442 -4.94659 4.89127 40.7809 -8.5612 -7.38982 -4.47409 7.47323 18.754 -1.38634 0.421353 -10.5426 -20.3677 -5.23529 -13.1761 10.9033 -8.29445 -10.317 -13.1681 -9.78327
internal_weight=25074 294 244 68 176 24780 866 844 142 111 810 789 212 50 577 556 454 110 78 23914 178 87 102 47 81 91 344 317 285 248
internal_count=25074 294 244 68 176 24780 866 844 142 111 810 789 212 50 577 556 454 110 78 23914 178 87 102 47 81 91 344 317 285 248
is_linear=0
shrinkage=1


Tree=1
num_leaves=31
num_cat=0
split_feature=20 82 32 145 26 122 59 129 107 142 26 53 135 142 141 92 110 141 123 27 61 29 134 26 48 141 58 41 107 141
split_gain=8.53566e+06 1.49082e+07 2.57813e+07 1.73485e+07 1.37242e+07 1.00049e+07 1.85047e+07 9.32601e+06 8.57562e+06 8.34726e+06 8.14637e+06 7.01332e+06 1.12237e+07 1.53115e+07 1.10952e+07 8.75285e+06 1.57684e+07 1.2242e+07 7.41483e+06 6.59708e+06 9.00596e+06 5.33578e+06 8.83858e+06 8.4353e+06 6.85816e+06 5.23376e+06 4.89972e+06 5.30677e+06 5.36949e+06 6.46835e+06
threshold=-7134.9187011718741 2784.5214843750005 10178.282226562502 2784.5214843750005 1077.258728027344 3656.2500000000005 6356.2500000000009 -746.74999999999989 -4898.7499999999991 -1177.7499999999998 1373.502868652344 10758.924804687502 -1968.9999999999998 -685.74999999999989 809.50000000000011 4291.2500000000009 1473.834655761719 1235.7500000000002 7549.3352050781259 5660.1123046875009 1515.713562011719 6224.0000000000009 1595.5000000000002 1373.502868652344 6136.2587890625009 935.25000000000011 -5043.7499999999991 -5738.7861328124991 -4151.7499999999991 262.75000000000006
decision_type=2 2 2 2 2 2 2 2 2 2 2 2 2 2 2 2 2 2 2 2 2 2 2 2 2 2 2 2 2 2
left_child=4 3 -3 5 -1 8 -7 -6 10 -4 -2 15 -13 14 -14 21 17 -17 -18 -15 25 24 23 -23 26 -21 -10 -28 29 -29
right_child=1 2 9 -5 7 6 -8 -9 11 -11 -12 12 13 19 -16 16 18 -19 -20 20 -22 22 -24 -25 -26 -27 27 28 -30 -31
leaf_value=4.9290953877124384 -2.3574756005231072 -17.540620948528424 58.518969415028891 -38.013287169138593 -15.611236763000489 -46.699215576052666 6.2754761303172399 -59.135309371948246 8.1064544132242666 20.197975356490524 -39.144591847172492 -25.58267762184143 10.002271041870117 -11.128667901837549 59.13722202159741 -13.123329351324784 -52.448657509132673 16.518024307597766 -13.815543207914935 15.852745409445332 42.17863552093506 14.680416821533781 38.866615129553757 -21.048685375849406 -20.092226686931795 -15.217889553567639 -18.362528698566631 38.430787600278855 0.061153532552243699 2.3951192653540412
leaf_weight=47 34 29 30 30 32 32 34 20 191 27 27 20 20 43 27 95 27 55 23 33 20 53 23 24 42 23 39 20 23921 33
leaf_count=47 34 29 30 30 32 32 34 20 191 27 27 20 20 43 27 95 27 55 23 33 20 53 23 24 42 23 39 20 23921 33
internal_value=-1.10423e-07 0.0580819 20.84 -0.0137266 -14.6525 0.0321315 -19.4092 -32.3513 0.0838852 40.3669 -18.6403 0.130067 9.80251 14.0658 38.2287 0.0567733 -10.3605 -2.25483 -34.6774 4.52243 13.3777 0.14235 11.6683 3.54407 0.0948127 3.09159 0.129842 0.0663961 0.0963756 15.9935
internal_weight=25074 24975 86 24889 99 24859 66 52 24793 57 61 24732 186 166 47 24546 200 150 50 119 76 24346 100 77 24246 56 24204 24013 23974 53
internal_count=25074 24975 86 24889 99 24859 66 52 24793 57 61 24732 186 166 47 24546 200 150 50 119 76 24346 100 77 24246 56 24204 24013 23974 53
is_linear=0
shrinkage=0.05


Tree=2
num_leaves=31
num_cat=0
split_feature=20 82 32 145 26 120 115 53 134 142 26 19 40 99 142 129 117 142 136 61 107 61 68 141 86 107 139 117 27 107
split_gain=7.70344e+06 1.34547e+07 2.32676e+07 1.5657e+07 1.23861e+07 9.04861e+06 3.03162e+07 9.97401e+06 1.11519e+07 1.71535e+07 1.26186e+07 1.02004e+07 9.34797e+06 1.21699e+07 8.61444e+06 8.41672e+06 7.80632e+06 7.5334e+06 7.47212e+06 1.1589e+07 6.86012e+06 7.4388e+06 5.75627e+06 6.5398e+06 5.19318e+06 9.31358e+06 7.50767e+06 7.83357e+06 5.35066e+06 7.53567e+06
threshold=-7134.9187011718741 2784.5214843750005 10178.282226562502 2784.5214843750005 1077.258728027344 3887.7500000000005 3355.0000000000005 10758.924804687502 1292.7500000000002 -685.74999999999989 1401.3559570312502 2042.5865478515627 2299.0893554687505 1231.7500000000002 -202.24999999999997 -746.74999999999989 1264.2258911132815 -1177.7499999999998 1577.5000000000002 1438.1508789062502 -4898.7499999999991 1067.1999511718752 2042.5865478515627 323.75000000000006 3808.2500000000005 1900.2500000000002 3270.3959960937505 1341.8898925781252 4489.4218750000009 -2306.4999999999995
decision_type=2 2 2 2 2 2 2 2 2 2 2 2 2 2 2 2 2 2 2 2 2 2 2 2 2 2 2 2 2 2
left_child=4 3 -3 5 -1 7 -7 12 10 -10 16 -12 20 -14 18 -6 -9 -4 19 -8 21 -2 24 -24 26 -26 28 -28 -22 -30
right_child=1 2 17 -5 15 6 14 8 9 -11 11 -13 13 -15 -16 -17 -18 -19 -20 -21 22 -23 23 -25 25 -27 27 -29 29 -31
leaf_value=4.6826408575189875 4.948185964064165 -16.663590312826223 55.593019270896917 -36.112623195648197 -14.830675029754639 -59.166924428939822 -2.6355624140964617 2.3235228261639995 62.673425923223078 10.498793842315674 -42.630505293065852 4.9917332898015561 -2.7911771665300642 -51.684143838882449 24.813922149658204 -56.178544712066653 42.39011332035065 19.188075862107453 10.126107507593492 -50.105629596710209 0.17857273880561286 -32.586639936042552 -5.4051198673248297 31.267463999409831 -31.125754047084502 -1.3740628085293614 4.1068230612236158 36.026799537395611 16.9475725432237 -6.8104589030471958
leaf_weight=47 22 29 30 30 32 28 36 31 23 50 22 23 35 20 25 20 20 27 34 20 23678 33 20 31 37 91 57 29 36 458
leaf_count=47 22 29 30 30 32 28 36 31 23 50 22 23 35 20 25 20 20 27 34 20 23678 33 20 31 37 91 57 29 36 458
internal_value=8.95673e-08 0.055178 19.798 -0.0130401 -13.9199 0.0305252 -12.5107 0.103085 12.2083 26.9374 1.00802 -18.2903 0.019744 -20.5704 -1.15093 -30.7337 18.0359 38.3486 -8.36339 -19.5892 0.065982 -17.5727 0.105681 16.8861 0.0705873 -9.97416 0.123589 14.8705 0.0711223 -5.0791
internal_weight=25074 24975 86 24889 99 24859 143 24716 169 73 96 45 24547 55 115 52 51 57 90 56 24492 55 24437 51 24386 128 24258 86 24172 494
internal_count=25074 24975 86 24889 99 24859 143 24716 169 73 96 45 24547 55 115 52 51 57 90 56 24492 55 24437 51 24386 128 24258 86 24172 494
is_linear=0
shrinkage=0.05


Tree=3
num_leaves=31
num_cat=0
split_feature=20 82 32 145 19 135 126 53 107 135 26 53 107 135 45 53 141 108 121 58 40 73 103 38 145 108 107 13 113 75
split_gain=6.95235e+06 1.21428e+07 2.0999e+07 1.41305e+07 1.12706e+07 1.05477e+07 8.84203e+06 1.75094e+07 7.06698e+06 6.94599e+06 6.89989e+06 5.6956e+06 1.04015e+07 1.31367e+07 1.20007e+07 8.24741e+06 2.08288e+07 7.03066e+06 5.4625e+06 5.20151e+06 6.1103e+06 7.61019e+06 6.35481e+06 1.2983e+07 6.71046e+06 5.57075e+06 8.61316e+06 4.84003e+06 4.93016e+06 6.78633e+06
threshold=-7134.9187011718741 2784.5214843750005 10178.282226562502 2784.5214843750005 996.66073608398449 -997.74999999999989 3653.7500000000005 6837.1750488281259 -4898.7499999999991 -2138.9999999999995 1373.502868652344 10758.924804687502 -910.24999999999989 -919.74999999999989 5347.5000000000009 9865.9775390625018 1235.7500000000002 821.25000000000011 1422.0000000000002 -5043.7499999999991 2299.0893554687505 95.250000000000014 1890.4719848632815 -172.24999999999997 1890.4719848632815 -1590.2499999999998 -2373.7499999999995 -5588.4067382812491 437.75000000000006 1401.3559570312502
decision_type=2 2 2 2 2 2 2 2 2 2 2 2 2 2 2 2 2 2 2 2 2 2 2 2 2 2 2 2 2 2
left_child=4 3 -3 6 -1 -6 8 -8 10 -4 -2 15 -13 -14 -15 19 17 -17 -16 25 22 -22 24 -24 27 -10 -27 -21 -29 -30
right_child=1 2 9 -5 5 -7 7 -9 11 -11 -12 12 13 14 18 16 -18 -19 -20 20 21 -23 23 -25 -26 26 -28 28 29 -31
leaf_value=9.5890602575029646 -1.9348916867200068 -15.830411205620601 60.17141143798829 -34.306990731557214 -11.514585197803587 -54.745471055167059 -57.31410881549121 -1.0876205613878038 0.96699972311291127 23.598567094029608 -35.79082650785093 33.386710259573803 -23.232083013322622 -0.77355211457690676 49.881984177502723 -16.641335118201471 20.588466550685741 -51.897742007328922 13.777267189025878 -9.526951402198268 0.86861803531646731 -40.346705155145557 -1.5273055803208124 43.981942504882817 -28.916459026336668 43.406025489171348 7.6992441880075564 0.70642831345767676 -0.51637304122718142 -8.1173085378734982
leaf_weight=35 34 29 20 30 43 21 20 45 109 37 27 35 36 74 22 31 27 26 20 131 24 21 42 25 20 24 57 14182 9524 303
leaf_count=35 34 29 20 30 43 21 20 45 109 37 27 35 36 74 22 31 27 26 20 131 24 21 42 25 20 24 57 14182 9524 303
internal_value=1.69802e-07 0.0524192 18.8081 -0.012388 -13.2239 -25.6997 0.028999 -18.3881 0.0772812 36.4311 -16.9203 0.119203 8.81222 3.15363 11.3423 0.0529766 -15.5873 -32.7232 32.6893 0.106684 0.0421759 -18.3652 0.0763663 15.4538 0.0337221 8.34739 18.279 0.0577073 0.110004 -0.750736
internal_weight=25074 24975 86 24889 99 64 24859 65 24794 57 61 24733 187 152 116 24546 84 57 42 24462 24272 45 24227 67 24160 190 81 24140 24009 9827
internal_count=25074 24975 86 24889 99 64 24859 65 24794 57 61 24733 187 152 116 24546 84 57 42 24462 24272 45 24227 67 24160 190 81 24140 24009 9827
is_linear=0
shrinkage=0.05


Tree=4
num_leaves=31
num_cat=0
split_feature=20 82 32 145 26 126 59 129 142 107 26 53 107 135 45 53 141 6 121 107 5 86 135 4 26 54 75 65 121 120
split_gain=6.2745e+06 1.09589e+07 1.89516e+07 1.27527e+07 1.05508e+07 7.97993e+06 1.61155e+07 7.06241e+06 6.42602e+06 6.37795e+06 6.22715e+06 5.14028e+06 9.38733e+06 1.18559e+07 1.08307e+07 7.44329e+06 1.8798e+07 6.76511e+06 4.9299e+06 4.76256e+06 1.16578e+07 1.15626e+07 7.077e+06 6.39226e+06 6.18885e+06 8.3398e+06 5.87472e+06 4.83229e+06 4.6661e+06 6.1739e+06
threshold=-7134.9187011718741 2784.5214843750005 10178.282226562502 2784.5214843750005 1077.258728027344 3653.7500000000005 6356.2500000000009 -746.74999999999989 -1177.7499999999998 -4898.7499999999991 1373.502868652344 10758.924804687502 -910.24999999999989 -919.74999999999989 5347.5000000000009 9865.9775390625018 1235.7500000000002 7114.5832519531259 1422.0000000000002 -294.74999999999994 1890.4719848632815 174.75000000000003 300.25000000000006 9972.8076171875018 1180.005310058594 1401.3559570312502 1077.258728027344 -4081.2499999999995 1263.0000000000002 1394.7500000000002
decision_type=2 2 2 2 2 2 2 2 2 2 2 2 2 2 2 2 2 2 2 2 2 2 2 2 2 2 2 2 2 2
left_child=4 3 -3 5 -1 9 -7 -6 -4 10 -2 15 -13 -14 -15 19 17 -17 -16 22 27 -22 23 -11 26 -26 -24 -21 29 -29
right_child=1 2 8 -5 7 6 -8 -9 -10 11 -12 12 13 14 18 16 -18 -19 -20 20 21 -23 24 -25 25 -27 -28 28 -30 -31
leaf_value=4.6063863389035493 -1.8381473036373366 -15.038890940567544 50.536254847844447 -32.591640952428186 -13.513412531698123 -43.541864641251102 6.3039412778966568 -51.388884257078168 16.913289274992767 0.54690024732902132 -34.001284853617356 31.717374921526229 -22.07047861417135 -0.73487435208784568 47.387883879921652 -17.930911201900908 19.55904340920625 -53.640417843773257 13.088404121398927 -25.081589355468751 5.1565847396850586 -43.605997670081358 8.0784076270509946 25.855017494201661 47.720607208121912 7.4680525502850932 -18.231404328346255 -0.30010869677977892 3.3171435345877089 -3.9306165089195009
leaf_weight=47 34 29 30 30 32 31 34 20 27 12532 27 35 36 74 22 36 27 21 20 20 20 31 183 25 22 31 24 9483 755 1336
leaf_count=47 34 29 30 30 32 31 34 20 27 12532 27 35 36 74 22 36 27 21 20 20 20 31 183 25 22 31 24 9483 755 1336
internal_value=6.42639e-08 0.0497981 17.8677 -0.0117687 -12.5627 0.0275489 -17.4687 -28.0809 34.6096 0.0734171 -16.0743 0.113243 8.37161 2.99594 10.7752 0.0503277 -14.8079 -31.087 31.0548 0.101349 -0.630578 -24.4834 0.766348 0.597287 8.93138 24.1767 5.02799 -0.525653 -0.48322 -0.748427
internal_weight=25074 24975 86 24889 99 24859 65 52 57 24794 61 24733 187 152 116 24546 84 57 42 24462 11645 51 12817 12557 260 53 207 11594 11574 10819
internal_count=25074 24975 86 24889 99 24859 65 52 57 24794 61 24733 187 152 116 24546 84 57 42 24462 11645 51 12817 12557 260 53 207 11594 11574 10819
is_linear=0
shrinkage=0.05


Tree=5
num_leaves=31
num_cat=0
split_feature=20 82 32 145 86 4 126 0 134 107 26 53 135 142 141 53 141 108 27 16 58 40 31 103 38 145 108 107 41 19
split_gain=5.66273e+06 9.89042e+06 1.71038e+07 1.15094e+07 9.85544e+06 9.90317e+06 7.20189e+06 1.51268e+07 6.39453e+06 5.7561e+06 5.62001e+06 4.6391e+06 8.58461e+06 1.25493e+07 9.32275e+06 6.71757e+06 1.69652e+07 6.42094e+06 4.94016e+06 8.67246e+06 4.65086e+06 5.22533e+06 6.40166e+06 5.67856e+06 1.16871e+07 5.95262e+06 5.02082e+06 7.7867e+06 4.39049e+06 4.28565e+06
threshold=-7134.9187011718741 2784.5214843750005 10178.282226562502 2784.5214843750005 -3706.2499999999995 -6013.0825195312491 3653.7500000000005 6487.2500000000009 576.75000000000011 -4898.7499999999991 1373.502868652344 10758.924804687502 -1968.9999999999998 -685.74999999999989 809.50000000000011 9865.9775390625018 1235.7500000000002 821.25000000000011 5660.1123046875009 5523.2500000000009 -5043.7499999999991 2299.0893554687505 405.25000000000006 1890.4719848632815 -172.24999999999997 1890.4719848632815 -1590.2499999999998 -2373.7499999999995 -5738.7861328124991 1647.119079589844
decision_type=2 2 2 2 2 2 2 2 2 2 2 2 2 2 2 2 2 2 2 2 2 2 2 2 2 2 2 2 2 2
left_child=4 3 -3 6 5 -1 9 -8 -4 10 -2 15 -13 14 -14 20 17 -17 -15 -20 26 23 -23 25 -25 28 29 -28 -22 -11
right_child=1 2 8 -5 -6 -7 7 -9 -10 11 -12 12 13 18 -16 16 -18 -19 19 -21 21 22 -24 24 -26 -27 27 -29 -30 -31
leaf_value=-10.209590025951989 -1.7462401684592752 -14.286945688313452 13.932039081573487 -30.962060030301412 6.8288803022082263 -53.677052234709265 -49.190015345034396 1.2542799677167622 47.681503200531012 -4.2452337841654932 -32.301220413490583 -22.166886086690994 7.7647137498855585 -10.420135452581007 52.804265184755685 -14.163974921934068 18.581091131987396 -47.856933395679185 32.900992025647845 -2.1135347674290341 -17.161273077371959 -38.071564602851872 -0.11932281494140624 -1.508274780000959 41.670159967422485 -27.239908008575441 41.208378728230798 7.2578695899561838 0.075600121890071315 20.053204947839614
leaf_weight=38 34 29 25 30 41 20 23 42 32 86 27 21 20 43 27 31 27 26 28 48 37 20 25 42 25 20 24 57 24103 23
leaf_count=38 34 29 25 30 41 20 23 42 32 86 27 21 20 43 27 31 27 26 28 48 37 20 25 42 25 20 24 57 24103 23
internal_value=6.71508e-08 0.0473082 16.9743 -0.0111802 -11.9346 -25.1984 0.0261715 -16.5952 32.8791 0.0697462 -15.2706 0.107581 7.95303 11.7634 33.6385 0.0478113 -14.0675 -29.5327 3.12363 10.7866 0.096282 0.0352841 -16.987 0.0669018 14.6031 0.0265904 7.8886 17.3173 0.0491807 0.88196
internal_weight=25074 24975 86 24889 99 58 24859 65 57 24794 61 24733 187 166 47 24546 84 57 119 76 24462 24272 45 24227 67 24160 190 81 24140 109
internal_count=25074 24975 86 24889 99 58 24859 65 57 24794 61 24733 187 166 47 24546 84 57 119 76 24462 24272 45 24227 67 24160 190 81 24140 109
is_linear=0
shrinkage=0.05


Tree=6
num_leaves=31
num_cat=0
split_feature=135 65 46 25 120 100 136 142 128 40 102 134 113 124 120 45 80 75 131 48 85 93 45 80 73 128 140 111 5 139
split_gain=5.16455e+06 1.03083e+07 9.05552e+06 8.05714e+06 2.1124e+07 1.69297e+07 1.14005e+07 1.60474e+07 2.01782e+07 1.09581e+07 2.07147e+07 1.29976e+07 9.84145e+06 9.52621e+06 1.01022e+07 7.00125e+06 5.10798e+06 4.3713e+06 4.5608e+06 6.73017e+06 6.56844e+06 9.15357e+06 8.58732e+06 6.98486e+06 1.54998e+07 1.30481e+07 9.99369e+06 6.31848e+06 6.12485e+06 5.80183e+06
threshold=-3349.9999999999995 4615.2500000000009 6414.7302246093759 11289.822753906252 4857.5000000000009 -3158.2499999999995 10.250000000000002 -1027.7499999999998 2370.2500000000005 2299.0893554687505 6511.8623046875009 1781.2500000000002 3148.7500000000005 1154.7329101562502 1968.2500000000002 8700.0000000000018 964.25000000000011 2042.5865478515627 1401.3559570312502 7898.7023925781259 -2613.7499999999995 -1491.7499999999998 2287.2500000000005 2410.7500000000005 4943.7500000000009 1107.2500000000002 661.50000000000011 2424.458129882813 1341.8898925781252 495.55151367187506
decision_type=2 2 2 2 2 2 2 2 2 2 2 2 2 2 2 2 2 2 2 2 2 2 2 2 2 2 2 2 2 2
left_child=1 2 -1 4 9 -5 12 -8 13 17 -11 -12 16 -9 -15 -16 -7 18 19 -2 28 22 -22 25 26 29 27 -25 -20 -23
right_child=3 -3 -4 5 -6 6 7 8 -10 10 11 -13 -14 14 15 -17 -18 -19 20 -21 21 23 -24 24 -26 -27 -28 -29 -30 -31
leaf_value=-16.309111147510762 0.13045366135290712 -42.476484789167131 18.571297105153402 52.959492750167854 -38.320240969128079 -16.479517906683466 49.587223388671873 -10.966089919106714 -40.390186538696291 -46.806474563810561 23.439187720514113 -25.016484420776369 -40.660031495094302 2.9574241454784689 52.185210418701175 13.993673410415651 12.650324964523316 14.992034156955018 -39.804079437255865 27.190495482735017 2.980119667197719 -0.31916666875674032 36.927288445972259 -18.558853588104249 -20.629003622266982 -48.919427190508166 41.494337918208203 16.161442932329681 -7.9646670796654453 -15.316869897332811
leaf_weight=49 23849 21 30 20 36 27 25 29 20 36 31 25 20 39 30 20 34 49 23 23 165 127 21 20 45 21 26 38 44 131
leaf_count=49 23849 21 30 20 36 27 25 29 20 36 31 25 20 39 30 20 34 49 23 23 165 127 21 20 45 21 26 38 44 131
internal_value=-1.0184e-07 -11.3401 -3.06339 0.0454077 -0.047421 8.73403 5.10899 12.7278 6.05035 0.00842008 -17.2155 1.80719 -10.2227 13.9216 22.0311 36.9086 -0.243212 0.0728821 0.0430839 0.156525 -4.05385 -2.37989 6.81286 -6.5707 3.05043 -11.0192 15.7358 4.18893 -18.8946 -7.93428
internal_weight=25074 100 79 24974 24710 264 244 163 138 24674 92 56 81 118 89 50 61 24582 24533 23872 661 594 186 408 129 279 84 58 67 258
internal_count=25074 100 79 24974 24710 264 244 163 138 24674 92 56 81 118 89 50 61 24582 24533 23872 661 594 186 408 129 279 84 58 67 258
is_linear=0
shrinkage=0.05


Tree=7
num_leaves=31
num_cat=0
split_feature=37 80 99 75 117 4 142 13 120 142 136 87 117 137 120 85 145 124 36 108 141 64 118 33 73 107 137 40 142 29
split_gain=5.00124e+06 6.38926e+06 6.08542e+06 5.44754e+06 1.48838e+07 1.2396e+07 7.35753e+06 7.01876e+06 2.06386e+07 2.13224e+07 1.80032e+07 5.83185e+06 1.20907e+07 1.10726e+07 7.10819e+06 6.30742e+06 1.18637e+07 9.72496e+06 7.66178e+06 7.20566e+06 1.127e+07 7.01232e+06 8.96163e+06 5.50738e+06 4.67589e+06 4.48954e+06 7.10508e+06 5.80871e+06 9.53489e+06 8.31155e+06
threshold=-7241.2499999999991 -3009.7499999999995 -1863.7499999999998 2784.5214843750005 2784.5214843750005 10609.912597656252 -1093.9999999999998 11634.190917968752 4857.5000000000009 -372.74999999999994 410.25000000000006 4307.5000000000009 1373.502868652344 6930.3300781250009 3110.0000000000005 3467.5000000000005 1077.258728027344 1024.2224731445315 1098.2500000000002 2580.5000000000005 835.25000000000011 4846.2500000000009 3737.6145019531255 909.79022216796886 3971.5000000000005 -294.74999999999994 9206.2802734375018 1515.713562011719 -421.74999999999994 2879.7500000000005
decision_type=2 2 2 2 2 2 2 2 2 2 2 2 2 2 2 2 2 2 2 2 2 2 2 2 2 2 2 2 2 2
left_child=1 2 -1 4 7 -5 -7 8 11 -10 -9 15 14 -14 -13 21 17 23 -18 -20 -21 25 -23 -17 -22 26 -2 -27 29 -29
right_child=3 -3 -4 5 -6 6 -8 10 9 -11 -12 12 13 -15 -16 16 18 -19 19 20 24 22 -24 -25 -26 27 -28 28 -30 -31
leaf_value=-13.656328482194381 0.64094597035121148 -35.696078986213323 16.971573337264683 -11.594303550720216 -42.072316832769488 48.863259744644168 8.832110270586881 -19.563847187587196 -70.648824491954983 -0.21174660785631702 38.398848904790107 -11.642653740576979 -51.470363147442164 -9.1250104050887266 14.377191312496478 -2.8839464901415117 -11.567046356201173 -35.250848776102067 25.230611025991522 -20.219572356564029 37.868348439534508 -28.409963841541952 11.680536241531373 17.420966284615655 4.5021020253499353 -0.53734521821015757 26.316950388307927 11.240461092789969 -22.631976828208337 -25.978604774475102
leaf_weight=55 12873 21 23 30 21 24 22 21 21 22 37 53 26 38 52 163 25 20 121 27 21 46 20 42 21 11044 27 60 78 20
leaf_count=55 12873 21 23 30 21 24 22 21 21 22 37 53 26 38 52 163 25 20 121 27 21 46 20 42 21 11044 27 60 78 20
internal_value=4.49613e-08 -11.2159 -4.62502 0.0444593 0.0036618 13.4105 29.7179 0.0391789 -0.00141913 -34.6112 17.4124 0.0586456 -9.19779 -26.3278 1.24336 0.122216 6.05491 -1.97075 14.4539 17.8777 4.98335 0.0142059 -16.2613 1.27608 21.1852 0.0587742 0.694686 -0.67353 -10.1926 1.93569
internal_weight=25074 99 78 24975 24899 76 46 24878 24820 43 58 24777 169 64 105 24608 440 225 215 190 69 24168 66 205 42 24102 12900 11202 158 80
internal_count=25074 99 78 24975 24899 76 46 24878 24820 43 58 24777 169 64 105 24608 440 225 215 190 69 24168 66 205 42 24102 12900 11202 158 80
is_linear=0
shrinkage=0.05


Tree=8
num_leaves=31
num_cat=0
split_feature=6 122 131 86 108 64 89 142 134 13 120 135 31 78 121 61 141 86 107 29 8 82 100 85 142 79 0 2 31 36
split_gain=4.68121e+06 1.10195e+07 7.3302e+06 1.97834e+07 1.38524e+07 1.06872e+07 1.01058e+07 2.25428e+07 9.64827e+06 8.61796e+06 2.26191e+07 8.48716e+06 4.5863e+06 6.0816e+06 4.5442e+06 4.44519e+06 4.34002e+06 5.56135e+06 1.09816e+07 8.32514e+06 7.35289e+06 6.9819e+06 6.21857e+06 6.1772e+06 8.13743e+06 5.89732e+06 5.66291e+06 8.17562e+06 5.77166e+06 5.48587e+06
threshold=-6236.6743164062491 -2633.7499999999995 2784.5214843750005 -3706.2499999999995 4863.7500000000009 5303.7500000000009 2299.0893554687505 -1232.2499999999998 1715.5000000000002 11634.190917968752 4857.5000000000009 -19.749999999999996 -2420.2499999999995 70.250000000000014 -4282.9999999999991 1067.1999511718752 2707.5000000000005 3808.2500000000005 2508.5000000000005 6224.0000000000009 6275.7500000000009 1180.005310058594 -930.74999999999989 3651.2500000000005 -469.74999999999994 1064.2500000000002 2503.0000000000005 4583.7500000000009 3959.2500000000005 3835.7500000000005
decision_type=2 2 2 2 2 2 2 2 2 2 2 2 2 2 2 2 2 2 2 2 2 2 2 2 2 2 2 2 2 2
left_child=1 -1 6 -4 5 -5 9 -8 -9 10 14 -11 13 -3 15 -2 17 19 21 20 23 -19 -21 29 26 -24 -25 28 -28 -16
right_child=2 12 3 4 -6 -7 7 8 -10 11 -12 -13 -14 -15 16 -17 -18 18 -20 22 -22 -23 25 24 -26 -27 27 -29 -30 -31
leaf_value=-39.401398650805163 4.4916960443769183 -4.0729766335060349 56.829851268586665 8.9993456233631477 34.188201881590345 -40.867924517676947 -51.266439789149075 16.567160317836663 -20.167133462790289 -1.870889949798584 -38.011264620606717 42.23097012837728 -24.639704236117279 25.484818692207337 0.18071971428899403 -24.310045532922487 19.803908947535927 -12.414609313011169 2.1892093828043988 38.255839929580695 -13.637142703213645 -44.886283720016479 -14.005354805787405 1.2283888181735731 0.90968791113959435 13.825513983679855 23.604379066467288 1.1998115539550782 59.64079683303833 -5.3745484539609869
leaf_weight=24 21 134 21 22 21 21 31 39 33 20 39 24 22 20 23413 37 28 49 97 20 97 25 24 29 153 92 25 20 20 453
leaf_count=24 21 134 21 22 21 21 31 39 33 20 39 24 22 20 23413 37 28 49 97 20 97 25 24 29 153 92 25 20 20 453
internal_value=1.19259e-07 -7.61895 0.0612605 14.7193 0.901741 -15.3544 0.010999 -15.618 -0.269391 0.0762096 0.0367334 22.1847 -3.28498 -0.234302 0.097046 -13.8818 0.130078 0.107609 -8.87789 0.170721 0.101423 -23.3848 12.5069 0.156689 8.02319 8.0674 19.6015 27.7988 39.6206 0.0752753
internal_weight=25074 200 24874 85 64 43 24789 103 72 24686 24642 44 176 154 24603 58 24545 24517 171 24346 24210 74 136 24113 247 116 94 65 45 23866
internal_count=25074 200 24874 85 64 43 24789 103 72 24686 24642 44 176 154 24603 58 24545 24517 171 24346 24210 74 136 24113 247 116 94 65 45 23866
is_linear=0
shrinkage=0.05


Tree=9
num_leaves=31
num_cat=0
split_feature=135 65 64 15 25 120 100 136 142 128 40 132 86 124 120 113 71 45 87 75 141 85 113 75 120 12 142 26 122 50
split_gain=4.37815e+06 8.89183e+06 8.05677e+06 7.05232e+06 6.70271e+06 1.63448e+07 1.43637e+07 9.80668e+06 1.38076e+07 1.79707e+07 9.18395e+06 1.89252e+07 1.48951e+07 8.33749e+06 8.44676e+06 7.95895e+06 7.61866e+06 6.59997e+06 4.51903e+06 4.16411e+06 3.84336e+06 1.13619e+07 4.9062e+06 5.26549e+06 9.81072e+06 8.02332e+06 7.24835e+06 9.17322e+06 8.69798e+06 6.46322e+06
threshold=-3349.9999999999995 4615.2500000000009 -39.249999999999993 -1369.7499999999998 11289.822753906252 4857.5000000000009 -3158.2499999999995 10.250000000000002 -1027.7499999999998 2370.2500000000005 2299.0893554687505 -1114.610900878906 524.75000000000011 1154.7329101562502 1968.2500000000002 3148.7500000000005 605.75000000000011 8700.0000000000018 1118.7500000000002 2042.5865478515627 113.75000000000001 -3558.9999999999995 246.75000000000003 1401.3559570312502 66.250000000000014 1473.834655761719 -339.24999999999994 1748.4644165039065 345.25000000000006 1315.2500000000002
decision_type=2 2 2 2 2 2 2 2 2 2 2 2 2 2 2 2 2 2 2 2 2 2 2 2 2 2 2 2 2 2
left_child=1 2 3 -1 5 10 -6 15 -9 13 19 -12 16 -10 -15 18 -13 -16 -8 20 21 -2 -22 -24 -25 -26 28 29 -27 -28
right_child=4 -3 -4 -5 6 -7 7 8 9 -11 11 12 -14 14 17 -17 -18 -19 -20 -21 22 -23 23 24 25 26 27 -29 -30 -31
leaf_value=0.2398930577670827 -34.712849492073062 -39.359215327671599 20.71329624938965 -37.177920131683351 48.702831546664243 -33.708899074130592 -14.451694978078207 45.884192334175111 -10.355175715479358 -38.326898345947271 -55.040513577668563 -4.5050940740676158 -30.780186918803622 3.0736299906021514 48.951075007120771 -36.964002023339269 38.614693031311042 11.870158841609957 12.770068144029187 14.626557537001005 1.303529330946289 -0.93373382397572657 -0.11072197902290609 -40.161342420578002 -13.938991518518819 -7.2649531046549489 -15.103081360730258 -25.170808122469033 18.97163387034313 20.576873524983725
leaf_weight=34 25 21 25 20 20 36 30 25 29 20 23 21 28 39 30 20 20 20 31 49 8198 5866 10058 20 134 51 22 46 83 30
leaf_count=34 25 21 25 20 20 36 30 25 29 20 23 21 28 39 30 20 20 20 31 49 8198 5866 10058 20 134 51 22 46 83 30
internal_value=-1.16507e-08 -10.4411 -2.75405 -13.6186 0.041808 -0.0428595 7.96656 4.62752 11.6937 5.49977 0.0062601 -15.7618 -2.66896 12.928 20.5147 -9.59208 16.5289 34.1187 -0.617684 0.0652734 0.03619 -1.07708 0.387992 -0.330657 -6.0615 -4.19812 1.42808 -8.90631 8.98607 5.48151
internal_weight=25074 100 79 54 24974 24710 264 244 163 138 24674 92 69 118 89 81 41 50 61 24582 24533 5891 18642 10444 386 366 232 98 134 52
internal_count=25074 100 79 54 24974 24710 264 244 163 138 24674 92 69 118 89 81 41 50 61 24582 24533 5891 18642 10444 386 366 232 98 134 52
is_linear=0
shrinkage=0.05


Tree=10
num_leaves=31
num_cat=0
split_feature=37 133 135 113 75 117 4 142 13 5 120 142 87 117 137 120 80 145 124 64 75 36 65 36 9 38 16 26 71 72
split_gain=4.16484e+06 6.24724e+06 1.3517e+07 5.95472e+06 4.75631e+06 1.31151e+07 1.02158e+07 6.62238e+06 5.67493e+06 1.56829e+07 1.50745e+07 1.9376e+07 4.84646e+06 1.02775e+07 9.73698e+06 6.13281e+06 5.28459e+06 1.45231e+07 1.03614e+07 1.0304e+07 1.20232e+07 7.40304e+06 8.52534e+06 6.08036e+06 7.23308e+06 5.9913e+06 5.81052e+06 5.30811e+06 5.15271e+06 8.92588e+06
threshold=-7241.2499999999991 -588.74999999999989 -433.24999999999994 -2455.7499999999995 2784.5214843750005 2784.5214843750005 10609.912597656252 -1093.9999999999998 11634.190917968752 1890.4719848632815 4857.5000000000009 -372.74999999999994 4307.5000000000009 1373.502868652344 6930.3300781250009 3110.0000000000005 2764.7500000000005 1077.258728027344 1024.2224731445315 4846.2500000000009 1438.1508789062502 1119.2500000000002 1326.7500000000002 4356.2500000000009 4861.2500000000009 6111.2500000000009 815.25000000000011 1315.5429687500002 2390.7500000000005 1830.2500000000002
decision_type=2 2 2 2 2 2 2 2 2 2 2 2 2 2 2 2 2 2 2 2 2 2 2 2 2 2 2 2 2 2
left_child=1 3 -3 -1 5 8 -6 -8 10 -10 12 -12 16 15 -15 -14 19 18 -18 28 -21 -19 -23 26 -25 -26 -24 -28 -2 -30
right_child=4 2 -4 -5 6 -7 7 -9 9 -11 11 -13 13 14 -16 -17 17 21 -20 20 -22 22 23 24 25 -27 27 -29 29 -31
leaf_value=-18.758809305273967 0.21123846772852717 -51.957658832520252 4.124415770031157 14.382808957677899 -10.169781176249188 -39.494413684663321 45.497607453664145 7.5189957792108721 37.501663610865087 -15.288336976369223 -63.932949956258142 3.2123664595864039 -10.73051349351991 -47.758461849506091 -8.0490251980329823 13.438267854085337 1.0356287304560343 -8.0967129743460458 -28.237358801292654 -2.1504062620798745 -51.478628249395456 46.82764468626543 27.206065216064452 35.749092700958251 -8.1140416092597523 23.205333485474458 8.8413867473602306 -20.486257897703737 -8.3254199950254968 0.24419012112034993
leaf_weight=23 22628 22 21 33 30 21 24 22 34 24 21 22 53 26 38 52 360 33 33 30 21 22 20 50 26 37 36 27 493 792
leaf_count=23 22628 22 21 33 30 21 24 22 34 24 21 22 53 26 38 52 360 33 33 30 21 22 20 50 26 37 36 27 493 792
internal_value=6.04801e-08 -10.2351 -24.5687 0.771073 0.0405717 0.00245031 12.5298 27.3339 0.0357904 15.6575 -0.000714893 -29.5795 0.0506186 -8.38763 -24.181 1.23879 0.10857 4.57823 -1.42241 -0.0115462 -22.462 13.9736 17.3146 14.0019 21.5494 10.2799 3.72629 -3.7276 0.0363347 -3.04361
internal_weight=25074 99 43 56 24975 24899 76 46 24878 58 24820 43 24777 169 64 105 24608 644 393 23964 51 251 218 196 113 63 83 63 23913 1285
internal_count=25074 99 43 56 24975 24899 76 46 24878 58 24820 43 24777 169 64 105 24608 644 393 23964 51 251 218 196 113 63 83 63 23913 1285
is_linear=0
shrinkage=0.05


Tree=11
num_leaves=31
num_cat=0
split_feature=6 122 131 86 108 64 145 13 5 38 133 121 30 99 22 68 31 59 141 129 43 63 92 26 102 52 50 139 122 134
split_gain=3.8973e+06 9.56286e+06 6.48267e+06 1.72313e+07 1.2789e+07 9.00729e+06 8.86084e+06 2.36313e+07 1.38861e+07 1.79645e+07 1.59105e+07 9.92144e+06 8.18756e+06 1.05621e+07 7.66587e+06 5.9282e+06 4.11532e+06 5.6036e+06 3.36615e+06 4.45801e+06 7.31227e+06 5.76774e+06 8.70648e+06 5.01393e+06 5.62244e+06 4.45076e+06 5.24525e+06 4.28915e+06 4.28083e+06 3.85567e+06
threshold=-6236.6743164062491 -2633.7499999999995 2784.5214843750005 -3706.2499999999995 4863.7500000000009 5303.7500000000009 2042.5865478515627 -445.36857604980463 1341.8898925781252 7058.2500000000009 -242.74999999999997 -1591.7499999999998 8607.5000000000018 6597.5000000000009 3701.7500000000005 2042.5865478515627 -2420.2499999999995 -1772.2499999999998 110.25000000000001 -1327.2499999999998 3140.5000000000005 -4315.7499999999991 -3334.9999999999995 996.66073608398449 -1386.440002441406 1197.0000000000002 1355.2500000000002 -623.04098510742176 -1301.7499999999998 -427.74999999999994
decision_type=2 2 2 2 2 2 2 2 2 2 2 2 2 2 2 2 2 2 2 2 2 2 2 2 2 2 2 2 2 2
left_child=1 -1 6 -4 5 -5 12 -8 -9 10 11 -10 13 18 -12 -11 17 -3 -2 20 25 23 -23 -21 -25 26 27 28 -20 -30
right_child=2 16 3 4 -6 -7 7 8 9 15 14 -13 -14 -15 -16 -17 -18 -19 19 21 -22 22 -24 24 -26 -27 -28 -29 29 -31
leaf_value=-36.559170083204911 -0.97055508096405196 -4.3232295056805015 53.141116387503487 7.6831713503057308 32.928197738102504 -38.09730181012835 -50.642549818561925 34.926054654802599 -38.969450752551744 -17.502935418215667 2.5740229995162398 7.8724588489532472 27.115015493120467 -31.193398298157589 40.251677767435716 -54.643182182312017 -23.142988587509503 21.13758374269192 3.0702287102669059 -0.57799701880324972 26.512518545663035 -28.686427651918855 0.26792274489919188 41.719022698835893 9.6353737566206199 -16.294090412281179 26.859280426025393 -8.9496423142855281 29.845781932338596 1.6873146820068361
leaf_weight=24 5681 128 21 22 21 21 31 21 26 22 27 20 28 27 27 21 22 26 284 44 37 26 18245 22 36 27 25 61 31 20
leaf_count=24 5681 128 21 22 21 21 31 21 26 22 27 20 28 27 27 21 22 26 284 44 37 26 18245 22 36 27 25 61 31 20
internal_value=-6.03907e-09 -6.95181 0.0558962 13.8405 0.944978 -14.6747 0.00862963 -10.6077 -3.04016 -8.61562 3.00537 -18.6034 0.0928042 0.0620046 21.4129 -35.6412 -2.91444 -0.0246506 0.0963946 0.417815 5.14946 0.292912 0.22672 12.1496 21.805 3.3851 4.64718 3.2449 5.4654 18.8032
internal_weight=25074 200 24874 85 64 43 24789 195 164 143 100 46 24594 24566 54 43 176 154 24539 18858 485 18373 18271 102 58 448 421 396 335 51
internal_count=25074 200 24874 85 64 43 24789 195 164 143 100 46 24594 24566 54 43 176 154 24539 18858 485 18373 18271 102 58 448 421 396 335 51
is_linear=0
shrinkage=0.05


Tree=12
num_leaves=31
num_cat=0
split_feature=135 51 64 15 11 100 136 12 122 110 113 120 114 40 102 134 113 75 113 141 105 17 76 51 47 126 5 121 118 142
split_gain=3.75815e+06 7.95734e+06 8.93904e+06 6.40263e+06 5.85593e+06 1.2055e+07 1.01575e+07 1.35974e+07 1.2495e+07 1.15993e+07 1.06633e+07 1.01211e+07 9.62333e+06 7.06189e+06 1.79292e+07 1.12133e+07 6.31705e+06 3.97465e+06 3.39676e+06 4.24637e+06 4.20415e+06 6.67923e+06 4.4463e+06 5.96777e+06 4.82577e+06 4.30547e+06 3.94654e+06 4.51851e+06 6.51824e+06 5.04277e+06
threshold=-3349.9999999999995 3756.0000000000005 -39.249999999999993 -1369.7499999999998 11500.195312500002 -3158.2499999999995 10.250000000000002 1647.119079589844 2607.7500000000005 1141.4506835937502 2047.7500000000002 4857.5000000000009 675.25000000000011 2299.0893554687505 6511.8623046875009 1781.2500000000002 3148.7500000000005 2042.5865478515627 437.75000000000006 183.25000000000003 -1040.2499999999998 1494.2500000000002 -1908.6562499999998 -3248.7499999999995 1154.7329101562502 -1210.7499999999998 1890.4719848632815 1333.5000000000002 5343.0041503906259 -407.74999999999994
decision_type=2 2 2 2 2 2 2 2 2 2 2 2 2 2 2 2 2 2 2 2 2 2 2 2 2 2 2 2 2 2
left_child=1 2 3 -1 11 -6 16 9 10 -8 -9 13 -11 17 -15 -16 -7 18 -2 -20 21 -21 24 -24 -22 -25 27 28 -27 -29
right_child=4 -3 -4 -5 5 6 7 8 -10 12 -12 -13 -14 14 15 -17 -18 -19 19 20 22 -23 23 25 -26 26 -28 29 -30 -31
leaf_value=0.51183705329895024 0.51015559484432371 -34.772555446624757 25.117801432176069 -35.140799760818481 44.765123162269596 -2.0699186340455085 -2.5887189547220868 -10.025490923722586 -29.829814726730874 11.024995424436487 39.408120098114011 -25.824855751740309 51.80359395696567 -41.357180192735463 23.24640082716942 -21.965259965260827 -34.386344032287603 14.277240041810641 -2.4175888180932019 -3.4793833101324942 2.3579292990814107 -32.184427902221685 -27.439386191368101 19.839865281846791 17.061688458124799 -0.40607605504960359 -18.571722190133457 10.772542003569781 -28.996357464790346 1.0337660183032442
leaf_weight=34 14545 24 22 20 20 62 27 24 29 23 20 38 39 36 32 24 20 49 2617 107 218 25 20 27 75 6211 29 189 20 448
leaf_count=34 14545 24 22 20 20 62 27 24 29 23 20 38 39 36 32 24 20 49 2617 107 218 25 20 27 75 6211 29 189 20 448
internal_value=-8.53729e-08 -9.67363 -1.74766 -12.6928 0.0387347 7.44601 4.38706 11.6451 -4.34951 24.7643 12.4443 -0.0404041 36.676 -0.000690688 -13.8276 3.86997 -9.95197 0.0510618 0.0226454 -0.687432 -0.0729907 -8.91594 0.0883012 -0.166276 6.12169 -0.0874973 -0.165508 -0.087788 -0.497844 3.92329
internal_weight=25074 100 76 54 24974 264 244 162 73 89 44 24710 62 24672 92 56 82 24580 24531 9986 7369 132 7237 6944 293 6924 6897 6868 6231 637
internal_count=25074 100 76 54 24974 264 244 162 73 89 44 24710 62 24672 92 56 82 24580 24531 9986 7369 132 7237 6944 293 6924 6897 6868 6231 637
is_linear=0
shrinkage=0.05


Tree=13
num_leaves=31
num_cat=0
split_feature=107 129 57 55 37 142 134 58 78 107 27 138 4 93 61 92 61 87 129 145 128 142 127 6 115 30 99 13 142 5
split_gain=3.64824e+06 9.73205e+06 1.6819e+07 1.53741e+07 4.05519e+06 6.19743e+06 7.31295e+06 5.38581e+06 6.85826e+06 7.63416e+06 7.98072e+06 7.48517e+06 6.75647e+06 5.30333e+06 7.68167e+06 5.22536e+06 4.97945e+06 5.09274e+06 4.82413e+06 4.76544e+06 2.1508e+07 1.04345e+07 1.11502e+07 9.99073e+06 9.26561e+06 7.37482e+06 9.21062e+06 4.26912e+06 5.9648e+06 3.90296e+06
threshold=-4898.7499999999991 -1926.7499999999998 -1552.2499999999998 -503.50999450683588 -7241.2499999999991 -307.24999999999994 -100.74999999999999 -5043.7499999999991 -3723.2499999999995 -4151.7499999999991 -2405.5708007812495 1226.166442871094 5471.8649902343759 -3530.4999999999995 1373.502868652344 -2391.4999999999995 2784.5214843750005 1692.7500000000002 -1579.4999999999998 2042.5865478515627 2370.2500000000005 -459.74999999999994 3428.0000000000005 4367.2709960937509 1675.5000000000002 8607.5000000000018 6597.5000000000009 -4625.6296386718741 -617.24999999999989 1245.2596435546877
decision_type=2 2 2 2 2 2 2 2 2 2 2 2 2 2 2 2 2 2 2 2 2 2 2 2 2 2 2 2 2 2
left_child=1 3 -3 -1 5 6 -2 12 11 10 -10 -9 18 14 29 -15 19 -18 -6 25 21 22 23 -21 -25 26 -17 28 -20 -11
right_child=4 2 -4 -5 7 -7 -8 8 9 13 -12 -13 -14 15 -16 16 17 -19 27 20 -22 -23 -24 24 -26 -27 -28 -29 -30 -31
leaf_value=-17.002062300978036 0.83684479395548506 -1.4207558997472127 -60.615032920837407 39.981474075317387 -12.373338413238526 12.397662267684936 -35.674651013314723 -2.6942200279235844 -4.94806219367754 -6.5339900021266217 34.720318198204041 -42.18358539581299 34.554638047651814 10.704437764299954 -28.054789117666395 0.046289489339479482 -3.4661532211303712 29.330534606144347 36.559657750306307 9.7800463112917821 -57.19044097900391 27.546681961059569 19.598475867051349 -47.786268517278856 -4.7714339665004184 25.689031573704312 -29.173436465086759 1.1285600270310494 4.8709370150710605 15.77293553352356
leaf_weight=29 24 30 20 20 32 20 32 30 21 133 32 20 22 115 39 24050 20 29 27 22 20 25 26 31 21 28 27 73 33 23
leaf_count=29 24 30 20 20 32 20 32 30 21 133 32 20 22 115 39 24050 20 29 27 22 20 25 26 31 21 28 27 73 33 23
internal_value=-1.11469e-08 -9.57933 -25.0985 6.25652 0.0379721 -11.4941 -20.0269 0.0731718 0.00920253 0.0467079 19.0027 -18.49 8.52669 0.00588282 -8.20708 0.0714815 0.0211589 15.9441 5.0563 -0.0110154 -9.04824 -1.34549 -8.56853 -18.465 -30.4149 0.0433467 0.0135224 9.2499 19.1309 -3.24515
internal_weight=25074 99 50 49 24975 76 56 24899 24712 24662 53 50 187 24609 195 24414 24299 49 165 24250 145 125 100 74 52 24105 24077 133 60 156
internal_count=25074 99 50 49 24975 76 56 24899 24712 24662 53 50 187 24609 195 24414 24299 49 165 24250 145 125 100 74 52 24105 24077 133 60 156
is_linear=0
shrinkage=0.05


Tree=14
num_leaves=31
num_cat=0
split_feature=6 122 131 142 127 63 75 142 13 120 135 37 10 31 78 136 121 122 135 33 3 31 24 82 57 89 43 82 134 107
split_gain=3.50574e+06 8.22356e+06 5.7613e+06 1.64381e+07 1.5575e+07 8.67615e+06 7.65573e+06 1.70599e+07 7.94307e+06 1.49034e+07 9.33081e+06 7.82209e+06 6.68242e+06 3.69453e+06 5.0751e+06 3.51451e+06 3.46229e+06 4.15317e+06 5.4032e+06 4.5697e+06 8.58734e+06 9.45914e+06 4.95117e+06 4.81115e+06 1.05031e+07 4.72922e+06 8.49395e+06 4.90127e+06 6.09797e+06 4.76114e+06
threshold=-6236.6743164062491 -2633.7499999999995 2784.5214843750005 -1232.2499999999998 -219.24999999999997 5458.7500000000009 2299.0893554687505 -1177.7499999999998 11634.190917968752 4857.5000000000009 -19.749999999999996 -2890.2499999999995 2603.5000000000005 -2420.2499999999995 70.250000000000014 -594.49999999999989 -4282.9999999999991 -3295.4999999999995 -3349.9999999999995 1890.4719848632815 1449.7500000000002 -1128.7499999999998 -3478.2499999999995 1748.4644165039065 3450.5000000000005 1647.119079589844 4715.7500000000009 1565.8640136718752 833.75000000000011 -320.74999999999994
decision_type=2 2 2 2 2 2 2 2 2 2 2 2 2 2 2 2 2 2 2 2 2 2 2 2 2 2 2 2 2 2
left_child=1 -1 6 4 -4 -5 8 -8 9 16 -10 -9 -13 14 15 -3 -2 -18 -19 23 21 22 -21 25 -25 27 -27 -20 -29 -30
right_child=2 13 3 5 -6 -7 7 11 10 -11 -12 12 -14 -15 -16 -17 17 18 19 20 -22 -23 -24 24 -26 26 -28 28 29 -31
leaf_value=-34.04924882253011 -12.125987108822528 -17.236588998522077 2.5088824844360356 12.467516864429822 62.839728944197944 -33.034635028839112 -45.337203267415369 -27.193472146987915 -2.2268567388707941 -30.857270439465839 43.320231711346167 26.280381206103733 -9.2848740701675414 -22.01584091403268 23.383385763168334 1.1967134184307522 20.077657892153816 -23.149436859130859 0.10051696132870752 1.1257015053818866 31.261528104724306 -15.151840175973611 26.178351907039946 -22.716719855416208 15.673683349609375 2.1496196541131716 40.595866680145264 -23.796781700104475 19.209742986588253 -13.390189496676127
leaf_weight=24 58 35 20 22 23 20 30 20 22 39 23 28 25 22 20 99 26 25 24083 41 33 47 38 62 25 51 20 48 21 24
leaf_count=24 58 35 20 22 23 20 30 20 22 39 23 28 25 22 20 99 26 25 24083 41 33 47 38 62 25 51 20 48 21 24
internal_value=-6.12556e-08 -6.59334 0.0530139 13.048 34.7789 -9.20017 0.00845468 -13.5947 0.0652127 0.0268847 21.0528 -0.549872 9.50432 -2.84936 -0.111287 -3.61796 0.0758434 0.104678 0.0834973 0.107211 8.55613 2.60948 13.1763 0.0520053 -11.685 0.0941185 12.9795 0.0562767 -11.4001 1.82311
internal_weight=25074 200 24874 85 43 42 24789 103 24686 24641 45 73 53 176 154 134 24602 24544 24518 24493 159 126 79 24334 87 24247 71 24176 93 45
internal_count=25074 200 24874 85 43 42 24789 103 24686 24641 45 73 53 176 154 134 24602 24544 24518 24493 159 126 79 24334 87 24247 71 24176 93 45
is_linear=0
shrinkage=0.05


Tree=15
num_leaves=31
num_cat=0
split_feature=107 5 142 30 136 135 99 133 135 74 37 21 29 99 43 134 127 33 64 6 141 135 1 113 122 12 91 33 73 5
split_gain=3.42616e+06 7.15321e+06 1.25184e+07 1.12067e+07 1.3203e+07 1.02151e+07 8.33708e+06 7.97642e+06 7.07002e+06 6.3326e+06 6.93302e+06 5.97565e+06 5.44736e+06 5.63304e+06 7.24586e+06 5.41783e+06 8.90469e+06 1.24312e+07 6.85958e+06 6.47211e+06 6.44546e+06 4.92722e+06 4.58982e+06 4.4446e+06 6.59047e+06 6.16681e+06 4.3395e+06 7.65592e+06 8.06554e+06 7.04591e+06
threshold=-286.74999999999994 1890.4719848632815 -2441.7499999999995 8607.5000000000018 624.25000000000011 -780.74999999999989 6597.5000000000009 -265.74999999999994 300.25000000000006 6864.0700683593759 4187.7500000000009 1617.7500000000002 4511.2500000000009 561.75000000000011 1950.0000000000002 1852.5000000000002 1470.5000000000002 1890.4719848632815 4846.2500000000009 2780.703247070313 1346.2500000000002 -377.24999999999994 7700.2500000000009 789.25000000000011 -782.24999999999989 1473.834655761719 2565.7500000000005 1473.834655761719 4943.7500000000009 1315.5429687500002
decision_type=2 2 2 2 2 2 2 2 2 2 2 2 2 2 2 2 2 2 2 2 2 2 2 2 2 2 2 2 2 2
left_child=8 2 -2 6 -5 7 26 -3 15 -7 11 -11 13 14 -10 16 18 19 22 21 -17 -18 23 -1 -25 -26 -4 29 -29 -28
right_child=1 5 3 4 -6 9 -8 -9 12 10 -12 -13 -14 -15 -16 20 17 -19 -20 -21 -22 -23 -24 24 25 -27 27 28 -30 -31
leaf_value=0.50319530166222526 -40.002379312515259 -13.120331045150758 -0.71646848621670678 -2.001243920759721 53.425421923682805 -46.023283545970919 -32.759423847198484 26.820663429260254 5.964703633419421 -17.72477966591164 -32.841802849308138 18.334297968745233 32.874370733896896 21.320271738837747 -24.354242567582563 1.9701860883961555 -5.6609756660461432 43.475079270771573 -23.965082905210298 -17.640725401173466 -35.462251281738283 25.615196407542513 21.782951797485353 -31.5252187371254 -5.8857475323525685 13.353045603632928 2.9536351611372749 29.909127030567248 -7.7697814226150514 -15.476707584517342
leaf_weight=12333 20 25 10811 22 21 20 20 25 189 27 31 20 21 51 22 23 20 28 29 23 23 34 25 22 315 48 701 49 20 56
leaf_count=12333 20 25 10811 22 21 20 20 25 189 27 31 20 21 51 22 23 20 28 29 23 23 34 25 22 315 48 701 49 20 56
internal_value=-4.19002e-08 -0.616536 -0.478594 -0.411032 25.0676 -11.5401 -0.505016 6.85017 0.55407 -20.9229 -14.4869 -2.38049 8.37184 6.4079 2.80349 0.382869 0.444058 14.9454 0.324841 4.57092 -16.746 14.0314 0.380119 0.338048 -4.95226 -3.34177 -0.449582 3.04353 18.9877 1.59023
internal_weight=25074 11868 11720 11700 43 148 11657 50 13206 98 78 47 283 262 211 12923 12877 105 12772 77 46 54 12743 12718 385 363 11637 826 69 757
internal_count=25074 11868 11720 11700 43 148 11657 50 13206 98 78 47 283 262 211 12923 12877 105 12772 77 46 54 12743 12718 385 363 11637 826 69 757
is_linear=0
shrinkage=0.05


Tree=16
num_leaves=31
num_cat=0
split_feature=112 99 5 54 135 120 83 13 120 13 108 65 61 114 144 121 80 127 141 29 127 4 142 9 40 70 40 85 12 12
split_gain=3.34656e+06 9.46174e+06 8.81798e+06 1.27414e+07 1.87968e+07 1.67799e+07 1.04082e+07 9.63951e+06 9.07914e+06 7.80478e+06 9.61507e+06 5.90198e+06 9.23568e+06 8.98495e+06 7.57567e+06 6.59553e+06 8.37697e+06 1.09613e+07 5.91786e+06 6.38826e+06 5.75234e+06 9.19153e+06 6.32274e+06 6.84638e+06 6.81569e+06 5.52584e+06 5.38621e+06 1.04218e+07 5.70875e+06 5.25482e+06
threshold=912.75000000000011 2257.7500000000005 1890.4719848632815 2299.0893554687505 459.25000000000006 2167.2500000000005 2933.077514648438 11634.190917968752 4857.5000000000009 -385.45599365234369 -505.74999999999994 -3495.7499999999995 1748.4644165039065 994.25000000000011 10056.047851562502 1617.7500000000002 4601.2500000000009 1322.7500000000002 765.25000000000011 2494.7500000000005 1733.7500000000002 9431.6098632812518 -762.74999999999989 990.75000000000011 1226.166442871094 3823.7500000000005 1515.713562011719 2566.0000000000005 1515.713562011719 1226.166442871094
decision_type=2 2 2 2 2 2 2 2 2 2 2 2 2 2 2 2 2 2 2 2 2 2 2 2 2 2 2 2 2 2
left_child=1 20 7 4 -4 -5 -7 8 11 -3 -11 -2 14 -14 15 16 26 -18 -17 -20 -1 22 -22 24 -24 -12 28 -28 -13 -9
right_child=2 9 3 5 -6 6 -8 29 -10 10 25 12 13 -15 -16 18 17 -19 19 -21 21 -23 23 -25 -26 -27 27 -29 -30 -31
leaf_value=0.077644624524913483 -28.026652965545658 37.29937571334839 -7.8390688074046171 -36.055695240020754 -69.952904683067686 -11.096424407720567 31.961147060501389 6.0689861991188749 -28.551296874682109 -25.18651062488556 6.4262998630689543 -1.1702031951042013 44.567066232724628 -0.12792233176853346 -24.915077700759426 -3.0695047991275786 -44.451914156400242 -3.6728326055738663 -0.69821048355796966 14.931128887091269 -17.865101387023927 39.683118169957943 6.5754293646131252 -7.0472985920153164 38.422561808994843 29.116154705796927 -31.258010196685792 13.135507621765138 20.745929088393851 41.480738468170166
leaf_weight=20719 20 25 29 25 21 25 32 22 30 20 115 3111 22 23 33 150 26 45 103 179 25 22 42 38 28 35 39 20 30 20
leaf_count=20719 20 25 29 25 21 25 32 22 30 20 115 3111 22 23 33 150 26 45 103 179 25 22 42 38 28 35 39 20 30 20
internal_value=-2.5479e-08 0.251847 -1.32489 -14.0333 -33.9269 -1.903 13.0762 -0.891758 -1.15294 11.2146 7.37859 -0.936693 -0.793398 21.723 -1.06461 -0.852059 -1.61893 -18.606 4.95447 9.22254 0.149436 9.74583 4.7938 10.0389 19.3143 11.7206 -1.24202 -16.2094 -0.96088 22.9317
internal_weight=25074 21069 4005 132 50 82 57 3873 3831 195 170 3801 3781 45 3736 3703 3271 71 432 282 20874 155 133 108 70 150 3200 59 3141 42
internal_count=25074 21069 4005 132 50 82 57 3873 3831 195 170 3801 3781 45 3736 3703 3271 71 432 282 20874 155 133 108 70 150 3200 59 3141 42
is_linear=0
shrinkage=0.05


Tree=17
num_leaves=31
num_cat=0
split_feature=131 117 145 102 82 58 27 136 135 50 0 89 79 130 85 108 0 2 65 91 99 135 114 65 93 61 134 142 106 23
split_gain=3.34872e+06 1.61538e+07 8.52938e+06 7.91698e+06 7.34162e+06 7.42436e+06 1.35006e+07 8.82534e+06 1.63009e+07 7.38797e+06 8.64436e+06 8.36349e+06 6.84846e+06 6.01474e+06 9.82042e+06 7.96742e+06 6.11022e+06 1.14809e+07 8.82173e+06 9.57602e+06 7.79278e+06 5.74139e+06 5.73434e+06 9.96487e+06 9.22893e+06 8.45552e+06 6.42373e+06 6.56567e+06 7.33054e+06 6.0733e+06
threshold=1401.3559570312502 1315.5429687500002 1438.1508789062502 7124.9023437500009 1226.166442871094 5672.5000000000009 11092.375000000002 410.25000000000006 486.00000000000006 4824.2500000000009 7280.0000000000009 1647.119079589844 6233.7500000000009 10397.805175781252 -4339.2499999999991 915.25000000000011 2390.7500000000005 4583.7500000000009 1360.7500000000002 117.75000000000001 3304.5000000000005 -830.24999999999989 -525.74999999999989 -2577.2499999999995 982.25000000000011 2299.0893554687505 -108.74999999999999 -774.49999999999989 -1871.2499999999998 352.25000000000006
decision_type=2 2 2 2 2 2 2 2 2 2 2 2 2 2 2 2 2 2 2 2 2 2 2 2 2 2 2 2 2 2
left_child=2 -2 -1 -4 -3 6 9 12 -9 13 11 -11 -7 14 -6 22 18 20 19 -17 -18 -13 24 -24 25 26 -16 29 -29 -28
right_child=1 4 3 -5 5 7 -8 8 -10 10 -12 21 -14 -15 15 16 17 -19 -20 -21 -22 -23 23 -25 -26 -27 27 28 -30 -31
leaf_value=0.076070919775181739 -46.149839419410341 21.348990613763984 5.3564141228392321 43.793747633979436 -28.976725519620455 -14.292168970108031 38.520194099062962 25.449173828651169 -25.933435912565752 -0.3858634678522746 -11.63869350802514 14.419272880554201 -51.020079578052872 19.057130704607285 9.1899647884368907 -35.947941284520283 -4.6594111380369769 -27.834190687056509 -43.779777915389452 -1.1296046844169276 28.096032272179926 51.049005325980808 41.237755532698202 1.8985319149494171 28.0373690923055 -26.643333942825731 -9.5057938959084307 27.075912248520627 -4.4151205820696697 -42.015378513336181
leaf_weight=23938 21 33 37 21 39 30 21 29 33 30 31 20 22 28 100 28 46 31 27 67 30 23 22 60 24 37 51 21 154 20
leaf_count=23938 21 33 37 21 39 30 21 29 33 30 31 20 22 28 100 28 46 31 27 67 30 23 22 60 24 37 51 21 154 20
internal_value=-1.85754e-08 -2.7262 0.122472 19.2734 -1.86348 -2.61154 -1.10465 -14.6402 -1.89963 -2.04067 10.4821 19.8758 -29.8309 -3.69973 -4.54146 -3.2142 -10.9109 -2.18983 -18.5597 -11.3919 8.27037 34.0119 0.390174 12.453 -2.04017 -3.92492 -1.49549 -5.83918 -0.636197 -18.6634
internal_weight=25074 1078 23996 58 1057 1024 910 114 62 889 104 73 52 785 757 718 229 107 122 95 76 43 489 82 407 383 346 246 175 71
internal_count=25074 1078 23996 58 1057 1024 910 114 62 889 104 73 52 785 757 718 229 107 122 95 76 43 489 82 407 383 346 246 175 71
is_linear=0
shrinkage=0.05


end of trees

feature_importances:
Column_142=28
Column_135=21
Column_107=19
Column_141=17
Column_120=16
Column_26=14
Column_134=12
Column_145=12
Column_122=11
Column_5=10
Column_75=10
Column_82=10
Column_108=10
Column_13=9
Column_40=9
Column_53=9
Column_113=9
Column_61=8
Column_99=8
Column_121=8
Column_136=8
Column_4=7
Column_64=7
Column_65=7
Column_85=7
Column_86=7
Column_117=7
Column_6=6
Column_29=6
Column_31=6
Column_129=6
Column_131=6
Column_0=5
Column_12=5
Column_20=5
Column_27=5
Column_32=5
Column_37=5
Column_38=5
Column_45=5
Column_58=5
Column_80=5
Column_87=5
Column_127=5
Column_33=4
Column_36=4
Column_73=4
Column_92=4
Column_93=4
Column_100=4
Column_102=4
Column_124=4
Column_126=4
Column_128=4
Column_9=3
Column_19=3
Column_30=3
Column_43=3
Column_50=3
Column_59=3
Column_71=3
Column_78=3
Column_89=3
Column_110=3
Column_114=3
Column_115=3
Column_133=3
Column_137=3
Column_139=3
Column_2=2
Column_15=2
Column_16=2
Column_24=2
Column_25=2
Column_41=2
Column_48=2
Column_51=2
Column_54=2
Column_57=2
Column_63=2
Column_68=2
Column_79=2
Column_91=2
Column_94=2
Column_103=2
Column_106=2
Column_118=2
Column_123=2
Column_1=1
Column_3=1
Column_8=1
Column_10=1
Column_11=1
Column_17=1
Column_21=1
Column_22=1
Column_23=1
Column_46=1
Column_47=1
Column_52=1
Column_55=1
Column_60=1
Column_70=1
Column_72=1
Column_74=1
Column_76=1
Column_83=1
Column_105=1
Column_111=1
Column_112=1
Column_130=1
Column_132=1
Column_138=1
Column_140=1
Column_144=1

parameters:
[boosting: gbdt]
[objective: regression]
[metric: l2]
[tree_learner: serial]
[device_type: cpu]
[data_sample_strategy: bagging]
[data: ]
[valid: ]
[num_iterations: 1000]
[learning_rate: 0.05]
[num_leaves: 31]
[num_threads: 0]
[seed: 42]
[deterministic: 1]
[force_col_wise: 0]
[force_row_wise: 0]
[histogram_pool_size: -1]
[max_depth: -1]
[min_data_in_leaf: 20]
[min_sum_hessian_in_leaf: 0.001]
[bagging_fraction: 1]
[pos_bagging_fraction: 1]
[neg_bagging_fraction: 1]
[bagging_freq: 0]
[bagging_seed: 400]
[bagging_by_query: 0]
[feature_fraction: 1]
[feature_fraction_bynode: 1]
[feature_fraction_seed: 30056]
[extra_trees: 0]
[extra_seed: 12879]
[early_stopping_round: 0]
[early_stopping_min_delta: 0]
[first_metric_only: 0]
[max_delta_step: 0]
[lambda_l1: 0]
[lambda_l2: 0]
[linear_lambda: 0]
[min_gain_to_split: 0]
[drop_rate: 0.1]
[max_drop: 50]
[skip_drop: 0.5]
[xgboost_dart_mode: 0]
[uniform_drop: 0]
[drop_seed: 17869]
[top_rate: 0.2]
[other_rate: 0.1]
[min_data_per_group: 100]
[max_cat_threshold: 32]
[cat_l2: 10]
[cat_smooth: 10]
[max_cat_to_onehot: 4]
[top_k: 20]
[monotone_constraints: ]
[monotone_constraints_method: basic]
[monotone_penalty: 0]
[feature_contri: ]
[forcedsplits_filename: ]
[refit_decay_rate: 0.9]
[cegb_tradeoff: 1]
[cegb_penalty_split: 0]
[cegb_penalty_feature_lazy: ]
[cegb_penalty_feature_coupled: ]
[path_smooth: 0]
[interaction_constraints: ]
[verbosity: -1]
[saved_feature_importance_type: 0]
[use_quantized_grad: 0]
[num_grad_quant_bins: 4]
[quant_train_renew_leaf: 0]
[stochastic_rounding: 1]
[linear_tree: 0]
[max_bin: 255]
[max_bin_by_feature: ]
[min_data_in_bin: 3]
[bin_construct_sample_cnt: 200000]
[data_random_seed: 175]
[is_enable_sparse: 1]
[enable_bundle: 1]
[use_missing: 1]
[zero_as_missing: 0]
[feature_pre_filter: 1]
[pre_partition: 0]
[two_round: 0]
[header: 0]
[label_column: ]
[weight_column: ]
[group_column: ]
[ignore_column: ]
[categorical_feature: ]
[forcedbins_filename: ]
[precise_float_parser: 0]
[parser_config_file: ]
[objective_seed: 16083]
[num_class: 1]
[is_unbalance: 0]
[scale_pos_weight: 1]
[sigmoid: 1]
[boost_from_average: 1]
[reg_sqrt: 0]
[alpha: 0.9]
[fair_c: 1]
[poisson_max_delta_step: 0.7]
[tweedie_variance_power: 1.5]
[lambdarank_truncation_level: 30]
[lambdarank_norm: 1]
[label_gain: ]
[lambdarank_position_bias_regularization: 0]
[eval_at: ]
[multi_error_top_k: 1]
[auc_mu_weights: ]
[num_machines: 1]
[local_listen_port: 12400]
[time_out: 120]
[machine_list_filename: ]
[machines: ]
[gpu_platform_id: -1]
[gpu_device_id: -1]
[gpu_device_id_list: ]
[gpu_use_dp: 0]
[num_gpu: 1]

end of parameters

pandas_categorical:null
