tree
version=v4
num_class=1
num_tree_per_iteration=1
label_index=0
max_feature_idx=258
objective=regression
feature_names=Column_0 Column_1 Column_2 Column_3 Column_4 Column_5 Column_6 Column_7 Column_8 Column_9 Column_10 Column_11 Column_12 Column_13 Column_14 Column_15 Column_16 Column_17 Column_18 Column_19 Column_20 Column_21 Column_22 Column_23 Column_24 Column_25 Column_26 Column_27 Column_28 Column_29 Column_30 Column_31 Column_32 Column_33 Column_34 Column_35 Column_36 Column_37 Column_38 Column_39 Column_40 Column_41 Column_42 Column_43 Column_44 Column_45 Column_46 Column_47 Column_48 Column_49 Column_50 Column_51 Column_52 Column_53 Column_54 Column_55 Column_56 Column_57 Column_58 Column_59 Column_60 Column_61 Column_62 Column_63 Column_64 Column_65 Column_66 Column_67 Column_68 Column_69 Column_70 Column_71 Column_72 Column_73 Column_74 Column_75 Column_76 Column_77 Column_78 Column_79 Column_80 Column_81 Column_82 Column_83 Column_84 Column_85 Column_86 Column_87 Column_88 Column_89 Column_90 Column_91 Column_92 Column_93 Column_94 Column_95 Column_96 Column_97 Column_98 Column_99 Column_100 Column_101 Column_102 Column_103 Column_104 Column_105 Column_106 Column_107 Column_108 Column_109 Column_110 Column_111 Column_112 Column_113 Column_114 Column_115 Column_116 Column_117 Column_118 Column_119 Column_120 Column_121 Column_122 Column_123 Column_124 Column_125 Column_126 Column_127 Column_128 Column_129 Column_130 Column_131 Column_132 Column_133 Column_134 Column_135 Column_136 Column_137 Column_138 Column_139 Column_140 Column_141 Column_142 Column_143 Column_144 Column_145 Column_146 Column_147 Column_148 Column_149 Column_150 Column_151 Column_152 Column_153 Column_154 Column_155 Column_156 Column_157 Column_158 Column_159 Column_160 Column_161 Column_162 Column_163 Column_164 Column_165 Column_166 Column_167 Column_168 Column_169 Column_170 Column_171 Column_172 Column_173 Column_174 Column_175 Column_176 Column_177 Column_178 Column_179 Column_180 Column_181 Column_182 Column_183 Column_184 Column_185 Column_186 Column_187 Column_188 Column_189 Column_190 Column_191 Column_192 Column_193 Column_194 Column_195 Column_196 Column_197 Column_198 Column_199 Column_200 Column_201 Column_202 Column_203 Column_204 Column_205 Column_206 Column_207 Column_208 Column_209 Column_210 Column_211 Column_212 Column_213 Column_214 Column_215 Column_216 Column_217 Column_218 Column_219 Column_220 Column_221 Column_222 Column_223 Column_224 Column_225 Column_226 Column_227 Column_228 Column_229 Column_230 Column_231 Column_232 Column_233 Column_234 Column_235 Column_236 Column_237 Column_238 Column_239 Column_240 Column_241 Column_242 Column_243 Column_244 Column_245 Column_246 Column_247 Column_248 Column_249 Column_250 Column_251 Column_252 Column_253 Column_254 Column_255 Column_256 Column_257 Column_258
feature_infos=[-8290:19480] [-7857.5:19925] [-10260:18817.5] [-8542.5:19237.5] [-12717.4453125:21873.349609375] [169.64253234863281:2611.72900390625] [-8968.0380859375:19262.783203125] [-8542.5:19235] [-8080:19775] [-9355:18860] [-8474:19392.5] [-12622.9697265625:21762.92578125] [169.64253234863281:2611.72900390625] [-8657.3076171875:19229.802734375] [-8474:19390] [-8185:19835] [-10365:18940] [-9555:19312.5] [-12534.669921875:21653.05078125] [169.64253234863281:2611.72900390625] [-8394.1435546875:19237.3203125] [-9540:19312.5] [-8317.5:20432.5] [-9910:19082.5] [-8730:20050] [-12443.8447265625:21544.80078125] [169.64253234863281:2611.72900390625] [-8363.7666015625:19263.927734375] [-8720:20047.5] [-8290:21182.5] [-9330:19418.5] [-8526.5:20800] [-12336.4951171875:21457.224609375] [169.64253234863281:2611.72900390625] [-8255.923828125:19403.5703125] [-8531.5:20797.5] [-8221.5:21242.5] [-9162.5:19570] [-8682.5:20527.5] [-12242.0947265625:21355.150390625] [169.64253234863281:2611.72900390625] [-8148.9853515625:19458.701171875] [-8675:20525] [-8157.5:20970] [-10115:19297.5] [-9252.5:19737.5] [-12146.294921875:21228.724609375] [169.64253234863281:2611.72900390625] [-8132.7138671875:19271.091796875] [-9242.5:19720] [-8630:19932.5] [-11222.5:17122.5] [-8967.5:17677.5] [-12052.26953125:21102.875] [169.64253234863281:2611.72900390625] [-8116.103515625:19126.21875] [-8962.5:17677.5] [-8590:18017.5] [-11003:17335] [-9145:17700] [-11952.044921875:20974.775390625] [169.64253234863281:2611.72900390625] [-8140.09423828125:18996.5625] [-9142.5:17702.5] [-7860:18042.5] [-12045:17665] [-8647.5:17977.5] [-11859.4697265625:20863.375] [169.64253234863281:2611.72900390625] [-8143.94921875:18903.921875] [-8647.5:17977.5] [-7791.5:17999.5] [-9987.5:17392.5] [-8502.5:17705] [-11764.7197265625:20744.349609375] [169.64253234863281:2611.72900390625] [-8077.2265625:18731.74609375] [-8492.5:17705] [-7540:19077.5] [-12207.5:17313.5] [-8810:18695] [-11673.5947265625:20631.474609375] [169.64253234863281:2611.72900390625] [-8008.7265625:18474.99609375] [-8810:18692.5] [-7762.5:19137.5] [-13720:17465] [-10322.5:17905] [-11586.3447265625:20513.32421875] [169.64253234863281:2611.72900390625] [-7866.478515625:18202.49609375] [-10322.5:17887.5] [-7465:18100] [-13227.5:15012.5] [-9830:15442.5] [-11500.919921875:20379.150390625] [169.64253234863281:2611.72900390625] [-7760.1171875:17834.54296875] [-9830:15426] [-9132.5:15934.5] [-11090:15017.5] [-9930:15572.5] [-11408.6953125:20222.875] [169.64253234863281:2611.72900390625] [-7668.50927734375:17375.0390625] [-9925:15572.5] [-8913:16269] [-11270:15230] [-10480:15600] [-11320.4951171875:20065.224609375] [169.64253234863281:2611.72900390625] [-7597.5087890625:16891.5625] [-10472.5:15599] [-9955:16975.5] [-11912.5:15560] [-10752.5:15872.5] [-11226.669921875:19891.275390625] [169.64253234863281:2611.72900390625] [-7554.326171875:16798.921875] [-10747.5:15872.5] [-9557.5:16651] [-11122.5:14822.5] [-10642.5:15622] [-11138.8203125:19721.55078125] [169.64253234863281:2611.72900390625] [-7228.70556640625:16626.74609375] [-10635:15624] [-10117.5:16661] [-12635:15615.5] [-12155:15896.5] [-11057.5947265625:19531.57421875] [169.64253234863281:2611.72900390625] [-7161.07421875:16369.9970703125] [-12147.5:15895.5] [-11630:17272] [-13587.5:15736.5] [-12427.5:15852.5] [-10974.669921875:19375.55078125] [169.64253234863281:2611.72900390625] [-7138.93115234375:16002.04296875] [-12422.5:15852.5] [-11232.5:17214] [-13095:15717] [-11935:16377] [-10881.14453125:19218.025390625] [169.64253234863281:2611.72900390625] [-7072.66455078125:15542.5390625] [-11930:16381] [-10740:17335] [-12305:16244.5] [-11185:16498] [-10778.044921875:19057.349609375] [169.64253234863281:2611.72900390625] [-7037.876953125:14968.8984375] [-11182.5:16502] [-9727.5:17315.5] [-11555:15675] [-11020:16555] [-10672.64453125:18904.599609375] [169.64253234863281:2611.72900390625] [-7314.599609375:14777.404296875] [-11025:16554] [-10400:17930.5] [-12332.5:15824] [-10865:17006] [-10558.0947265625:18742.900390625] [169.64253234863281:2611.72900390625] [-7637.36328125:14980.00390625] [-10890:17010] [-9907.5:18051.5] [-11840:15786.5] [-11110:16656.5] [-10440.3203125:18581.55078125] [169.64253234863281:2611.72900390625] [-7953.0576171875:15106.048828125] [-11110:16655.5] [-8830:18032] [-11242.5:16251.5] [-10617.5:17184] [-10325.2451171875:18418.69921875] [169.64253234863281:2611.72900390625] [-8045.05224609375:15294.9541015625] [-10617.5:17183] [-8900:18559.5] [-10912.5:13813.5] [-10455:14746] [-10203.5947265625:18265.5] [169.64253234863281:2611.72900390625] [-8264.138671875:15174.23046875] [-10455:14745] [-8407.5:16121.5] [-10857.5:13809] [-9962.5:14741.5] [-10068.9453125:18102.19921875] [169.64253234863281:2611.72900390625] [-8184.8984375:14052.80078125] [-9962.5:14740.5] [-6750:16117] [-10365:13466] [-7760:14398.5] [-9939.0947265625:17916.025390625] [169.64253234863281:2611.72900390625] [-7939.453125:13363.7734375] [-7760:14397.5] [-6450:15774] [-8462.5:12407.5] [-8005:13412.5] [-9802.89453125:17712.849609375] [169.64253234863281:2611.72900390625] [-7783.13916015625:12613.2939453125] [-8005:13414.5] [-5727.5:13826] [-8407.5:13406] [-7065:13522] [-9682.39453125:17529.775390625] [169.64253234863281:2611.72900390625] [-7646.490234375:11895.4033203125] [-7065:13522] [-5315:13850] [-7467.5:12836.5] [-5787.5:12988.5] [-9559.6201171875:17354.94921875] [169.64253234863281:2611.72900390625] [-7469.3095703125:11938.904296875] [-5787.5:12988.5] [-4822.5:15004.5] [-6432.5:12985.5] [-5625:14167.5] [-9435.8203125:17183.525390625] [169.64253234863281:2611.72900390625] [-7098.462890625:12141.50390625] [-5625:14171.5] [-3345:14555.5] [-6387.5:12948] [-4235:13528] [-9319.080078125:17005.69921875] [169.64253234863281:2611.72900390625] [-6675.87548828125:12267.548828125] [-4235:13527.5] [-3530:14450] [-6405:13413] [-4970:14345.5] [-9187.5546875:16811.724609375] [169.64253234863281:2611.72900390625] [-6313.9775390625:12456.4541015625] [-4970:14344.5] [-3110:15721] [-5787.5:8427] [-3950:11128.5] [-9046.330078125:16585.125] [169.64253234863281:2611.72900390625] [-5821.4775390625:12335.73046875] [-3960:11125.5] [0:12050.5] [-5814.5:0] none [-8901.60546875:16358.1748046875] [169.64253234863281:2611.72900390625] [-5292.25244140625:11214.30078125]
tree_sizes=2875 2849 2850 2870 2828 2835 2867 2839 2862 2846 2862 2879 2839 2872

Tree=0
num_leaves=31
num_cat=0
split_feature=250 236 257 180 1 101 233 170 89 67 236 236 201 93 208 61 213 225 247 239 40 204 68 215 236 215 152 180 103 124
split_gain=2.0957e+08 7.37518e+07 2.95876e+07 3.53352e+07 2.39948e+07 4.27901e+07 2.2707e+07 3.44303e+07 2.85664e+07 2.22898e+07 1.78473e+07 1.55172e+07 1.32809e+07 1.41038e+07 1.14895e+07 1.0434e+07 9.64807e+06 9.34069e+06 9.17903e+06 8.95166e+06 7.22994e+06 1.55974e+07 8.12321e+06 7.18267e+06 8.85155e+06 1.0156e+07 7.28022e+06 6.77051e+06 6.42561e+06 9.50304e+06
threshold=890.77328491210949 505.08055114746099 1367.7973632812502 1218.723571777344 -5312.2499999999991 -3405.4999999999995 847.75000000000011 3159.0000000000005 1683.2846679687502 8746.5625000000018 686.02239990234386 376.53460693359381 1683.2846679687502 3608.2500000000005 761.29205322265636 1039.5981445312502 -1268.2499999999998 3471.7500000000005 137.25000000000003 -840.74999999999989 813.91189575195324 -579.24999999999989 800.77172851562511 574.11199951171886 596.25827026367199 652.10885620117199 576.05075073242199 1169.2799072265627 686.02239990234386 696.83001708984386
decision_type=2 2 2 2 2 2 2 2 2 2 2 2 2 2 2 2 2 2 2 2 2 2 2 2 2 2 2 2 2 2
left_child=1 11 4 -4 5 16 7 8 12 -10 23 -1 13 -5 28 20 -2 19 -8 -17 21 -6 -23 26 -25 -26 -3 -22 -12 -30
right_child=2 10 3 6 15 -7 18 -9 9 -11 14 -13 -14 -15 -16 17 -18 -19 -20 -21 27 22 -24 24 25 -27 -28 -29 29 -31
leaf_value=-257.25276807704608 -300.43226113771595 -264.07022812014543 -348.58568317256152 -276.88651324582565 -315.27728738715547 -367.89245030624141 -239.6252006219076 -344.89362464114316 -356.60015851241815 -286.9239279170896 -268.58903361633003 -260.63495019706642 -249.49573203158846 -322.92739095954283 -264.92563534359397 -302.51268703243522 -258.76786762756575 -310.07120048171748 -280.34555530492224 -277.01116007656555 -266.31634367319128 -264.33344388380641 -293.77370072188444 -259.19258993737577 -267.12448487583214 -260.30514423748303 -268.87544124140999 -237.99703391375613 -285.53117379550383 -271.78489930976781
leaf_weight=5600 33 3135 29 80 23 20 25 33 24 22 526 8598 32 21 884 37 24 25 31 492 175 107 30 1440 1282 951 1053 24 186 388
leaf_count=5600 33 3135 29 80 23 20 25 33 24 22 526 8598 32 21 884 37 24 25 31 492 175 107 30 1440 1282 951 1053 24 186 388
internal_value=-262.659 -261.607 -282.316 -296.158 -278.164 -304.968 -290.484 -297.965 -289.313 -323.277 -264.933 -259.301 -277.566 -286.459 -269.17 -275.903 -282.889 -280.206 -262.167 -278.795 -269.263 -277.177 -270.78 -263.863 -262.249 -264.22 -265.278 -262.901 -272.581 -276.239
internal_weight=25330 24043 1287 297 990 77 268 212 179 46 9845 14198 133 101 1984 913 57 554 56 529 359 160 137 7861 3673 2233 4188 199 1100 574
internal_count=25330 24043 1287 297 990 77 268 212 179 46 9845 14198 133 101 1984 913 57 554 56 529 359 160 137 7861 3673 2233 4188 199 1100 574
is_linear=0
shrinkage=1


Tree=1
num_leaves=31
num_cat=0
split_feature=250 236 257 180 8 233 170 89 4 144 236 194 201 93 208 26 176 106 233 139 118 240 207 82 218 233 191 215 236 215
split_gain=1.89136e+08 6.6561e+07 2.67028e+07 3.189e+07 2.21299e+07 2.0493e+07 3.10734e+07 2.57812e+07 2.04591e+07 1.88139e+07 1.61072e+07 1.4214e+07 1.19861e+07 1.27286e+07 1.03693e+07 1.02243e+07 1.30701e+07 1.94723e+07 8.65602e+06 7.47474e+06 2.08085e+07 8.8753e+06 7.60626e+06 7.22045e+06 9.17078e+06 9.09836e+06 7.42753e+06 6.48236e+06 8.04891e+06 1.0403e+07
threshold=890.77328491210949 505.08055114746099 1367.7973632812502 1218.723571777344 -5849.7499999999991 847.75000000000011 3159.0000000000005 1683.2846679687502 9696.3222656250018 -6412.7648925781241 686.02239990234386 381.28965759277349 1683.2846679687502 3608.2500000000005 761.29205322265636 1218.723571777344 2994.7500000000005 5209.0000000000009 1394.7500000000002 -4140.1293945312491 -3668.252563476562 -1736.2499999999998 -1100.304992675781 1289.656921386719 1276.7500000000002 -776.24999999999989 -1525.2499999999998 574.11199951171886 604.26492309570324 648.61227416992199
decision_type=2 2 2 2 2 2 2 2 2 2 2 2 2 2 2 2 2 2 2 2 2 2 2 2 2 2 2 2 2 2
left_child=1 11 4 -4 9 6 7 12 -9 -2 27 -1 13 -5 -12 19 23 -18 -7 -6 -21 -22 -23 24 26 -25 -17 -3 -29 -30
right_child=2 10 3 5 15 18 -8 8 -10 -11 14 -13 -14 -15 -16 16 17 -19 -20 20 21 22 -24 25 -26 -27 -28 28 29 -31
leaf_value=5.0700310136726108 -13.014893341064454 -2.4882939598498175 -81.630198195884972 -13.515986967086793 13.21888265399372 24.905587300387296 -78.122743294455802 -92.414712940562865 -25.661035521825156 -76.644965274517361 -9.4258103428537208 1.8588217477997624 12.505255760252476 -57.254820814586822 -2.153152473479071 -33.907533532922919 -67.206955585696491 -7.2759598027104921 -15.345023090699142 -61.03084058761597 -29.142105517200395 -19.587541018932768 -4.515762415454958 -24.574554037614305 -53.22664714256922 1.4063819490630052 -0.36080340761126894 2.9940807786404111 -5.1804882772821399 1.9781971859919834
leaf_weight=5887 21 4188 29 80 34 22 33 22 24 26 1100 8311 32 21 884 33 33 23 34 20 51 103 447 55 24 87 33 1641 1048 984
leaf_count=5887 21 4188 29 80 34 22 33 22 24 26 1100 8311 32 21 884 33 33 23 34 20 51 103 447 55 24 87 33 1641 1048 984
internal_value=-1.01674e-09 0.99962 -18.6743 -31.8235 -14.7296 -26.434 -33.5401 -25.321 -57.5867 -48.2145 -2.15968 3.1903 -14.1614 -22.6102 -6.18537 -13.0607 -20.9122 -42.5924 0.467717 -9.60837 -10.8582 -9.18854 -7.3383 -15.6791 -26.7588 -8.65666 -17.1342 -1.14366 0.389513 -1.71388
internal_weight=25330 24043 1287 297 990 268 212 179 46 47 9845 14198 133 101 1984 943 288 56 56 655 621 601 550 232 90 142 66 7861 3673 2032
internal_count=25330 24043 1287 297 990 268 212 179 46 47 9845 14198 133 101 1984 943 288 56 56 655 621 601 550 232 90 142 66 7861 3673 2032
is_linear=0
shrinkage=0.05


Tree=2
num_leaves=31
num_cat=0
split_feature=243 236 257 180 8 26 96 206 103 67 104 236 236 231 181 208 61 142 225 239 177 247 245 29 213 5 217 226 254 215
split_gain=1.7102e+08 5.96627e+07 2.40344e+07 2.87807e+07 2.28799e+07 1.88461e+07 2.47114e+07 1.74748e+07 1.67222e+07 2.55338e+07 1.58522e+07 1.43381e+07 1.30729e+07 1.12059e+07 1.13248e+07 9.89188e+06 9.67601e+06 9.28296e+06 7.7632e+06 7.75306e+06 7.53251e+06 7.23524e+06 1.18219e+07 8.37054e+06 7.98362e+06 6.88083e+06 6.53699e+06 7.55607e+06 6.83706e+06 5.99493e+06
threshold=890.77328491210949 505.08055114746099 1367.7973632812502 1218.723571777344 -5849.7499999999991 1082.6817016601565 1169.2799072265627 -1484.7499999999998 1683.2846679687502 8746.5625000000018 3958.942749023438 686.02239990234386 376.53460693359381 1380.2500000000002 3088.2578125000005 761.29205322265636 1039.5981445312502 -2187.9999999999995 3471.7500000000005 -840.74999999999989 529.25000000000011 -701.74999999999989 -274.24999999999994 -2905.4999999999995 174.25000000000003 1125.5928955078127 -1102.7499999999998 -1127.2499999999998 -248.74999999999997 681.98138427734386
decision_type=2 2 2 2 2 2 2 2 2 2 2 2 2 2 2 2 2 2 2 2 2 2 2 2 2 2 2 2 2 2
left_child=1 12 4 -4 7 20 -7 -2 13 -10 -11 29 -1 14 17 -13 -6 -8 19 -18 -5 -21 -23 24 -24 -25 27 -17 -28 -3
right_child=2 11 3 5 16 6 8 -9 9 10 -12 15 -14 -15 -16 26 18 -19 -20 21 -22 22 23 25 -26 -27 28 -29 -30 -31
leaf_value=4.9044176570633429 -83.384155921936042 -1.4417675887683732 -77.548689322636051 -13.361473714894263 -5.9561822801341151 -72.745429311260111 -21.140455479092068 -22.19110383987427 -84.318002258300794 5.4644500083923342 -52.730039715766907 -9.0011150619422828 1.8000983770466246 21.231943368911743 -45.380640157063802 -6.2469854969448519 -36.597362975585156 19.119120502471926 -43.597720177173613 -3.6388092771063754 26.52483111381531 -40.236712702115376 -10.698218173072453 -22.486911308334538 -52.51678810119629 -5.3237533523346565 4.638529508708376 -35.682897949218749 -5.1379391008993656 4.2265850465595127
leaf_weight=5600 20 7364 29 29 367 31 45 28 25 25 22 1101 8599 20 30 135 39 21 25 137 20 48 21 83 25 197 389 26 331 498
leaf_count=5600 20 7364 29 29 367 31 45 28 25 25 22 1101 8599 20 30 135 39 21 25 137 20 48 21 83 25 197 389 26 331 498
internal_value=-4.64694e-08 0.950541 -17.7575 -30.2323 -14.015 -25.1123 -31.3841 -47.6882 -24.5638 -43.4917 -21.7755 -2.04083 3.02442 -12.8155 -19.9087 -5.84137 -12.2992 -8.33059 -16.3476 -15.109 2.91865 -13.469 -17.0699 -13.6588 -33.4257 -10.4114 -1.89259 -11.0006 0.14407 -1.08272
internal_weight=25330 24043 1287 297 990 268 219 48 188 72 47 9844 14199 116 96 1982 942 66 575 550 49 511 374 326 46 280 881 161 720 7862
internal_count=25330 24043 1287 297 990 268 219 48 188 72 47 9844 14199 116 96 1982 942 66 575 550 49 511 374 326 46 280 881 161 720 7862
is_linear=0
shrinkage=0.05


Tree=3
num_leaves=31
num_cat=0
split_feature=243 236 257 180 8 233 170 89 205 213 236 61 201 93 208 61 247 225 239 247 245 29 213 5 217 226 254 215 201 145
split_gain=1.54346e+08 5.38456e+07 2.1691e+07 2.59746e+07 2.06491e+07 1.73808e+07 2.63915e+07 2.13936e+07 1.71301e+07 1.60155e+07 1.29402e+07 1.23314e+07 1.03165e+07 1.08591e+07 8.92743e+06 8.7326e+06 7.98021e+06 7.00629e+06 6.99713e+06 6.5298e+06 1.06693e+07 7.55442e+06 7.20522e+06 6.20995e+06 5.89963e+06 6.81936e+06 6.17044e+06 5.74814e+06 5.98899e+06 5.74014e+06
threshold=890.77328491210949 505.08055114746099 1367.7973632812502 1218.723571777344 -5849.7499999999991 847.75000000000011 3159.0000000000005 1683.2846679687502 -643.74999999999989 -1651.2499999999998 686.02239990234386 369.97756958007818 1683.2846679687502 3608.2500000000005 761.29205322265636 1039.5981445312502 137.25000000000003 3471.7500000000005 -840.74999999999989 -701.74999999999989 -274.24999999999994 -2905.4999999999995 174.25000000000003 1125.5928955078127 -1102.7499999999998 -1127.2499999999998 -248.74999999999997 552.06747436523449 559.05999755859386 577.91207885742199
decision_type=2 2 2 2 2 2 2 2 2 2 2 2 2 2 2 2 2 2 2 2 2 2 2 2 2 2 2 2 2 2
left_child=1 11 4 -4 9 6 7 12 -9 -2 27 -1 13 -5 -12 -6 -7 18 -17 -20 -21 22 -22 -23 25 -16 -26 29 -29 -3
right_child=2 10 3 5 15 16 -8 8 -10 -11 14 -13 -14 -15 24 17 -18 -19 19 20 21 23 -24 -25 26 -27 -28 28 -30 -31
leaf_value=4.8583324011526026 -78.052287623995824 -1.6776204464183708 -73.671253335886988 -12.099116265773773 -5.6583731153030818 21.936337730407715 -71.487901479547688 -87.007553939819331 -25.457670725308933 -19.8327504546554 -8.5510593536710005 1.7794832161539511 12.079237604141236 -52.498279517037531 -5.9346362728321997 -34.767494267683766 -16.031885978964066 -41.417833099365239 -3.4568687501179909 -38.224876312414807 -10.1633069674174 -21.362565505935486 -49.890948913574221 -5.0575656991319606 4.406603016277205 -33.898753438546109 -4.8810421329250513 3.7047297251162363 -0.80160795236962512 -7.2125689107717736
leaf_weight=5044 21 2508 29 80 367 25 33 20 26 27 1101 9155 32 21 135 39 31 25 137 48 21 83 25 197 389 26 331 911 3867 576
leaf_count=5044 21 2508 29 80 367 25 33 20 26 27 1101 9155 32 21 135 39 31 25 137 48 21 83 25 197 389 26 331 911 3867 576
internal_value=5.92983e-09 0.903014 -16.8696 -28.7207 -13.3142 -23.8567 -30.401 -22.8263 -52.2185 -45.3038 -1.93879 2.8732 -12.6606 -20.4989 -5.5493 -11.6842 0.918214 -15.5303 -14.3536 -12.7955 -16.2164 -12.9759 -31.7544 -9.89083 -1.79796 -10.4506 0.136866 -1.02858 0.0575954 -2.71139
internal_weight=25330 24043 1287 297 990 268 212 179 46 48 9844 14199 133 101 1982 942 56 575 550 511 374 326 46 280 881 161 720 7862 4778 3084
internal_count=25330 24043 1287 297 990 268 212 179 46 48 9844 14199 133 101 1982 942 56 575 550 511 374 326 46 280 881 161 720 7862 4778 3084
is_linear=0
shrinkage=0.05


Tree=4
num_leaves=31
num_cat=0
split_feature=250 236 257 180 29 144 26 96 103 4 250 93 236 231 236 19 92 71 96 65 252 169 208 227 238 68 139 98 233 157
split_gain=1.39504e+08 4.88847e+07 1.95347e+07 2.34421e+07 1.70553e+07 2.22534e+07 1.57648e+07 2.15605e+07 1.39074e+07 2.16931e+07 1.51839e+07 1.22523e+07 1.13973e+07 9.81085e+06 9.6624e+06 9.34914e+06 1.36542e+07 9.66017e+06 9.27615e+06 8.21637e+06 1.02126e+07 7.75081e+06 7.67073e+06 7.17564e+06 1.07376e+07 1.33278e+07 6.94849e+06 9.14762e+06 8.34583e+06 6.70794e+06
threshold=890.77328491210949 505.08055114746099 1367.7973632812502 1218.723571777344 -5739.9999999999991 -6412.7648925781241 1082.6817016601565 1169.2799072265627 1683.2846679687502 9696.3222656250018 1683.2846679687502 -6041.4999999999991 342.62544250488287 1380.2500000000002 686.02239990234386 1289.656921386719 3444.2500000000005 5685.0000000000009 1495.4898681640627 3051.2500000000005 442.75000000000006 115.25000000000001 761.29205322265636 -594.74999999999989 617.25000000000011 1367.7973632812502 3586.584594726563 4483.7500000000009 -427.74999999999994 1765.7500000000002
decision_type=2 2 2 2 2 2 2 2 2 2 2 2 2 2 2 2 2 2 2 2 2 2 2 2 2 2 2 2 2 2
left_child=1 12 4 -4 5 -2 29 -8 13 -10 -11 -3 -1 18 -13 19 23 -18 21 -6 26 -9 -16 -17 -25 -26 -21 28 -28 -5
right_child=2 11 3 6 15 -7 7 8 9 10 -12 14 -14 -15 22 16 17 -19 -20 20 -22 -23 -24 24 25 -27 27 -29 -30 -31
leaf_value=5.2604858092166049 -5.7923171520233154 -37.530497137705488 -69.987692254165125 -13.725837495591907 -11.622767735450964 -71.963040867558234 -67.034499577553035 -14.690837300265279 -79.349781533946157 -54.003407492637635 2.6265720137234396 -0.97668969780163994 1.9409751523331644 20.542282149791717 -7.6876424161071428 -30.083095637427437 -70.045278205871583 -25.474352615110337 -1.7484082408573318 9.3734664678573605 20.683252877884726 -54.189528776251763 -1.4058025516901698 6.5327494939168291 -55.67444440364838 -1.8225958082411027 -9.1381357601710729 -0.31387238149289737 -53.715068626403813 23.467871372672647
leaf_weight=3400 24 24 29 27 539 27 31 27 23 20 29 7853 10798 20 1093 45 20 31 46 48 47 23 875 66 20 27 21 54 21 22
leaf_count=3400 24 24 29 27 539 27 31 27 23 20 29 7853 10798 20 1093 45 20 31 46 48 47 23 875 66 20 27 21 54 21 22
internal_value=-5.83629e-08 0.858502 -16.038 -27.2847 -12.664 -40.8239 -22.6638 -28.4 -22.0294 -39.2909 -20.4877 -1.84899 2.7359 -11.3155 -1.7618 -11.1346 -20.4588 -42.9531 -17.9525 -8.46507 0.445931 -32.8602 -4.89465 -13.198 -6.47378 -24.7383 -6.15931 -13.9257 -31.4266 2.97338
internal_weight=25330 24043 1287 297 990 51 268 219 188 72 49 9845 14198 116 9821 939 209 51 96 730 191 50 1968 158 113 47 144 96 42 49
internal_count=25330 24043 1287 297 990 51 268 219 188 72 49 9845 14198 116 9821 939 209 51 96 730 191 50 1968 158 113 47 144 96 42 49
is_linear=0
shrinkage=0.05


Tree=5
num_leaves=31
num_cat=0
split_feature=257 236 12 61 236 203 234 96 103 252 234 61 236 61 219 106 113 4 26 198 208 100 253 180 19 5 226 243 145 249
split_gain=1.25982e+08 4.40128e+07 2.32711e+07 7.74646e+07 2.12401e+07 1.74013e+07 1.94739e+07 2.47831e+07 1.47219e+07 1.37345e+07 1.3715e+07 1.1688e+07 1.07498e+07 1.06279e+07 8.70415e+06 8.57456e+06 7.79472e+06 7.54066e+06 8.50984e+06 6.9901e+06 6.96032e+06 6.77679e+06 7.94955e+06 6.56957e+06 1.17221e+07 9.68337e+06 1.08494e+07 7.37523e+06 7.10752e+06 8.93449e+06
threshold=890.77328491210949 505.08055114746099 635.98635864257824 601.67877197265636 1289.656921386719 -1067.7499999999998 165.25000000000003 1218.723571777344 1125.5928955078127 -189.74999999999997 -736.74999999999989 1039.5981445312502 686.02239990234386 386.14636230468756 -2333.9999999999995 -5003.7499999999991 -1521.9999999999998 9696.3222656250018 1495.4898681640627 -139.24999999999997 761.29205322265636 3763.2500000000005 564.75000000000011 1218.723571777344 1289.656921386719 1218.723571777344 558.25000000000011 1125.5928955078127 1367.7973632812502 2034.0925292968752
decision_type=2 2 2 2 2 2 2 2 2 2 2 2 2 2 2 2 2 2 2 2 2 2 2 2 2 2 2 2 2 2
left_child=1 13 3 -2 11 17 9 8 -8 10 -7 -4 -3 -1 16 -14 -13 18 -6 -11 -17 22 -9 24 25 26 -16 -26 -25 -30
right_child=2 12 4 -5 5 6 7 21 -10 19 -12 14 15 -15 23 20 -18 -19 -20 -21 -22 -23 -24 28 27 -27 -28 -29 29 -31
leaf_value=4.1710203053327612 -4.2693108493560237 -0.92252526880922048 -2.098662103233436 -125.83998235702516 -4.2973764419555662 -43.306976190567021 -26.672837057258143 2.1749960422515868 -79.476549321954906 -50.0580583219175 -98.857631905078904 -17.356674112592426 -34.137170593261722 1.4080968324695085 -22.979733876640918 -7.3564120660326644 -58.225931515693667 18.677005527330483 -38.928326797485354 -15.513398174941541 -1.3672065277345247 8.0477317598130966 -30.289093132994392 7.0092590851661489 -17.711651711850553 8.8252518569721907 3.2027033935893665 -49.499931642744279 -42.968521251678467 0.78685805797576913
leaf_weight=6111 38 7860 339 20 68 25 33 33 22 27 20 28 25 8086 141 1081 20 23 24 32 880 45 44 78 37 51 55 36 20 28
leaf_count=6111 38 7860 339 20 68 25 33 33 22 27 20 28 25 8086 141 1081 20 23 24 32 880 45 44 78 37 51 55 36 20 28
internal_value=4.77468e-09 0.815833 -15.2409 -46.1902 -13.7803 -23.3137 -30.0189 -19.9293 -47.7943 -47.1906 -67.9962 -9.24826 -1.75299 2.59738 -14.1546 -5.0397 -34.3855 -6.92983 -13.3315 -31.322 -4.66875 -7.36719 -16.3759 -11.9772 -15.7851 -10.5826 -15.6326 -33.3881 -2.30648 -17.4445
internal_weight=25330 24043 1287 58 1229 396 281 177 55 104 45 833 9846 14197 494 1986 48 115 92 59 1961 122 77 446 320 247 196 73 126 48
internal_count=25330 24043 1287 58 1229 396 281 177 55 104 45 833 9846 14197 494 1986 48 115 92 59 1961 122 77 446 320 247 196 73 126 48
is_linear=0
shrinkage=0.05


Tree=6
num_leaves=31
num_cat=0
split_feature=243 61 229 236 203 234 96 252 103 236 239 256 246 104 236 40 29 208 82 19 19 40 253 4 26 114 150 5 204 232
split_gain=1.14065e+08 4.00715e+07 1.81322e+07 1.66759e+07 1.57047e+07 1.76769e+07 2.22518e+07 1.30117e+07 1.2315e+07 1.18561e+07 9.98096e+06 8.66124e+06 8.67237e+06 7.45091e+06 7.14974e+06 1.18522e+07 7.72932e+06 7.75923e+06 7.03611e+06 8.80459e+06 6.97651e+06 9.90022e+06 6.87367e+06 6.80545e+06 7.68013e+06 6.53949e+06 8.90758e+06 6.0247e+06 5.81657e+06 5.78732e+06
threshold=890.77328491210949 526.37051391601574 813.91189575195324 1289.656921386719 -1067.7499999999998 64.250000000000014 1218.723571777344 -189.74999999999997 1125.5928955078127 376.53460693359381 -265.74999999999994 -631.20001220703114 -571.99999999999989 4389.8020019531259 690.89605712890636 554.10549926757824 -5739.9999999999991 761.29205322265636 474.70594787597662 448.08587646484381 601.67877197265636 604.26492309570324 598.50000000000011 9696.3222656250018 1495.4898681640627 322.75000000000006 1207.7500000000002 1495.4898681640627 -2326.4999999999995 1675.2500000000002
decision_type=2 2 2 2 2 2 2 2 2 2 2 2 2 2 2 2 2 2 2 2 2 2 2 2 2 2 2 2 2 2
left_child=1 9 -2 11 23 7 8 10 -7 -1 -6 25 -13 18 15 -3 -16 -18 19 -11 -17 -22 -9 24 -5 28 -27 -14 -4 -8
right_child=2 14 3 4 5 6 29 22 -10 13 -12 12 27 -15 16 20 17 -19 -20 -21 21 -23 -24 -25 -26 26 -28 -29 -30 -31
leaf_value=4.1299130253475385 -55.833329801376046 -4.5419662688569913 -31.644876520974293 -4.0825076243456673 -43.398467696796764 -25.339195360198165 -21.089213915665947 -12.900455395928745 -72.411044502258306 1.739429261718703 -92.202359924316411 -33.221019101142886 -3.229287383190719 -12.467200604689365 -32.40471280670166 2.4512423474077782 -7.5159636938508534 -0.87790144561083572 3.2102748736471529 -2.1538971218883467 -7.2163114596655396 0.05334330545098627 -47.631984093040231 17.743154724784521 -36.981909795602164 -58.489172668457037 -18.099449034624325 -24.141462789999473 -9.5824461583997689 1.0314299187102876
leaf_weight=5567 26 1931 35 68 22 33 48 29 24 4268 20 28 498 98 25 1899 940 828 3452 2201 592 2242 28 23 24 20 43 37 204 77
leaf_count=5567 26 1931 35 68 22 33 48 29 24 4268 20 28 498 98 25 1899 940 828 3452 2201 592 2242 28 23 24 20 43 37 204 77
internal_value=2.29476e-08 0.77629 -14.5022 -13.65 -22.148 -28.5179 -19.2688 -45.5214 -45.1589 2.2799 -66.6384 -9.7596 -6.09522 1.25195 -1.99481 -1.24071 -4.79756 -4.40719 1.38746 0.414771 0.106159 -1.46523 -29.9616 -6.58334 -12.665 -16.5909 -30.9216 -4.67555 -12.8133 -7.4629
internal_weight=25330 24043 1287 1261 396 281 182 99 57 15586 42 865 563 10019 8457 6664 1793 1768 9921 6469 4733 2834 57 115 92 302 63 535 239 125
internal_count=25330 24043 1287 1261 396 281 182 99 57 15586 42 865 563 10019 8457 6664 1793 1768 9921 6469 4733 2834 57 115 92 302 63 535 239 125
is_linear=0
shrinkage=0.05


Tree=7
num_leaves=31
num_cat=0
split_feature=257 236 12 61 61 236 169 191 239 248 39 89 148 205 205 226 241 151 215 241 104 61 30 72 107 8 248 149 93 15
split_gain=1.0317e+08 3.68443e+07 2.11064e+07 6.92689e+07 1.82063e+07 1.34313e+07 1.1777e+07 1.70592e+07 1.30183e+07 1.25884e+07 1.24234e+07 1.7315e+07 1.36625e+07 1.0664e+07 3.12664e+07 1.1151e+07 8.40701e+06 9.31963e+06 7.64548e+06 7.0133e+06 6.79269e+06 6.66976e+06 7.09244e+06 6.74706e+06 6.66588e+06 6.33703e+06 6.05282e+06 6.03046e+06 5.96868e+06 5.78509e+06
threshold=890.77328491210949 446.13514709472662 635.98635864257824 601.67877197265636 1039.5981445312502 615.86886596679699 3704.7500000000005 993.75000000000011 842.25000000000011 800.25000000000011 10306.377441406252 1683.2846679687502 1955.2500000000002 425.75000000000006 758.75000000000011 271.75000000000006 -1033.7499999999998 -4927.1723632812491 456.78472900390631 -1622.2499999999998 3958.942749023438 1125.5928955078127 -5343.2499999999991 181.75000000000003 -5926.2499999999991 5959.2500000000009 12.750000000000002 -3096.4999999999995 262.25000000000006 1060.2500000000002
decision_type=2 2 2 2 2 2 2 2 2 2 2 2 2 2 2 2 2 2 2 2 2 2 2 2 2 2 2 2 2 2
left_child=1 -1 3 -2 -4 18 10 -8 -9 -10 11 13 -13 16 -15 -16 19 -18 -3 -6 29 26 -23 -24 -7 -11 -19 -21 -25 -17
right_child=2 5 4 -5 6 24 7 8 9 25 -12 12 -14 14 15 20 17 21 -20 27 -22 22 23 28 -26 -27 -28 -29 -30 -31
leaf_value=3.0386103767047543 -3.6255956988585627 -3.4454121910211954 -3.356574795762802 -118.58546497344972 -7.7550672484607235 -29.660365605354311 -69.341053269126206 -48.309214809205798 -0.0080424970655298949 -14.141006197248187 10.446348613739014 -69.97475335693359 -14.530512385368349 -65.285680150985726 -35.294172017714558 5.8955577391844534 -28.417158559262756 0.87191907246907552 0.59836623567593561 -56.009243740354272 21.851269050266435 -25.093892827241319 11.598782693862915 -30.484668045043946 -3.2294746236182834 -51.751047770182289 -28.68270320427127 -20.284058973524306 0.58818971760132743 -27.45886016258827
leaf_weight=10097 38 1352 383 20 41 24 22 36 67 21 50 25 20 36 34 26 40 30 8630 21 23 23 125 20 3940 24 41 27 68 26
leaf_count=10097 38 1352 383 20 41 24 22 36 67 21 50 25 20 36 34 26 40 30 8630 21 23 23 125 20 3940 24 41 27 68 26
internal_value=-1.9186e-08 0.738284 -13.7922 -43.2669 -12.4012 -0.927167 -16.4959 -28.2598 -22.1531 -13.7458 -13.5375 -15.4532 -45.3329 -13.1389 -24.8852 -11.5419 -9.23245 -5.71622 0.0506615 -22.9418 -0.774222 -2.75844 1.28386 4.13217 -3.3895 -34.1997 -16.1948 -35.9138 -6.47382 -10.7817
internal_weight=25330 24043 1287 58 1229 13946 846 170 148 112 676 626 45 581 145 109 436 347 9982 89 75 307 236 213 3964 45 71 48 88 52
internal_count=25330 24043 1287 58 1229 13946 846 170 148 112 676 626 45 581 145 109 436 347 9982 89 75 307 236 213 3964 45 71 48 88 52
is_linear=0
shrinkage=0.05


Tree=8
num_leaves=31
num_cat=0
split_feature=243 61 229 236 170 231 39 82 4 212 205 219 61 138 82 32 256 220 205 33 233 40 19 40 110 22 176 124 61 241
split_gain=9.31889e+07 3.36182e+07 1.61573e+07 1.43468e+07 1.338e+07 1.4469e+07 1.42276e+07 1.59791e+07 1.18478e+07 1.14659e+07 1.0681e+07 1.4363e+07 1.04439e+07 9.883e+06 9.25741e+06 8.47085e+06 7.53017e+06 8.34078e+06 7.90086e+06 9.19887e+06 6.59751e+06 6.19711e+06 1.47755e+07 8.9732e+06 8.85196e+06 7.6571e+06 7.623e+06 6.64953e+06 6.04773e+06 6.01049e+06
threshold=890.77328491210949 526.37051391601574 813.91189575195324 1289.656921386719 2335.2500000000005 1380.2500000000002 10306.377441406252 1683.2846679687502 9696.3222656250018 1466.5000000000002 440.25000000000006 727.25000000000011 386.14636230468756 1218.723571777344 474.70594787597662 6821.7048339843759 -631.20001220703114 -840.24999999999989 -1034.2499999999998 1082.6817016601565 -1080.2499999999998 554.10549926757824 601.67877197265636 604.26492309570324 655.58581542968761 -5706.7499999999991 2097.0000000000005 790.22567749023449 496.77996826171881 -1089.2499999999998
decision_type=2 2 2 2 2 2 2 2 2 2 2 2 2 2 2 2 2 2 2 2 2 2 2 2 2 2 2 2 2 2
left_child=1 12 -2 16 6 9 7 10 -9 -6 -5 -12 -1 -7 15 28 -4 20 19 -19 29 -3 -23 26 -25 -26 -24 -27 -14 -18
right_child=2 21 3 4 5 13 -8 8 -10 -11 11 -13 14 -15 -16 -17 17 18 -20 -21 -22 22 23 24 25 27 -28 -29 -30 -31
leaf_value=3.6713800143421658 -52.123527053686296 -4.2550147415284227 -15.064764566492563 -7.2406310290675009 -33.664390720639908 -40.607558829696096 10.95957721212636 -73.780864606584814 -21.836138750159222 -81.900059153816926 -66.333242378234871 -7.7881191687150437 0.3234820156136784 0.46799405813217165 3.0158872901929747 -31.910924657185873 -28.686399272282923 -2.4466336550031391 -5.0170352022541636 36.816182178832022 -41.961829119143282 2.4407844116755921 -6.3313551589556054 1.2998899419169834 -33.050396897576071 -5.1314049134224264 -24.734396084662407 0.86741282445045165 -6.3351985014401953 0.20634620666503906
leaf_weight=6200 26 2017 302 155 28 27 46 21 23 22 20 22 5397 32 3604 21 30 35 404 26 23 2038 609 1452 22 1609 62 648 364 45
leaf_count=6200 26 2017 302 155 28 27 46 21 23 22 20 22 5397 32 3604 21 30 35 404 26 23 2038 609 1452 22 1609 62 648 364 45
internal_value=-6.46385e-09 0.701664 -13.1081 -12.3037 -20.1859 -35.0994 -14.5219 -19.3856 -46.6279 -54.8881 -13.301 -35.6667 2.07889 -18.3293 1.02695 -0.212783 -8.69512 -5.27837 -2.4845 14.2883 -18.535 -1.83651 -1.07904 -2.70862 -1.75128 -3.69524 -8.03179 -3.4091 -0.0972366 -11.3508
internal_weight=25330 24043 1287 1261 396 109 287 241 44 50 197 42 15586 59 9386 5782 865 563 465 61 98 8457 6440 4402 3731 2279 671 2257 5761 75
internal_count=25330 24043 1287 1261 396 109 287 241 44 50 197 42 15586 59 9386 5782 865 563 465 61 98 8457 6440 4402 3731 2279 671 2257 5761 75
is_linear=0
shrinkage=0.05


Tree=9
num_leaves=31
num_cat=0
split_feature=257 194 12 2 19 156 243 92 254 208 10 211 226 96 93 194 246 85 153 173 87 253 114 103 82 173 135 194 129 233
split_gain=8.4554e+07 3.1154e+07 1.91169e+07 6.249e+07 1.6256e+07 2.08916e+07 1.31115e+07 1.21786e+07 1.164e+07 1.12347e+07 1.5231e+07 1.05551e+07 1.6281e+07 1.07708e+07 1.03336e+07 1.01952e+07 9.105e+06 8.455e+06 9.40485e+06 7.90668e+06 7.4089e+06 6.96628e+06 6.91201e+06 6.46122e+06 7.59804e+06 5.78975e+06 5.4394e+06 5.1671e+06 5.09903e+06 5.06926e+06
threshold=890.77328491210949 537.28536987304699 635.98635864257824 2675.2500000000005 1367.7973632812502 2801.0000000000005 1218.723571777344 -4345.9999999999991 -365.24999999999994 1289.656921386719 -2564.4999999999995 607.25000000000011 -244.74999999999997 1218.723571777344 -6041.4999999999991 381.28965759277349 810.25000000000011 3071.7500000000005 3011.6611328125005 521.20877075195324 -119.74999999999999 865.50000000000011 4818.0000000000009 524.88269042968761 496.77996826171881 402.84135437011724 -2986.4999999999995 482.45018005371099 4011.0000000000005 -1463.9999999999998
decision_type=2 2 2 2 2 2 2 2 2 2 2 2 2 2 2 2 2 2 2 2 2 2 2 2 2 2 2 2 2 2
left_child=1 15 3 -2 6 7 22 -6 -7 10 -9 21 16 28 -3 -1 -13 20 -19 23 -11 -8 29 25 -25 -17 -27 -28 -14 -4
right_child=2 14 4 -5 5 8 11 9 -10 17 -12 12 13 -15 -16 19 -18 18 -20 -21 -22 -23 -24 24 -26 26 27 -29 -30 -31
leaf_value=3.570054947370032 -112.07543169975281 -37.834225890636446 -13.827949631721417 -2.8855159439538656 -50.512146377563482 -31.759533442872943 -11.075716503858567 -64.314502153396617 -80.100207481384288 -1.5770759540445667 -13.105999889013901 -31.860802838461741 -38.133665534777521 6.0171164887292043 -1.847471057868955 -1.6754086308493745 -74.151261739730828 -43.725191887942231 2.0022427600363026 4.1147728607404011 33.042271337509156 20.905937185741607 15.954343192577364 -10.962463384412935 -1.0319077349389203 -10.350865895901958 2.6969097350977611 -0.77561055474940144 -12.038462335533566 -3.0546139801090417
leaf_weight=5900 20 20 141 38 22 33 90 20 20 68 53 35 39 42 7734 1693 20 22 23 1674 20 21 40 243 929 93 4334 1423 36 484
leaf_count=5900 20 20 141 38 22 33 90 20 20 68 53 35 39 42 7734 1693 20 22 23 1674 20 21 40 243 929 93 4334 1423 36 484
internal_value=8.42723e-09 0.668366 -12.486 -40.5372 -11.1622 -21.7244 -8.03146 -15.1512 -50.0013 -11.3748 -27.1357 -17.0453 -24.8025 -14.2554 -1.94029 1.91016 -47.2392 -2.72405 -20.3534 0.967487 6.29096 -5.02513 -4.19549 0.362948 -3.09089 0.899591 1.6448 1.83858 -25.608 -5.48508
internal_weight=25330 24043 1287 58 1229 281 948 228 53 206 73 283 172 117 7754 16289 55 133 45 10389 88 111 665 8715 1172 7543 5850 5757 75 625
internal_count=25330 24043 1287 58 1229 281 948 228 53 206 73 283 172 117 7754 16289 55 133 45 10389 88 111 665 8715 1172 7543 5850 5757 75 625
is_linear=0
shrinkage=0.05


Tree=10
num_leaves=31
num_cat=0
split_feature=250 236 0 142 211 196 236 234 93 24 6 211 36 238 236 233 156 12 89 227 4 48 13 19 40 176 26 40 54 20
split_gain=7.64297e+07 2.83947e+07 1.53095e+07 2.7148e+07 1.23782e+07 1.89454e+07 1.09699e+07 1.00637e+07 8.9597e+06 8.36838e+06 1.1645e+07 1.41377e+07 1.0351e+07 8.07056e+06 7.81104e+06 7.4686e+06 6.68134e+06 5.97622e+06 1.62255e+07 8.06077e+06 6.16799e+06 6.31752e+06 5.9621e+06 5.89653e+06 8.34831e+06 7.1819e+06 7.00426e+06 6.68213e+06 6.92226e+06 6.01323e+06
threshold=890.77328491210949 505.08055114746099 -6360.7499999999991 -3960.2499999999995 2739.0000000000005 1286.7500000000002 1039.5981445312502 -1392.2499999999998 -6041.4999999999991 3519.5000000000005 9836.1508789062518 4092.5000000000005 731.75000000000011 -1576.7499999999998 327.64590454101568 1394.7500000000002 -935.24999999999989 1367.7973632812502 1289.656921386719 -594.74999999999989 9696.3222656250018 6746.7312011718759 6496.4562988281259 591.37487792968761 630.40139770507824 2097.0000000000005 633.10632324218761 554.10549926757824 537.37451171875011 103.719295501709
decision_type=2 2 2 2 2 2 2 2 2 2 2 2 2 2 2 2 2 2 2 2 2 2 2 2 2 2 2 2 2 2
left_child=1 14 3 -2 7 -6 -7 13 -3 12 11 -11 -8 16 -1 -12 -4 20 -19 -20 21 -9 23 27 25 -25 -26 28 -10 -27
right_child=2 8 4 -5 5 6 9 17 22 10 15 -13 -14 -15 -16 -17 -18 18 19 -21 -22 -23 -24 24 26 29 -28 -29 -30 -31
leaf_value=4.5432176153291595 -11.536735903589349 -31.940762250622114 -8.4993042942724735 -82.374246258395061 -67.820159995555883 4.9517566299438478 -28.567587808881491 -4.6164545610945993 -0.023795703140680951 -26.897895104544506 -34.908600740432739 -81.938924179077162 10.777323697507383 -49.211612428318375 1.5110041724933856 8.3019337272644034 -38.760725446542104 -48.904481856576325 -27.811355259543973 -1.0682537723025052 13.273800456005596 -28.480356661615701 -13.688159017956133 -4.6222509904182516 6.1156967469961341 -40.857023820010099 -1.8852928092227135 2.8578744857377032 -5.140071749666232 -12.108221250488645
leaf_weight=2600 38 24 76 21 20 45 35 635 2939 28 20 20 32 22 11598 20 24 29 38 109 46 29 97 1280 303 22 2813 1409 853 105
leaf_count=2600 38 24 76 21 20 45 35 635 2939 28 20 20 32 22 11598 20 24 29 38 109 46 29 97 1280 303 22 2813 1409 853 105
internal_value=2.23459e-08 0.635446 -11.871 -36.7501 -10.6757 -21.421 -16.7811 -8.3305 -1.42803 -23.0906 -33.2279 -49.8317 -9.77599 -21.7939 2.06628 -13.3033 -15.762 -6.47662 -14.7244 -7.98144 -4.43209 -5.6587 -1.35347 -1.23042 -2.55073 -5.74748 -1.10728 -0.0822287 -1.17469 -17.0883
internal_weight=25330 24043 1287 59 1228 220 200 1008 9845 155 88 48 67 122 14198 40 100 886 176 147 710 664 9821 9724 4523 1407 3116 5201 3792 127
internal_count=25330 24043 1287 59 1228 220 200 1008 9845 155 88 48 67 122 14198 40 100 886 176 147 710 664 9821 9724 4523 1407 3116 5201 3792 127
is_linear=0
shrinkage=0.05


Tree=11
num_leaves=31
num_cat=0
split_feature=236 257 29 99 236 180 233 170 89 237 19 92 152 71 233 253 4 215 194 173 114 120 225 183 253 197 183 129 6 117
split_gain=6.97728e+07 2.15493e+07 2.01174e+07 2.28379e+07 1.75051e+07 1.72174e+07 1.26162e+07 1.58489e+07 1.19771e+07 1.15183e+07 1.0398e+07 1.02539e+07 8.00434e+06 7.26826e+06 7.00044e+06 6.68228e+06 8.22127e+06 6.17561e+06 7.38396e+06 7.37425e+06 5.85295e+06 5.6505e+06 5.62631e+06 5.50349e+06 9.32293e+06 7.06331e+06 7.88589e+06 8.23584e+06 6.94977e+06 6.92082e+06
threshold=690.89605712890636 1367.7973632812502 -5739.9999999999991 -3310.9999999999995 444.31143188476568 1218.723571777344 847.75000000000011 3159.0000000000005 1683.2846679687502 895.80569458007824 1289.656921386719 3921.0000000000005 1125.5928955078127 5685.0000000000009 1394.7500000000002 374.25000000000006 9696.3222656250018 456.78472900390631 537.28536987304699 559.08474731445324 4818.0000000000009 -4693.7499999999991 -319.24999999999994 1841.2500000000002 537.75000000000011 -272.74999999999994 -1502.7499999999998 -2319.7499999999995 623.28958129882824 586.16424560546886
decision_type=2 2 2 2 2 2 2 2 2 2 2 2 2 2 2 2 2 2 2 2 2 2 2 2 2 2 2 2 2 2
left_child=4 2 3 21 -1 -3 7 8 15 -10 20 12 -12 -13 -8 -7 -17 22 -19 -20 23 -2 -6 25 -25 26 -4 -28 -26 -29
right_child=1 5 10 -5 17 6 14 -9 9 -11 11 13 -14 -15 -16 16 -18 18 19 -21 -22 -23 -24 24 28 -27 27 29 -30 -31
leaf_value=2.541872429529894 -35.732267298698424 -56.358923760775866 0.086991497293898934 -76.924073619842545 3.4309781625386209 -21.457123417324492 27.282639650865036 -53.217426108591489 -63.632184782895173 -13.545110750198365 -33.846456227983751 -55.564820322783106 -4.6937175351220208 -18.205542430877685 -8.9146233502556296 -10.91944246864319 22.543874881185335 1.5617077316692511 -3.8956522432598244 0.040789475951652381 11.284548059057016 -2.4168069512503489 -4.8693227257705356 -13.755678033006603 -12.934627114344336 -0.58211913589882636 -24.375963220485421 -29.579585518981471 6.7514377917163078 -5.8135530152177086
leaf_weight=10000 20 29 285 20 248 54 22 33 22 24 28 23 148 30 34 50 29 4883 1657 4219 61 35 1155 348 69 1130 86 33 128 427
leaf_count=10000 20 29 285 20 248 54 22 33 22 24 28 23 148 30 34 50 29 4883 1657 4219 61 35 1155 348 69 1130 86 33 128 427
internal_value=-1.45001e-08 -6.94077 -5.61443 -31.1695 0.992165 -19.7621 -15.802 -21.3776 -15.5077 -37.4998 -4.92893 -15.1377 -9.33165 -34.4181 5.30573 -7.90139 1.36456 -0.282057 0.124808 -1.06927 -4.01822 -14.5315 -3.40213 -4.39071 -8.83538 -3.15546 -6.6547 -10.1737 -0.143681 -7.51851
internal_weight=25330 3168 2871 75 22162 297 268 212 179 46 2796 229 176 53 56 133 79 12162 10759 5876 2567 55 1403 2506 545 1961 831 546 197 460
internal_count=25330 3168 2871 75 22162 297 268 212 179 46 2796 229 176 53 56 133 79 12162 10759 5876 2567 55 1403 2506 545 1961 831 546 197 460
is_linear=0
shrinkage=0.05


Tree=12
num_leaves=31
num_cat=0
split_feature=61 24 54 222 61 5 257 202 239 211 192 89 61 4 206 22 98 226 141 198 225 246 54 12 1 16 124 235 247 78
split_gain=6.36927e+07 1.96832e+07 1.97579e+07 1.87488e+07 1.66946e+07 1.12813e+07 1.87344e+07 2.27204e+07 8.83553e+06 1.15038e+07 1.11216e+07 9.0593e+06 1.58169e+07 8.33474e+06 7.85299e+06 7.91414e+06 1.20605e+07 7.61011e+06 8.99563e+06 6.87736e+06 6.63852e+06 9.3873e+06 6.35662e+06 7.27339e+06 9.00029e+06 6.51821e+06 6.12347e+06 5.96863e+06 5.96798e+06 5.72132e+06
threshold=709.18753051757824 -6207.4999999999991 1082.6817016601565 999.20349121093761 386.14636230468756 846.42968750000011 999.20349121093761 1519.9705200195315 -402.24999999999994 1369.7500000000002 1374.2500000000002 1289.656921386719 1169.2799072265627 1844.4174804687502 2274.0000000000005 5426.2500000000009 7112.5000000000009 231.75000000000003 2409.0000000000005 -1247.7499999999998 -302.24999999999994 434.75000000000006 1125.5928955078127 1367.7973632812502 6557.5000000000009 -4110.4999999999991 829.74215698242199 3936.432495117188 -228.74999999999997 5132.2500000000009
decision_type=2 2 2 2 2 2 2 2 2 2 2 2 2 2 2 2 2 2 2 2 2 2 2 2 2 2 2 2 2 2
left_child=4 3 5 -2 -1 6 26 -8 13 22 11 12 -11 -4 17 29 -17 -12 -19 -15 -6 27 -10 24 -24 -25 -3 -22 -9 -16
right_child=1 2 8 -5 20 -7 7 28 9 10 14 -13 -14 19 15 16 -18 18 -20 -21 21 -23 23 25 -26 -27 -28 -29 -30 -31
leaf_value=3.1039985434232702 -73.390728731155406 -6.5909857207325206 -8.0916218566894536 -17.490825616518659 2.045390970395716 1.667320850442537 -75.244325546991263 -29.292424901326498 -24.599532203674318 -16.946862677165441 -21.061055347323418 -15.933457400798799 -76.365281279881799 -23.90630147116525 -17.539846419862339 -57.3805155481611 -12.446540302038194 -13.86000909255101 24.307810482225921 -55.897175121307377 -1.1302893963829734 1.5617662372133543 0.29363177083198377 -33.839935478797329 35.882254790961746 -5.4529181374625848 2.3321701361582829 -8.7200827716441633 7.2060393106369744 13.062850039345879
leaf_weight=6200 20 1078 40 60 3330 654 21 24 35 21 32 40 24 42 56 28 32 26 38 28 8681 3981 159 26 20 91 234 267 21 21
leaf_count=6200 20 1078 40 60 3330 654 21 24 35 21 32 40 24 42 56 28 32 26 38 28 8681 3981 159 26 20 91 234 267 21 21
internal_value=-1.48509e-08 -7.01255 -6.31163 -31.4658 0.896435 -3.74053 -6.3071 -32.3003 -13.195 -10.9741 -17.7656 -33.2469 -48.6367 -26.2986 -12.1179 -19.8019 -33.4157 -1.15226 8.80213 -36.7027 0.0546306 -0.458111 -4.44926 -2.06663 4.27001 -11.7611 -4.99951 -1.35676 -12.2598 -9.19366
internal_weight=25330 2871 2791 80 22459 2032 1378 66 759 649 318 85 45 110 233 137 60 96 64 70 16259 12929 331 296 179 117 1312 8948 45 77
internal_count=25330 2871 2791 80 22459 2032 1378 66 759 649 318 85 45 110 233 137 60 96 64 70 16259 12929 331 296 179 117 1312 8948 45 77
is_linear=0
shrinkage=0.05


Tree=13
num_leaves=31
num_cat=0
split_feature=236 24 201 54 236 241 211 192 89 61 206 110 239 226 141 17 131 40 215 236 215 236 215 152 194 110 240 226 220 205
split_gain=5.79017e+07 1.7964e+07 1.9461e+07 1.88528e+07 1.47786e+07 8.03127e+06 1.099e+07 1.10038e+07 9.07754e+06 1.24996e+07 7.44901e+06 7.91006e+06 7.43338e+06 7.15127e+06 8.715e+06 6.75492e+06 6.15441e+06 6.01034e+06 5.61324e+06 6.65841e+06 5.84108e+06 6.23715e+06 7.16113e+06 5.73088e+06 5.58313e+06 6.05849e+06 5.56837e+06 6.55658e+06 7.41303e+06 7.00296e+06
threshold=690.89605712890636 -6207.4999999999991 865.92257690429699 1082.6817016601565 444.31143188476568 -989.49999999999989 1369.7500000000002 1374.2500000000002 1289.656921386719 1169.2799072265627 2274.0000000000005 1218.723571777344 2832.5000000000005 231.75000000000003 2409.0000000000005 4486.2500000000009 1125.5928955078127 846.42968750000011 456.78472900390631 510.81964111328131 574.11199951171886 596.25827026367199 663.29534912109386 570.71282958984386 1125.5928955078127 1218.723571777344 187.25000000000003 -2064.7499999999995 -840.24999999999989 -1814.7499999999998
decision_type=2 2 2 2 2 2 2 2 2 2 2 2 2 2 2 2 2 2 2 2 2 2 2 2 2 2 2 2 2 2
left_child=4 2 -2 12 -1 -5 26 8 9 -8 13 16 17 -9 -15 -13 -12 -3 -6 -20 23 -22 -23 -21 -4 -26 27 -7 -29 -30
right_child=1 3 24 5 18 6 7 10 -10 -11 11 15 -14 14 -16 -17 -18 -19 19 20 21 22 -24 -25 25 -27 -28 28 29 -31
leaf_value=2.3277483921189233 -72.070033578872682 -4.5571606846581423 5.518713051932199 -25.371432666324438 -3.2415831585771175 9.4877247387049159 -20.369921505451202 -20.008002851903441 -14.80192784529466 -72.547016734878227 -19.267753964662553 -17.257686112324397 -28.614256638494034 -13.167008253244255 24.606418091542011 -46.914847493171692 13.841988716125488 1.4832021173158987 1.9591781749560675 -0.81114421173215456 3.2506452466064633 -2.9808492015078318 2.8226888245665585 -5.1030137076171656 -44.462090648304333 -7.7606565102286966 9.9082340199693011 -26.294724999812612 20.186401383773141 -9.4430974359512341
leaf_weight=10000 20 1756 21 105 1403 49 22 32 39 24 32 48 29 26 37 32 25 538 3379 2481 1435 1511 820 1133 22 23 58 57 23 150
leaf_count=10000 20 1756 21 105 1403 49 22 32 39 24 32 48 29 26 37 32 25 538 3379 2481 1435 1511 820 1133 22 23 58 57 23 150
internal_value=9.26809e-09 -6.32281 -28.8624 -5.69386 0.903829 -12.5353 -10.4744 -17.1573 -32.5476 -47.5928 -11.5186 -18.9793 -3.45856 -0.759588 9.01738 -29.1206 -4.74594 -3.14055 -0.266965 0.120933 -0.720724 0.657254 -0.939279 -2.15666 -15.7692 -25.7036 -4.18813 -7.11856 -10.6564 -5.50392
internal_weight=25330 3168 86 3082 22162 759 654 317 85 46 232 137 2323 95 63 80 57 2294 12162 10759 7380 3766 2331 3614 66 45 337 279 230 173
internal_count=25330 3168 86 3082 22162 759 654 317 85 46 232 137 2323 95 63 80 57 2294 12162 10759 7380 3766 2331 3614 66 45 337 279 230 173
is_linear=0
shrinkage=0.05


end of trees

feature_importances:
Column_236=33
Column_61=18
Column_215=11
Column_233=11
Column_257=10
Column_4=8
Column_19=8
Column_40=8
Column_89=8
Column_180=8
Column_208=8
Column_226=8
Column_93=7
Column_239=7
Column_26=6
Column_96=6
Column_103=6
Column_194=6
Column_205=6
Column_243=6
Column_5=5
Column_12=5
Column_29=5
Column_82=5
Column_170=5
Column_201=5
Column_211=5
Column_225=5
Column_247=5
Column_250=5
Column_253=5
Column_8=4
Column_54=4
Column_213=4
Column_234=4
Column_241=4
Column_24=3
Column_92=3
Column_104=3
Column_110=3
Column_114=3
Column_124=3
Column_152=3
Column_173=3
Column_176=3
Column_206=3
Column_231=3
Column_246=3
Column_252=3
Column_254=3
Column_1=2
Column_6=2
Column_22=2
Column_39=2
Column_67=2
Column_68=2
Column_71=2
Column_98=2
Column_106=2
Column_129=2
Column_139=2
Column_141=2
Column_142=2
Column_144=2
Column_145=2
Column_156=2
Column_169=2
Column_183=2
Column_191=2
Column_192=2
Column_198=2
Column_203=2
Column_204=2
Column_217=2
Column_219=2
Column_220=2
Column_227=2
Column_229=2
Column_238=2
Column_240=2
Column_245=2
Column_248=2
Column_256=2
Column_0=1
Column_2=1
Column_10=1
Column_13=1
Column_15=1
Column_16=1
Column_17=1
Column_20=1
Column_30=1
Column_32=1
Column_33=1
Column_36=1
Column_48=1
Column_65=1
Column_72=1
Column_78=1
Column_85=1
Column_87=1
Column_99=1
Column_100=1
Column_101=1
Column_107=1
Column_113=1
Column_117=1
Column_118=1
Column_120=1
Column_131=1
Column_135=1
Column_138=1
Column_148=1
Column_149=1
Column_150=1
Column_151=1
Column_153=1
Column_157=1
Column_177=1
Column_181=1
Column_196=1
Column_197=1
Column_202=1
Column_207=1
Column_212=1
Column_218=1
Column_222=1
Column_232=1
Column_235=1
Column_237=1
Column_249=1

parameters:
[boosting: gbdt]
[objective: regression]
[metric: l2]
[tree_learner: serial]
[device_type: cpu]
[data_sample_strategy: bagging]
[data: ]
[valid: ]
[num_iterations: 1000]
[learning_rate: 0.05]
[num_leaves: 31]
[num_threads: 0]
[seed: 42]
[deterministic: 1]
[force_col_wise: 0]
[force_row_wise: 0]
[histogram_pool_size: -1]
[max_depth: -1]
[min_data_in_leaf: 20]
[min_sum_hessian_in_leaf: 0.001]
[bagging_fraction: 1]
[pos_bagging_fraction: 1]
[neg_bagging_fraction: 1]
[bagging_freq: 0]
[bagging_seed: 400]
[bagging_by_query: 0]
[feature_fraction: 1]
[feature_fraction_bynode: 1]
[feature_fraction_seed: 30056]
[extra_trees: 0]
[extra_seed: 12879]
[early_stopping_round: 0]
[early_stopping_min_delta: 0]
[first_metric_only: 0]
[max_delta_step: 0]
[lambda_l1: 0]
[lambda_l2: 0]
[linear_lambda: 0]
[min_gain_to_split: 0]
[drop_rate: 0.1]
[max_drop: 50]
[skip_drop: 0.5]
[xgboost_dart_mode: 0]
[uniform_drop: 0]
[drop_seed: 17869]
[top_rate: 0.2]
[other_rate: 0.1]
[min_data_per_group: 100]
[max_cat_threshold: 32]
[cat_l2: 10]
[cat_smooth: 10]
[max_cat_to_onehot: 4]
[top_k: 20]
[monotone_constraints: ]
[monotone_constraints_method: basic]
[monotone_penalty: 0]
[feature_contri: ]
[forcedsplits_filename: ]
[refit_decay_rate: 0.9]
[cegb_tradeoff: 1]
[cegb_penalty_split: 0]
[cegb_penalty_feature_lazy: ]
[cegb_penalty_feature_coupled: ]
[path_smooth: 0]
[interaction_constraints: ]
[verbosity: -1]
[saved_feature_importance_type: 0]
[use_quantized_grad: 0]
[num_grad_quant_bins: 4]
[quant_train_renew_leaf: 0]
[stochastic_rounding: 1]
[linear_tree: 0]
[max_bin: 255]
[max_bin_by_feature: ]
[min_data_in_bin: 3]
[bin_construct_sample_cnt: 200000]
[data_random_seed: 175]
[is_enable_sparse: 1]
[enable_bundle: 1]
[use_missing: 1]
[zero_as_missing: 0]
[feature_pre_filter: 1]
[pre_partition: 0]
[two_round: 0]
[header: 0]
[label_column: ]
[weight_column: ]
[group_column: ]
[ignore_column: ]
[categorical_feature: ]
[forcedbins_filename: ]
[precise_float_parser: 0]
[parser_config_file: ]
[objective_seed: 16083]
[num_class: 1]
[is_unbalance: 0]
[scale_pos_weight: 1]
[sigmoid: 1]
[boost_from_average: 1]
[reg_sqrt: 0]
[alpha: 0.9]
[fair_c: 1]
[poisson_max_delta_step: 0.7]
[tweedie_variance_power: 1.5]
[lambdarank_truncation_level: 30]
[lambdarank_norm: 1]
[label_gain: ]
[lambdarank_position_bias_regularization: 0]
[eval_at: ]
[multi_error_top_k: 1]
[auc_mu_weights: ]
[num_machines: 1]
[local_listen_port: 12400]
[time_out: 120]
[machine_list_filename: ]
[machines: ]
[gpu_platform_id: -1]
[gpu_device_id: -1]
[gpu_device_id_list: ]
[gpu_use_dp: 0]
[num_gpu: 1]

end of parameters

pandas_categorical:null
