tree
version=v4
num_class=1
num_tree_per_iteration=1
label_index=0
max_feature_idx=146
objective=regression
feature_names=Column_0 Column_1 Column_2 Column_3 Column_4 Column_5 Column_6 Column_7 Column_8 Column_9 Column_10 Column_11 Column_12 Column_13 Column_14 Column_15 Column_16 Column_17 Column_18 Column_19 Column_20 Column_21 Column_22 Column_23 Column_24 Column_25 Column_26 Column_27 Column_28 Column_29 Column_30 Column_31 Column_32 Column_33 Column_34 Column_35 Column_36 Column_37 Column_38 Column_39 Column_40 Column_41 Column_42 Column_43 Column_44 Column_45 Column_46 Column_47 Column_48 Column_49 Column_50 Column_51 Column_52 Column_53 Column_54 Column_55 Column_56 Column_57 Column_58 Column_59 Column_60 Column_61 Column_62 Column_63 Column_64 Column_65 Column_66 Column_67 Column_68 Column_69 Column_70 Column_71 Column_72 Column_73 Column_74 Column_75 Column_76 Column_77 Column_78 Column_79 Column_80 Column_81 Column_82 Column_83 Column_84 Column_85 Column_86 Column_87 Column_88 Column_89 Column_90 Column_91 Column_92 Column_93 Column_94 Column_95 Column_96 Column_97 Column_98 Column_99 Column_100 Column_101 Column_102 Column_103 Column_104 Column_105 Column_106 Column_107 Column_108 Column_109 Column_110 Column_111 Column_112 Column_113 Column_114 Column_115 Column_116 Column_117 Column_118 Column_119 Column_120 Column_121 Column_122 Column_123 Column_124 Column_125 Column_126 Column_127 Column_128 Column_129 Column_130 Column_131 Column_132 Column_133 Column_134 Column_135 Column_136 Column_137 Column_138 Column_139 Column_140 Column_141 Column_142 Column_143 Column_144 Column_145 Column_146
feature_infos=[-6811:6182.5] [-6565.5:6505] [-7070.5:5785] [-6585:6127.5] [-9043.60546875:5768.2998046875] [82.652725219726562:1102.033447265625] [-6176.08837890625:6029.22509765625] [-6585.5:6125] [-6506.5:6447.5] [-6931:5727.5] [-6695.5:6070] [-8999.580078125:5780.1748046875] [82.652725219726562:1102.033447265625] [-6157.8076171875:6004.75048828125] [-6696:6062.5] [-6585.5:6232.5] [-6961:5657.5] [-6792.5:5750] [-8949.580078125:5794.875] [82.652725219726562:1102.033447265625] [-6134.52587890625:5978.4091796875] [-6792:5750] [-6695:6122.5] [-7144.5:5507.5] [-6812:6105] [-8897.830078125:5810.4248046875] [82.652725219726562:1102.033447265625] [-6177.88720703125:5989.91748046875] [-6811.5:6105] [-6714.5:6392.5] [-7091:5707.5] [-6922.5:6047.5] [-8848.8798828125:5814.7998046875] [82.652725219726562:1102.033447265625] [-6245.5791015625:5979.92529296875] [-6922:6047.5] [-6825:6335] [-7149.5:5650] [-6848:5822.5] [-8799.48046875:5814.4501953125] [82.652725219726562:1102.033447265625] [-6300.3447265625:5961.068359375] [-6847.5:5820] [-6590:6030] [-7169:5527.5] [-6790.5:5715] [-8748.080078125:5814.3251953125] [82.652725219726562:1102.033447265625] [-6341.1767578125:5903.568359375] [-6789.5:5717.5] [-6700.5:5752.5] [-7279.5:5177.5] [-6900:5355] [-8694.60546875:5814.580078125] [82.652725219726562:1102.033447265625] [-6390.615234375:5733.92578125] [-6899:5355] [-6547.5:5642.5] [-7374:4980] [-6919.5:5495] [-8641.5302734375:5817.77978515625] [82.652725219726562:1102.033447265625] [-6417.51416015625:5537.65966796875] [-6918.5:5495] [-6658:5782.5] [-7393.5:5097.5] [-7030:5567.5] [-8590.8798828125:5817.35498046875] [82.652725219726562:1102.033447265625] [-6473.19482421875:5452.41748046875] [-7029:5567.5] [-5679.5:5855] [-7504:5170] [-6051.5:5342.5] [-8541.23046875:5806.52978515625] [82.652725219726562:1102.033447265625] [-6400.44970703125:5442.42529296875] [-6050.5:5340] [-5404.5:5550] [-6525.5:5047.5] [-5776.5:5235] [-8489.5546875:5794.580078125] [82.652725219726562:1102.033447265625] [-5992.13623046875:5423.568359375] [-5775.5:5237.5] [-5280.5:5270] [-6250.5:4462.5] [-5652.5:4650] [-8427.6298828125:5797.77978515625] [82.652725219726562:1102.033447265625] [-5696.03271484375:5253.92578125] [-5651.5:4652.5] [-4759.5:4727.5] [-6126.5:4225] [-5013.5:4412.5] [-8351.0048828125:5797.35498046875] [82.652725219726562:1102.033447265625] [-5424.21142578125:5057.65966796875] [-5013:4415] [-4916:4447.5] [-5292:3440] [-4939:3627.5] [-8272.8798828125:5786.52978515625] [82.652725219726562:1102.033447265625] [-5107.55615234375:4769.0087890625] [-4938.5:3630] [-4717:3702.5] [-5309:3087.5] [-5089:3685] [-8187.2548828125:5759.30517578125] [82.652725219726562:1102.033447265625] [-4842.7783203125:4534.78076171875] [-5088:3685] [-4791.5:3972.5] [-5563:3287.5] [-4976:3460] [-8102.705078125:5731.580078125] [82.652725219726562:1102.033447265625] [-4603.61669921875:4329.11865234375] [-4975.5:3457.5] [-4527:3667.5] [-5180.5:3165] [-4777.5:3352.5] [-8012.77978515625:5701.72998046875] [82.652725219726562:1102.033447265625] [-4508.51416015625:4081.698974609375] [-4776.5:3355] [-4749:4182.5] [-5240:1952.5] [-5121:2140] [-7912.80517578125:5669.77978515625] [82.652725219726562:1102.033447265625] [-4564.19482421875:3785.408203125] [-5120:2142.5] [-2419.5:3979.5] [-5595:1510] [-3764:1971] [-7813.47998046875:5632.10498046875] [82.652725219726562:1102.033447265625] [-4491.44970703125:3494.4619140625] [-3759:2008] [0:3450.5] [-4277:0] none [-7700.93017578125:5575.6298828125] [82.652725219726562:1102.033447265625] [-4083.135986328125:3176.78369140625]
tree_sizes=2890 2876 2866 2878 2870 2885 2872 2873 2865 2871 2851 2850 2833 2855 2827 2797 2839 2853 2816

Tree=0
num_leaves=31
num_cat=0
split_feature=124 68 124 117 127 33 103 68 134 127 106 124 141 134 135 121 119 142 142 145 100 114 106 135 75 106 108 1 127 23
split_gain=3.71225e+07 1.34401e+07 5.39901e+06 3.66363e+06 3.27132e+06 2.51917e+06 2.35814e+06 2.32657e+06 2.29423e+06 2.01222e+06 2.60263e+06 2.01001e+06 1.72138e+06 1.61172e+06 1.74574e+06 1.59385e+06 1.54193e+06 2.35188e+06 1.63956e+06 1.42921e+06 1.50175e+06 1.41818e+06 1.40683e+06 1.30646e+06 1.75369e+06 2.42934e+06 1.84817e+06 1.59675e+06 1.32819e+06 1.82051e+06
threshold=273.86253356933599 697.67520141601574 188.93824768066409 366.12072753906256 -104.74999999999999 756.37554931640636 297.50462341308599 756.37554931640636 569.25000000000011 356.75000000000006 940.25000000000011 302.91500854492193 417.75000000000006 90.750000000000014 -197.24999999999997 170.25000000000003 -1247.2499999999998 -803.24999999999989 -323.74999999999994 424.42092895507818 -751.74999999999989 -938.74999999999989 30.250000000000004 -524.49999999999989 598.35256958007824 218.75000000000003 248.25000000000003 -2043.9999999999998 -109.24999999999999 -1356.9999999999998
decision_type=2 2 2 2 2 2 2 2 2 2 2 2 2 2 2 2 2 2 2 2 2 2 2 2 2 2 2 2 2 2
left_child=2 3 -1 6 21 -6 9 -7 16 10 12 -8 -2 14 -4 -9 18 -18 -5 20 -13 -3 -10 27 28 -26 -27 -19 29 -25
right_child=1 4 13 8 5 7 11 15 22 -11 -12 19 -14 -15 -16 -17 17 23 -20 -21 -22 -23 -24 24 25 26 -28 -29 -30 -31
leaf_value=-112.12274801954769 -117.79594222535619 -133.9855513756772 -113.35612667751798 -135.92411206554556 -121.24151424298691 -148.47202903897747 -112.99274135699758 -120.09531594762167 -123.39855664509386 -113.68566444774204 -128.64202894353241 -120.39813043432416 -132.57077875287516 -113.17516266548685 -115.28235130437504 -138.22532411595458 -103.35146060096767 -125.45756456865908 -117.70827899333733 -103.51509718134821 -115.82147818531553 -152.3820282617329 -112.58094378448642 -135.04734136135562 -119.02125978876795 -146.2282781949757 -126.85281003088934 -113.55064005057365 -119.18781408954531 -120.93640401029272
leaf_weight=9306 1378 22 2056 30 85 20 679 27 36 262 60 202 20 4990 2749 22 22 35 21 22 1591 20 182 32 52 20 32 144 882 80
leaf_count=9306 1378 22 2056 30 85 20 679 27 36 262 60 202 20 4990 2749 22 22 35 21 22 1591 20 182 32 52 20 32 144 882 80
internal_value=-114.061 -117.5 -112.985 -117.063 -130.377 -127.003 -116.296 -134.101 -119.127 -117.72 -118.445 -115.313 -118.007 -113.805 -114.458 -128.235 -119.895 -119.56 -128.423 -116.182 -116.337 -142.746 -114.367 -119.84 -120.485 -126.663 -134.305 -115.879 -119.839 -124.968
internal_weight=25079 5978 19101 5782 196 154 4214 69 1568 1720 1458 2494 1398 9795 4805 49 1350 1299 51 1815 1793 42 218 1277 1098 104 52 179 994 112
internal_count=25079 5978 19101 5782 196 154 4214 69 1568 1720 1458 2494 1398 9795 4805 49 1350 1299 51 1815 1793 42 218 1277 1098 104 52 179 994 112
is_linear=0
shrinkage=1


Tree=1
num_leaves=31
num_cat=0
split_feature=124 68 82 117 117 145 54 62 103 134 75 127 100 134 135 46 1 122 29 142 117 12 141 117 15 1 106 22 141 86
split_gain=3.3503e+07 1.21297e+07 4.9638e+06 3.30643e+06 3.1187e+06 3.37812e+06 2.38144e+06 3.61399e+06 2.12822e+06 2.07054e+06 1.88405e+06 1.81603e+06 2.40033e+06 1.58158e+06 1.60273e+06 1.55547e+06 2.2427e+06 4.20497e+06 2.25583e+06 1.87601e+06 2.3657e+06 1.60571e+06 1.55031e+06 1.54835e+06 1.50155e+06 1.30298e+06 1.26966e+06 1.21865e+06 1.29154e+06 1.04141e+06
threshold=273.86253356933599 697.67520141601574 182.86527252197268 366.12072753906256 756.37554931640636 756.37554931640636 756.37554931640636 140.11689758300784 297.50462341308599 569.25000000000011 320.29513549804693 356.75000000000006 713.75000000000011 90.750000000000014 -197.24999999999997 -3808.277465820312 -1309.4999999999998 -896.74999999999989 -837.24999999999989 -466.24999999999994 642.43734741210949 523.07272338867199 417.75000000000006 497.39965820312506 1762.7500000000002 -489.74999999999994 30.250000000000004 -371.74999999999994 162.75000000000003 1206.7500000000002
decision_type=2 2 2 2 2 2 2 2 2 2 2 2 2 2 2 2 2 2 2 2 2 2 2 2 2 2 2 2 2 2
left_child=2 3 -1 8 6 -6 7 -3 11 15 -10 12 22 14 -4 21 17 -17 -19 23 29 -5 -2 -18 -7 -12 -11 28 -27 -21
right_child=1 4 13 9 5 24 -8 -9 10 26 25 -13 -14 -15 -16 16 19 18 -20 20 -22 -23 -24 -25 -26 27 -28 -29 -30 -31
leaf_value=1.9216553855340199 -3.5628769303253836 -27.39647898144192 0.723040957304668 -5.0711633176514601 -36.875246360384189 -6.4360747218132026 -1.2546777140010488 -5.6861926009015349 0.28420664018855013 -8.870349819130368 -5.8329563593939895 0.35689780885026656 -14.410904809778387 0.90528432160141981 -1.0511607196432788 -31.884158212488348 -4.3555668015480045 -4.9774073371180787 -20.475935552914937 -5.7353727549682629 -20.47269985764115 6.8764818950575224 -17.583960723876952 8.6667621811230973 -24.520360885966909 0.29007574121157326 1.4063821870547075 -2.1730976731396043 15.41322581768036 4.605669059753418
leaf_weight=8509 1383 36 2172 66 29 24 44 41 1160 36 237 262 55 5345 3075 22 50 108 30 931 27 49 20 42 22 48 182 1029 20 25
leaf_count=8509 1383 36 2172 66 29 24 44 41 1160 36 237 262 55 5345 3075 22 50 108 30 931 27 49 20 42 22 48 182 1029 20 25
internal_value=-3.37363e-08 -3.26668 1.02237 -2.85201 -15.4995 -23.5106 -10.534 -15.8365 -2.12266 -4.81214 -1.18952 -3.47572 -4.16443 0.299931 -0.316728 -5.54227 -6.06018 -11.5831 -8.34665 -5.23817 -5.87717 0.0195725 -3.76275 1.58941 -15.0851 -2.47102 -0.290693 -1.74469 4.73806 -5.46495
internal_weight=25079 5978 19101 5782 196 75 121 77 4214 1568 2494 1720 1458 10592 5247 1350 1235 160 138 1075 983 115 1403 92 46 1334 218 1097 68 956
internal_count=25079 5978 19101 5782 196 75 121 77 4214 1568 2494 1720 1458 10592 5247 1350 1235 160 138 1075 983 115 1403 92 46 1334 218 1097 68 956
is_linear=0
shrinkage=0.05


Tree=2
num_leaves=31
num_cat=0
split_feature=124 68 124 121 113 120 23 142 93 72 124 141 103 142 54 0 134 127 100 82 75 112 128 118 67 11 62 68 103 122
split_gain=3.02365e+07 1.0947e+07 4.49003e+06 3.08407e+06 3.99257e+06 6.24569e+06 3.07338e+06 2.92596e+06 2.7343e+06 2.61209e+06 2.48849e+06 2.54322e+06 2.52206e+06 2.44718e+06 2.09834e+06 2.02952e+06 1.74961e+06 1.52152e+06 1.55308e+06 1.48194e+06 1.44157e+06 1.37382e+06 1.53427e+06 1.35982e+06 1.3512e+06 1.38967e+06 2.15263e+06 1.5703e+06 1.39887e+06 1.33664e+06
threshold=273.86253356933599 697.67520141601574 188.93824768066409 -862.24999999999989 326.75000000000006 511.25000000000006 -2258.7499999999995 -803.24999999999989 118.75000000000001 855.25000000000011 342.62866210937506 3.2500000000000004 297.50462341308599 -658.74999999999989 396.30473327636724 2111.5000000000005 569.25000000000011 356.75000000000006 713.75000000000011 642.43734741210949 322.89329528808599 1017.0000000000001 18.750000000000004 1193.8001098632815 -3680.8525390624995 -2086.369995117187 96.040279388427749 411.96957397460943 424.27502441406256 -49.749999999999993
decision_type=2 2 2 2 2 2 2 2 2 2 2 2 2 2 2 2 2 2 2 2 2 2 2 2 2 2 2 2 2 2
left_child=2 6 -1 -3 29 -6 13 14 -7 -10 12 -12 17 -2 -8 -11 21 18 -9 -15 -14 23 -23 24 -13 26 -26 28 -27 -5
right_child=1 3 -4 4 5 8 7 10 9 15 11 16 20 19 -16 -17 -18 -19 -20 -21 -22 22 -24 -25 25 27 -28 -29 -30 -31
leaf_value=1.7577279326162292 -23.884960510253908 -28.41514946082059 0.22403360083668802 -7.5469861157735201 -37.203631179086095 5.8920383834838868 -0.49078864574432379 -3.5804295228412979 -30.209245855510233 3.1839754176139832 -21.770539340972903 2.1954480466842652 0.57788024625385848 -4.6613326434431412 22.413036453723908 -19.341123337745667 0.35177698419852693 0.31535566741321969 -12.82427551391277 -19.095983632405602 -2.192285552829834 -16.116955957607349 -0.22269864949313078 3.499284727172109 -6.6919400342717026 -3.2729190506584418 -23.759925346374516 -6.4959251805433729 5.3448746504783635 8.4740729145381763
leaf_weight=9306 25 34 9795 30 29 20 20 1368 20 20 20 75 1112 116 20 20 220 254 47 21 813 49 22 57 242 809 20 422 50 23
leaf_count=9306 25 34 9795 30 29 20 20 1368 20 20 20 75 1112 116 20 20 220 254 47 21 813 49 22 57 242 809 20 422 50 23
internal_value=2.44643e-08 -3.10335 0.971249 -14.7246 -11.8512 -17.3247 -2.70941 -2.51369 -10.1186 -15.4555 -2.61029 -4.03072 -1.82537 -9.4991 10.9611 -8.07857 -3.85025 -3.24785 -3.88747 -6.87394 -0.592065 -4.37972 -11.192 -4.09096 -4.35835 -4.67691 -7.99484 -3.9983 -2.7713 -0.594451
internal_weight=25079 5978 19101 196 162 109 5782 5620 80 60 5580 1986 3594 162 40 40 1966 1669 1415 137 1925 1746 71 1675 1618 1543 262 1281 859 53
internal_count=25079 5978 19101 196 162 109 5782 5620 80 60 5580 1986 3594 162 40 40 1966 1669 1415 137 1925 1746 71 1675 1618 1543 262 1281 859 53
is_linear=0
shrinkage=0.05


Tree=3
num_leaves=31
num_cat=0
split_feature=124 33 124 61 9 1 28 115 140 78 50 103 105 124 124 96 103 142 33 12 79 34 13 33 141 129 93 1 16 117
split_gain=2.74441e+07 9.02815e+06 6.33752e+06 4.54e+06 3.40753e+06 3.39159e+06 2.14721e+06 2.21802e+06 2.72672e+06 2.29574e+06 1.89161e+06 1.71282e+06 1.53257e+06 1.46652e+06 1.42079e+06 1.63186e+06 1.61715e+06 1.40278e+06 1.40756e+06 1.44409e+06 1.59416e+06 1.52135e+06 1.60863e+06 1.37674e+06 1.36299e+06 1.29038e+06 1.08936e+06 1.06364e+06 1.04026e+06 983112
threshold=302.91500854492193 756.37554931640636 208.1150817871094 756.37554931640636 1528.5000000000002 -1309.4999999999998 -704.24999999999989 -1256.2499999999998 -389.74999999999994 -1642.9999999999998 -1643.7499999999998 270.59570312500006 -1064.4999999999998 143.42427062988284 250.35590362548831 302.84857177734381 237.26721954345706 -803.24999999999989 388.34660339355474 388.34660339355474 -504.74999999999994 -703.13952636718739 -881.31008911132801 260.81820678710943 101.75000000000001 -336.24999999999994 -29.749999999999996 -362.24999999999994 -1203.7499999999998 274.88392639160162
decision_type=2 2 2 2 2 2 2 2 2 2 2 2 2 2 2 2 2 2 2 2 2 2 2 2 2 2 2 2 2 2
left_child=2 5 13 -3 -5 6 7 8 -2 25 -7 23 -11 -1 16 29 28 -13 -19 20 -20 22 24 -12 -21 -9 -14 -23 -4 -16
right_child=1 3 14 4 -6 10 -8 9 -10 12 11 17 26 -15 15 -17 -18 18 19 21 -22 27 -24 -25 -26 -27 -28 -29 -30 -31
leaf_value=2.362304515943555 -29.891498153859921 -34.232026618719104 -4.7863817945007208 -3.2495424834164712 -27.349943043968892 -16.082380882898967 -23.622424921393396 14.562758522033693 -5.5216721296310425 -16.874053467341835 -2.8728432514450768 7.3487419686998638 -4.6171845579368433 1.1358147165292729 -0.68014826411571272 1.5794756769420619 1.4323885410502517 -2.0002578577863299 -20.385332931518555 -7.9478571176528936 -6.4434645075547072 -11.643270184348028 14.100925879478456 -14.890045624856766 2.2536862259350934 -2.6335545063018801 -14.165505490583534 -3.9588460659935745 -0.20201526843728962 -2.3744979722255759
leaf_weight=3465 22 32 129 44 22 27 20 20 24 35 44 35 246 8217 2305 564 1982 2251 25 48 114 48 20 52 103 24 34 728 3037 1362
leaf_count=3465 22 32 129 44 22 27 20 20 24 35 44 35 246 8217 2305 564 1982 2251 25 48 114 48 20 52 103 24 34 728 3037 1362
internal_value=-2.28169e-08 -3.78681 0.722445 -18.7766 -11.283 -3.41207 -7.6296 -6.83983 -17.1768 -5.51531 -2.89921 -2.79657 -7.00967 1.4996 -0.245544 -0.924364 0.31236 -2.60908 -2.71353 -4.19195 -8.95099 -3.49342 0.775737 -9.38216 -0.989188 5.18295 -5.77662 -4.43417 -0.388807 -1.30946
internal_weight=25079 4018 21061 98 66 3920 425 405 46 359 3495 3468 315 11682 9379 4231 5148 3372 3337 1086 139 947 171 96 151 44 280 776 3166 3667
internal_count=25079 4018 21061 98 66 3920 425 405 46 359 3495 3468 315 11682 9379 4231 5148 3372 3337 1086 139 947 171 96 151 44 280 776 3166 3667
is_linear=0
shrinkage=0.05


Tree=4
num_leaves=31
num_cat=0
split_feature=124 33 124 61 9 1 28 115 140 78 50 103 105 124 124 145 96 117 142 33 134 67 118 114 105 33 129 52 117 37
split_gain=2.47683e+07 8.14791e+06 5.71961e+06 4.09735e+06 3.0753e+06 3.06091e+06 1.93786e+06 2.00176e+06 2.46087e+06 2.07191e+06 1.70718e+06 1.54582e+06 1.38314e+06 1.32353e+06 1.29795e+06 1.66198e+06 1.43066e+06 1.90373e+06 1.26601e+06 1.27032e+06 1.39375e+06 1.3879e+06 1.39262e+06 2.11448e+06 1.44248e+06 1.24251e+06 1.16457e+06 1.16192e+06 1.23002e+06 1.34404e+06
threshold=302.91500854492193 756.37554931640636 208.1150817871094 756.37554931640636 1528.5000000000002 -1309.4999999999998 -704.24999999999989 -1256.2499999999998 -389.74999999999994 -1642.9999999999998 -1643.7499999999998 270.59570312500006 -1064.4999999999998 143.42427062988284 246.33631134033206 224.08947753906253 267.34095764160162 274.88392639160162 -803.24999999999989 388.34660339355474 569.25000000000011 -3680.8525390624995 1193.8001098632815 373.75000000000006 1013.7500000000001 260.81820678710943 -336.24999999999994 -1317.2499999999998 697.67520141601574 1375.2500000000002
decision_type=2 2 2 2 2 2 2 2 2 2 2 2 2 2 2 2 2 2 2 2 2 2 2 2 2 2 2 2 2 2
left_child=2 5 13 -3 -5 6 7 8 -2 26 -7 25 -11 -1 15 -4 17 -16 -13 -20 21 -21 24 -24 27 -12 -9 -23 29 -29
right_child=1 3 14 4 -6 10 -8 9 -10 12 11 18 -14 -15 16 -17 -18 -19 19 20 -22 22 23 -25 -26 -27 -28 28 -30 -31
leaf_value=2.2441892817878792 -28.396923706748272 -32.520424717664717 -0.65217015834772674 -3.0870652984489095 -25.98244597695091 -15.278261829305578 -22.441304020881656 13.834620294570923 -5.2455885211626692 -16.030350987570625 -2.7292011465538635 6.9813052456719538 -5.4877923755986355 1.0790240373959552 -1.0609230144450357 1.2421626752315154 -0.0043416634458818262 -4.8927298731969886 -1.9002449054124519 5.3368336457194703 0.29549909167819555 5.626206127802531 13.191923278808595 -8.3295048872629813 -17.649161203702292 -14.145543346038233 -2.5018767674764 -5.5350954284283835 -16.455024604797366 7.2898554347810292
leaf_weight=3465 22 32 2168 44 22 27 20 20 24 35 44 35 280 8217 1807 2485 2524 395 2251 33 162 24 25 21 24 52 24 751 25 21
leaf_count=3465 22 32 2168 44 22 27 20 20 24 35 44 35 280 8217 1807 2485 2524 395 2251 33 162 24 25 21 24 52 24 751 25 21
internal_value=1.66702e-08 -3.59747 0.686323 -17.8377 -10.7189 -3.24147 -7.24812 -6.49784 -16.318 -5.23955 -2.75425 -2.65674 -6.65919 1.42462 -0.233266 0.359525 -0.816901 -1.74828 -2.47863 -2.57785 -3.98235 -4.73236 -5.10529 3.36692 -5.5665 -8.91305 4.9238 -5.2133 -5.53971 -5.18623
internal_weight=25079 4018 21061 98 66 3920 425 405 46 359 3495 3468 315 11682 9379 4653 4726 2202 3372 3337 1086 924 891 46 845 96 44 821 797 772
internal_count=25079 4018 21061 98 66 3920 425 405 46 359 3495 3468 315 11682 9379 4653 4726 2202 3372 3337 1086 924 891 46 845 96 44 821 797 772
is_linear=0
shrinkage=0.05


Tree=5
num_leaves=31
num_cat=0
split_feature=124 68 82 122 113 120 23 142 93 54 127 33 93 8 4 142 113 79 134 135 82 96 145 128 107 113 121 4 99 135
split_gain=2.23967e+07 8.53008e+06 3.43824e+06 2.81461e+06 3.48808e+06 5.56093e+06 2.42166e+06 2.39045e+06 2.22467e+06 1.88371e+06 1.88293e+06 1.92814e+06 1.96555e+06 2.54854e+06 1.97366e+06 1.87516e+06 1.83537e+06 1.74057e+06 1.35441e+06 1.47039e+06 1.32797e+06 1.26574e+06 1.68746e+06 1.22103e+06 1.16246e+06 1.55555e+06 1.49472e+06 1.2639e+06 1.952e+06 1.25229e+06
threshold=273.86253356933599 697.67520141601574 182.11767578125003 -558.24999999999989 326.75000000000006 520.25000000000011 -2258.7499999999995 -803.24999999999989 118.75000000000001 396.30473327636724 307.75000000000006 396.30473327636724 -1059.7499999999998 -384.24999999999994 -4067.8500976562495 -658.74999999999989 833.25000000000011 773.50000000000011 90.750000000000014 -197.24999999999997 642.43734741210949 642.43734741210949 598.35256958007824 -825.74999999999989 -734.74999999999989 -49.749999999999993 -477.24999999999994 -941.58502197265614 740.75000000000011 -180.74999999999997
decision_type=2 2 2 2 2 2 2 2 2 2 2 2 2 2 2 2 2 2 2 2 2 2 2 2 2 2 2 2 2 2
left_child=2 6 -1 -3 -5 -6 15 9 -7 -8 11 16 23 14 -14 -2 24 -10 19 -4 -17 22 -12 -13 26 -26 -9 28 -27 -28
right_child=1 3 18 4 5 8 7 10 17 -11 21 12 13 -15 -16 20 -18 -19 -20 -21 -22 -23 -24 -25 25 27 29 -29 -30 -31
leaf_value=1.5922520267065088 -20.942891422271728 -26.245726748668787 0.66561504672158123 0.30393673361472362 -33.668633647759755 5.5497066861107243 -0.82037292480468749 -2.4446711235900032 -23.415630455017091 20.880508759021762 -0.86049078453746108 -6.3497285917401314 -1.1031370228734509 -4.5703564686649099 -15.885478771609421 -3.9576428231237268 -9.3215485356424175 -6.0363197281080136 0.79883099499052168 -1.02580433335196 -17.621874200730097 -9.4185915015992663 10.394831761191874 5.8546526189436001 0.11530778973802376 -5.8412970168221943 -13.584354910209999 -1.863329123580298 9.8183168184189569 -4.6182691613833109
leaf_weight=8410 25 33 2190 53 30 21 20 317 25 20 1620 32 29 397 102 116 92 34 5392 3109 21 42 34 57 787 380 67 1510 21 93
leaf_count=8410 25 33 2190 53 30 21 20 317 25 20 1620 32 29 397 102 116 92 34 5392 3109 21 42 34 57 787 380 67 1510 21 93
internal_value=-5.58193e-09 -2.67089 0.835904 -12.9293 -10.2333 -15.3104 -2.32315 -2.14942 -8.42602 10.0301 -2.23673 -2.84367 -5.40716 -6.5658 -12.6131 -8.35011 -2.35953 -13.4004 0.240929 -0.326765 -6.05216 -0.846788 -0.629124 1.46656 -2.1578 -1.75552 -4.43315 -2.52597 -5.02122 -8.37282
internal_weight=25079 5978 19101 196 163 110 5782 5620 80 40 5580 3884 617 528 131 162 3267 59 10691 5299 137 1696 1654 89 3175 2698 477 1911 401 160
internal_count=25079 5978 19101 196 163 110 5782 5620 80 40 5580 3884 617 528 131 162 3267 59 10691 5299 137 1696 1654 89 3175 2698 477 1911 401 160
is_linear=0
shrinkage=0.05


Tree=6
num_leaves=31
num_cat=0
split_feature=124 33 124 61 9 1 93 115 140 79 124 67 50 103 134 40 103 65 54 117 71 134 8 22 107 129 13 145 23 86
split_gain=2.03835e+07 6.80371e+06 4.77011e+06 3.61711e+06 2.81233e+06 2.567e+06 1.7229e+06 1.848e+06 2.00945e+06 1.83788e+06 1.57734e+06 1.46051e+06 1.71999e+06 1.35929e+06 1.25405e+06 1.25224e+06 1.2033e+06 1.20312e+06 1.15515e+06 1.14859e+06 1.54515e+06 1.65869e+06 1.37259e+06 1.60366e+06 1.17802e+06 1.27922e+06 1.25372e+06 1.15637e+06 1.14804e+06 1.46861e+06
threshold=302.91500854492193 756.37554931640636 232.4017028808594 756.37554931640636 1528.5000000000002 -1391.7499999999998 37.750000000000007 -1256.2499999999998 -389.74999999999994 -2096.2499999999995 143.42427062988284 -3680.8525390624995 -1643.7499999999998 270.59570312500006 74.750000000000014 255.91955566406253 237.26721954345706 -835.49999999999989 252.18423461914065 366.12072753906256 -434.24999999999994 569.25000000000011 -392.24999999999994 -268.24999999999994 -772.74999999999989 -391.24999999999994 453.16311645507818 424.42092895507818 2095.2500000000005 1206.7500000000002
decision_type=2 2 2 2 2 2 2 2 2 2 2 2 2 2 2 2 2 2 2 2 2 2 2 2 2 2 2 2 2 2
left_child=2 5 10 -3 -5 6 7 8 -2 -9 -1 -7 -13 -14 -12 -15 -4 -11 -17 27 -21 22 23 -22 -24 26 -26 -20 29 -27
right_child=1 3 16 4 -6 11 -8 9 -10 17 14 12 13 15 -16 18 -18 -19 19 20 21 -23 24 -25 25 28 -28 -29 -30 -31
leaf_value=2.0524428074115626 -26.069736498052425 -30.071676565706731 -1.9786787103615806 -2.2893618117679249 -24.183971023017712 6.6467874665592994 -17.894878453016283 4.68551534287473 -4.9329187476116685 -7.7750401872029249 0.28822532969415149 -15.43683519569727 -8.363718901159837 2.790685848081321 1.3473499811420779 -13.959138098630039 -0.19442291283643942 0.41174536253276628 -1.8137975397984207 0.64644002888372043 -6.3566177399910018 0.070760412901145972 -10.538528282877426 -18.566498909498517 -4.7275951868011843 -4.3443757893790336 11.844169703483582 10.271822590827943 -14.639622510167269 9.4140841627120988
leaf_weight=3465 22 32 1152 44 22 43 32 47 23 211 5448 26 97 114 5739 22 5257 57 1907 183 92 181 71 38 21 642 25 20 26 20
leaf_count=3465 22 32 1152 44 22 43 32 47 23 211 5448 26 97 114 5739 22 5257 57 1907 183 92 181 71 38 21 642 25 20 26 20
internal_value=5.56157e-09 -3.26354 0.622615 -16.2763 -9.58756 -2.93822 -6.77671 -5.78843 -15.2665 -4.43443 1.12028 -2.51172 -2.62472 -2.52842 0.831563 -2.36006 -0.515138 -6.03382 -2.54084 -2.46297 -3.61207 -4.31037 -5.15849 -9.92566 -4.38863 -3.79375 4.2788 -1.68836 -4.33349 -3.92871
internal_weight=25079 4018 21061 98 66 3920 392 360 45 315 14652 3528 3485 3459 11187 3362 6409 268 3248 3226 1299 1116 935 130 805 734 46 1927 688 662
internal_count=25079 4018 21061 98 66 3920 392 360 45 315 14652 3528 3485 3459 11187 3362 6409 268 3248 3226 1299 1116 935 130 805 734 46 1927 688 662
is_linear=0
shrinkage=0.05


Tree=7
num_leaves=31
num_cat=0
split_feature=124 40 127 82 23 133 6 2 43 102 134 113 68 114 100 84 145 124 134 135 127 107 106 136 107 68 86 99 96 120
split_gain=1.844e+07 7.20457e+06 3.23687e+06 2.85261e+06 2.54444e+06 2.0885e+06 1.99781e+06 1.90475e+06 2.61232e+06 1.66578e+06 1.60741e+06 1.55693e+06 2.15827e+06 2.09534e+06 1.88749e+06 1.86861e+06 1.23656e+06 2.84144e+06 1.22026e+06 1.28965e+06 1.17391e+06 1.14599e+06 1.10447e+06 1.42951e+06 1.29284e+06 1.03367e+06 1.8805e+06 1.08729e+06 1.0329e+06 1.3486e+06
threshold=273.86253356933599 697.67520141601574 -104.74999999999999 182.86527252197268 -2258.7499999999995 -927.74999999999989 -2006.8719482421873 1590.5000000000002 -460.74999999999994 2015.257507324219 268.75000000000006 73.750000000000014 411.96957397460943 -274.74999999999994 185.25000000000003 -377.74999999999994 756.37554931640636 697.67520141601574 90.750000000000014 -197.24999999999997 271.25000000000006 -344.74999999999994 268.25000000000006 -134.74999999999997 -363.74999999999994 523.07272338867199 -1438.2499999999998 -1327.4999999999998 424.27502441406256 472.75000000000006
decision_type=2 2 2 2 2 2 2 2 2 2 2 2 2 2 2 2 2 2 2 2 2 2 2 2 2 2 2 2 2 2
left_child=3 4 -3 -1 5 -2 -7 8 -4 -9 11 14 20 15 22 -14 17 -10 19 -5 -13 -17 24 -24 25 27 -27 -6 -15 -30
right_child=1 2 7 18 10 6 -8 9 16 -11 -12 12 13 28 -16 21 -18 -19 -20 -21 -22 -23 23 -25 -26 26 -28 -29 29 -31
leaf_value=1.4402137704252258 -21.431792682647707 -25.632331529344835 -18.246353700084072 0.60186235799521048 -13.27625728690106 -3.0296617768027567 -17.850337897879736 -28.517713661193849 5.1741465486798965 -8.1107216557487849 -0.57587242756726009 -3.4861016270660468 -2.5126658350229265 -10.960192027497799 11.988719599063581 -28.430572328113374 8.8871105367487129 -15.276313693595654 0.74254628673837053 -0.98964342368194247 -0.59793397461907549 -13.806670678628459 -18.423127087950707 -2.066001936267404 0.95087450548444785 15.804757751118053 -1.3635059883882261 -2.3026265225403102 1.4294570496503045 -9.1251013755798347
leaf_weight=8509 25 35 31 2172 23 121 28 20 35 20 1594 1436 24 47 26 21 22 33 5345 3075 466 37 22 34 451 22 58 1215 85 47
leaf_count=8509 25 35 31 2172 23 121 28 20 35 20 1594 1436 24 47 26 21 22 33 5345 3075 466 37 22 34 451 22 58 1215 85 47
internal_value=-6.86584e-09 -2.42352 -11.8512 0.758483 -2.10393 -8.05858 -5.81476 -8.85536 -5.72846 -18.3142 -1.91918 -2.45262 -3.36356 -7.62719 -1.38813 -14.2463 -1.41674 -4.75034 0.21082 -0.330838 -2.77849 -19.1015 -1.5787 -8.49202 -1.35985 -2.15055 3.35777 -2.5065 -4.595 -2.32861
internal_weight=25079 5978 196 19101 5782 174 149 161 121 40 5608 4014 2163 261 1851 82 90 68 10592 5247 1902 58 1825 56 1769 1318 80 1238 179 132
internal_count=25079 5978 196 19101 5782 174 149 161 121 40 5608 4014 2163 261 1851 82 90 68 10592 5247 1902 58 1825 56 1769 1318 80 1238 179 132
is_linear=0
shrinkage=0.05


Tree=8
num_leaves=31
num_cat=0
split_feature=124 68 124 121 113 120 93 1 142 93 102 112 85 124 103 96 134 67 33 134 122 142 136 86 73 104 4 97 18 68
split_gain=1.67959e+07 5.74007e+06 4.01095e+06 2.49115e+06 2.96699e+06 4.57958e+06 1.97676e+06 1.8558e+06 2.19119e+06 1.61354e+06 1.55075e+06 1.55043e+06 1.53553e+06 1.48571e+06 1.33266e+06 1.26695e+06 1.15826e+06 1.14548e+06 1.2836e+06 1.57211e+06 1.1129e+06 1.08121e+06 1.17362e+06 1.30133e+06 1.10619e+06 1.16329e+06 1.04841e+06 1.09506e+06 1.04251e+06 1.08076e+06
threshold=302.91500854492193 697.67520141601574 241.37988281250003 -862.24999999999989 326.75000000000006 520.25000000000011 118.75000000000001 -1391.7499999999998 -803.24999999999989 37.750000000000007 -2546.7575683593745 -1121.7499999999998 1468.5000000000002 146.05034637451175 270.59570312500006 302.84857177734381 152.75000000000003 -3680.8525390624995 396.30473327636724 569.25000000000011 -49.749999999999993 -366.99999999999994 -164.74999999999997 -489.24999999999994 663.75000000000011 -271.23066711425776 -2995.9575195312495 -303.04133605957026 -2266.234985351562 362.47964477539068
decision_type=2 2 2 2 2 2 2 2 2 2 2 2 2 2 2 2 2 2 2 2 2 2 2 2 2 2 2 2 2 2
left_child=2 7 13 -3 20 -6 -7 9 -9 10 -2 -12 -8 -1 -10 -4 -15 -16 28 21 -5 24 23 -23 25 -20 27 -24 -19 -30
right_child=1 3 15 4 5 6 12 8 14 -11 11 -13 -14 16 17 -17 -18 18 19 -21 -22 22 26 -25 -26 -27 -28 -29 29 -31
leaf_value=1.8331170082543835 -1.225645447224011 -23.612114799723908 -0.88744076692575202 -5.3654322147369387 -30.074888877868656 6.4564292240142827 -22.9969681596756 10.844556826353074 -8.1395782633164995 -17.049423697789511 -18.463853336970015 -6.005246727338573 -5.9566487795267351 0.39092264089624768 6.0713600487936112 1.6189334127477353 1.4914270092340356 -6.8110720916460927 1.957543746480402 1.2089706198613448 9.2533488294352662 -20.892392839988077 -5.7282198585569866 -6.8994889515417599 8.8649350899916435 -9.5056111313794798 -4.0326873447794069 -20.642430438995362 -1.948075694777275 0.79683342342152197
leaf_weight=3762 152 34 4756 30 30 20 20 32 95 30 30 149 39 8679 42 564 3300 93 53 133 23 24 32 54 26 38 543 20 1830 446
leaf_count=3762 152 34 4756 30 30 20 20 32 95 30 30 149 39 8679 42 564 3300 93 53 133 23 24 32 54 26 38 543 20 1830 446
internal_value=3.20796e-09 -2.96245 0.565174 -11.3077 -8.72533 -13.4437 -7.1281 -2.53449 -2.17866 -5.94592 -4.93956 -8.09328 -11.733 0.966312 -2.30019 -0.621727 0.694092 -2.1338 -2.23849 -3.82023 0.978567 -4.66692 -5.43817 -11.205 -0.230556 -2.82927 -4.68219 -11.4645 -1.62221 -1.41019
internal_weight=25079 4018 21061 196 162 109 79 3822 3461 361 331 179 59 15741 3429 5320 11979 3334 3292 923 53 790 673 78 117 91 595 52 2369 2276
internal_count=25079 4018 21061 196 162 109 79 3822 3461 361 331 179 59 15741 3429 5320 11979 3334 3292 923 53 790 673 78 117 91 595 52 2369 2276
is_linear=0
shrinkage=0.05


Tree=9
num_leaves=31
num_cat=0
split_feature=124 40 127 124 23 142 94 145 110 136 134 103 113 68 114 100 82 124 103 96 26 129 120 127 141 136 135 121 53 108
split_gain=1.51836e+07 5.97585e+06 2.76284e+06 2.39906e+06 2.14345e+06 1.89323e+06 1.88171e+06 2.43382e+06 2.9113e+06 2.06799e+06 1.42848e+06 1.39712e+06 1.38142e+06 1.82977e+06 1.88125e+06 1.69846e+06 1.33412e+06 1.29818e+06 1.38194e+06 1.25588e+06 1.10376e+06 1.09693e+06 1.07624e+06 1.05322e+06 1.027e+06 999007 910794 1.35561e+06 902006 1.13482e+06
threshold=273.86253356933599 697.67520141601574 -90.749999999999986 188.93824768066409 -2258.7499999999995 -658.74999999999989 1540.0000000000002 756.37554931640636 756.37554931640636 115.25000000000001 268.75000000000006 199.19667053222659 73.750000000000014 411.96957397460943 -391.24999999999994 185.25000000000003 642.43734741210949 232.4017028808594 254.17277526855472 437.75964355468756 218.27364349365237 -14.749999999999998 472.75000000000006 271.25000000000006 2.2500000000000004 -124.24999999999999 55.250000000000007 158.25000000000003 -1138.292541503906 46.250000000000007
decision_type=2 2 2 2 2 2 2 2 2 2 2 2 2 2 2 2 2 2 2 2 2 2 2 2 2 2 2 2 2 2
left_child=3 4 -3 -1 5 -2 7 8 9 21 12 20 15 23 25 24 -7 -13 -19 -16 -5 -4 -21 28 -6 -15 -25 -28 29 -14
right_child=1 2 6 11 10 16 -8 -9 -10 -11 -12 17 13 14 19 -17 -18 18 -20 22 -22 -23 -24 26 -26 -27 27 -29 -30 -31
leaf_value=1.2631465133887334 -19.035647740857353 -23.09137784597036 -4.7924558841820923 -0.74547481525823045 -10.753664853243993 -2.5399695818884336 -21.495363946394491 6.8439313181241364 -25.032253224823787 -15.480560909907025 -0.47216969943611792 1.0531294032302394 -10.476892799271479 -8.7081552608446646 -10.59376393045698 11.450677496653338 -14.238155733385396 -1.027486573819776 0.75138345000498863 0.51011757320827911 -4.8013120044389543 9.8256185032072523 -8.6781586342669552 0.31331834101328887 -1.2687434066593117 -23.61155474289604 -12.471796583448139 3.8462888050079345 -2.6794869580198508 -3.3101316875927935
leaf_weight=9306 29 37 33 1282 29 114 22 30 23 30 1594 3933 90 22 70 26 31 2341 2046 99 193 21 47 411 1796 23 35 20 1203 143
leaf_count=9306 29 37 33 1282 29 114 22 30 23 30 1594 3933 90 22 70 26 31 2341 2046 99 193 21 47 411 1796 23 35 20 1203 143
internal_value=-5.72829e-10 -2.19914 -10.7854 0.688259 -1.90808 -7.37341 -7.92171 -5.742 -9.27076 -4.95512 -1.7385 0.142072 -2.24138 -3.09944 -7.02521 -1.23868 -5.04096 0.393503 -0.197861 -5.08766 -1.27617 0.892351 -2.44775 -2.56073 -1.41946 -16.3254 -0.495307 -6.53795 -3.23098 -6.07841
internal_weight=25079 5978 196 19101 5782 174 159 137 107 84 5608 9795 4014 2163 261 1851 145 8320 4387 216 1475 54 146 1902 1825 45 466 55 1436 233
internal_count=25079 5978 196 19101 5782 174 159 137 107 84 5608 9795 4014 2163 261 1851 145 8320 4387 216 1475 54 146 1902 1825 45 466 55 1436 233
is_linear=0
shrinkage=0.05


Tree=10
num_leaves=31
num_cat=0
split_feature=124 33 124 61 9 50 6 140 4 1 93 114 11 103 33 1 37 40 54 113 107 134 108 98 96 47 41 44 43 43
split_gain=1.38473e+07 4.73135e+06 3.38039e+06 3.26715e+06 2.51826e+06 1.81742e+06 2.46536e+06 1.59003e+06 1.48162e+06 1.50282e+06 1.64146e+06 1.27168e+06 1.09852e+06 1.08897e+06 1.09742e+06 1.08141e+06 1.07503e+06 1.06126e+06 1.03717e+06 916864 1.60619e+06 886139 1.42625e+06 1.57285e+06 1.13248e+06 1.21053e+06 1.14723e+06 1.52667e+06 905875 979669
threshold=302.91500854492193 756.37554931640636 208.1150817871094 756.37554931640636 1528.5000000000002 -1643.7499999999998 -1059.6232910156248 -206.24999999999997 -5038.3649902343741 -1309.4999999999998 -29.749999999999996 -1557.4999999999998 -5015.0949707031241 270.59570312500006 260.81820678710943 773.25000000000011 -2758.2499999999995 255.91955566406253 252.18423461914065 -239.24999999999997 -449.74999999999994 160.25000000000003 1010.7500000000001 959.50000000000011 598.35256958007824 697.67520141601574 1904.944519042969 1015.2500000000001 706.00000000000011 1845.0000000000002
decision_type=2 2 2 2 2 2 2 2 2 2 2 2 2 2 2 2 2 2 2 2 2 2 2 2 2 2 2 2 2 2
left_child=2 5 -1 -3 -5 6 7 11 -7 10 -10 -2 -9 14 -11 19 -14 -15 -19 -4 -21 22 23 -20 26 28 27 -23 -26 -30
right_child=1 3 15 4 -6 8 -8 12 9 13 -12 -13 16 17 -16 -17 -18 18 21 20 -22 24 -24 -25 25 -27 -28 -29 29 -31
leaf_value=1.0807594642376863 -20.693786811828616 -26.652391177415851 0.78006867367174915 -0.27833541387861427 -20.996638534285808 7.3862612378597268 -23.461300123305548 -11.061413238162087 -4.4520895615048399 -1.4567116986621511 -16.421370853077281 -5.9389425283670434 9.580548810958863 2.9626079298284922 -12.18584034901399 0.9395606646408533 -3.008596597715866 -12.850531092557041 -2.8203709626705944 -2.9268707811655035 -0.41070400731127638 -0.43202308310786103 -14.174311394161649 7.896796445846558 -3.6664310339725379 0.77663797872184326 5.1536679362639406 -5.2954924585578107 -22.682597665786744 -7.0327636337280275
leaf_weight=11682 23 32 1268 44 22 40 21 21 217 44 33 40 28 110 52 1719 43 22 1566 714 5678 1218 27 35 33 43 78 186 20 20
leaf_count=11682 23 32 1268 44 22 40 21 21 217 44 33 40 28 110 52 1719 43 22 1566 714 5678 1218 27 35 33 43 78 186 20 20
internal_value=1.20991e-08 -2.68987 0.513171 -13.5413 -7.18444 -2.41858 -7.38413 -5.20593 -2.18516 -2.28852 -6.03203 -11.3256 -1.01526 -2.01757 -7.26832 -0.193787 1.95614 -1.86746 -2.03104 -0.448125 -0.691765 -1.95725 -2.77827 -2.58608 -1.12083 -5.87848 -0.748434 -1.07633 -9.79862 -14.8577
internal_weight=25079 4018 21061 98 66 3920 176 155 3744 3704 250 63 92 3454 96 9379 71 3358 3248 7660 6392 3226 1628 1601 1598 116 1482 1404 73 40
internal_count=25079 4018 21061 98 66 3920 176 155 3744 3704 250 63 92 3454 96 9379 71 3358 3248 7660 6392 3226 1628 1601 1598 116 1482 1404 73 40
is_linear=0
shrinkage=0.05


Tree=11
num_leaves=31
num_cat=0
split_feature=124 68 121 113 120 117 120 93 72 124 103 134 0 134 118 141 135 122 133 61 47 75 75 141 61 135 11 1 84 136
split_gain=1.25156e+07 5.46439e+06 2.14791e+06 2.53308e+06 3.96722e+06 2.01786e+06 1.70475e+06 1.66853e+06 1.94761e+06 1.38439e+06 1.34103e+06 1.2051e+06 1.19994e+06 1.16855e+06 1.10472e+06 1.02467e+06 977270 922136 921801 915447 1.42643e+06 1.21271e+06 938284 1.2374e+06 1.10991e+06 902840 991420 894483 1.13504e+06 875854
threshold=250.35590362548831 697.67520141601574 -862.24999999999989 326.75000000000006 511.25000000000006 366.12072753906256 1416.7500000000002 118.75000000000001 855.25000000000011 152.92122650146487 366.12072753906256 147.75000000000003 2111.5000000000005 247.75000000000003 -745.37258911132801 2.2500000000000004 -26.749999999999996 -49.749999999999993 218.75000000000003 277.46133422851568 256.71733093261724 278.79521179199224 314.05801391601568 340.75000000000006 310.03219604492193 119.25000000000001 -620.50750732421864 1322.7500000000002 -248.74999999999997 -145.24999999999997
decision_type=2 2 2 2 2 2 2 2 2 2 2 2 2 2 2 2 2 2 2 2 2 2 2 2 2 2 2 2 2 2
left_child=9 5 -3 17 -5 13 10 -6 -9 -1 14 16 -10 15 -7 29 -11 -4 19 21 -21 -17 24 -24 -22 -15 -27 28 -23 -2
right_child=1 2 3 4 7 6 -8 8 12 11 -12 -13 -14 25 -16 18 -18 -19 -20 20 22 27 23 -25 -26 26 -28 -29 -30 -31
leaf_value=1.5155872962280048 -16.602305870056153 -21.269556180168603 -4.254819080034892 -27.649405749090789 6.4440769515931606 -15.840438009798527 8.0696093503166662 -22.971604404449465 4.7980069959163663 0.3807172995003214 -2.7347516030143968 1.2580775641529671 -12.522050418853761 1.0007373867870655 -5.5003617515537284 -1.4792351935036465 -1.2196264824788321 9.0522044969641637 -11.772506980668931 6.5697263820069054 -0.74275019566749556 -1.346794060866038 -2.1186071991419313 9.5977891839068885 2.5977434497144891 -5.5264070640967677 -0.38235968788916419 3.1900700043229495 -7.3278638884552523 -3.1816038846969605
leaf_weight=4653 20 34 30 29 20 32 34 20 20 7406 1368 3676 20 1073 134 1832 1095 23 21 67 1028 120 1115 23 328 119 440 34 234 31
leaf_count=4653 20 34 30 29 20 32 34 20 20 7406 1368 3676 20 1073 134 1832 1095 23 21 67 1028 120 1115 23 328 119 440 34 234 31
internal_value=-1.01089e-08 -1.59544 -9.84425 -7.44635 -11.8061 -1.39468 -3.00428 -6.06289 -10.2319 0.781986 -3.24973 0.501667 -3.86202 -1.00549 -7.49363 -1.39471 0.17458 1.51993 -1.31984 -1.27393 -0.629759 -2.01704 -0.82317 -1.88181 0.0652748 0.151906 -1.47743 -4.55637 -5.30038 -8.44462
internal_weight=25079 8249 196 162 109 8053 1568 80 60 16830 1534 12177 40 6485 166 4853 8501 53 4802 4781 2561 2220 2494 1138 1356 1632 559 388 354 51
internal_count=25079 8249 196 162 109 8053 1568 80 60 16830 1534 12177 40 6485 166 4853 8501 53 4802 4781 2561 2220 2494 1138 1356 1632 559 388 354 51
is_linear=0
shrinkage=0.05


Tree=12
num_leaves=31
num_cat=0
split_feature=124 40 124 43 59 2 4 71 0 23 142 141 133 6 134 103 124 96 144 9 103 117 86 73 82 133 89 80 113 120
split_gain=1.14413e+07 4.02441e+06 2.8024e+06 2.36544e+06 4.73319e+06 4.30664e+06 2.12057e+06 1.5046e+06 2.1817e+06 1.47649e+06 1.66094e+06 1.57144e+06 1.42292e+06 1.61736e+06 1.1463e+06 1.07807e+06 1.11586e+06 1.15859e+06 914573 1.12735e+06 906003 924964 1.51471e+06 1.32363e+06 961412 1.12985e+06 960386 896864 1.07462e+06 1.06694e+06
threshold=302.91500854492193 697.67520141601574 208.1150817871094 -460.74999999999994 -1378.9999999999998 1590.5000000000002 2497.234985351563 242.75000000000003 380.75000000000006 -2258.7499999999995 -803.24999999999989 3.2500000000000004 -927.74999999999989 -2006.8719482421873 498.00000000000006 207.27247619628909 246.33631134033206 304.50262451171881 -4079.192504882812 -3093.7499999999995 270.59570312500006 366.12072753906256 1206.7500000000002 -721.74999999999989 339.33325195312506 82.750000000000014 642.43734741210949 315.75000000000006 1067.2500000000002 414.75000000000006
decision_type=2 2 2 2 2 2 2 2 2 2 2 2 2 2 2 2 2 2 2 2 2 2 2 2 2 2 2 2 2 2
left_child=2 9 -1 4 -3 7 -7 -5 -9 12 -11 -12 -2 18 20 -4 -17 -18 -14 -20 -13 -22 23 24 -23 -26 27 29 -29 -25
right_child=1 3 15 5 -6 6 -8 8 -10 10 11 14 13 -15 -16 16 17 -19 19 -21 21 22 -24 26 25 -27 -28 28 -30 -31
leaf_value=0.98325440419061028 -18.241458818186885 -3.2428335059772841 -2.0376428203411163 8.548261923789978 -36.041094222935769 -29.0924674987793 -7.5400718144008101 -13.373293990057869 3.5755978205265144 8.6626219079301165 -12.528308362960816 -6.9303903037851518 -9.3994975343346603 -15.618591873986382 0.45990019546527611 0.59297878460793785 -0.82091922985679133 1.703686870678383 7.5457937363096903 -4.303718918197009 -1.4037308599426566 -10.246929216384888 8.4821559800042063 -6.5138401046834646 -0.27605424431654124 11.173479004383088 -13.131920007069906 -1.208617448719248 -11.266884050698117 -0.83923361989168022
leaf_weight=11682 23 22 719 30 22 25 21 37 39 37 35 99 32 28 456 3978 4172 510 34 49 1916 20 27 407 156 25 30 315 29 104
leaf_count=11682 23 22 719 30 22 25 21 37 39 37 35 99 32 28 456 3978 4172 510 34 49 1916 20 27 407 156 25 30 315 29 104
internal_value=-1.05134e-09 -2.44504 0.466463 -9.43273 -19.642 -6.47743 -19.2533 -0.933167 -4.67584 -2.0867 -1.87729 -1.98505 -6.69869 -4.84217 -1.88209 -0.177225 -0.0227627 -0.545919 -2.21834 0.550298 -2.22351 -2.06967 -3.21606 -3.5069 0.15589 1.30537 -4.33879 -4.03025 -2.05655 -5.35893
internal_weight=25079 4018 21061 196 44 152 46 106 76 3822 3656 3619 166 143 3584 9379 8660 4682 115 83 3128 3029 1113 1086 201 181 885 855 344 511
internal_count=25079 4018 21061 196 44 152 46 106 76 3822 3656 3619 166 143 3584 9379 8660 4682 115 83 3128 3029 1113 1086 201 181 885 855 344 511
is_linear=0
shrinkage=0.05


Tree=13
num_leaves=31
num_cat=0
split_feature=124 40 127 82 50 140 94 45 71 115 134 113 114 89 91 96 107 115 124 111 1 40 4 44 134 135 79 40 114 106
split_gain=1.04157e+07 4.13191e+06 2.37506e+06 1.72323e+06 1.58308e+06 1.56921e+06 1.48335e+06 2.20995e+06 2.97783e+06 1.48024e+06 1.14015e+06 1.39438e+06 1.52448e+06 1.51119e+06 1.35553e+06 1.17539e+06 1.14075e+06 1.06154e+06 1.3825e+06 1.05921e+06 1.25412e+06 1.2034e+06 1.03531e+06 1.81987e+06 956557 1.15922e+06 922944 955922 941773 889558
threshold=273.86253356933599 697.67520141601574 -104.74999999999999 181.34061431884768 -1643.7499999999998 -282.24999999999994 1540.0000000000002 -339.24999999999994 -198.24999999999997 -1256.2499999999998 487.75000000000006 -139.74999999999997 -287.24999999999994 642.43734741210949 439.75000000000006 269.45349121093756 -363.74999999999994 310.75000000000006 301.37063598632818 -106.01062011718749 1173.2500000000002 756.37554931640636 -5038.3649902343741 -2641.2499999999995 90.750000000000014 -197.24999999999997 -1755.4999999999998 257.71719360351568 -1261.2499999999998 49.250000000000007
decision_type=2 2 2 2 2 2 2 2 2 2 2 2 2 2 2 2 2 2 2 2 2 2 2 2 2 2 2 2 2 2
left_child=3 4 -3 -1 5 9 7 8 -4 -2 11 14 -13 15 16 17 26 18 -14 -9 -21 -22 -7 -24 25 -5 -6 -28 -29 -17
right_child=1 2 6 24 10 22 -8 19 -10 -11 -12 12 13 -15 -16 29 -18 -19 -20 20 21 -23 23 -25 -26 -27 27 28 -30 -31
leaf_value=1.1111138322607088 -23.576886903671991 -20.765870636531286 -2.0932120246887211 0.55889297031733631 6.6902193461593829 -13.0415471020199 -18.458370260758834 8.6942452373504633 -27.977784707546235 -6.9565836539139632 0.52843564007800958 -4.0423178096380852 -4.6868395588515943 -13.397801670573514 10.681449903760639 1.2499419588876997 4.4629429438403836 0.47116599455475811 -16.228501739501954 -13.17084373777563 8.7989952735900889 -7.2350622957403008 9.2214971834613433 -5.3959773661459201 0.62056255638939173 -0.93607653543582969 3.3144951313444717 -8.1724334913271459 -1.3618816410607479 -1.5241923141386524
leaf_weight=8312 21 35 25 2203 38 21 22 25 20 37 655 837 192 27 28 331 107 80 30 22 25 22 31 68 5434 3152 103 54 846 2276
leaf_count=8312 21 35 25 2203 38 21 22 25 20 37 655 837 192 27 28 331 107 80 30 22 25 22 31 68 5434 3152 103 54 846 2276
internal_value=5.73764e-09 -1.82142 -8.96109 0.570046 -1.5794 -6.22158 -6.39484 -4.4855 -13.5975 -12.9743 -1.43195 -1.6914 -2.15996 -1.62333 -0.188118 -1.51405 -0.453229 -4.467 -6.24652 -0.123393 -3.31819 1.29369 -2.95777 -0.818788 0.153199 -0.321059 -0.958542 -1.24833 -1.77051 -1.17197
internal_weight=25079 5978 196 19101 5782 178 161 139 45 58 5604 4949 3773 2936 1176 2909 1148 302 222 94 69 47 120 99 10789 5355 1041 1003 900 2607
internal_count=25079 5978 196 19101 5782 178 161 139 45 58 5604 4949 3773 2936 1176 2909 1148 302 222 94 69 47 120 99 10789 5355 1041 1003 900 2607
is_linear=0
shrinkage=0.05


Tree=14
num_leaves=31
num_cat=0
split_feature=124 33 61 124 9 23 22 109 142 142 79 96 134 124 37 89 117 92 108 42 71 75 128 14 68 115 36 134 48 98
split_gain=9.44231e+06 3.12516e+06 2.78068e+06 2.62902e+06 2.12847e+06 1.39762e+06 3.1869e+06 1.55065e+06 1.49812e+06 1.26691e+06 1.32544e+06 1.19734e+06 1.09132e+06 1.04065e+06 1.00905e+06 1.28532e+06 2.58122e+06 1.23567e+06 997608 1.12331e+06 1.48795e+06 1.16699e+06 1.08447e+06 1.06036e+06 973746 948241 920184 862518 853352 827398
threshold=312.07698059082037 756.37554931640636 756.37554931640636 242.2305603027344 1528.5000000000002 -1458.7499999999998 -842.24999999999989 -2520.1350097656245 -803.24999999999989 -658.74999999999989 -265.74999999999994 316.03454589843756 569.25000000000011 142.51051330566409 -1912.2499999999998 551.05221557617199 497.39965820312506 -651.74999999999989 1010.7500000000001 1659.7500000000002 1086.0000000000002 291.49420166015631 -73.749999999999986 -1498.9999999999998 424.27502441406256 262.25000000000006 1554.2500000000002 152.75000000000003 -515.23291015624989 912.75000000000011
decision_type=2 2 2 2 2 2 2 2 2 2 2 2 2 2 2 2 2 2 2 2 2 2 2 2 2 2 2 2 2 2
left_child=3 5 -3 13 -4 6 7 14 -7 -9 25 -5 18 -1 15 16 -2 -17 19 20 23 -22 -20 -10 -23 -11 -26 -15 -14 -21
right_child=1 2 4 11 -6 8 -8 9 12 10 -12 -13 28 27 -16 17 -18 -19 22 29 21 24 -24 -25 26 -27 -28 -29 -30 -31
leaf_value=1.504311777842555 -5.2765583317855311 -23.297432088851931 1.011952356858687 -0.72639604521524825 -18.035530155355282 9.3786178239186615 -24.180820121765137 -17.215957045555115 -13.295808982849122 -5.2297722220354483 -17.513742313385009 2.1037898481633532 7.2503916802613633 0.25777565994603391 4.5767110737846854 -19.126913127899169 13.682722418124861 -2.1336660053419032 -13.225492492743903 -0.40723877350489301 -15.8626707094687 -2.5352639989767756 -1.9293937544490019 -1.7299942309476739 -15.324168082858836 5.0986895356178286 -2.2745001402768223 1.1892842947814632 -0.13764626992436554 8.4233305556433535
leaf_weight=3366 58 32 44 5309 22 30 20 24 20 200 20 402 46 9048 67 20 26 23 42 72 27 140 43 2168 35 25 22 3426 260 42
leaf_count=3366 58 32 44 5309 22 30 20 24 20 200 20 402 46 9048 67 20 26 23 42 72 27 140 43 2168 35 25 22 3426 260 42
internal_value=-2.20302e-09 -2.39786 -11.2018 0.392541 -5.33721 -2.14632 -4.63939 -3.79526 -1.73771 -6.25258 -5.17862 -0.527178 -1.85204 0.724139 -0.387951 -3.0071 0.59179 -10.0375 -2.18312 -2.00384 -2.23307 -6.11435 -7.511 -1.83571 -4.77828 -4.08217 -10.2875 0.513616 0.972974 2.84613
internal_weight=25079 3528 98 21551 66 3430 483 463 2947 269 245 5711 2917 15840 194 127 84 43 2611 2526 2412 224 85 2188 197 225 57 12474 306 114
internal_count=25079 3528 98 21551 66 3430 483 463 2947 269 245 5711 2917 15840 194 127 84 43 2611 2526 2412 224 85 2188 197 225 57 12474 306 114
is_linear=0
shrinkage=0.05


Tree=15
num_leaves=31
num_cat=0
split_feature=117 68 122 113 120 103 117 120 33 93 72 12 54 103 145 118 107 117 134 64 65 75 0 145 141 61 51 84 80 33
split_gain=8.61422e+06 3.42353e+06 1.92122e+06 2.18872e+06 3.51016e+06 1.49577e+06 1.47647e+06 1.50681e+06 1.4546e+06 1.3625e+06 1.72878e+06 1.29778e+06 1.20185e+06 1.16964e+06 961590 960065 947698 1.10741e+06 950306 908758 947365 989948 844297 839168 1.24613e+06 904478 826498 820834 1.79576e+06 1.73381e+06
threshold=274.88392639160162 697.67520141601574 -558.24999999999989 326.75000000000006 511.25000000000006 270.59570312500006 366.12072753906256 1416.7500000000002 186.61623382568362 118.75000000000001 855.25000000000011 203.24414825439456 182.11767578125003 366.12072753906256 424.42092895507818 -745.37258911132801 -734.74999999999989 325.40718078613287 31.750000000000004 -324.24999999999994 483.00000000000006 294.61064147949224 2111.5000000000005 265.19078063964849 62.250000000000007 251.37837219238284 -1251.7499999999998 -560.74999999999989 -463.74999999999994 697.67520141601574
decision_type=2 2 2 2 2 2 2 2 2 2 2 2 2 2 2 2 2 2 2 2 2 2 2 2 2 2 2 2 2 2
left_child=8 5 -3 26 -5 11 14 13 -1 -6 -11 -2 -10 15 16 -8 17 -7 -19 -13 21 23 -12 -21 -25 -26 -4 -15 -29 -30
right_child=1 2 3 4 9 6 7 -9 12 10 22 19 -14 27 -16 -17 -18 18 -20 20 -22 -23 -24 24 25 -27 -28 28 29 -31
leaf_value=0.97636912335517967 8.2456746339797977 -19.173418143301301 -5.304744134630476 -24.893156465990792 6.3397664705912273 -0.94392912919704741 -14.470988416671753 7.9155384288114661 -2.4581020342330682 -20.460684957504274 4.8075521612167362 -1.4148953685795305 0.21912826299917212 -0.22648197448124058 8.9193221018864559 -4.8316576287595199 -0.47865153584869857 -10.669006073311586 -1.9661084357174961 -5.581774374541272 -1.5697344854377309 1.7959024403406225 -9.7208458900451671 -1.546702977744016 -22.065236596403452 -11.186322907464845 7.4609444305300716 -12.529377403665096 -2.190059360600888 -16.391472591053354
leaf_weight=8995 20 33 21 29 21 195 32 34 438 20 20 137 9766 368 26 134 3314 73 55 89 77 23 20 22 29 56 32 47 931 22
leaf_count=8995 20 33 21 29 21 195 32 34 438 20 20 137 9766 368 26 134 3314 73 55 89 77 23 20 22 29 56 32 47 931 22
internal_value=2.22891e-09 -1.67446 -8.17152 -5.94414 -9.96587 -1.45042 -1.21173 -2.49564 0.512829 -4.62154 -8.45799 -4.20667 0.10421 -2.7264 -0.662132 -6.68984 -0.730627 -3.31591 -6.92948 -4.78184 -6.34019 -8.01747 -2.45665 -9.16904 -12.1528 -14.898 2.40284 -2.24546 -2.98844 -2.5179
internal_weight=25079 5880 196 163 110 5684 5231 1568 19199 81 60 453 10204 1534 3663 166 3637 323 128 433 296 219 40 196 107 85 53 1368 1000 953
internal_count=25079 5880 196 163 110 5684 5231 1568 19199 81 60 453 10204 1534 3663 166 3637 323 128 433 296 219 40 196 107 85 53 1368 1000 953
is_linear=0
shrinkage=0.05


Tree=16
num_leaves=31
num_cat=0
split_feature=124 68 33 60 2 122 54 131 29 66 33 1 142 37 96 96 124 140 67 127 107 19 117 124 103 40 36 4 9 121
split_gain=7.83323e+06 2.7154e+06 1.99238e+06 1.80449e+06 3.35399e+06 2.49601e+06 1.36182e+06 1.28294e+06 1.22265e+06 3.39411e+06 1.09906e+06 1.08634e+06 1.69196e+06 1.43048e+06 1.2591e+06 1.76008e+06 1.97401e+06 1.22082e+06 1.10528e+06 1.08579e+06 1.03431e+06 929792 933790 874622 861294 934809 1.17243e+06 949060 2.31246e+06 1.5836e+06
threshold=302.91500854492193 697.67520141601574 211.52134704589847 3150.467407226563 1590.5000000000002 -588.74999999999989 216.81231689453128 243.08957672119143 150.75000000000003 -154.74999999999997 238.04421997070315 -1391.7499999999998 -803.24999999999989 -799.74999999999989 697.67520141601574 551.05221557617199 523.07272338867199 -237.24999999999997 -3680.8525390624995 279.75000000000006 -1665.2499999999998 247.13598632812503 231.70913696289065 697.67520141601574 270.59570312500006 255.91955566406253 -1544.7499999999998 -2108.724975585937 499.25000000000006 231.25000000000003
decision_type=2 2 2 2 2 2 2 2 2 2 2 2 2 2 2 2 2 2 2 2 2 2 2 2 2 2 2 2 2 2
left_child=2 11 -1 4 5 -3 7 -4 9 -7 -8 13 -13 14 15 16 20 -17 -14 -19 -2 -12 -23 -10 -20 -26 -27 28 29 -28
right_child=1 3 6 -5 -6 8 10 -9 23 -11 21 12 18 -15 -16 17 -18 19 24 -21 -22 22 -24 -25 25 26 27 -29 -30 -31
leaf_value=0.80597967513756097 -14.74696227482387 -21.253920791625976 -1.1829545796029985 4.5045902288877047 -27.394177295850671 -0.84088803446570104 1.079270050614459 -6.5302220943450937 9.1553529219193894 -25.772707242965698 -1.5202018314299985 9.987367415428162 6.4979925484884351 -17.335149712562561 8.5953422701358786 -22.106335878372192 9.0875628888607025 1.2992615079879761 -6.3568758859132473 -14.979060711179461 -3.1011731703464247 2.0158088071166342 -0.21583451808883058 -3.4337296898300589 2.8808944778966494 -13.191362922841854 -4.2893895029715061 -1.3248331963195294 -17.953072885104589 7.2316156121737825
leaf_weight=12063 21 25 1093 26 23 43 1992 125 22 20 1202 32 42 20 20 20 32 20 95 21 207 530 4056 37 116 22 243 2849 28 34
leaf_count=12063 21 25 1093 26 23 43 1992 125 22 20 1202 32 42 20 20 20 32 20 95 21 207 530 4056 37 116 22 243 2849 28 34
internal_value=4.44687e-09 -2.02311 0.385968 -7.76295 -9.63916 -6.86116 -0.177114 -1.73173 -3.91182 -8.75575 0.0662696 -1.72876 -1.45652 -4.33885 -3.5766 -4.33498 -2.54164 -11.9787 -1.56331 -7.03842 -4.17381 -0.282365 0.0420745 1.2605 -1.66327 -1.52783 -1.68885 -1.60862 -4.25945 -2.87526
internal_weight=25079 4018 21061 196 170 147 8998 1218 122 63 7780 3822 3461 361 341 321 260 61 3429 41 228 5788 4586 59 3387 3292 3176 3154 305 277
internal_count=25079 4018 21061 196 170 147 8998 1218 122 63 7780 3822 3461 361 341 321 260 61 3429 41 228 5788 4586 59 3387 3292 3176 3154 305 277
is_linear=0
shrinkage=0.05


Tree=17
num_leaves=31
num_cat=0
split_feature=124 40 29 2 127 99 0 24 124 50 140 115 78 134 135 128 114 113 8 22 96 33 92 96 106 48 100 57 41 71
split_gain=7.09832e+06 2.85681e+06 2.10117e+06 2.78125e+06 1.94478e+06 1.26064e+06 2.80034e+06 1.63182e+06 1.2589e+06 1.25368e+06 1.33697e+06 1.35552e+06 1.49142e+06 1.02521e+06 1.01411e+06 1.00376e+06 1.00128e+06 1.58018e+06 1.54908e+06 1.2653e+06 2.1611e+06 1.22566e+06 1.60714e+06 1.49683e+06 1.67966e+06 1.18494e+06 1.07737e+06 968970 939740 911621
threshold=273.86253356933599 697.67520141601574 -1256.2499999999998 1590.5000000000002 870.25000000000011 69.750000000000014 380.75000000000006 -391.74999999999994 152.92122650146487 -1643.7499999999998 -206.24999999999997 -1256.2499999999998 -1642.9999999999998 152.75000000000003 -172.24999999999997 -595.74999999999989 253.25000000000003 73.750000000000014 -860.74999999999989 -817.74999999999989 335.88584899902349 403.88594055175787 815.25000000000011 268.40893554687506 1020.2500000000001 919.79907226562511 180.25000000000003 -1913.7499999999998 -539.26077270507801 661.75000000000011
decision_type=2 2 2 2 2 2 2 2 2 2 2 2 2 2 2 2 2 2 2 2 2 2 2 2 2 2 2 2 2 2
left_child=8 9 -3 5 -5 15 7 -7 -1 10 11 -2 -13 14 -10 -4 17 26 19 -19 -21 23 29 24 -20 -24 -11 -12 -18 -23
right_child=1 2 3 4 -6 6 -8 -9 13 16 27 12 -14 -15 -16 -17 28 18 21 20 -22 22 25 -25 -26 -27 -28 -29 -30 -31
leaf_value=1.1858668255429359 -21.413438347407752 -21.299294030666353 -3.1745585234268852 -25.872441860040027 -5.2913827462629843 -4.1598733856564483 5.234434004263445 -23.645728917555378 0.64289098840967929 -0.62734769290143799 3.2730453050866419 4.3004073661565787 -13.326617932319643 0.87671650950815949 -0.40878674050638902 11.039722831160935 4.4240021195732249 -3.7831915405202419 -3.7208463056247774 -5.0989245330293977 -22.781108866797553 -4.4479314521804376 -4.6489282608032232 -0.81683191202646788 -18.472222373599099 7.6070293773965139 8.4780132784987945 -6.2769906002899702 -0.30479926883908554 -10.612716702757211
leaf_weight=4653 21 24 23 24 22 21 33 22 3538 2090 49 20 30 4400 6510 27 119 188 238 48 27 193 38 1584 21 41 33 58 897 87
leaf_count=4653 21 24 23 24 22 21 33 22 3538 2090 49 20 30 4400 6510 27 119 188 238 48 27 193 38 1584 21 41 33 58 897 87
internal_value=1.17453e-09 -1.50364 -7.44031 -5.5065 -16.0293 -1.66484 -5.72141 -14.1294 0.47059 -1.30239 -5.43348 -10.7531 -6.27581 0.240234 -0.0384806 4.50115 -1.17118 -1.48569 -2.34683 -5.97368 -11.4645 -1.91365 -4.58643 -1.39302 -4.9169 1.71176 -0.485814 -1.90361 0.249066 -6.36342
internal_weight=25079 5978 196 172 46 126 76 43 19101 5782 178 71 50 14448 10048 50 5604 4588 2465 263 75 2202 359 1843 259 79 2123 107 1016 280
internal_count=25079 5978 196 172 46 126 76 43 19101 5782 178 71 50 14448 10048 50 5604 4588 2465 263 75 2202 359 1843 259 79 2123 107 1016 280
is_linear=0
shrinkage=0.05


Tree=18
num_leaves=31
num_cat=0
split_feature=124 96 124 100 12 67 20 141 145 54 7 8 89 64 43 137 124 122 134 135 121 106 107 0 31 65 113 107 86 120
split_gain=6.51838e+06 2.93064e+06 1.34571e+06 1.40033e+06 1.5435e+06 1.24453e+06 2.6346e+06 2.30332e+06 1.86745e+06 1.84133e+06 1.7952e+06 2.08689e+06 1.09581e+06 1.0873e+06 996217 986783 1.28962e+06 2.22623e+06 944707 966159 1.07965e+06 947540 1.47317e+06 1.35413e+06 2.62488e+06 1.46706e+06 923428 1.03625e+06 1.20571e+06 932048
threshold=250.35590362548831 551.05221557617199 598.35256958007824 -1440.9999999999998 497.39965820312506 1122.0249633789065 983.19793701171886 53.750000000000007 598.35256958007824 642.43734741210949 -2195.9999999999995 -2545.2499999999995 697.67520141601574 -700.74999999999989 -1707.2499999999998 -3225.4575195312495 697.67520141601574 179.25000000000003 261.75000000000006 119.25000000000001 -162.74999999999997 61.250000000000007 -351.24999999999994 -1368.7499999999998 -1007.2499999999999 -731.74999999999989 -134.74999999999997 -734.74999999999989 -622.24999999999989 -51.249999999999993
decision_type=2 2 2 2 2 2 2 2 2 2 2 2 2 2 2 2 2 2 2 2 2 2 2 2 2 2 2 2 2 2
left_child=-1 2 3 4 14 6 7 13 -7 -10 11 12 -9 -3 -2 -12 -17 -18 21 -20 -21 22 26 24 -23 -26 -5 28 29 -28
right_child=1 5 -4 18 -6 8 -8 10 9 -11 15 -13 -14 -15 -16 16 17 -19 19 20 -22 23 -24 -25 25 -27 27 -29 -30 -31
leaf_value=0.56434314460898971 -16.219575679663457 -8.2675440197899235 12.038418117761612 -0.42056401871167914 5.4854995158585638 -12.391938410134152 -20.447203986875476 -11.585525688758263 11.789119697339608 -2.1499118230172569 4.879204614345845 -22.672197362650998 3.2304791092872622 -24.557238025665285 -5.4038434954484309 0.59223869668112872 -19.809239460871773 0.029996893482823528 0.87962918025261549 -11.225223924495557 -1.0300025925435268 0.86158299219040646 1.4914971564995947 -1.626033055795701 -25.7357777855613 -7.2597964127858479 -13.504625093936921 -1.7504603006904398 -14.979599507649741 -1.3734502685697456
leaf_weight=16830 33 21 20 1288 22 29 31 26 33 84 52 23 24 20 60 90 26 31 1294 27 679 42 683 2895 22 21 20 544 33 76
leaf_count=16830 33 21 20 1288 22 29 31 26 33 84 52 23 24 20 60 90 26 31 1294 27 679 42 683 2895 22 21 20 544 33 76
internal_value=3.70145e-09 -1.1514 -0.914565 -0.948039 -6.42431 -4.90161 -6.54323 -5.16615 -1.03368 1.78161 -3.50089 -10.2076 -4.47384 -16.2137 -9.24168 -1.04065 -3.13475 -9.01948 -0.865436 0.0678937 -1.4199 -1.19734 -0.508338 -1.80867 -8.0289 -16.7126 -1.20486 -2.70587 -6.7349 -3.90078
internal_weight=25079 8249 7759 7739 115 490 344 313 146 117 272 73 50 41 93 199 147 57 7624 2000 706 5624 2644 2980 85 43 1961 673 129 96
internal_count=25079 8249 7759 7739 115 490 344 313 146 117 272 73 50 41 93 199 147 57 7624 2000 706 5624 2644 2980 85 43 1961 673 129 96
is_linear=0
shrinkage=0.05


end of trees

feature_importances:
Column_124=47
Column_134=25
Column_103=19
Column_33=18
Column_117=16
Column_142=16
Column_68=15
Column_96=15
Column_113=14
Column_1=13
Column_127=13
Column_135=12
Column_120=11
Column_141=11
Column_40=10
Column_93=10
Column_107=10
Column_145=10
Column_23=8
Column_54=8
Column_61=8
Column_82=8
Column_106=8
Column_114=8
Column_121=8
Column_122=8
Column_4=7
Column_9=7
Column_75=7
Column_100=7
Column_115=7
Column_140=7
Column_0=6
Column_50=6
Column_67=6
Column_86=6
Column_43=5
Column_71=5
Column_79=5
Column_136=5
Column_2=4
Column_8=4
Column_12=4
Column_22=4
Column_37=4
Column_89=4
Column_108=4
Column_118=4
Column_128=4
Column_129=4
Column_133=4
Column_6=3
Column_11=3
Column_29=3
Column_65=3
Column_72=3
Column_78=3
Column_84=3
Column_99=3
Column_105=3
Column_13=2
Column_28=2
Column_36=2
Column_41=2
Column_44=2
Column_47=2
Column_48=2
Column_62=2
Column_64=2
Column_73=2
Column_80=2
Column_92=2
Column_94=2
Column_98=2
Column_102=2
Column_112=2
Column_7=1
Column_14=1
Column_15=1
Column_16=1
Column_18=1
Column_19=1
Column_20=1
Column_24=1
Column_26=1
Column_31=1
Column_34=1
Column_42=1
Column_45=1
Column_46=1
Column_51=1
Column_52=1
Column_53=1
Column_57=1
Column_59=1
Column_60=1
Column_66=1
Column_85=1
Column_91=1
Column_97=1
Column_104=1
Column_109=1
Column_110=1
Column_111=1
Column_119=1
Column_131=1
Column_137=1
Column_144=1

parameters:
[boosting: gbdt]
[objective: regression]
[metric: l2]
[tree_learner: serial]
[device_type: cpu]
[data_sample_strategy: bagging]
[data: ]
[valid: ]
[num_iterations: 1000]
[learning_rate: 0.05]
[num_leaves: 31]
[num_threads: 0]
[seed: 42]
[deterministic: 1]
[force_col_wise: 0]
[force_row_wise: 0]
[histogram_pool_size: -1]
[max_depth: -1]
[min_data_in_leaf: 20]
[min_sum_hessian_in_leaf: 0.001]
[bagging_fraction: 1]
[pos_bagging_fraction: 1]
[neg_bagging_fraction: 1]
[bagging_freq: 0]
[bagging_seed: 400]
[bagging_by_query: 0]
[feature_fraction: 1]
[feature_fraction_bynode: 1]
[feature_fraction_seed: 30056]
[extra_trees: 0]
[extra_seed: 12879]
[early_stopping_round: 0]
[early_stopping_min_delta: 0]
[first_metric_only: 0]
[max_delta_step: 0]
[lambda_l1: 0]
[lambda_l2: 0]
[linear_lambda: 0]
[min_gain_to_split: 0]
[drop_rate: 0.1]
[max_drop: 50]
[skip_drop: 0.5]
[xgboost_dart_mode: 0]
[uniform_drop: 0]
[drop_seed: 17869]
[top_rate: 0.2]
[other_rate: 0.1]
[min_data_per_group: 100]
[max_cat_threshold: 32]
[cat_l2: 10]
[cat_smooth: 10]
[max_cat_to_onehot: 4]
[top_k: 20]
[monotone_constraints: ]
[monotone_constraints_method: basic]
[monotone_penalty: 0]
[feature_contri: ]
[forcedsplits_filename: ]
[refit_decay_rate: 0.9]
[cegb_tradeoff: 1]
[cegb_penalty_split: 0]
[cegb_penalty_feature_lazy: ]
[cegb_penalty_feature_coupled: ]
[path_smooth: 0]
[interaction_constraints: ]
[verbosity: -1]
[saved_feature_importance_type: 0]
[use_quantized_grad: 0]
[num_grad_quant_bins: 4]
[quant_train_renew_leaf: 0]
[stochastic_rounding: 1]
[linear_tree: 0]
[max_bin: 255]
[max_bin_by_feature: ]
[min_data_in_bin: 3]
[bin_construct_sample_cnt: 200000]
[data_random_seed: 175]
[is_enable_sparse: 1]
[enable_bundle: 1]
[use_missing: 1]
[zero_as_missing: 0]
[feature_pre_filter: 1]
[pre_partition: 0]
[two_round: 0]
[header: 0]
[label_column: ]
[weight_column: ]
[group_column: ]
[ignore_column: ]
[categorical_feature: ]
[forcedbins_filename: ]
[precise_float_parser: 0]
[parser_config_file: ]
[objective_seed: 16083]
[num_class: 1]
[is_unbalance: 0]
[scale_pos_weight: 1]
[sigmoid: 1]
[boost_from_average: 1]
[reg_sqrt: 0]
[alpha: 0.9]
[fair_c: 1]
[poisson_max_delta_step: 0.7]
[tweedie_variance_power: 1.5]
[lambdarank_truncation_level: 30]
[lambdarank_norm: 1]
[label_gain: ]
[lambdarank_position_bias_regularization: 0]
[eval_at: ]
[multi_error_top_k: 1]
[auc_mu_weights: ]
[num_machines: 1]
[local_listen_port: 12400]
[time_out: 120]
[machine_list_filename: ]
[machines: ]
[gpu_platform_id: -1]
[gpu_device_id: -1]
[gpu_device_id_list: ]
[gpu_use_dp: 0]
[num_gpu: 1]

end of parameters

pandas_categorical:null
