tree
version=v4
num_class=1
num_tree_per_iteration=1
label_index=0
max_feature_idx=146
objective=regression
feature_names=Column_0 Column_1 Column_2 Column_3 Column_4 Column_5 Column_6 Column_7 Column_8 Column_9 Column_10 Column_11 Column_12 Column_13 Column_14 Column_15 Column_16 Column_17 Column_18 Column_19 Column_20 Column_21 Column_22 Column_23 Column_24 Column_25 Column_26 Column_27 Column_28 Column_29 Column_30 Column_31 Column_32 Column_33 Column_34 Column_35 Column_36 Column_37 Column_38 Column_39 Column_40 Column_41 Column_42 Column_43 Column_44 Column_45 Column_46 Column_47 Column_48 Column_49 Column_50 Column_51 Column_52 Column_53 Column_54 Column_55 Column_56 Column_57 Column_58 Column_59 Column_60 Column_61 Column_62 Column_63 Column_64 Column_65 Column_66 Column_67 Column_68 Column_69 Column_70 Column_71 Column_72 Column_73 Column_74 Column_75 Column_76 Column_77 Column_78 Column_79 Column_80 Column_81 Column_82 Column_83 Column_84 Column_85 Column_86 Column_87 Column_88 Column_89 Column_90 Column_91 Column_92 Column_93 Column_94 Column_95 Column_96 Column_97 Column_98 Column_99 Column_100 Column_101 Column_102 Column_103 Column_104 Column_105 Column_106 Column_107 Column_108 Column_109 Column_110 Column_111 Column_112 Column_113 Column_114 Column_115 Column_116 Column_117 Column_118 Column_119 Column_120 Column_121 Column_122 Column_123 Column_124 Column_125 Column_126 Column_127 Column_128 Column_129 Column_130 Column_131 Column_132 Column_133 Column_134 Column_135 Column_136 Column_137 Column_138 Column_139 Column_140 Column_141 Column_142 Column_143 Column_144 Column_145 Column_146
feature_infos=[-6811:6182.5] [-6565.5:6505] [-7070.5:5785] [-6585:6127.5] [-9043.60546875:5768.2998046875] [82.652725219726562:1102.033447265625] [-6176.08837890625:6029.22509765625] [-6585.5:6125] [-6506.5:6447.5] [-6931:5727.5] [-6695.5:6070] [-8999.580078125:5780.1748046875] [82.652725219726562:1102.033447265625] [-6157.8076171875:6004.75048828125] [-6696:6062.5] [-6585.5:6232.5] [-6961:5657.5] [-6792.5:5750] [-8949.580078125:5794.875] [82.652725219726562:1102.033447265625] [-6134.52587890625:5978.4091796875] [-6792:5750] [-6695:6122.5] [-7144.5:5507.5] [-6812:6105] [-8897.830078125:5810.4248046875] [82.652725219726562:1102.033447265625] [-6177.88720703125:5989.91748046875] [-6811.5:6105] [-6714.5:6392.5] [-7091:5707.5] [-6922.5:6047.5] [-8848.8798828125:5814.7998046875] [82.652725219726562:1102.033447265625] [-6245.5791015625:5979.92529296875] [-6922:6047.5] [-6825:6335] [-7149.5:5650] [-6848:5822.5] [-8799.48046875:5814.4501953125] [82.652725219726562:1102.033447265625] [-6300.3447265625:5961.068359375] [-6847.5:5820] [-6590:6030] [-7169:5527.5] [-6790.5:5715] [-8748.080078125:5814.3251953125] [82.652725219726562:1102.033447265625] [-6341.1767578125:5903.568359375] [-6789.5:5717.5] [-6700.5:5752.5] [-7279.5:5177.5] [-6900:5355] [-8694.60546875:5814.580078125] [82.652725219726562:1102.033447265625] [-6390.615234375:5733.92578125] [-6899:5355] [-6547.5:5642.5] [-7374:4980] [-6919.5:5495] [-8641.5302734375:5817.77978515625] [82.652725219726562:1102.033447265625] [-6417.51416015625:5537.65966796875] [-6918.5:5495] [-6658:5782.5] [-7393.5:5097.5] [-7030:5567.5] [-8590.8798828125:5817.35498046875] [82.652725219726562:1102.033447265625] [-6473.19482421875:5452.41748046875] [-7029:5567.5] [-5679.5:5855] [-7504:5170] [-6051.5:5342.5] [-8541.23046875:5806.52978515625] [82.652725219726562:1102.033447265625] [-6400.44970703125:5442.42529296875] [-6050.5:5340] [-5404.5:5550] [-6525.5:5047.5] [-5776.5:5235] [-8489.5546875:5794.580078125] [82.652725219726562:1102.033447265625] [-5992.13623046875:5423.568359375] [-5775.5:5237.5] [-5280.5:5270] [-6250.5:4462.5] [-5652.5:4650] [-8427.6298828125:5797.77978515625] [82.652725219726562:1102.033447265625] [-5696.03271484375:5253.92578125] [-5651.5:4652.5] [-4759.5:4727.5] [-6126.5:4225] [-5013.5:4412.5] [-8351.0048828125:5797.35498046875] [82.652725219726562:1102.033447265625] [-5424.21142578125:5057.65966796875] [-5013:4415] [-4916:4447.5] [-5292:3440] [-4939:3627.5] [-8272.8798828125:5786.52978515625] [82.652725219726562:1102.033447265625] [-5107.55615234375:4769.0087890625] [-4938.5:3630] [-4717:3702.5] [-5309:3087.5] [-5089:3685] [-8187.2548828125:5759.30517578125] [82.652725219726562:1102.033447265625] [-4842.7783203125:4534.78076171875] [-5088:3685] [-4791.5:3972.5] [-5563:3287.5] [-4976:3460] [-8102.705078125:5731.580078125] [82.652725219726562:1102.033447265625] [-4603.61669921875:4329.11865234375] [-4975.5:3457.5] [-4527:3667.5] [-5180.5:3165] [-4777.5:3352.5] [-8012.77978515625:5701.72998046875] [82.652725219726562:1102.033447265625] [-4508.51416015625:4081.698974609375] [-4776.5:3355] [-4749:4182.5] [-5240:1952.5] [-5121:2140] [-7912.80517578125:5669.77978515625] [82.652725219726562:1102.033447265625] [-4564.19482421875:3785.408203125] [-5120:2142.5] [-2419.5:3979.5] [-5595:1510] [-3764:1971] [-7813.47998046875:5632.10498046875] [82.652725219726562:1102.033447265625] [-4491.44970703125:3494.4619140625] [-3759:2008] [0:3450.5] [-4277:0] none [-7700.93017578125:5575.6298828125] [82.652725219726562:1102.033447265625] [-4083.135986328125:3176.78369140625]
tree_sizes=2808 2832 2826 2820 2842 2855

Tree=0
num_leaves=31
num_cat=0
split_feature=33 2 124 96 60 113 8 142 40 145 54 19 127 130 136 131 3 74 60 117 103 2 53 103 64 114 61 45 120 145
split_gain=4.08104e+06 3.60196e+06 2.53994e+06 3.84022e+06 4.91297e+06 5.04418e+06 3.36598e+06 3.27587e+06 2.85958e+06 3.76206e+06 5.11366e+06 2.84053e+06 2.29996e+06 2.23764e+06 2.11486e+06 2.07406e+06 1.90063e+06 1.71408e+06 1.60035e+06 1.41104e+06 2.023e+06 1.43108e+06 3.51613e+06 1.4881e+06 1.42421e+06 1.60325e+06 1.40502e+06 1.40275e+06 2.31724e+06 1.39487e+06
threshold=756.37554931640636 1590.5000000000002 497.39965820312506 551.05221557617199 -3721.8898925781245 810.50000000000011 -376.74999999999994 -244.74999999999997 598.35256958007824 598.35256958007824 642.43734741210949 642.43734741210949 -190.24999999999997 1195.090026855469 -149.74999999999997 697.67520141601574 -1100.2499999999998 -1208.825012207031 1263.559997558594 274.88392639160162 270.59570312500006 408.25000000000006 -1734.700012207031 277.50816345214849 -324.24999999999994 -167.24999999999997 306.37185668945318 -71.749999999999986 817.25000000000011 265.19078063964849
decision_type=2 2 2 2 2 2 2 2 2 2 2 2 2 2 2 2 2 2 2 2 2 2 2 2 2 2 2 2 2 2
left_child=2 15 16 4 -4 6 7 -6 -5 13 11 -11 -12 -10 -8 -2 -1 -14 19 26 24 -22 -23 -24 25 -21 -18 -19 -29 -26
right_child=1 -3 3 8 5 -7 14 -9 9 10 12 -13 17 -15 -16 -17 18 27 -20 20 21 22 23 -25 29 -27 -28 28 -30 -31
leaf_value=-0.53955127222046118 6.1587863033262202 -22.624093125877906 30.472962490867676 -4.8428497847865533 -16.456408525307921 24.198071887162914 22.710587440702497 6.1788554020734914 0.21817409302328294 31.405333704533053 -11.766635832714259 8.3272088700352853 13.557278284809861 -19.62799936157279 4.6549550832040936 -11.60098343065868 1.4171636201333264 -10.115499361572789 2.7777549571698801 -1.6261550311134445 1.407540387941375 -21.705499590454629 7.0279432920206819 -1.0807681212189881 -1.116738946225142 14.391643366596972 7.514237623081689 15.949315400966546 -4.0864671785716702 -8.4109539211657225
leaf_weight=1345 35 32 26 117 33 35 23 31 49 30 22 24 45 20 55 31 17559 20 1916 61 2270 20 61 781 121 21 95 27 31 143
leaf_count=1345 35 32 26 117 33 35 23 31 49 30 22 24 45 20 55 31 17559 20 1916 61 2270 20 61 781 121 21 95 27 31 143
internal_value=1.32579 -8.85759 1.36574 4.61303 10.1777 7.19651 3.00598 -5.49245 1.67892 4.52611 8.0144 21.1484 3.12312 -5.53434 9.97905 -2.18292 1.28746 5.78633 1.39408 1.26863 0.348122 0.748924 -0.985482 -0.49332 -3.27995 2.47596 1.44997 1.30309 5.24054 -5.06777
internal_weight=25079 98 24981 588 203 177 142 64 385 268 199 54 145 69 78 66 24393 123 23048 21132 3478 3132 862 842 346 82 17654 78 58 264
internal_count=25079 98 24981 588 203 177 142 64 385 268 199 54 145 69 78 66 24393 123 23048 21132 3478 3132 862 842 346 82 17654 78 58 264
is_linear=0
shrinkage=1


Tree=1
num_leaves=31
num_cat=0
split_feature=33 2 145 68 131 79 38 65 111 78 107 135 99 141 135 71 130 0 15 23 135 135 44 49 101 9 114 100 74 125
split_gain=3.68314e+06 3.25077e+06 2.30733e+06 2.3901e+06 1.87184e+06 1.84383e+06 4.68778e+06 3.60436e+06 4.77097e+06 3.17711e+06 3.99858e+06 3.14955e+06 2.63892e+06 2.57238e+06 2.14835e+06 2.36694e+06 3.36154e+06 1.86562e+06 1.81109e+06 1.69164e+06 1.64087e+06 2.96153e+06 1.99903e+06 2.19286e+06 1.35063e+06 1.31115e+06 2.03362e+06 1.48205e+06 1.29139e+06 1.26318e+06
threshold=756.37554931640636 1590.5000000000002 404.59559631347662 411.96957397460943 697.67520141601574 -782.24999999999989 -1938.4999999999998 -939.49999999999989 -585.47525024414051 -1642.9999999999998 -1107.4999999999998 -783.24999999999989 -247.74999999999997 39.750000000000007 -136.74999999999997 -357.24999999999994 146.65999603271487 -1368.7499999999998 -204.74999999999997 -1181.7499999999998 -62.249999999999993 -35.249999999999993 982.75000000000011 861.50000000000011 -4.2499999999999991 1528.5000000000002 405.25000000000006 -642.24999999999989 1238.767517089844 -562.08688354492176
decision_type=2 2 2 2 2 2 2 2 2 2 2 2 2 2 2 2 2 2 2 2 2 2 2 2 2 2 2 2 2 2
left_child=2 4 3 19 -2 6 9 8 -7 11 -11 -4 -9 -14 15 16 18 -16 -8 -1 25 -22 23 24 -23 27 -27 -15 -21 -29
right_child=1 -3 5 -5 -6 7 14 12 -10 10 -12 -13 13 20 17 -17 -18 -19 -20 28 21 22 -24 -25 -26 26 -28 29 -30 -31
leaf_value=-1.9847491450756083 4.5913460179737635 -22.752388656139374 -5.5552916970746269 -6.178612529744143 -12.280434393113659 0.30739774852991109 7.8260151132941251 -8.0902388572692878 -30.363514400663831 -23.788920540645208 -0.77099682644561485 17.368694769951606 15.81379181112562 10.521779425938924 28.074558896603794 -5.6440727446760448 24.823950774581345 10.359230561483475 -8.3529492616653442 -0.046937709535532023 21.70064417507189 14.83445509672165 -3.7831152422513279 21.853978504985573 1.7322109968837252 18.099038787510086 -3.1645170741460542 8.3400899791717542 1.3562305411277862 -3.4153262177916397
leaf_weight=1055 35 32 29 159 31 32 128 63 21 29 54 31 35 24 23 35 27 42 20 20811 24 24 70 20 109 23 22 25 1780 266
leaf_count=1055 35 32 29 159 31 32 128 63 21 29 54 31 35 24 23 35 27 42 20 20811 24 24 70 20 109 23 22 25 1780 266
internal_value=1.9833e-08 -9.67421 0.0379518 -0.0688528 -3.33328 2.19993 4.86601 0.729713 -11.8452 -2.47683 -8.8134 6.28877 1.67506 2.63334 8.68428 6.2256 8.59953 16.6277 5.63967 -0.0277696 1.87335 5.0118 3.21569 6.41776 4.09653 -0.279981 7.70352 -1.42048 0.0636213 -2.40541
internal_weight=25079 98 24981 23805 66 1176 418 758 53 143 83 60 705 642 275 210 175 65 148 23646 607 247 223 153 133 360 45 315 22591 291
internal_count=25079 98 24981 23805 66 1176 418 758 53 143 83 60 705 642 275 210 175 65 148 23646 607 247 223 153 133 360 45 315 22591 291
is_linear=0
shrinkage=0.05


Tree=2
num_leaves=31
num_cat=0
split_feature=33 2 124 96 60 15 113 129 40 145 54 19 103 129 130 61 145 1 25 46 96 60 77 117 103 2 53 103 25 68
split_gain=3.32403e+06 2.93382e+06 2.16367e+06 3.45443e+06 4.25053e+06 4.55535e+06 4.3049e+06 2.56362e+06 2.47662e+06 3.40561e+06 4.38299e+06 2.52405e+06 2.228e+06 2.00614e+06 1.95631e+06 1.78618e+06 1.67205e+06 1.66444e+06 1.55563e+06 2.27465e+06 2.05682e+06 1.37644e+06 1.37246e+06 1.16694e+06 1.95588e+06 1.29852e+06 3.12878e+06 1.33817e+06 1.34077e+06 1.27822e+06
threshold=756.37554931640636 1590.5000000000002 497.39965820312506 551.05221557617199 -3721.8898925781245 1156.2500000000002 907.75000000000011 192.75000000000003 598.35256958007824 598.35256958007824 642.43734741210949 642.43734741210949 497.39965820312506 -552.99999999999989 1195.090026855469 756.37554931640636 523.07272338867199 -1205.7499999999998 491.36000061035162 2083.3500976562505 697.67520141601574 1263.559997558594 -105.24999999999999 274.88392639160162 270.59570312500006 408.25000000000006 -1734.700012207031 277.50816345214849 -1294.6199951171873 306.37185668945318
decision_type=2 2 2 2 2 2 2 2 2 2 2 2 2 2 2 2 2 2 2 2 2 2 2 2 2 2 2 2 2 2
left_child=2 15 17 4 -4 6 7 12 -5 14 11 -11 -6 -12 -10 -2 -14 22 20 -20 -15 23 -1 29 -25 -26 -27 -28 -29 -19
right_child=1 -3 3 8 5 -7 -8 -9 9 10 13 -13 16 18 -16 -17 -18 21 19 -21 -22 -23 -24 24 25 26 27 28 -30 -31
leaf_value=-1.8055144475389064 -14.413479282545007 -21.61476995944977 27.188421226335834 -5.8190208946028328 -14.006533522629425 26.293863366997762 22.915117574821821 13.806698906421662 -1.2932051523607606 28.047138503392542 -11.514878058433533 6.2926095674435301 9.2143075551047477 21.849193555658516 -19.849871582984925 2.8491510959558712 -6.2662048030543973 0.06253279287258437 -13.516055998702846 7.460971334629825 3.3253054309398573 1.3192134581420705 -10.107177395953073 -4.3279154941720783 0.072245654521971028 -21.722589263916017 5.4193921426982916 8.8937442110135017 -2.6544241955738195 7.0335584936719959
leaf_weight=638 23 32 26 117 38 23 22 24 49 30 24 24 33 22 20 43 37 17977 24 28 47 1916 54 371 2509 20 61 26 755 66
leaf_count=638 23 32 26 117 38 23 22 24 49 30 24 24 33 22 20 43 37 17977 24 28 47 1916 54 371 2509 20 61 26 755 66
internal_value=-1.85472e-08 -9.1905 0.0360541 3.03318 8.31096 5.538 2.4381 -0.974734 0.250346 2.90003 6.21896 18.3785 -4.2595 1.6906 -6.67195 -3.16661 1.03175 -0.0361924 4.30986 -2.22073 9.23147 0.0343811 -2.45333 -0.0786205 -0.882179 -0.502954 -2.17717 -1.71291 -2.26998 0.0880323
internal_weight=25079 98 24981 588 203 177 154 132 385 268 199 54 108 145 69 66 70 24393 121 52 69 23701 692 21785 3742 3371 862 842 781 18043
internal_count=25079 98 24981 588 203 177 154 132 385 268 199 54 108 145 69 66 70 24393 121 52 69 23701 692 21785 3742 3371 862 842 781 18043
is_linear=0
shrinkage=0.05


Tree=3
num_leaves=31
num_cat=0
split_feature=33 4 10 117 96 59 144 127 129 36 107 115 128 127 117 128 142 37 6 8 3 142 6 96 25 134 110 135 79 65
split_gain=2.99994e+06 2.77074e+06 6.4876e+06 1.99542e+06 4.75542e+06 4.43484e+06 5.07996e+06 2.90183e+06 2.81488e+06 2.42565e+06 1.87197e+06 2.33608e+06 2.76176e+06 3.17513e+06 2.40973e+06 1.84679e+06 2.09072e+06 2.45459e+06 1.81937e+06 1.78673e+06 1.46836e+06 1.42211e+06 1.38784e+06 1.36798e+06 1.30079e+06 1.70749e+06 1.56599e+06 1.27115e+06 1.43279e+06 1.14364e+06
threshold=756.37554931640636 2700.8999023437505 1441.7500000000002 497.39965820312506 523.07272338867199 443.25000000000006 -2638.829956054687 -785.24999999999989 100.25000000000001 -372.24999999999994 -1665.2499999999998 -1033.7499999999998 -511.24999999999994 -11.749999999999998 697.67520141601574 204.25000000000003 -85.249999999999986 11.750000000000002 1917.3045654296877 -882.24999999999989 -1100.2499999999998 -354.74999999999994 1917.3045654296877 756.37554931640636 -316.97250366210932 522.75000000000011 403.88594055175787 -162.24999999999997 191.25000000000003 -250.74999999999997
decision_type=2 2 2 2 2 2 2 2 2 2 2 2 2 2 2 2 2 2 2 2 2 2 2 2 2 2 2 2 2 2
left_child=3 2 23 20 5 6 -5 -6 9 -8 -9 -12 14 -14 19 18 17 -17 21 -13 24 -15 -22 -2 25 -1 -26 -24 -29 -21
right_child=1 -3 -4 4 7 -7 8 10 -10 -11 11 12 13 15 -16 16 -18 -19 -20 29 22 -23 27 -25 26 -27 -28 28 -30 -31
leaf_value=-1.3927615145162937 3.4524978191325708 6.4507545139478601 -36.968060993012926 25.739536803109303 -17.605758925846644 33.090858726501466 -15.223089141681278 14.174213409423828 15.2416224638621 5.8088818366710955 -14.899671139924422 -8.2884353637695316 -20.124283614754678 -10.077340164780617 23.002325470551202 2.4178439269463223 -4.2926961441040046 25.275863688925039 -15.865700944264731 15.399797352283233 0.021757380250705016 1.6798389959809008 -2.6875885322982191 -12.474758676382212 -3.8020921008822359 8.8766782448405319 -17.744209783491879 18.903500223159792 4.5567064975735851 0.28769081433614097
leaf_weight=1116 28 23 21 28 21 20 29 27 24 26 23 20 20 31 23 24 25 23 21 31 22845 151 51 26 162 42 23 20 134 21
leaf_count=1116 28 23 21 28 21 20 29 27 24 26 23 20 20 31 23 24 25 23 21 31 22845 151 51 26 162 42 23 20 134 21
internal_value=-1.85708e-08 -8.73098 -13.3867 0.0342514 2.91249 11.4794 7.43988 0.552405 0.953928 -5.2807 1.41904 0.585172 1.49838 -0.889327 8.91284 0.509579 7.38966 13.6037 -1.93065 4.41203 -0.0351293 -0.322757 0.0585097 -4.21618 -1.64226 -1.02029 -5.53544 4.15415 6.41993 9.29683
internal_weight=25079 98 75 24981 588 127 107 461 79 55 440 413 390 295 95 275 72 47 203 72 24393 182 23050 54 1343 1158 185 205 154 52
internal_count=25079 98 75 24981 588 127 107 461 79 55 440 413 390 295 95 275 72 47 203 72 24393 182 23050 54 1343 1158 185 205 154 52
is_linear=0
shrinkage=0.05


Tree=4
num_leaves=31
num_cat=0
split_feature=33 2 9 120 2 131 141 117 103 127 145 27 51 60 124 12 19 138 4 3 114 99 12 54 13 145 96 106 121 82
split_gain=2.70744e+06 2.50336e+06 1.86897e+06 2.49069e+06 1.70652e+06 1.63181e+06 1.57425e+06 1.55173e+06 1.51694e+06 2.94888e+06 2.02033e+06 2.40592e+06 2.66299e+06 1.87215e+06 3.03592e+06 1.89513e+06 1.77664e+06 1.74149e+06 1.80113e+06 1.44538e+06 1.42173e+06 3.37519e+06 4.96204e+06 1.35754e+06 1.19842e+06 1.12661e+06 2.21549e+06 1.18395e+06 2.16309e+06 1.08366e+06
threshold=756.37554931640636 1590.5000000000002 1528.5000000000002 1416.7500000000002 -787.24999999999989 756.37554931640636 217.75000000000003 388.34660339355474 642.43734741210949 -27.249999999999996 598.35256958007824 -1722.2819824218748 -833.24999999999989 -3721.8898925781245 497.39965820312506 523.07272338867199 598.35256958007824 551.05221557617199 -719.78997802734364 -1100.2499999999998 453.75000000000006 992.00000000000011 372.53968811035162 257.74114990234381 2483.370727539063 497.39965820312506 497.39965820312506 1020.2500000000001 41.750000000000007 523.07272338867199
decision_type=2 2 2 2 2 2 2 2 2 2 2 2 2 2 2 2 2 2 2 2 2 2 2 2 2 2 2 2 2 2
left_child=2 4 3 5 -2 8 -7 -5 10 -10 13 -12 -13 14 15 -1 -11 19 -19 29 21 23 -23 -4 -22 27 -27 -21 -29 -15
right_child=1 -3 20 7 -6 6 -8 -9 9 16 11 12 -14 17 -16 -17 -18 18 -20 25 24 22 -24 -25 -26 26 -28 28 -30 -31
leaf_value=-5.379350144588031 -9.4196202748861069 -19.771098089218142 13.20863568874506 1.5877572904933583 6.9328304149486399 19.424006285553887 1.3141131554331098 19.630421939262977 -19.208471330006919 -10.482474032570336 -1.5603802191905487 28.481330558231903 4.5422641754150392 -1.8400655750077188 21.973744753599167 12.716923349318298 3.6998166593294295 -1.9745477461069822 -19.534311659439751 0.046450736638464059 2.0155310691630137 4.8321921748499719 36.776188335418702 0.79487078247798815 -10.251531397837859 17.83421470935528 1.131970719363363 -11.492393236391006 -0.80944252423386076 9.8870577502250683
leaf_weight=39 39 32 26 22 27 21 28 26 30 34 39 21 26 1310 25 23 63 40 23 22486 85 31 20 144 26 26 84 62 201 20
leaf_count=39 39 32 26 22 27 21 28 26 30 34 39 21 26 1310 25 23 63 40 23 22486 85 31 20 144 26 26 84 62 201 20
internal_value=-1.59829e-08 -8.29443 0.0325389 -0.0176532 -2.72998 -0.0398543 9.0755 11.3609 -0.0580464 -5.50842 -0.0297067 7.62037 15.2384 -0.0567376 7.26481 1.33378 -1.2713 -0.0830025 -8.38526 -0.0613793 3.759 6.07786 17.3592 2.69345 -0.857835 0.0318492 5.07977 0.00744054 -3.32786 -1.66372
internal_weight=25079 98 24981 24649 66 24601 49 48 24552 127 24425 86 47 24339 87 62 97 24252 63 24189 332 221 51 170 111 22859 110 22749 263 1330
internal_count=25079 98 24981 24649 66 24601 49 48 24552 127 24425 86 47 24339 87 62 97 24252 63 24189 332 221 51 170 111 22859 110 22749 263 1330
is_linear=0
shrinkage=0.05


Tree=5
num_leaves=31
num_cat=0
split_feature=33 4 15 60 114 120 67 1 141 114 85 117 137 103 133 68 96 1 28 134 114 50 142 13 127 19 14 2 60 12
split_gain=2.44347e+06 2.559e+06 5.72534e+06 1.75506e+06 3.2164e+06 1.79349e+06 1.48927e+06 2.71484e+06 2.24928e+06 2.04783e+06 1.9281e+06 1.68668e+06 1.86112e+06 1.84441e+06 1.91892e+06 1.65463e+06 1.48124e+06 1.31198e+06 2.75835e+06 2.70141e+06 3.13651e+06 3.11676e+06 1.49796e+06 1.40751e+06 1.77957e+06 1.76085e+06 1.55491e+06 1.53976e+06 1.84567e+06 1.77798e+06
threshold=756.37554931640636 2700.8999023437505 1043.7500000000002 1263.559997558594 -1017.2499999999999 1416.7500000000002 -3680.8525390624995 -1612.2499999999998 238.75000000000003 -656.74999999999989 -269.24999999999994 282.50642395019537 1206.4949951171877 268.42219543457037 130.75000000000003 306.37185668945318 756.37554931640636 -1391.7499999999998 -802.74999999999989 -121.74999999999999 -1123.7499999999998 -2043.7499999999998 -803.24999999999989 1749.0518798828127 218.25000000000003 697.67520141601574 556.25000000000011 417.75000000000006 -1715.2924804687498 256.70884704589849
decision_type=2 2 2 2 2 2 2 2 2 2 2 2 2 2 2 2 2 2 2 2 2 2 2 2 2 2 2 2 2 2
left_child=3 2 16 5 -5 6 7 8 9 -1 -9 15 13 14 -13 -8 -2 18 19 20 -15 -21 -19 25 -25 27 -27 29 -29 -24
right_child=1 -3 -4 4 -6 -7 11 10 -10 -11 -12 12 -14 17 -16 -17 -18 22 -20 21 -22 -23 23 24 -26 26 -28 28 -30 -31
leaf_value=13.618620790984179 6.0203537406921388 6.7104077048923658 -31.890872665405272 20.454924912886188 1.2323087791167107 10.108172403379928 0.012847564713611327 25.962957958948046 -8.8587297206971698 -5.3802428141884189 5.9208271111760826 -8.3330268229976792 -15.931092129434859 -24.707939366941101 3.2962284533873851 5.7393492194611255 -11.191504447937014 10.842588858768858 -21.838804316520694 15.168700239576143 -1.7289834109219637 -2.3823434281896687 3.8774630208064162 18.36415212994272 0.21652774027415683 19.069650665918985 0.2515372633934021 -16.495776391029359 -2.3967055345546915 -0.67807488845486741
leaf_weight=37 25 23 25 22 2006 43 18690 21 41 23 28 155 21 27 46 127 25 29 20 29 33 198 236 22 35 21 23 24 707 2317
leaf_count=37 25 23 25 22 2006 43 18690 21 41 23 28 155 21 27 46 127 25 29 20 29 33 198 236 22 35 21 23 24 707 2317
internal_value=3.6503e-09 -7.87971 -12.354 0.0309119 1.44084 -0.0936613 -0.112809 4.85294 0.167678 6.33572 14.5103 -0.145536 -1.08583 -1.00634 -5.67161 0.051497 -2.58558 -0.754333 -3.88521 -2.63409 -12.0695 -0.14014 -0.472793 -0.569734 7.22087 -0.703167 9.23291 -0.836293 -2.8596 -0.25696
internal_weight=25079 98 75 24981 2028 22953 22910 150 101 60 49 22760 3943 3922 201 18817 50 3721 307 287 60 227 3414 3385 57 3328 44 3284 731 2553
internal_count=25079 98 75 24981 2028 22953 22910 150 101 60 49 22760 3943 3922 201 18817 50 3721 307 287 60 227 3414 3385 57 3328 44 3284 731 2553
is_linear=0
shrinkage=0.05


end of trees

feature_importances:
Column_2=8
Column_60=7
Column_96=7
Column_103=7
Column_145=7
Column_33=6
Column_114=6
Column_117=6
Column_127=5
Column_135=5
Column_19=4
Column_142=4
Column_1=3
Column_3=3
Column_4=3
Column_12=3
Column_15=3
Column_25=3
Column_54=3
Column_68=3
Column_120=3
Column_124=3
Column_129=3
Column_130=3
Column_131=3
Column_141=3
Column_6=2
Column_8=2
Column_9=2
Column_13=2
Column_40=2
Column_53=2
Column_61=2
Column_65=2
Column_74=2
Column_79=2
Column_99=2
Column_107=2
Column_113=2
Column_128=2
Column_134=2
Column_0=1
Column_10=1
Column_14=1
Column_23=1
Column_27=1
Column_28=1
Column_36=1
Column_37=1
Column_38=1
Column_44=1
Column_45=1
Column_46=1
Column_49=1
Column_50=1
Column_51=1
Column_59=1
Column_64=1
Column_67=1
Column_71=1
Column_77=1
Column_78=1
Column_82=1
Column_85=1
Column_100=1
Column_101=1
Column_106=1
Column_110=1
Column_111=1
Column_115=1
Column_121=1
Column_125=1
Column_133=1
Column_136=1
Column_137=1
Column_138=1
Column_144=1

parameters:
[boosting: gbdt]
[objective: regression]
[metric: l2]
[tree_learner: serial]
[device_type: cpu]
[data_sample_strategy: bagging]
[data: ]
[valid: ]
[num_iterations: 1000]
[learning_rate: 0.05]
[num_leaves: 31]
[num_threads: 0]
[seed: 42]
[deterministic: 1]
[force_col_wise: 0]
[force_row_wise: 0]
[histogram_pool_size: -1]
[max_depth: -1]
[min_data_in_leaf: 20]
[min_sum_hessian_in_leaf: 0.001]
[bagging_fraction: 1]
[pos_bagging_fraction: 1]
[neg_bagging_fraction: 1]
[bagging_freq: 0]
[bagging_seed: 400]
[bagging_by_query: 0]
[feature_fraction: 1]
[feature_fraction_bynode: 1]
[feature_fraction_seed: 30056]
[extra_trees: 0]
[extra_seed: 12879]
[early_stopping_round: 0]
[early_stopping_min_delta: 0]
[first_metric_only: 0]
[max_delta_step: 0]
[lambda_l1: 0]
[lambda_l2: 0]
[linear_lambda: 0]
[min_gain_to_split: 0]
[drop_rate: 0.1]
[max_drop: 50]
[skip_drop: 0.5]
[xgboost_dart_mode: 0]
[uniform_drop: 0]
[drop_seed: 17869]
[top_rate: 0.2]
[other_rate: 0.1]
[min_data_per_group: 100]
[max_cat_threshold: 32]
[cat_l2: 10]
[cat_smooth: 10]
[max_cat_to_onehot: 4]
[top_k: 20]
[monotone_constraints: ]
[monotone_constraints_method: basic]
[monotone_penalty: 0]
[feature_contri: ]
[forcedsplits_filename: ]
[refit_decay_rate: 0.9]
[cegb_tradeoff: 1]
[cegb_penalty_split: 0]
[cegb_penalty_feature_lazy: ]
[cegb_penalty_feature_coupled: ]
[path_smooth: 0]
[interaction_constraints: ]
[verbosity: -1]
[saved_feature_importance_type: 0]
[use_quantized_grad: 0]
[num_grad_quant_bins: 4]
[quant_train_renew_leaf: 0]
[stochastic_rounding: 1]
[linear_tree: 0]
[max_bin: 255]
[max_bin_by_feature: ]
[min_data_in_bin: 3]
[bin_construct_sample_cnt: 200000]
[data_random_seed: 175]
[is_enable_sparse: 1]
[enable_bundle: 1]
[use_missing: 1]
[zero_as_missing: 0]
[feature_pre_filter: 1]
[pre_partition: 0]
[two_round: 0]
[header: 0]
[label_column: ]
[weight_column: ]
[group_column: ]
[ignore_column: ]
[categorical_feature: ]
[forcedbins_filename: ]
[precise_float_parser: 0]
[parser_config_file: ]
[objective_seed: 16083]
[num_class: 1]
[is_unbalance: 0]
[scale_pos_weight: 1]
[sigmoid: 1]
[boost_from_average: 1]
[reg_sqrt: 0]
[alpha: 0.9]
[fair_c: 1]
[poisson_max_delta_step: 0.7]
[tweedie_variance_power: 1.5]
[lambdarank_truncation_level: 30]
[lambdarank_norm: 1]
[label_gain: ]
[lambdarank_position_bias_regularization: 0]
[eval_at: ]
[multi_error_top_k: 1]
[auc_mu_weights: ]
[num_machines: 1]
[local_listen_port: 12400]
[time_out: 120]
[machine_list_filename: ]
[machines: ]
[gpu_platform_id: -1]
[gpu_device_id: -1]
[gpu_device_id_list: ]
[gpu_use_dp: 0]
[num_gpu: 1]

end of parameters

pandas_categorical:null
