tree
version=v4
num_class=1
num_tree_per_iteration=1
label_index=0
max_feature_idx=146
objective=regression
feature_names=Column_0 Column_1 Column_2 Column_3 Column_4 Column_5 Column_6 Column_7 Column_8 Column_9 Column_10 Column_11 Column_12 Column_13 Column_14 Column_15 Column_16 Column_17 Column_18 Column_19 Column_20 Column_21 Column_22 Column_23 Column_24 Column_25 Column_26 Column_27 Column_28 Column_29 Column_30 Column_31 Column_32 Column_33 Column_34 Column_35 Column_36 Column_37 Column_38 Column_39 Column_40 Column_41 Column_42 Column_43 Column_44 Column_45 Column_46 Column_47 Column_48 Column_49 Column_50 Column_51 Column_52 Column_53 Column_54 Column_55 Column_56 Column_57 Column_58 Column_59 Column_60 Column_61 Column_62 Column_63 Column_64 Column_65 Column_66 Column_67 Column_68 Column_69 Column_70 Column_71 Column_72 Column_73 Column_74 Column_75 Column_76 Column_77 Column_78 Column_79 Column_80 Column_81 Column_82 Column_83 Column_84 Column_85 Column_86 Column_87 Column_88 Column_89 Column_90 Column_91 Column_92 Column_93 Column_94 Column_95 Column_96 Column_97 Column_98 Column_99 Column_100 Column_101 Column_102 Column_103 Column_104 Column_105 Column_106 Column_107 Column_108 Column_109 Column_110 Column_111 Column_112 Column_113 Column_114 Column_115 Column_116 Column_117 Column_118 Column_119 Column_120 Column_121 Column_122 Column_123 Column_124 Column_125 Column_126 Column_127 Column_128 Column_129 Column_130 Column_131 Column_132 Column_133 Column_134 Column_135 Column_136 Column_137 Column_138 Column_139 Column_140 Column_141 Column_142 Column_143 Column_144 Column_145 Column_146
feature_infos=[-6811:6182.5] [-6565.5:6505] [-7070.5:5785] [-6585:6127.5] [-9043.60546875:5768.2998046875] [82.652725219726562:1102.033447265625] [-6176.08837890625:6029.22509765625] [-6585.5:6125] [-6506.5:6447.5] [-6931:5727.5] [-6695.5:6070] [-8999.580078125:5780.1748046875] [82.652725219726562:1102.033447265625] [-6157.8076171875:6004.75048828125] [-6696:6062.5] [-6585.5:6232.5] [-6961:5657.5] [-6792.5:5750] [-8949.580078125:5794.875] [82.652725219726562:1102.033447265625] [-6134.52587890625:5978.4091796875] [-6792:5750] [-6695:6122.5] [-7144.5:5507.5] [-6812:6105] [-8897.830078125:5810.4248046875] [82.652725219726562:1102.033447265625] [-6177.88720703125:5989.91748046875] [-6811.5:6105] [-6714.5:6392.5] [-7091:5707.5] [-6922.5:6047.5] [-8848.8798828125:5814.7998046875] [82.652725219726562:1102.033447265625] [-6245.5791015625:5979.92529296875] [-6922:6047.5] [-6825:6335] [-7149.5:5650] [-6848:5822.5] [-8799.48046875:5814.4501953125] [82.652725219726562:1102.033447265625] [-6300.3447265625:5961.068359375] [-6847.5:5820] [-6590:6030] [-7169:5527.5] [-6790.5:5715] [-8748.080078125:5814.3251953125] [82.652725219726562:1102.033447265625] [-6341.1767578125:5903.568359375] [-6789.5:5717.5] [-6700.5:5752.5] [-7279.5:5177.5] [-6900:5355] [-8694.60546875:5814.580078125] [82.652725219726562:1102.033447265625] [-6390.615234375:5733.92578125] [-6899:5355] [-6547.5:5642.5] [-7374:4980] [-6919.5:5495] [-8641.5302734375:5817.77978515625] [82.652725219726562:1102.033447265625] [-6417.51416015625:5537.65966796875] [-6918.5:5495] [-6658:5782.5] [-7393.5:5097.5] [-7030:5567.5] [-8590.8798828125:5817.35498046875] [82.652725219726562:1102.033447265625] [-6473.19482421875:5452.41748046875] [-7029:5567.5] [-5679.5:5855] [-7504:5170] [-6051.5:5342.5] [-8541.23046875:5806.52978515625] [82.652725219726562:1102.033447265625] [-6400.44970703125:5442.42529296875] [-6050.5:5340] [-5404.5:5550] [-6525.5:5047.5] [-5776.5:5235] [-8489.5546875:5794.580078125] [82.652725219726562:1102.033447265625] [-5992.13623046875:5423.568359375] [-5775.5:5237.5] [-5280.5:5270] [-6250.5:4462.5] [-5652.5:4650] [-8427.6298828125:5797.77978515625] [82.652725219726562:1102.033447265625] [-5696.03271484375:5253.92578125] [-5651.5:4652.5] [-4759.5:4727.5] [-6126.5:4225] [-5013.5:4412.5] [-8351.0048828125:5797.35498046875] [82.652725219726562:1102.033447265625] [-5424.21142578125:5057.65966796875] [-5013:4415] [-4916:4447.5] [-5292:3440] [-4939:3627.5] [-8272.8798828125:5786.52978515625] [82.652725219726562:1102.033447265625] [-5107.55615234375:4769.0087890625] [-4938.5:3630] [-4717:3702.5] [-5309:3087.5] [-5089:3685] [-8187.2548828125:5759.30517578125] [82.652725219726562:1102.033447265625] [-4842.7783203125:4534.78076171875] [-5088:3685] [-4791.5:3972.5] [-5563:3287.5] [-4976:3460] [-8102.705078125:5731.580078125] [82.652725219726562:1102.033447265625] [-4603.61669921875:4329.11865234375] [-4975.5:3457.5] [-4527:3667.5] [-5180.5:3165] [-4777.5:3352.5] [-8012.77978515625:5701.72998046875] [82.652725219726562:1102.033447265625] [-4508.51416015625:4081.698974609375] [-4776.5:3355] [-4749:4182.5] [-5240:1952.5] [-5121:2140] [-7912.80517578125:5669.77978515625] [82.652725219726562:1102.033447265625] [-4564.19482421875:3785.408203125] [-5120:2142.5] [-2419.5:3979.5] [-5595:1510] [-3764:1971] [-7813.47998046875:5632.10498046875] [82.652725219726562:1102.033447265625] [-4491.44970703125:3494.4619140625] [-3759:2008] [0:3450.5] [-4277:0] none [-7700.93017578125:5575.6298828125] [82.652725219726562:1102.033447265625] [-4083.135986328125:3176.78369140625]
tree_sizes=2738 2753 2743 2770 2739 2748 2735 2763 2773 2747 2753 2748 2713 2728 2722 2740 2732 2722

Tree=0
num_leaves=31
num_cat=0
split_feature=142 113 115 26 142 142 119 145 141 121 107 142 80 85 141 124 6 142 10 79 125 54 89 141 145 90 121 112 55 10
split_gain=1.23447e+06 3.1252e+06 2.65477e+06 1.19168e+06 1.43225e+06 1.76963e+06 834882 943288 1.43593e+06 1.51634e+06 1.15811e+06 868399 840697 1.22906e+06 908744 838384 678756 590820 539693 513112 1.34618e+06 505428 646371 467677 561523 802728 648225 642676 563476 498420
threshold=-803.24999999999989 -1108.7499999999998 -886.99999999999989 756.37554931640636 -115.74999999999999 -244.74999999999997 -1247.2499999999998 598.35256958007824 302.75000000000006 -644.74999999999989 286.25000000000006 -113.24999999999999 326.75000000000006 -302.24999999999994 119.25000000000001 598.35256958007824 1917.3045654296877 -112.24999999999999 -607.24999999999989 -251.74999999999997 551.23806762695324 523.07272338867199 523.07272338867199 389.25000000000006 424.42092895507818 -452.41072082519526 247.75000000000003 16.250000000000004 -396.68031311035151 -1911.7499999999998
decision_type=2 2 2 2 2 2 2 2 2 2 2 2 2 2 2 2 2 2 2 2 2 2 2 2 2 2 2 2 2 2
left_child=1 -1 -3 6 5 -5 11 15 10 -10 12 -2 13 14 -9 16 17 -8 -4 -11 -21 23 -23 29 25 27 -26 -25 -27 -19
right_child=3 2 18 4 -6 -7 7 8 9 19 -12 -13 -14 -15 -16 -17 -18 21 -20 20 -22 22 -24 24 26 28 -28 -29 -30 -31
leaf_value=-7.9614327790714023 -8.2197659431807839 25.087901115053338 -1.1590517263875011 -1.3573848444629171 5.0869005161458656 -17.906432316826344 0.30596760803352174 4.8646091201637578 -12.198553824008609 6.7571570201068907 -1.0702866853540738 3.8611864869245576 18.7457101738331 -0.74189243431989638 18.017590311146666 -7.1810405287176682 3.506305545896871 -4.394210277921518 10.176662831947079 -10.908099409467539 5.9537972340066458 12.444519797551362 1.7826962259102808 -1.6456918123849054 9.6728266425553251 5.9609632879169681 -2.0400040572435971 -12.771099094755012 -0.92144836015175058 0.87556482522104773
leaf_weight=27 51 25 21 35 25 30 8203 24 22 39 32 21 21 29 29 34 210 45 21 20 29 21 44 27 27 32 21 25 421 15468
leaf_count=27 51 25 21 35 25 30 8203 24 22 39 32 21 21 29 29 34 210 45 21 20 29 21 44 27 27 32 21 25 421 15468
internal_value=0.680948 6.40009 12.1876 0.659431 -5.08365 -8.99541 0.680194 0.695788 3.78292 -0.457645 7.2382 -4.69615 9.81947 7.53349 12.0615 0.665015 0.675883 0.651457 4.50881 2.47758 -0.92861 0.827147 5.22729 0.809345 -0.619464 -1.11067 4.54846 -6.99445 -0.435274 0.860278
internal_weight=25079 94 67 24985 90 65 24895 24823 245 110 135 72 103 82 53 24578 24544 24334 42 88 49 16131 65 16066 553 505 48 52 453 15513
internal_count=25079 94 67 24985 90 65 24895 24823 245 110 135 72 103 82 53 24578 24544 24334 42 88 49 16131 65 16066 553 505 48 52 453 15513
is_linear=0
shrinkage=1


Tree=1
num_leaves=31
num_cat=0
split_feature=142 113 115 26 142 142 119 79 118 142 145 96 6 71 124 120 119 6 141 142 141 63 10 131 120 12 48 29 78 114
split_gain=1.11411e+06 2.82049e+06 2.39593e+06 1.07549e+06 1.2926e+06 1.59709e+06 753481 861004 868456 783730 657623 1.72601e+06 1.30254e+06 1.0049e+06 756648 668319 923776 612567 578784 574012 600064 527876 487073 470414 448882 374080 439625 366456 524760 359534
threshold=-803.24999999999989 -1108.7499999999998 -886.99999999999989 756.37554931640636 -115.74999999999999 -244.74999999999997 -1247.2499999999998 -2096.2499999999995 -1769.5961914062498 -113.24999999999999 598.35256958007824 642.43734741210949 234.01274108886722 -565.24999999999989 598.35256958007824 357.75000000000006 362.25000000000006 1917.3045654296877 241.75000000000003 -28.749999999999996 681.25000000000011 -517.74999999999989 -607.24999999999989 697.67520141601574 1416.7500000000002 320.29513549804693 404.91720581054693 2166.2500000000005 1431.0000000000002 517.25000000000011
decision_type=2 2 2 2 2 2 2 2 2 2 2 2 2 2 2 2 2 2 2 2 2 2 2 2 2 2 2 2 2 2
left_child=1 -1 -3 6 5 -5 9 18 -9 -2 14 12 21 -13 17 -15 -17 19 -8 20 24 -12 -4 -18 -10 26 -22 29 -29 -19
right_child=3 2 22 4 -6 -7 7 8 10 -11 11 13 -14 15 -16 16 23 27 -20 -21 25 -23 -24 -25 -26 -27 -28 28 -30 -31
leaf_value=-8.2102618897402735 -8.4556782645337716 23.186605106353763 -1.7479996363321941 -1.9364163603101456 4.1856547508239741 -17.658012087742488 10.000352362129425 -10.414889065623285 -0.12720758942763652 3.0212264015561061 10.560071617081052 9.0389455636342362 20.217784037590029 -8.4852666701039965 -7.4688892729142147 8.9117398695512247 -7.6674180667975849 2.9179717947487482 -0.44456415318307424 0.5140916502428462 -13.043283079564572 -0.40442232878311818 9.0209289823259624 1.0010457137051751 7.1867568685894927 -0.85943316343503118 -2.9072901134905607 10.987184803826469 1.5440396462717365 -2.4881059735320337
leaf_weight=27 51 25 21 35 25 30 36 20 20129 21 21 24 20 31 34 22 29 108 21 4066 20 23 21 34 21 39 23 28 31 43
leaf_count=27 51 25 21 35 25 30 36 20 20129 21 21 24 20 31 34 22 29 108 21 4066 20 23 21 34 21 39 23 28 31 43
internal_value=-3.40749e-08 5.43319 10.9313 -0.0204411 -5.47637 -9.19254 -0.000716885 0.0140977 -2.94703e-05 -5.10825 0.00838794 2.83552 9.63774 -0.27407 -0.015112 -2.2009 0.0910436 -0.00477132 6.15223 -0.0280103 -0.136956 4.82863 3.63646 -2.9892 -0.119585 -4.4055 -7.62171 2.68409 6.02553 1.37849
internal_weight=25079 94 67 24985 90 65 24895 24823 24766 72 24746 204 64 140 24542 116 85 24508 57 24298 20232 44 42 63 20150 82 43 210 59 151
internal_count=25079 94 67 24985 90 65 24895 24823 24766 72 24746 204 64 140 24542 116 85 24508 57 24298 20232 44 42 63 20150 82 43 210 59 151
is_linear=0
shrinkage=0.05


Tree=2
num_leaves=31
num_cat=0
split_feature=142 48 113 99 26 120 8 119 79 118 140 145 96 6 71 124 43 142 72 127 6 142 141 10 66 5 47 5 141 43
split_gain=1.00548e+06 2.61516e+06 1.60508e+06 1.2776e+06 970632 1.24014e+06 976278 680017 777056 783781 748385 593504 1.55773e+06 1.17555e+06 906920 682875 660921 682513 597295 577749 552841 526223 522353 479904 473743 724473 642452 584703 922902 718419
threshold=-803.24999999999989 -46.546665191650384 -1108.7499999999998 -831.74999999999989 756.37554931640636 95.250000000000014 2666.2500000000005 -1247.2499999999998 -2096.2499999999995 -1769.5961914062498 -282.24999999999994 598.35256958007824 642.43734741210949 234.01274108886722 -565.24999999999989 598.35256958007824 -648.74999999999989 -198.74999999999997 898.25000000000011 351.25000000000006 1917.3045654296877 -112.24999999999999 241.75000000000003 -1131.7499999999998 -1427.2499999999998 380.26853942871099 362.47964477539068 411.96957397460943 190.25000000000003 -1350.9999999999998
decision_type=2 2 2 2 2 2 2 2 2 2 2 2 2 2 2 2 2 2 2 2 2 2 2 2 2 2 2 2 2 2
left_child=1 2 -1 -4 7 -6 -7 10 22 -10 -2 15 13 23 -14 20 -16 19 -19 -18 21 24 -9 -13 25 -11 -26 28 -28 -29
right_child=4 -3 3 -5 5 6 -8 8 9 11 -12 12 14 -15 16 -17 17 18 -20 -21 -22 -23 -24 -25 26 -27 27 29 -30 -31
leaf_value=-9.8028737107912711 -13.072477884292603 21.203440232276918 15.716428334712981 -0.59816091934839888 -14.411023061092084 3.482682333237086 -9.1747154254913337 9.5003347558693747 -9.8941445016860978 0.022110292988438762 -1.6914346098899842 -1.133004070520401 8.586998462677002 19.206895079612735 -10.359538781642915 -7.0954448408940269 -10.200137598618218 9.2722758331298838 -2.3204572582244873 0.49488815920693541 2.5498850760005771 0.13903221095158255 -0.42233588667142963 9.354036851723988 -0.25935435163335047 9.2855930887628357 -2.1072713831663132 -9.6143374306815019 -9.0411247241692472 -0.1095371560980104
leaf_weight=24 20 20 20 30 26 39 25 36 20 62 52 20 24 20 20 34 23 25 20 28 210 16126 21 24 7398 32 225 21 61 373
leaf_count=24 20 20 20 30 26 39 25 36 20 62 52 20 24 20 20 34 23 25 20 28 210 16126 21 24 7398 32 225 21 61 373
internal_value=1.52007e-08 5.16153 0.825875 5.92767 -0.019419 -5.20255 -1.46161 -0.000680993 0.0133929 -2.7948e-05 -4.85284 0.00796859 2.69374 9.15585 -0.260367 -0.0143563 -2.09086 -0.368214 4.11995 -4.32836 -0.0045327 -0.0266097 5.84461 4.5872 -0.353475 3.17564 -0.394542 -1.8653 -3.58617 -0.616138
internal_weight=25079 94 74 50 24985 90 64 24895 24823 24766 72 24746 204 64 140 24542 116 96 45 51 24508 24298 57 44 8172 94 8078 680 286 394
internal_count=25079 94 74 50 24985 90 64 24895 24823 24766 72 24746 204 64 140 24542 116 96 45 51 24508 24298 57 44 8172 94 8078 680 286 394
is_linear=0
shrinkage=0.05


Tree=3
num_leaves=31
num_cat=0
split_feature=115 142 115 26 120 8 134 51 131 61 120 122 34 79 142 123 26 10 39 65 44 117 96 67 141 61 61 115 55 139
split_gain=908970 2.30785e+06 1.84489e+06 875968 1.16075e+06 881091 737975 1.02676e+06 724920 1.41424e+06 1.0827e+06 995318 627406 478946 478210 434595 1.04195e+06 407048 402653 443223 832925 434234 937347 837111 730425 599081 550108 524038 926811 669697
threshold=-1256.2499999999998 -803.24999999999989 -886.99999999999989 756.37554931640636 95.250000000000014 2666.2500000000005 261.75000000000006 -2066.2499999999995 697.67520141601574 697.67520141601574 396.25000000000006 -293.74999999999994 -2888.992797851562 -95.749999999999986 -28.749999999999996 -3316.984985351562 475.18203735351568 -549.74999999999989 1256.0025024414065 -1056.2499999999998 -845.24999999999989 282.50642395019537 270.57742309570318 -905.81249999999989 3.2500000000000004 231.63159942626956 310.03219604492193 442.75000000000006 -524.09747314453114 854.00946044921886
decision_type=2 2 2 2 2 2 2 2 2 2 2 2 2 2 2 2 2 2 2 2 2 2 2 2 2 2 2 2 2 2
left_child=6 2 -2 8 -5 -6 7 -1 12 11 -11 -10 -3 -12 15 16 -14 -4 21 -20 -21 26 23 -23 -24 -25 -17 29 -29 -26
right_child=1 3 17 4 5 -7 -8 -9 9 10 13 -13 14 -15 -16 18 -18 -19 19 20 -22 22 24 25 27 -27 -28 28 -30 -31
leaf_value=-14.517174003247559 20.415036148826282 -8.6453630152202798 -1.6560889850963247 -14.093500549316406 3.3085481448051257 -8.7159797172546387 3.2946597294373947 -2.6011975117027761 17.660248422881832 -10.866211624145508 8.8613169384002699 4.1107220180106889 -3.2734486627578736 -1.9500483785356797 0.49355006998197903 -0.095452507193115044 8.9887954724271122 8.1996981310844426 7.0692607017663809 -8.3908413832004261 0.62181755543851525 0.66645951881641308 -7.4337179596359668 1.0647945578893026 -0.68649857812562853 -6.6544040050045146 3.2484447153345233 7.0097664524297247 0.29474404523823344 8.2778380734579908
leaf_weight=29 24 21 22 25 39 25 22 48 23 20 20 33 30 21 4104 15153 41 20 26 26 1828 82 37 30 2643 155 124 61 326 21
leaf_count=29 24 21 22 25 39 25 22 48 23 20 20 33 30 21 4104 15153 41 20 26 26 1828 82 37 30 2643 155 124 61 326 21
internal_value=3.13626e-09 0.0189501 9.35638 -0.00578581 -4.95734 -1.38853 -4.78155 -7.08903 0.011966 3.93838 -1.32867 9.67571 -0.00662679 3.32379 0.00072175 -0.0975422 3.80757 3.03714 -0.111059 0.586341 0.495426 -0.181428 -0.696508 -3.53872 -0.45076 -5.40264 -0.0683108 -0.366076 1.35318 -0.615834
internal_weight=25079 24980 66 24914 89 64 99 77 24825 117 61 56 24708 41 24687 20583 71 42 20512 1880 1854 18632 3355 267 3088 185 15277 3051 387 2664
internal_count=25079 24980 66 24914 89 64 99 77 24825 117 61 56 24708 41 24687 20583 71 42 20512 1880 1854 18632 3355 267 3088 185 15277 3051 387 2664
is_linear=0
shrinkage=0.05


Tree=4
num_leaves=31
num_cat=0
split_feature=68 120 142 12 2 133 142 138 135 52 41 141 136 23 39 145 54 145 124 19 26 23 123 26 100 129 103 39 141 122
split_gain=855474 1.6579e+06 1.6575e+06 2.84872e+06 1.3852e+06 1.44921e+06 1.3096e+06 1.09274e+06 900081 762936 754897 647110 607536 786178 508130 1.03542e+06 1.45624e+06 960534 914496 704091 712105 727913 678945 614884 595937 745309 538577 492350 428522 421630
threshold=697.67520141601574 -300.24999999999994 -803.24999999999989 411.96957397460943 1590.5000000000002 -249.74999999999997 -155.24999999999997 697.67520141601574 -1057.9999999999998 282.75000000000006 -1648.3348999023435 244.75000000000003 -557.74999999999989 -1521.2499999999998 1256.0025024414065 598.35256958007824 642.43734741210949 523.07272338867199 642.43734741210949 475.18203735351568 411.96957397460943 131.25000000000003 -3316.984985351562 475.18203735351568 -1440.9999999999998 -257.24999999999994 353.93032836914068 2388.8225097656255 34.750000000000007 -214.24999999999997
decision_type=2 2 2 2 2 2 2 2 2 2 2 2 2 2 2 2 2 2 2 2 2 2 2 2 2 2 2 2 2 2
left_child=2 -2 3 8 5 -3 10 12 -1 -8 -7 -9 13 -4 18 17 -17 19 22 20 -16 -22 23 -14 25 26 -24 -23 -15 -25
right_child=1 4 7 -5 -6 6 9 11 -10 -11 -12 -13 14 28 15 16 -18 -19 -20 -21 21 27 24 29 -26 -27 -28 -29 -30 -31
leaf_value=-7.9121732898380444 -13.700773698091508 12.612141824805219 -10.808273580156524 18.179991371491379 -9.6265931894904693 0.1757711591720581 -1.4327318274456522 11.822042872111004 6.2340956687927251 11.445760863760244 -11.420179507136346 1.9986628708086518 -1.1645703408025927 -7.4461172997951515 0.78809221847511279 16.39632329940796 -0.35064530637529168 -8.8110222516236476 -9.0995784384863718 9.5779593324119396 -11.858938348860969 -4.6791640479456298 -3.7013438224792483 3.4866681167057587 -0.059701474122503088 1.5803710587819417 -14.709516894221307 3.6276769669850668 1.0603546519028513 12.420227830886843
leaf_weight=23 32 23 29 34 38 25 23 30 22 23 32 38 31 20 1988 25 27 27 28 22 21 44 25 28 22259 30 20 30 57 25
leaf_count=23 32 23 29 34 38 25 23 30 22 23 32 38 31 20 1988 25 27 27 28 22 21 44 25 28 22259 30 20 30 57 25
internal_value=-4.26877e-09 -3.29035 0.0259176 7.25683 -1.25904 1.2645 -1.26943 0.00288735 -0.99622 5.00651 -6.33424 6.33251 -0.014513 -3.79172 0.00174298 0.729805 7.70078 0.559782 -0.0690976 0.679977 0.585999 -3.64306 -0.0578186 4.42894 -0.0746936 -4.52417 -8.59387 -1.31153 -1.14912 7.70061
internal_weight=25079 196 24883 79 164 126 103 24804 45 46 57 68 24736 106 24630 2184 52 2132 22446 2105 2083 95 22418 84 22334 75 45 74 77 53
internal_count=25079 196 24883 79 164 126 103 24804 45 46 57 68 24736 106 24630 2184 52 2132 22446 2105 2083 95 22418 84 22334 75 45 74 77 53
is_linear=0
shrinkage=0.05


Tree=5
num_leaves=31
num_cat=0
split_feature=115 142 115 26 142 142 136 140 72 145 141 121 127 3 40 135 28 34 125 106 142 141 89 142 113 6 10 86 47 61
split_gain=816620 1.94877e+06 1.6766e+06 725699 1.11392e+06 1.55126e+06 950232 672354 1.23465e+06 638199 1.47766e+06 1.37743e+06 1.26889e+06 970050 628144 468494 433488 450497 467226 609099 435224 540743 659906 514994 408948 387042 363553 351353 391554 542576
threshold=-1256.2499999999998 -803.24999999999989 -886.99999999999989 756.37554931640636 -115.74999999999999 -205.74999999999997 -141.74999999999997 -282.24999999999994 -1833.2499999999998 642.43734741210949 247.25000000000003 -644.74999999999989 58.750000000000007 -893.49999999999989 697.67520141601574 -298.24999999999994 1963.2500000000002 1786.4959716796877 1525.763122558594 872.25000000000011 -28.749999999999996 681.25000000000011 362.47964477539068 -67.249999999999986 1498.7500000000002 1019.757537841797 -607.24999999999989 -2039.9999999999998 642.43734741210949 551.05221557617199
decision_type=2 2 2 2 2 2 2 2 2 2 2 2 2 2 2 2 2 2 2 2 2 2 2 2 2 2 2 2 2 2
left_child=7 2 -2 9 5 6 -5 8 -1 14 12 -12 -11 -13 16 -14 20 -18 19 -19 21 24 23 -23 27 -15 -4 -3 29 -29
right_child=1 3 26 4 -6 -7 -8 -9 -10 10 11 13 15 25 -16 -17 17 18 -20 -21 -22 22 -24 -25 -26 -27 -28 28 -30 -31
leaf_value=-16.797840447227159 19.140480743845306 5.9459697780509799 -2.077718035380046 -10.538508634567261 4.4383424129486091 -19.146762752532961 4.3633401041445525 -0.69336935169291947 -0.39933564825491474 17.385751306093656 -12.238373844964165 8.3423912465572361 -1.2561962882677715 -7.7316044807434086 -7.4941636954035076 9.1054223966598524 -2.4239116227999329 3.2653409145559587 0.28613287524173131 13.739760434109233 0.4560119226661809 -3.2016171506933264 2.4870061772840995 -12.605978473027548 7.0530420970916756 1.9872786378860476 7.2260564372653056 -0.11628749461411153 -4.766178653505114 3.3734710365533829
leaf_weight=24 24 24 21 20 25 21 23 53 22 26 21 35 24 21 28 20 30 35 38 23 4072 37 27 24 20 20 21 20143 45 112
leaf_count=24 24 24 21 20 25 21 23 53 22 26 21 35 24 21 28 20 30 35 38 23 4072 37 27 24 20 20 21 20143 45 112
internal_value=-2.13428e-08 0.0179616 8.59828 -0.00476861 -4.51165 -8.00774 -2.56775 -4.53214 -8.95508 0.011389 3.09191 -0.903508 8.62842 2.22849 -0.0094743 3.45363 -0.000965516 2.92426 4.59557 7.41899 -0.0160071 -0.110078 -4.02107 -6.90169 -0.0931608 -2.99069 2.57417 -0.100193 -0.107341 -0.0969909
internal_weight=25079 24980 66 24914 89 64 43 99 46 24825 167 97 70 76 24658 44 24630 126 96 58 24504 20432 88 61 20344 41 42 20324 20300 20255
internal_count=25079 24980 66 24914 89 64 43 99 46 24825 167 97 70 76 24658 44 24630 126 96 58 24504 20432 88 61 20344 41 42 20324 20300 20255
is_linear=0
shrinkage=0.05


Tree=6
num_leaves=31
num_cat=0
split_feature=115 107 88 103 141 100 33 142 54 134 51 27 145 135 129 0 133 134 65 113 87 142 141 40 0 86 73 103 75 71
split_gain=737000 1.83365e+06 1.71938e+06 1.27871e+06 1.69539e+06 873089 712715 1.50595e+06 2.53545e+06 615460 864403 531597 508238 562748 496250 403870 508393 791076 482207 473735 767843 398388 429838 657900 525312 376600 506773 370823 359026 1.05585e+06
threshold=-1256.2499999999998 -1358.7499999999998 389.38999938964849 403.88594055175787 241.75000000000003 -1440.9999999999998 756.37554931640636 -118.24999999999999 756.37554931640636 261.75000000000006 -2066.2499999999995 -1878.437805175781 756.37554931640636 -281.74999999999994 -323.24999999999994 1905.5000000000002 -186.74999999999997 279.25000000000006 638.50000000000011 1498.7500000000002 1666.5000000000002 -28.749999999999996 681.25000000000011 437.75964355468756 -72.249999999999986 697.75000000000011 1370.0000000000002 411.96957397460943 642.43734741210949 -179.74999999999997
decision_type=2 2 2 2 2 2 2 2 2 2 2 2 2 2 2 2 2 2 2 2 2 2 2 2 2 2 2 2 2 2
left_child=9 2 3 -2 -5 14 12 8 -8 10 -1 -10 15 -14 -3 19 -17 27 -19 20 21 22 28 24 -24 -20 -27 -18 -7 -30
right_child=1 5 -4 4 -6 6 7 -9 11 -11 -12 -13 13 -15 -16 16 17 18 25 -21 -22 -23 23 -25 -26 26 -28 -29 29 -31
leaf_value=-13.228402238056578 -3.5150897615834289 -1.9748256558957309 19.687324986457824 15.251676574875328 -3.0945782947540286 -0.072370355822371432 -23.203234405517577 6.2849891066551216 3.4961699985939525 3.0698749195445671 -2.2950334534049035 -7.2539305334505828 -0.0058295336636629974 11.582620728462935 -12.605794186819168 9.5179570606776647 -0.12062425687909127 10.392304686705273 -3.6356290485337377 5.641500620100949 -8.9594053541620564 0.44016825828217504 -12.902932863235476 3.678897383420364 -3.1639369002978008 10.052439196656149 1.1539400992294153 -7.2016778780863833 4.7987228492210656 -6.6474790204655037
leaf_weight=29 38 23 20 34 20 20155 20 24 23 22 48 23 22 20 21 21 64 24 20 37 24 4066 20 23 45 24 48 26 29 66
leaf_count=29 38 23 20 34 20 20155 20 24 23 22 48 23 22 20 21 21 64 24 20 37 24 4066 20 23 45 24 48 26 29 66
internal_value=2.28491e-09 0.0170636 6.40034 3.51187 8.45677 -0.0116853 0.000787634 -4.44059 -8.34081 -4.30554 -6.4128 -1.87888 0.0169486 5.51248 -7.0487 0.0076009 2.10689 1.35139 4.08061 -0.0118775 -0.0204404 -0.0116494 -0.101977 -3.58888 -6.16055 2.43408 4.12011 -2.16626 -0.0868245 -3.15338
internal_weight=25079 24980 112 92 54 24868 24824 90 66 99 77 46 24734 42 44 24692 227 206 116 24465 24428 24404 20338 88 65 92 72 90 20250 95
internal_count=25079 24980 112 92 54 24868 24824 90 66 99 77 46 24734 42 44 24692 227 206 116 24465 24428 24404 20338 88 65 92 72 90 20250 95
is_linear=0
shrinkage=0.05


Tree=7
num_leaves=31
num_cat=0
split_feature=68 122 142 12 2 133 142 138 135 135 54 136 23 141 39 145 54 145 124 19 26 10 123 26 117 96 141 81 68 100
split_gain=707351 1.49348e+06 1.43054e+06 2.55902e+06 1.236e+06 1.06945e+06 1.21384e+06 893782 773214 732361 629080 528464 684790 501208 451178 905394 1.25977e+06 827104 818897 617970 639703 674465 612999 547755 510375 872543 609008 584316 424918 412928
threshold=697.67520141601574 -558.24999999999989 -803.24999999999989 411.96957397460943 1590.5000000000002 -249.74999999999997 -155.24999999999997 697.67520141601574 -1057.9999999999998 2.2500000000000004 756.37554931640636 -557.74999999999989 -1521.2499999999998 244.75000000000003 1256.0025024414065 598.35256958007824 642.43734741210949 523.07272338867199 642.43734741210949 475.18203735351568 411.96957397460943 687.75000000000011 -3316.984985351562 475.18203735351568 282.50642395019537 270.57742309570318 3.2500000000000004 -854.37750244140614 308.31390380859381 -1440.9999999999998
decision_type=2 2 2 2 2 2 2 2 2 2 2 2 2 2 2 2 2 2 2 2 2 2 2 2 2 2 2 2 2 2
left_child=2 -2 3 8 5 -3 10 11 -1 -8 -7 12 -4 -9 18 17 -17 19 22 20 -16 -22 23 -13 28 27 -27 -26 -24 -28
right_child=1 4 7 -5 -6 6 9 13 -10 -11 -12 14 -14 -15 15 16 -18 -19 -20 -21 21 -23 24 -25 25 26 29 -29 -30 -31
leaf_value=-7.4910048318945845 -12.692100903482149 10.859952044487001 -10.084904201277372 17.094043194195802 -8.9248957215171121 -10.385011747479439 11.471177766634071 10.557847766876222 5.6204513203014024 -1.2892020062966782 0.32367718418439234 -1.0705427492818524 -1.0700817113959944 1.9125304119955553 0.743691157880361 15.293963584899902 -0.28237791414614077 -8.1669667279278784 -8.6106017180851531 8.9762512835589323 -9.6574772455294937 -0.59401174380229071 0.01750402194367091 7.2967298297387249 0.17207917239930895 -7.0374363292666047 -4.868489071057768 -4.6466796069624321 3.106540562904307 -0.24480910062562342
leaf_weight=23 33 24 29 34 38 32 23 30 22 22 24 31 77 38 1988 25 27 27 28 22 30 65 18517 53 90 34 49 209 112 3323
leaf_count=23 33 24 29 34 38 32 23 30 22 22 24 31 77 38 1988 25 27 27 28 22 30 65 18517 53 90 34 49 209 112 3323
internal_value=-8.38571e-09 -2.99196 0.0235672 6.74119 -1.02813 1.37249 -0.881955 0.00217181 -1.08096 5.23277 -5.79557 -0.0135649 -3.5364 5.72664 0.00159628 0.687645 7.20625 0.528655 -0.0651564 0.64019 0.552147 -3.45616 -0.0544832 4.20881 -0.0705178 -0.606477 -0.379134 -3.19622 0.0360757 -0.311998
internal_weight=25079 196 24883 79 163 125 101 24804 45 45 56 24736 106 68 24630 2184 52 2132 22446 2105 2083 95 22418 84 22334 3705 3406 299 18629 3372
internal_count=25079 196 24883 79 163 125 101 24804 45 45 56 24736 106 68 24630 2184 52 2132 22446 2105 2083 95 22418 84 22334 3705 3406 299 18629 3372
is_linear=0
shrinkage=0.05


Tree=8
num_leaves=31
num_cat=0
split_feature=115 107 142 127 107 100 33 120 8 10 140 72 145 97 97 127 15 124 71 124 68 129 6 142 71 65 82 103 62 106
split_gain=668050 1.65575e+06 1.62342e+06 1.37116e+06 786985 773959 615412 1.38563e+06 742376 1.52292e+06 574418 1.05514e+06 462047 713916 1.28184e+06 1.17337e+06 1.01302e+06 802458 1.10272e+06 684047 636030 440525 430237 380634 377625 1.09114e+06 652239 846131 805471 709680
threshold=-1256.2499999999998 -1358.7499999999998 -658.74999999999989 -190.24999999999997 -1665.2499999999998 -1440.9999999999998 756.37554931640636 95.250000000000014 2666.2500000000005 -660.24999999999989 -282.24999999999994 -1833.2499999999998 598.35256958007824 329.78932189941412 -89.750770568847642 662.25000000000011 -875.24999999999989 756.37554931640636 -747.74999999999989 598.35256958007824 697.67520141601574 -323.24999999999994 1917.3045654296877 -58.749999999999993 43.750000000000007 -171.74999999999997 403.88594055175787 342.57116699218756 -2110.083618164062 -487.24999999999994
decision_type=2 2 2 2 2 2 2 2 2 2 2 2 2 2 2 2 2 2 2 2 2 2 2 2 2 2 2 2 2 2
left_child=10 2 -2 -4 -5 21 12 -8 9 -9 11 -1 19 14 16 -15 17 18 -14 22 -17 -3 23 24 26 -26 27 -7 -28 -30
right_child=1 5 3 4 -6 6 7 8 -10 -11 -12 -13 13 15 -16 20 -18 -19 -20 -21 -22 -23 -24 -25 25 -27 28 -29 29 -31
leaf_value=-15.437562351425491 18.613016917875836 -1.856048422274382 -4.3959915912813612 14.472299565718727 2.4925161041062456 0.11388517394156568 -15.033677952939815 -6.7048442679643632 -7.4491855621337892 12.160459872950678 -0.55099364406657669 -0.27798074158755215 3.3860148469607037 13.496684737131 -10.081821846008301 7.4440367812202091 9.4613856534446992 7.5077753615379343 -11.476600570432268 -7.0913748628952931 -4.359386618852616 -11.872368903387162 2.2590562073105858 0.23313761504357777 -2.19685976552771 -0.2165277519980584 -5.6458878544660713 -2.6223157810457685 -2.4142133932847245 5.0522287165842998
leaf_weight=24 21 23 36 26 29 6690 22 20 25 23 53 22 24 32 25 21 35 20 26 34 25 21 210 9497 775 6787 26 295 39 173
leaf_count=24 21 23 36 26 29 6690 22 20 25 23 53 22 24 32 25 21 35 20 26 34 25 21 210 9497 775 6787 26 295 39 173
internal_value=-7.54954e-09 0.0162458 6.08197 3.19019 8.15569 -0.0110729 0.000670641 -4.12641 -0.597587 3.3859 -4.09919 -8.18733 0.0156879 2.36233 0.0933169 6.14403 2.51597 -0.956739 -4.34255 -0.0042135 1.02913 -6.63657 0.00562495 -0.0138636 -0.172522 -0.419484 0.0860303 -0.00167378 2.66003 3.67869
internal_weight=25079 24980 112 91 55 24868 24824 90 68 43 99 46 24734 208 130 78 105 70 50 24526 46 44 24492 24282 14785 7562 7223 6985 238 212
internal_count=25079 24980 112 91 55 24868 24824 90 68 43 99 46 24734 208 130 78 105 70 50 24526 46 44 24492 24282 14785 7562 7223 6985 238 212
is_linear=0
shrinkage=0.05


Tree=9
num_leaves=31
num_cat=0
split_feature=142 48 141 141 140 117 141 120 51 141 92 12 15 139 122 28 47 29 115 40 19 52 96 117 38 100 53 145 107 50
split_gain=634373 2.07654e+06 1.03982e+06 1.50118e+06 627663 518254 1.49181e+06 667664 642127 595434 449421 521770 1.08009e+06 1.03064e+06 863318 669879 714324 774978 603654 520283 1.07183e+06 843229 689713 727355 1.49221e+06 599026 560286 501855 480348 463713
threshold=-803.24999999999989 -46.546665191650384 236.25000000000003 77.250000000000014 -683.99999999999989 756.37554931640636 311.75000000000006 1416.7500000000002 574.75000000000011 124.25000000000001 1840.0000000000002 697.67520141601574 1762.7500000000002 -763.72445678710926 -209.74999999999997 1963.2500000000002 642.43734741210949 -544.74999999999989 141.25000000000003 598.35256958007824 642.43734741210949 -79.749999999999986 598.35256958007824 551.05221557617199 -799.74999999999989 -1440.9999999999998 -2051.4250488281245 424.42092895507818 978.25000000000011 2003.0000000000002
decision_type=2 2 2 2 2 2 2 2 2 2 2 2 2 2 2 2 2 2 2 2 2 2 2 2 2 2 2 2 2 2
left_child=1 2 3 -1 -2 7 9 10 -9 -7 11 15 13 -13 -15 16 19 -18 -17 22 21 -21 23 25 -25 26 -6 -28 -12 -27
right_child=4 -3 -4 -5 5 6 -8 8 -10 -11 28 12 -14 14 -16 18 17 -19 -20 20 -22 -23 -24 24 -26 29 27 -29 -30 -31
leaf_value=-4.4932143423292379 -7.3670296660785013 18.394576551914216 -9.5026755809783943 12.180009502834745 1.0364741516113281 -4.150269421824702 -11.877935063498361 12.617048535346985 1.5485747858097678 6.0845829649766294 -9.4330115767625653 -3.3190122672489717 -5.8251151214043304 1.603946521065452 13.99124396000153 11.799814312756062 -13.085194937388103 -1.6725491168452244 2.1342776199181874 14.541619980776753 -3.3504487482706709 1.1826819964817592 -6.6706217374557104 14.998745377858482 -2.2905440618212407 -0.0050724541112993765 -3.3184425394277315 -12.723684552441474 0.73416689634323129 -6.1242334112044308
leaf_weight=27 29 20 20 27 35 27 35 20 38 30 26 21 24 22 39 20 21 51 84 27 30 21 39 24 26 24184 37 23 21 31
leaf_count=27 29 20 20 27 35 27 35 20 38 30 26 21 24 22 39 20 21 51 84 27 30 21 39 24 26 24184 37 23 21 31
internal_value=2.49437e-09 4.0998 0.236351 3.8434 -0.0154245 -0.00688161 -3.75269 0.00697836 5.36529 1.23649 -0.00555014 0.00372244 3.50418 6.23471 9.52369 -0.0113284 -0.0282926 -5.00124 3.99303 -0.0136645 4.06342 8.69708 -0.0266983 -0.0160615 6.00831 -0.0284522 -3.99106 -6.92379 -4.89023 -0.0129062
internal_weight=25079 94 74 54 24985 24956 92 24864 58 57 24806 24759 106 82 61 24653 24549 72 104 24477 78 48 24399 24360 50 24310 95 60 47 24215
internal_count=25079 94 74 54 24985 24956 92 24864 58 57 24806 24759 106 82 61 24653 24549 72 104 24477 78 48 24399 24360 50 24310 95 60 47 24215
is_linear=0
shrinkage=0.05


Tree=10
num_leaves=31
num_cat=0
split_feature=115 107 12 103 145 100 142 33 142 54 127 142 12 145 135 129 142 120 98 56 82 47 30 35 6 98 72 90 56 63
split_gain=586040 1.45729e+06 1.45787e+06 2.59248e+06 1.77398e+06 671754 546440 541586 1.26301e+06 2.18105e+06 541280 453006 433190 419592 514041 397086 332708 385464 431656 652082 366640 356815 686957 525384 498294 473018 756944 439579 360457 673217
threshold=-1256.2499999999998 -1358.7499999999998 396.30473327636724 642.43734741210949 551.05221557617199 -1440.9999999999998 -113.24999999999999 756.37554931640636 -118.24999999999999 756.37554931640636 -95.249999999999986 -254.74999999999997 339.33325195312506 756.37554931640636 -281.74999999999994 -323.24999999999994 -53.749999999999993 1416.7500000000002 1542.5000000000002 2080.0000000000005 598.35256958007824 642.43734741210949 -1363.7499999999998 -84.749999999999986 1917.3045654296877 -94.749999999999986 472.25000000000006 313.35794067382818 -1184.7499999999998 -1277.2499999999998
decision_type=2 2 2 2 2 2 2 2 2 2 2 2 2 2 2 2 2 2 2 2 2 2 2 2 2 2 2 2 2 2
left_child=6 2 10 4 -4 15 12 13 9 -9 -2 -11 -1 16 -15 -3 17 18 19 21 -18 24 -23 -24 28 -26 -27 -25 -7 -30
right_child=1 5 3 -5 -6 7 -8 8 -10 11 -12 -13 -14 14 -16 -17 20 -19 -20 -21 -22 22 23 27 25 26 -28 -29 29 -31
leaf_value=-11.485725132278775 -5.2578521386171424 -1.6442534508912461 8.0863624702800418 -3.9877182769775388 28.661521540880205 1.3251257310040518 3.5434745883941652 -21.227524957656861 5.9513367076714836 3.3010242501894633 5.2224985101006247 -6.6320601994341075 -3.3355899448905677 -0.26614882295781916 10.809445614814759 -11.153920718601773 0.23754899565673626 4.8999226858741363 -5.5361748424736232 8.2835019153097402 6.7004142197695646 -10.284346813201905 6.2287269663810738 -9.1753402900695811 -4.2716071105003364 10.762535229036885 1.6902518147832895 -0.058022472185966303 -8.3863285279273985 -0.17459099534763917
leaf_weight=23 28 23 22 20 20 404 20 20 24 24 22 22 56 22 20 21 8731 38 37 23 22 25 20 20 20 31 89 39 25 15168
leaf_count=23 28 23 22 20 20 404 20 20 24 24 22 22 56 22 20 21 8731 38 37 23 22 25 20 20 20 31 89 39 25 15168
internal_value=7.20498e-09 0.015216 5.70581 10.8286 17.8841 -0.0104132 -3.83935 0.00052749 -3.8711 -7.4429 -0.646498 -1.44958 -5.70841 0.0146152 5.00794 -6.18296 0.00612182 -0.129888 -0.141908 -0.129327 0.253793 -0.141542 -3.06061 -0.774622 -0.122251 2.84742 4.03393 -3.14864 -0.148907 -0.188103
internal_weight=25079 24980 112 62 42 24868 99 24824 90 66 50 46 79 24734 42 44 24692 15939 15901 15864 8753 15841 104 79 15737 140 120 59 15597 15193
internal_count=25079 24980 112 62 42 24868 99 24824 90 66 50 46 79 24734 42 44 24692 15939 15901 15864 8753 15841 104 79 15737 140 120 59 15597 15193
is_linear=0
shrinkage=0.05


Tree=11
num_leaves=31
num_cat=0
split_feature=142 48 113 99 142 23 8 12 46 120 117 34 128 33 79 106 125 103 26 12 120 59 47 14 11 30 129 128 141 40
split_gain=570832 1.86537e+06 956698 892879 553416 2.76956e+06 556006 1.15326e+06 1.36972e+06 860322 922561 486711 446581 918595 436825 675069 569501 468194 1.43069e+06 664258 1.08632e+06 761192 496160 496984 592296 568334 436231 678858 415902 528467
threshold=-803.24999999999989 -46.546665191650384 -1108.7499999999998 -831.74999999999989 -658.74999999999989 -1521.2499999999998 2666.2500000000005 697.67520141601574 3201.8400878906255 1416.7500000000002 497.39965820312506 1951.990905761719 -37.249999999999993 299.59030151367193 -2096.2499999999995 -852.74999999999989 -1661.1832275390623 756.37554931640636 756.37554931640636 697.67520141601574 155.25000000000003 -350.24999999999994 642.43734741210949 -2154.2499999999995 -2705.3000488281245 -2176.2499999999995 -596.99999999999989 -575.99999999999989 380.75000000000006 598.35256958007824
decision_type=2 2 2 2 2 2 2 2 2 2 2 2 2 2 2 2 2 2 2 2 2 2 2 2 2 2 2 2 2 2
left_child=1 2 -1 -4 5 -2 9 -8 -9 11 -11 14 -13 -14 15 -6 -16 19 -19 22 21 -21 23 24 -18 -25 -7 -28 29 -27
right_child=4 -3 3 -5 6 26 7 8 -10 10 -12 12 13 -15 16 -17 17 18 -20 20 -22 -23 -24 25 -26 28 27 -29 -30 -31
leaf_value=-7.978480738898118 -18.501197854677837 17.437501206398011 12.349373347759247 -1.2894094085693359 -0.96719148920642017 -3.7996849872447829 1.7187580624292065 -18.959568005516417 -0.90067551022484205 1.0332175523042679 14.520389075506301 -0.65352326234181723 -1.0900705370086212 10.971812546880622 -8.4598080217838287 8.7157639778322658 0.32498586235976801 3.5051023223183373 -14.972303142547609 4.8673125823338834 9.7708127435048429 -8.1675982974824457 -4.2597708277080377 -7.1453714455877035 9.6617778301239028 0.010801643143273584 10.739433211372013 -1.8287554083222692 -1.1239275112040297 5.5588912010192875
leaf_weight=24 24 20 20 30 36 27 43 21 21 32 21 42 27 38 20 36 41 22 20 24 45 21 69 28 29 23391 21 22 821 43
leaf_count=24 24 20 20 30 36 27 43 21 21 32 21 42 27 38 20 36 41 22 20 24 45 21 69 28 29 23391 21 22 821 43
internal_value=4.97989e-09 3.88906 0.22732 4.1661 -0.0146316 -3.84388 -0.000170615 -4.03716 -9.93012 0.0136625 6.37719 3.71916e-05 3.36494 5.96149 -0.0145715 3.87429 -0.0259655 -0.0190959 -5.29366 -0.0100582 4.27758 -1.21565 -0.025859 -0.013863 4.19309 -0.0259903 1.18149 4.3092 -0.0177716 0.0209821
internal_weight=25079 94 74 50 24985 94 24891 85 42 24806 53 24753 107 65 24646 72 24574 24554 42 24512 90 45 24422 24353 70 24283 70 43 24255 23434
internal_count=25079 94 74 50 24985 94 24891 85 42 24806 53 24753 107 65 24646 72 24574 24554 42 24512 90 45 24422 24353 70 24283 70 43 24255 23434
is_linear=0
shrinkage=0.05


Tree=12
num_leaves=31
num_cat=0
split_feature=68 120 142 12 71 38 2 138 3 34 114 61 136 103 141 113 142 103 5 8 44 141 75 5 82 26 142 117 13 103
split_gain=522348 1.24576e+06 1.10756e+06 2.09064e+06 980405 2.27641e+06 893776 665723 610476 529883 520176 509349 407594 535010 418212 490690 415071 1.45454e+06 598919 477435 822486 410614 778996 407544 474855 395671 317807 566415 492782 428879
threshold=697.67520141601574 -300.24999999999994 -803.24999999999989 411.96957397460943 157.75000000000003 -243.24999999999997 1590.5000000000002 697.67520141601574 -817.24999999999989 766.89465332031261 -403.74999999999994 756.37554931640636 -557.74999999999989 475.18203735351568 32.250000000000007 -637.24999999999989 -534.74999999999989 424.27502441406256 260.81820678710943 443.25000000000006 -727.24999999999989 2.2500000000000004 285.48963928222662 437.75964355468756 642.43734741210949 237.20732879638675 -113.24999999999999 642.43734741210949 1749.0518798828127 353.93032836914068
decision_type=2 2 2 2 2 2 2 2 2 2 2 2 2 2 2 2 2 2 2 2 2 2 2 2 2 2 2 2 2 2
left_child=2 -2 3 8 10 -6 9 12 -1 11 -3 -7 13 14 -4 -16 17 18 25 20 -20 22 -18 -9 -25 -14 27 28 29 -23
right_child=1 4 7 -5 5 6 -8 23 -10 -11 -12 -13 16 -15 15 -17 21 -19 19 -21 -22 26 -24 24 -26 -27 -28 -29 -30 -31
leaf_value=-6.8347274272338199 -11.595223353430629 -0.2810288394490878 -7.7269407087564481 15.288659240217772 -18.688194637298587 -5.4907924842834479 -6.7401717879555454 10.732716723850796 4.8155216693878176 10.14678847193718 9.9269022556451656 5.6584442025139223 -1.3241292034586272 -10.472008855342866 -5.3684265623921936 3.6794656537299937 -0.89613458076690111 11.548925924301148 0.31630132311866399 2.8281038570404053 -13.851465730667115 -0.15506680308821996 -9.1203709104481856 -2.779380480102871 7.2744161625703176 7.0609245594810037 0.13038418565305418 -7.1129727490743013 2.6185364499188113 -1.3561445932063059
leaf_weight=23 32 24 20 34 20 20 33 21 22 20 26 21 24 20 23 43 188 35 21 20 20 6898 34 23 24 34 16344 30 149 833
leaf_count=23 32 24 20 34 20 20 33 21 22 20 26 21 24 20 23 43 188 35 21 20 20 6898 34 23 24 34 16344 30 149 833
internal_value=2.07013e-08 -2.5711 0.0202522 5.9311 -0.81029 -3.37055 -0.111473 0.0014263 -1.13905 3.47455 5.0271 0.219792 -0.0121551 -3.106 -1.39297 0.526412 0.00115983 2.58883 -0.0464922 -3.50533 -6.5948 -0.0151215 -2.1557 4.94187 2.35447 3.59125 0.00447154 -0.255695 -0.229588 -0.284481
internal_weight=25079 196 24883 79 164 114 94 24804 45 61 50 41 24736 106 86 66 24630 154 119 61 41 24476 222 68 47 58 24254 7910 7880 7731
internal_count=25079 196 24883 79 164 114 94 24804 45 61 50 41 24736 106 86 66 24630 154 119 61 41 24476 222 68 47 58 24254 7910 7880 7731
is_linear=0
shrinkage=0.05


Tree=13
num_leaves=31
num_cat=0
split_feature=115 107 142 127 135 100 140 72 92 80 120 124 141 26 142 135 145 28 107 96 129 142 141 40 72 33 71 66 135 5
split_gain=501044 1.28747e+06 1.34394e+06 1.08943e+06 642784 591004 494588 1.00902e+06 437285 948215 829380 824716 609666 471020 857591 771242 425047 371787 582329 756041 371612 327558 454225 467836 501694 296387 446205 956886 373356 311029
threshold=-1256.2499999999998 -1358.7499999999998 -658.74999999999989 -190.24999999999997 -188.24999999999997 -1440.9999999999998 -389.74999999999994 -1833.2499999999998 1840.0000000000002 1737.2500000000002 1416.7500000000002 437.75964355468756 495.25000000000006 756.37554931640636 -132.24999999999997 -351.74999999999994 756.37554931640636 1963.2500000000002 263.25000000000006 372.53968811035162 -323.24999999999994 -28.749999999999996 681.25000000000011 437.75964355468756 1.0000000180025095e-35 335.88584899902349 338.25000000000006 635.25000000000011 25.250000000000004 339.33325195312506
decision_type=2 2 2 2 2 2 2 2 2 2 2 2 2 2 2 2 2 2 2 2 2 2 2 2 2 2 2 2 2 2
left_child=6 2 -2 -4 -5 20 7 -1 10 -10 13 -12 -11 16 15 -15 17 21 -19 -20 -3 22 -7 24 -24 29 -27 28 -28 -23
right_child=1 5 3 4 -6 8 -8 -9 9 12 11 -13 -14 14 -16 -17 -18 18 19 -21 -22 25 23 -25 -26 26 27 -29 -30 -31
leaf_value=-15.066231176528063 16.764351881118049 -1.4089957817741063 -4.0303424848450558 11.571228406510571 0.5376671285114506 -0.074321760899302466 -0.45321441633360726 0.25641188763436817 -10.918409080340945 5.8243991705087517 -0.31561758518218996 13.71318326040425 -4.6363514518737796 -2.042132163710892 4.4260572135448459 -15.039778627668108 5.7706987615674734 7.8166318245423145 4.495470333397388 -6.3330303412896622 -10.608563146137056 0.3528652225635332 -12.459014036655427 2.1784919420480731 -2.9414663657214906 -0.28982133532679361 4.8748485207557684 -0.8958005926825785 13.040058772904533 -4.1348871976901327
leaf_weight=22 21 23 36 33 22 20332 56 21 29 26 20 22 30 25 20 21 32 39 40 27 21 3846 20 25 45 86 28 44 28 39
leaf_count=22 21 23 36 33 22 20332 56 21 29 26 20 22 30 25 20 21 32 39 40 27 21 3846 20 25 45 86 28 44 28 39
internal_value=-7.36739e-09 0.0140693 5.36284 2.73172 7.1578 -0.0100203 -3.55002 -7.58308 0.00024173 -3.57988 0.0125426 7.0328 0.220426 0.000603841 -4.21769 -7.97584 0.011907 0.00441555 2.9592 0.131746 -5.7997 -0.00837208 -0.0900105 -3.63427 -5.86994 0.401163 2.35095 4.62202 8.95745 0.307814
internal_weight=25079 24980 112 91 55 24868 99 43 24824 85 24739 42 56 24697 66 46 24631 24599 106 67 44 24493 20422 90 65 4071 186 100 56 3885
internal_count=25079 24980 112 91 55 24868 99 43 24824 85 24739 42 56 24697 66 46 24631 24599 106 67 44 24493 20422 90 65 4071 186 100 56 3885
is_linear=0
shrinkage=0.05


Tree=14
num_leaves=31
num_cat=0
split_feature=68 122 142 12 99 73 120 37 136 135 138 141 136 23 142 103 5 8 141 117 136 26 141 39 48 76 13 75 13 127
split_gain=461634 1.16732e+06 992190 1.86185e+06 955471 1.20501e+06 973038 1.28446e+06 813361 570230 568875 385005 366793 511267 376326 1.31066e+06 537924 431415 368994 716181 847889 356553 344698 299039 397639 641702 471579 390934 380486 660320
threshold=697.67520141601574 -558.24999999999989 -803.24999999999989 411.96957397460943 455.25000000000006 663.75000000000011 456.75000000000006 -1041.9999999999998 265.25000000000006 -1057.9999999999998 697.67520141601574 244.75000000000003 -557.74999999999989 -1521.2499999999998 -534.74999999999989 424.27502441406256 260.81820678710943 362.75000000000006 2.2500000000000004 256.82870483398443 -159.74999999999997 237.20732879638675 34.750000000000007 1256.0025024414065 157.59401702880862 11.650721073150637 105.99928665161134 642.43734741210949 -2201.955688476562 -21.749999999999996
decision_type=2 2 2 2 2 2 2 2 2 2 2 2 2 2 2 2 2 2 2 2 2 2 2 2 2 2 2 2 2 2
left_child=2 -2 3 9 6 -6 7 -3 -7 -1 12 -12 13 -4 15 16 21 -18 19 -16 -21 -14 -15 27 25 26 -25 28 29 -20
right_child=1 4 10 -5 5 8 -8 -9 -10 -11 11 -13 14 22 18 -17 17 -19 23 20 -22 -23 -24 24 -26 -27 -28 -29 -30 -31
leaf_value=-6.5632574034773787 -10.992823878924053 -8.5384698999964677 -8.6045633653114582 14.444269761618447 -11.092817089955012 5.4188550567626956 12.261058392213739 8.7870374837517744 -6.2561153191786545 4.6964249459179968 8.8024690779050196 1.22533362539191 -1.2548957576354347 -6.4628254437446602 -0.47274628345580666 10.970610288551876 -6.4724710146586109 2.2842019601301717 -1.8148904056460768 -15.254286785721781 -2.130737614631653 6.7048826203626746 1.1664348302703156 -1.0735871544655633 0.38830380558094885 10.586725832521916 5.3993443754812089 -5.4882906928206943 -0.058847721871704388 5.2086045819250018
leaf_weight=23 33 23 29 34 36 35 23 20 26 22 30 38 24 20 170 35 39 22 54 20 32 34 57 68 2002 24 48 33 21937 88
leaf_count=23 33 23 29 34 36 35 23 20 26 22 30 38 24 20 170 35 39 22 54 20 32 34 57 68 2002 24 48 33 21937 88
internal_value=-2.67836e-09 -2.41706 0.0190388 5.61356 -0.68086 -3.83856 3.96 -0.480094 0.442638 -1.05852 0.00122044 4.56819 -0.0113343 -2.94625 0.00129667 2.46523 -0.036348 -3.31433 -0.0142061 -2.04341 -7.17826 3.41118 -0.815191 0.00436742 0.568455 3.14461 1.60487 -0.050276 -0.0421482 2.5377
internal_weight=25079 196 24883 79 163 97 66 43 61 45 24804 68 24736 106 24630 154 119 61 24476 222 52 58 77 24254 2142 140 116 22112 22079 142
internal_count=25079 196 24883 79 163 97 66 43 61 45 24804 68 24736 106 24630 154 119 61 24476 222 52 58 77 24254 2142 140 116 22112 22079 142
is_linear=0
shrinkage=0.05


Tree=15
num_leaves=31
num_cat=0
split_feature=115 107 135 127 65 100 142 92 80 120 124 141 43 114 26 108 12 122 40 49 124 141 12 123 142 33 118 92 56 63
split_gain=460123 1.14165e+06 1.28599e+06 1.15989e+06 587374 535383 460185 392164 844986 738571 735719 526807 465683 725981 627118 1.29113e+06 391021 702822 359878 762405 1.2578e+06 348150 346386 339631 277471 599363 597882 652308 433090 641223
threshold=-1256.2499999999998 -1358.7499999999998 -894.74999999999989 -190.24999999999997 -1396.2499999999998 -1440.9999999999998 -113.24999999999999 1840.0000000000002 1737.2500000000002 1416.7500000000002 437.75964355468756 495.25000000000006 2379.7500000000005 490.25000000000006 756.37554931640636 176.25000000000003 697.67520141601574 -49.749999999999993 642.43734741210949 216.75000000000003 642.43734741210949 131.75000000000003 339.33325195312506 2907.9050292968755 -112.24999999999999 497.39965820312506 -490.51283264160151 337.75000000000006 -1184.7499999999998 -1277.2499999999998
decision_type=2 2 2 2 2 2 2 2 2 2 2 2 2 2 2 2 2 2 2 2 2 2 2 2 2 2 2 2 2 2
left_child=6 2 -2 -4 -5 21 22 9 -9 12 -11 -10 14 -14 16 -16 18 -18 23 20 -20 -3 -1 24 28 -26 -27 -28 -7 -30
right_child=1 5 3 4 -6 7 -8 8 11 10 -12 -13 13 -15 15 -17 17 -19 19 -21 -22 -23 -24 -25 25 26 27 -29 29 -31
leaf_value=-10.283340752643088 15.309485729535423 -9.967318339781329 -5.3414678245782854 10.408335191673704 -0.27865024298429492 1.589062914557946 3.3731514382362366 -10.317383434032571 5.4069154592660764 -0.30360141754150394 12.946656409176914 -4.3170261240005496 11.5877197525718 -0.98688953717549655 1.1706076235369298 -14.0709742496411 -0.93052230525661173 9.1885664984583855 -16.236401468515396 1.8571520947121287 1.0886500442028046 -1.072096534208818 -2.9953800516469138 5.50760773995093 0.094706629391762595 10.900351142883302 -4.5332855646426866 5.4146381974220281 -9.0355505625406902 -0.28691714280707842
leaf_weight=23 24 22 32 36 20 312 20 29 26 20 22 30 22 24 33 24 37 32 22 37 20 22 56 28 16073 24 26 45 21 7917
leaf_count=23 24 22 32 36 20 312 20 29 26 20 22 30 22 24 33 24 37 32 22 37 20 22 56 28 16073 24 26 45 21 7917
internal_value=1.44578e-09 0.0134826 5.05025 2.25227 6.59155 -0.00920189 -3.40197 0.00056536 -3.38982 0.0122143 6.63701 0.197661 0.000948099 5.02705 -0.00843087 -5.2469 0.00371001 3.76239 -0.00686486 -3.37612 -7.98638 -5.51971 -5.11719 0.00402325 -0.00228768 0.118111 4.07791 1.77174 -0.23824 -0.310062
internal_weight=25079 24980 112 88 56 24868 99 24824 85 24739 42 56 24697 46 24651 57 24594 69 24525 79 42 44 79 24446 24418 16168 95 71 8250 7938
internal_count=25079 24980 112 88 56 24868 99 24824 85 24739 42 56 24697 46 24651 57 24594 69 24525 79 42 44 79 24446 24418 16168 95 71 8250 7938
is_linear=0
shrinkage=0.05


Tree=16
num_leaves=31
num_cat=0
split_feature=115 107 88 25 127 100 140 72 92 80 145 110 80 141 128 55 30 52 145 72 61 6 128 113 23 86 113 51 59 45
split_gain=415261 1.03034e+06 1.25586e+06 962673 958353 483183 432809 913691 353928 762600 692311 1.22707e+06 529089 475443 349375 326604 921749 613893 502896 469563 610522 421722 685284 411109 398582 391493 513378 351103 489196 390000
threshold=-1256.2499999999998 -1358.7499999999998 389.38999938964849 -3929.737426757812 -190.24999999999997 -1440.9999999999998 -389.74999999999994 -1833.2499999999998 1840.0000000000002 1737.2500000000002 756.37554931640636 756.37554931640636 -203.74999999999997 495.25000000000006 -438.74999999999994 1258.0376586914065 680.75000000000011 349.25000000000006 598.35256958007824 424.25000000000006 380.26853942871099 1524.476501464844 64.250000000000014 1498.7500000000002 149.75000000000003 999.50000000000011 1067.2500000000002 1131.7500000000002 1228.2500000000002 1396.0000000000002
decision_type=2 2 2 2 2 2 2 2 2 2 2 2 2 2 2 2 2 2 2 2 2 2 2 2 2 2 2 2 2 2
left_child=6 2 3 -2 -5 14 7 -1 10 -10 11 15 -12 -11 -3 21 -17 -18 19 20 -19 23 24 27 -23 26 -21 29 -29 -7
right_child=1 5 -4 4 -6 8 -8 -9 9 13 12 -13 -14 -15 -16 16 17 18 -20 25 -22 22 -24 -25 -26 -27 -28 28 -30 -31
leaf_value=-14.125525737892497 10.702159927368164 -1.1764907280604044 16.153349075317383 -6.6864678999956926 5.2747056341080958 -0.002967423840556707 -0.33492239798818318 0.45532861493882681 -9.8015142868305087 5.1365696980403026 1.1818067394770109 -10.856545096865068 11.717348004471173 -4.1011749760309852 -10.124399876594545 8.86769032213423 -7.5596233888105919 5.7616640658605673 8.1943236475405481 -0.32267016959640216 -2.4484464660767586 -7.394666078090669 -11.508853778839111 6.9869249616350446 0.67706327621753404 2.5866183172192492 -8.5465196228027338 -6.5962607820828758 -0.40332024900536789 6.9821033573150633
leaf_weight=22 25 24 20 34 33 23675 56 21 29 26 26 26 22 30 20 36 22 84 23 371 31 20 20 21 65 114 20 48 95 20
leaf_count=22 25 24 20 34 33 23675 56 21 29 26 26 26 22 30 20 36 22 84 23 371 31 20 20 21 65 114 20 48 95 20
internal_value=-5.5384e-09 0.0128085 4.79774 2.32912 -0.795144 -0.0087418 -3.23187 -7.00464 0.000537085 -3.22033 0.0116036 -5.86319e-05 6.0106 0.187778 -5.24372 0.0113855 1.07519 0.653337 0.93434 0.665018 3.5485 -0.0197331 -3.18154 -0.00581844 -1.22217 0.00838309 -0.743327 -0.0119787 -2.48207 0.00292839
internal_weight=25079 24980 112 92 67 24868 99 43 24824 85 24739 24691 48 56 44 24665 701 665 643 620 115 23964 105 23859 85 505 391 23838 143 23695
internal_count=25079 24980 112 92 67 24868 99 43 24824 85 24739 24691 48 56 44 24665 701 665 643 620 115 23964 105 23859 85 505 391 23838 143 23695
is_linear=0
shrinkage=0.05


Tree=17
num_leaves=31
num_cat=0
split_feature=68 122 142 12 73 51 2 142 45 89 96 145 66 138 13 100 3 75 37 75 142 135 3 73 58 64 86 57 122 68
split_gain=414357 1.06904e+06 901765 1.62725e+06 891751 1.48363e+06 694427 683963 521622 507652 554335 943679 1.15578e+06 556561 537558 521547 493075 406863 848790 480599 730444 825468 428249 423001 522922 584771 496984 621755 485399 423535
threshold=697.67520141601574 -558.24999999999989 -803.24999999999989 411.96957397460943 -110.24999999999999 -234.74999999999997 1590.5000000000002 -153.74999999999997 -531.24999999999989 697.67520141601574 642.43734741210949 598.35256958007824 422.75000000000006 697.67520141601574 -1968.7635498046873 -1112.2499999999998 -817.24999999999989 598.35256958007824 697.25000000000011 523.07272338867199 -305.24999999999994 -194.24999999999997 -1100.2499999999998 -78.749999999999986 -526.74999999999989 87.250000000000014 -168.74999999999997 -342.74999999999994 -157.24999999999997 437.75964355468756
decision_type=2 2 2 2 2 2 2 2 2 2 2 2 2 2 2 2 2 2 2 2 2 2 2 2 2 2 2 2 2 2
left_child=2 -2 3 16 8 -6 7 -7 -3 10 11 17 13 15 -12 -13 -1 19 -19 22 -21 -22 23 26 25 -25 28 -28 -4 -30
right_child=1 4 9 -5 5 6 -8 -9 -10 -11 14 12 -14 -15 -16 -17 -18 18 -20 20 21 -23 -24 24 -26 -27 27 -29 29 -31
leaf_value=-6.0048356491586441 -10.496765735655121 0.65643134825938465 0.053712789462204424 13.607166412297417 -15.652809395790101 -2.0404806054871658 -6.2951879910193389 9.5053495826928511 10.378572014786982 5.8533715273882896 -10.773193735661714 3.4056193438443274 14.46378836631775 7.0991555871634651 -1.2228936288414933 -7.750552937984466 4.4654217275706207 0.31630260679456923 -12.530585956573487 9.6560556488652391 -4.9204268920115943 3.969848629945441 0.028515683926950971 -3.5110267781294313 -0.66444687998813134 -14.026806735992432 -0.96278430968523032 10.322881945319798 -2.3191455987571539 4.6288735063179685
leaf_weight=23 33 37 690 34 20 29 32 23 22 37 23 22 24 29 41 20 22 36 20 31 39 79 23040 39 69 20 26 23 473 23
leaf_count=23 33 37 690 34 20 29 32 23 22 37 23 22 24 29 41 20 22 36 20 31 39 79 23040 39 69 20 26 23 473 23
internal_value=4.71416e-09 -2.28995 0.0180376 5.35154 -0.628445 -3.41397 -0.499963 3.06633 4.28164 0.00105057 -0.00769235 0.00434788 4.97809 1.77166 -4.65503 -1.90684 -0.886043 -0.0148534 -4.27187 -0.00514372 2.8259 1.03154 -0.0224295 -0.883602 -3.61963 -7.0757 -0.600029 4.33457 -0.803904 -1.99696
internal_weight=25079 196 24883 79 163 104 84 52 59 24804 24767 24703 95 71 64 42 45 24608 56 24552 149 118 24403 1363 128 59 1235 49 1186 496
internal_count=25079 196 24883 79 163 104 84 52 59 24804 24767 24703 95 71 64 42 45 24608 56 24552 149 118 24403 1363 128 59 1235 49 1186 496
is_linear=0
shrinkage=0.05


end of trees

feature_importances:
Column_142=48
Column_141=31
Column_145=18
Column_26=15
Column_120=15
Column_115=14
Column_12=13
Column_135=12
Column_100=10
Column_103=10
Column_107=10
Column_124=10
Column_6=9
Column_113=9
Column_127=9
Column_10=8
Column_68=8
Column_72=8
Column_122=8
Column_71=7
Column_96=7
Column_117=7
Column_136=7
Column_5=6
Column_8=6
Column_23=6
Column_33=6
Column_40=6
Column_54=6
Column_61=6
Column_129=6
Column_140=6
Column_39=5
Column_47=5
Column_48=5
Column_51=5
Column_75=5
Column_79=5
Column_80=5
Column_92=5
Column_138=5
Column_2=4
Column_3=4
Column_13=4
Column_34=4
Column_65=4
Column_73=4
Column_86=4
Column_119=4
Column_123=4
Column_128=4
Column_19=3
Column_28=3
Column_30=3
Column_43=3
Column_52=3
Column_55=3
Column_56=3
Column_63=3
Column_66=3
Column_82=3
Column_89=3
Column_99=3
Column_106=3
Column_114=3
Column_118=3
Column_121=3
Column_125=3
Column_133=3
Column_134=3
Column_0=2
Column_15=2
Column_29=2
Column_37=2
Column_38=2
Column_44=2
Column_45=2
Column_59=2
Column_88=2
Column_90=2
Column_97=2
Column_98=2
Column_131=2
Column_139=2
Column_11=1
Column_14=1
Column_25=1
Column_27=1
Column_35=1
Column_41=1
Column_46=1
Column_49=1
Column_50=1
Column_53=1
Column_57=1
Column_58=1
Column_62=1
Column_64=1
Column_67=1
Column_76=1
Column_78=1
Column_81=1
Column_85=1
Column_87=1
Column_108=1
Column_110=1
Column_112=1

parameters:
[boosting: gbdt]
[objective: regression]
[metric: l2]
[tree_learner: serial]
[device_type: cpu]
[data_sample_strategy: bagging]
[data: ]
[valid: ]
[num_iterations: 1000]
[learning_rate: 0.05]
[num_leaves: 31]
[num_threads: 0]
[seed: 42]
[deterministic: 1]
[force_col_wise: 0]
[force_row_wise: 0]
[histogram_pool_size: -1]
[max_depth: -1]
[min_data_in_leaf: 20]
[min_sum_hessian_in_leaf: 0.001]
[bagging_fraction: 1]
[pos_bagging_fraction: 1]
[neg_bagging_fraction: 1]
[bagging_freq: 0]
[bagging_seed: 400]
[bagging_by_query: 0]
[feature_fraction: 1]
[feature_fraction_bynode: 1]
[feature_fraction_seed: 30056]
[extra_trees: 0]
[extra_seed: 12879]
[early_stopping_round: 0]
[early_stopping_min_delta: 0]
[first_metric_only: 0]
[max_delta_step: 0]
[lambda_l1: 0]
[lambda_l2: 0]
[linear_lambda: 0]
[min_gain_to_split: 0]
[drop_rate: 0.1]
[max_drop: 50]
[skip_drop: 0.5]
[xgboost_dart_mode: 0]
[uniform_drop: 0]
[drop_seed: 17869]
[top_rate: 0.2]
[other_rate: 0.1]
[min_data_per_group: 100]
[max_cat_threshold: 32]
[cat_l2: 10]
[cat_smooth: 10]
[max_cat_to_onehot: 4]
[top_k: 20]
[monotone_constraints: ]
[monotone_constraints_method: basic]
[monotone_penalty: 0]
[feature_contri: ]
[forcedsplits_filename: ]
[refit_decay_rate: 0.9]
[cegb_tradeoff: 1]
[cegb_penalty_split: 0]
[cegb_penalty_feature_lazy: ]
[cegb_penalty_feature_coupled: ]
[path_smooth: 0]
[interaction_constraints: ]
[verbosity: -1]
[saved_feature_importance_type: 0]
[use_quantized_grad: 0]
[num_grad_quant_bins: 4]
[quant_train_renew_leaf: 0]
[stochastic_rounding: 1]
[linear_tree: 0]
[max_bin: 255]
[max_bin_by_feature: ]
[min_data_in_bin: 3]
[bin_construct_sample_cnt: 200000]
[data_random_seed: 175]
[is_enable_sparse: 1]
[enable_bundle: 1]
[use_missing: 1]
[zero_as_missing: 0]
[feature_pre_filter: 1]
[pre_partition: 0]
[two_round: 0]
[header: 0]
[label_column: ]
[weight_column: ]
[group_column: ]
[ignore_column: ]
[categorical_feature: ]
[forcedbins_filename: ]
[precise_float_parser: 0]
[parser_config_file: ]
[objective_seed: 16083]
[num_class: 1]
[is_unbalance: 0]
[scale_pos_weight: 1]
[sigmoid: 1]
[boost_from_average: 1]
[reg_sqrt: 0]
[alpha: 0.9]
[fair_c: 1]
[poisson_max_delta_step: 0.7]
[tweedie_variance_power: 1.5]
[lambdarank_truncation_level: 30]
[lambdarank_norm: 1]
[label_gain: ]
[lambdarank_position_bias_regularization: 0]
[eval_at: ]
[multi_error_top_k: 1]
[auc_mu_weights: ]
[num_machines: 1]
[local_listen_port: 12400]
[time_out: 120]
[machine_list_filename: ]
[machines: ]
[gpu_platform_id: -1]
[gpu_device_id: -1]
[gpu_device_id_list: ]
[gpu_use_dp: 0]
[num_gpu: 1]

end of parameters

pandas_categorical:null
