tree
version=v4
num_class=1
num_tree_per_iteration=1
label_index=0
max_feature_idx=258
objective=regression
feature_names=Column_0 Column_1 Column_2 Column_3 Column_4 Column_5 Column_6 Column_7 Column_8 Column_9 Column_10 Column_11 Column_12 Column_13 Column_14 Column_15 Column_16 Column_17 Column_18 Column_19 Column_20 Column_21 Column_22 Column_23 Column_24 Column_25 Column_26 Column_27 Column_28 Column_29 Column_30 Column_31 Column_32 Column_33 Column_34 Column_35 Column_36 Column_37 Column_38 Column_39 Column_40 Column_41 Column_42 Column_43 Column_44 Column_45 Column_46 Column_47 Column_48 Column_49 Column_50 Column_51 Column_52 Column_53 Column_54 Column_55 Column_56 Column_57 Column_58 Column_59 Column_60 Column_61 Column_62 Column_63 Column_64 Column_65 Column_66 Column_67 Column_68 Column_69 Column_70 Column_71 Column_72 Column_73 Column_74 Column_75 Column_76 Column_77 Column_78 Column_79 Column_80 Column_81 Column_82 Column_83 Column_84 Column_85 Column_86 Column_87 Column_88 Column_89 Column_90 Column_91 Column_92 Column_93 Column_94 Column_95 Column_96 Column_97 Column_98 Column_99 Column_100 Column_101 Column_102 Column_103 Column_104 Column_105 Column_106 Column_107 Column_108 Column_109 Column_110 Column_111 Column_112 Column_113 Column_114 Column_115 Column_116 Column_117 Column_118 Column_119 Column_120 Column_121 Column_122 Column_123 Column_124 Column_125 Column_126 Column_127 Column_128 Column_129 Column_130 Column_131 Column_132 Column_133 Column_134 Column_135 Column_136 Column_137 Column_138 Column_139 Column_140 Column_141 Column_142 Column_143 Column_144 Column_145 Column_146 Column_147 Column_148 Column_149 Column_150 Column_151 Column_152 Column_153 Column_154 Column_155 Column_156 Column_157 Column_158 Column_159 Column_160 Column_161 Column_162 Column_163 Column_164 Column_165 Column_166 Column_167 Column_168 Column_169 Column_170 Column_171 Column_172 Column_173 Column_174 Column_175 Column_176 Column_177 Column_178 Column_179 Column_180 Column_181 Column_182 Column_183 Column_184 Column_185 Column_186 Column_187 Column_188 Column_189 Column_190 Column_191 Column_192 Column_193 Column_194 Column_195 Column_196 Column_197 Column_198 Column_199 Column_200 Column_201 Column_202 Column_203 Column_204 Column_205 Column_206 Column_207 Column_208 Column_209 Column_210 Column_211 Column_212 Column_213 Column_214 Column_215 Column_216 Column_217 Column_218 Column_219 Column_220 Column_221 Column_222 Column_223 Column_224 Column_225 Column_226 Column_227 Column_228 Column_229 Column_230 Column_231 Column_232 Column_233 Column_234 Column_235 Column_236 Column_237 Column_238 Column_239 Column_240 Column_241 Column_242 Column_243 Column_244 Column_245 Column_246 Column_247 Column_248 Column_249 Column_250 Column_251 Column_252 Column_253 Column_254 Column_255 Column_256 Column_257 Column_258
feature_infos=[-17345:31865] [-12775:33562.5] [-22762.5:31372.5] [-17510:32980] [-12089.974609375:38136.8984375] [215.35255432128906:4107.3359375] [-12052.853515625:31722.57421875] [-17507.5:32987.5] [-13710:34420] [-19792.5:31817] [-15477.5:33837.5] [-12076.775390625:37934.625] [215.35255432128906:4107.3359375] [-12145.6396484375:31766.431640625] [-15475:33845] [-13800:34245] [-19280:32122] [-14620:32347.5] [-12061.900390625:37733.7265625] [215.35255432128906:4107.3359375] [-11931.990234375:31819.255859375] [-14617.5:32347.5] [-12560:34895] [-19485:32037.5] [-14232.5:34312.5] [-12048.3251953125:37529.07421875] [215.35255432128906:4107.3359375] [-11720.6396484375:31881.595703125] [-14230:34320] [-12514:35555] [-19900:32655] [-17247.5:34972.5] [-12047.2998046875:37311.125] [215.35255432128906:4107.3359375] [-11526.6396484375:31995.314453125] [-17247.5:34980] [-15617.5:35860] [-19935:32960] [-18262.5:35277.5] [-12073.474609375:37096] [215.35255432128906:4107.3359375] [-11312.990234375:32293.6953125] [-18262.5:35285] [-16632.5:35685] [-20950:32920] [-18425:33555] [-12081.3251953125:36886.0234375] [215.35255432128906:4107.3359375] [-11400.353515625:32408.359375] [-18425:33560] [-16795:33850] [-22542.5:30762.5] [-18120:31290] [-12086.7998046875:36681.6484375] [215.35255432128906:4107.3359375] [-11493.1396484375:32276.91796875] [-18122.5:31290] [-16517.5:31650] [-22640:31207] [-17460:31632.5] [-12080.875:36482.25] [215.35255432128906:4107.3359375] [-11366.130859375:32189.92578125] [-17457.5:31635] [-15055:31955] [-23082.5:31120] [-17830:31937.5] [-12077.5751953125:36287.30078125] [215.35255432128906:4107.3359375] [-11491.5283203125:32166.9765625] [-17827.5:31940] [-15217.5:32317.5] [-19515:31427.5] [-16985:32217.5] [-12057.375:36102.07421875] [215.35255432128906:4107.3359375] [-11584.7080078125:32113.84375] [-16982.5:32215] [-15307.5:34945] [-23482.5:32045] [-18230:34362.5] [-12038.7001953125:35955.6015625] [215.35255432128906:4107.3359375] [-11665.234375:31893.0390625] [-18227.5:34370] [-13655:34770] [-25237.5:32005] [-19985:32640] [-12019.375:35786.7265625] [215.35255432128906:4107.3359375] [-11725.1220703125:31559.126953125] [-19982.5:32645] [-14837.5:32935] [-24342.5:29335] [-19090:30047.5] [-11973.3251953125:35578.5] [215.35255432128906:4107.3359375] [-11697.7021484375:31361.91796875] [-19087.5:30045] [-16575:30437.5] [-20892.5:29492.5] [-18302.5:30405] [-11913.2998046875:35369.875] [215.35255432128906:4107.3359375] [-11526.228515625:31274.92578125] [-18302.5:30405] [-16672.5:31040] [-20990:30205] [-18745:31022.5] [-11850.0498046875:35167.4765625] [215.35255432128906:4107.3359375] [-11343.3896484375:31251.9765625] [-18745:31025] [-17115:31327.5] [-21432.5:30320] [-18440:30667.5] [-11803.3251953125:34970.2734375] [215.35255432128906:4107.3359375] [-11139.626953125:31198.84375] [-18442.5:30685] [-16837.5:30707.5] [-19622.5:28327.5] [-19145:28770] [-11757.275390625:34754.1484375] [215.35255432128906:4107.3359375] [-11009.43359375:30978.0390625] [-19145:28770] [-17515:29015] [-21832.5:26655] [-20900:27305] [-11700.275390625:34547.375] [215.35255432128906:4107.3359375] [-10743.939453125:30644.126953125] [-20900:27310] [-19270:27897.5] [-23587.5:24765] [-20595:24822.5] [-11638.150390625:34326.57421875] [215.35255432128906:4107.3359375] [-10940.44140625:30114.88671875] [-20597.5:24825] [-18992.5:26665] [-22692.5:22970] [-19935:23182.5] [-11575.4501953125:34104.9765625] [215.35255432128906:4107.3359375] [-11472.8095703125:29484.669921875] [-19932.5:23180] [-18097.5:23784] [-20540:21102.5] [-19040:22085] [-11506.875:33875.6015625] [215.35255432128906:4107.3359375] [-12041.41796875:28747.8828125] [-19037.5:22086] [-17692.5:24340] [-20807.5:21758] [-19460:22987.5] [-11438.275390625:33641.875] [215.35255432128906:4107.3359375] [-12715.8349609375:27957.392578125] [-19457.5:22985.5] [-17782.5:25519.5] [-21362.5:21541.5] [-18602.5:23167] [-11351:33379.875] [215.35255432128906:4107.3359375] [-13250.986328125:26986.947265625] [-18600:23169] [-16887.5:25303] [-20467.5:22052.5] [-17707.5:23282] [-11247.599609375:33102.6484375] [215.35255432128906:4107.3359375] [-13635.44140625:26086.54296875] [-17705:23280] [-14105:25814] [-17990:22759] [-16585:23988.5] [-11143.6748046875:32796.8515625] [215.35255432128906:4107.3359375] [-13683.5830078125:25100.720703125] [-16582.5:23986.5] [-13742.5:26520.5] [-17095:19633.5] [-15047.5:20863] [-11027:32497.67578125] [215.35255432128906:4107.3359375] [-13807.576171875:24128.3828125] [-15025:20861] [-13007.5:23395] [-17325:19784.5] [-14332.5:21014] [-10905.4501953125:32190.650390625] [215.35255432128906:4107.3359375] [-13376.4326171875:23217.84765625] [-14335:21012] [-12730:23546] [-15172.5:19031.5] [-13672.5:20261] [-10783.6748046875:31872.400390625] [215.35255432128906:4107.3359375] [-12729.7109375:22283.7265625] [-13670:20259] [-10192.5:22793] [-13790:17769] [-11465:19192.5] [-10652:31576.80078125] [215.35255432128906:4107.3359375] [-12432.919921875:21629.068359375] [-11465:19192] [-11430:20333] [-14545:19080] [-13197.5:19281] [-10509.2001953125:31254.92578125] [215.35255432128906:4107.3359375] [-12139.017578125:20810.2890625] [-13195:19280.5] [-11520:20743.5] [-15100:17781] [-12340:18407] [-10361.7998046875:30943.55078125] [215.35255432128906:4107.3359375] [-11771.3798828125:20160.037109375] [-12337.5:18406] [-8717.5:22530.5] [-12557.5:18402.5] [-11217.5:21238] [-10227.125:30623.525390625] [215.35255432128906:4107.3359375] [-11189.6630859375:19465.259765625] [-11215:21240] [-7842.5:22421.5] [-11727.5:20075.5] [-8415:21157] [-10100.1748046875:30324.5] [215.35255432128906:4107.3359375] [-10612.8759765625:18938.873046875] [-8412.5:21158] [-7480:22173] [-11500:20830] [-8785:22059.5] [-9958.224609375:29992.625] [215.35255432128906:4107.3359375] [-10064.88671875:18497.720703125] [-8762.5:22057.5] [-4677.5:24591.5] [-10257.5:11798] [-6772.5:17212.5] [-9812.1748046875:29626] [215.35255432128906:4107.3359375] [-9231.2607421875:18380.8828125] [-6789.5:17212] [0:18646.5] [-9058:0] none [-9667.4248046875:29211.025390625] [215.35255432128906:4107.3359375] [-8392.0556640625:16709.892578125]
tree_sizes=2839 2850 2845 2844 2835 2856 2813 2821 2845 2843 2833 2799 2834 2837 2823 2840 2846 2845 2819 2845 2854 2850 2875

Tree=0
num_leaves=31
num_cat=0
split_feature=5 194 239 96 215 249 219 254 211 246 257 93 239 225 16 12 52 108 37 30 246 211 211 138 187 5 108 199 225 79
split_gain=6.18744e+07 8.41281e+07 5.78249e+07 6.11046e+07 4.56787e+07 4.929e+07 3.82795e+07 3.80419e+07 3.60205e+07 6.04053e+07 3.50124e+07 2.53421e+07 3.0548e+07 1.96469e+07 2.01451e+07 2.04884e+07 1.95237e+07 1.94282e+07 1.526e+07 2.18488e+07 1.56877e+07 1.42197e+07 1.56657e+07 2.49527e+07 1.85576e+07 1.77449e+07 1.57401e+07 1.49404e+07 1.45119e+07 2.20275e+07
threshold=2299.0893554687505 2784.5214843750005 -49.749999999999993 2042.5865478515627 2042.5865478515627 5595.4748535156259 -720.49999999999989 -1177.7499999999998 -3747.2499999999995 298.75000000000006 2784.5214843750005 10519.500000000002 4212.5000000000009 429.75000000000006 7865.5000000000009 1438.1508789062502 6692.0000000000009 521.25000000000011 -3388.7499999999995 -6654.4999999999991 -29.249999999999996 6638.7500000000009 2617.7500000000005 902.12527465820324 883.51229858398449 732.46636962890636 6498.5000000000009 3853.2500000000005 1684.7500000000002 -490.24999999999994
decision_type=2 2 2 2 2 2 2 2 2 2 2 2 2 2 2 2 2 2 2 2 2 2 2 2 2 2 2 2 2 2
left_child=1 8 17 -4 -5 -6 -7 -3 9 -1 11 12 13 14 15 -10 -8 -2 19 -17 -21 22 -15 24 26 -25 27 -24 -27 -30
right_child=2 7 3 4 5 6 16 -9 10 -11 -12 -13 -14 21 -16 18 -18 -19 -20 20 -22 -23 23 25 -26 28 -28 -29 29 -31
leaf_value=-11.643415445918651 -119.34529888699599 99.241985782551268 -92.364050418679881 -73.751548810702033 -53.729049207430563 81.265299128167271 30.806090052755533 10.877616254700035 -1.2666560714085215 -111.38155026028701 -68.8115476615245 43.297617197929348 -50.759504618474594 -4.8632029047855969 30.902616946397746 -27.103180326868401 -24.320084337240761 -49.652799878817284 -23.306791782845277 43.829498737776611 -3.5584252984339759 -45.403334532253851 -1.1483973255320117 53.443904541792627 -31.641033642799659 28.584878520949921 32.351783505378684 -28.42294814607833 -22.75481901568627 8.9469100361908325
leaf_weight=63 20 29 23 20 25 23 36 21 14103 20 20 30 33 9176 48 46 29 20 186 31 40 21 337 22 63 70 30 59 65 349
leaf_count=63 20 29 23 20 25 23 36 21 14103 20 20 30 33 9176 48 46 29 20 186 31 40 21 337 22 63 70 30 59 65 349
internal_value=-2.88321 -2.66261 -30.8661 -17.114 -4.10089 8.22666 25.8277 62.129 -2.79317 -35.6767 -2.6828 -2.62928 -2.68511 -2.62074 -1.4353 -1.54304 6.21134 -84.499 -14.4074 -0.259563 17.1321 -4.30189 -4.21703 1.74203 -6.31247 9.52592 -2.56669 -5.21203 7.52965 3.96959
internal_weight=25058 24862 196 156 133 113 88 50 24812 83 24729 24709 24679 24646 14454 14406 65 40 303 117 71 10192 10171 995 489 506 426 396 484 414
internal_count=25058 24862 196 156 133 113 88 50 24812 83 24729 24709 24679 24646 14454 14406 65 40 303 117 71 10192 10171 995 489 506 426 396 484 414
is_linear=0
shrinkage=1


Tree=1
num_leaves=31
num_cat=0
split_feature=5 194 239 96 215 249 254 219 211 246 257 93 239 225 2 12 52 108 37 30 246 26 31 218 197 198 211 211 138 187
split_gain=5.58417e+07 7.59256e+07 5.2187e+07 5.51469e+07 4.1225e+07 4.44842e+07 3.50812e+07 3.45472e+07 3.25085e+07 5.45158e+07 3.15987e+07 2.28713e+07 2.75696e+07 1.77314e+07 1.84874e+07 2.00947e+07 1.76202e+07 1.75339e+07 1.4763e+07 1.97185e+07 1.41581e+07 1.39477e+07 1.53884e+07 1.33108e+07 1.4041e+07 1.30585e+07 1.28332e+07 1.41383e+07 2.25198e+07 1.67482e+07
threshold=2299.0893554687505 2784.5214843750005 -49.749999999999993 2042.5865478515627 2042.5865478515627 5595.4748535156259 -1444.7499999999998 -720.49999999999989 -3747.2499999999995 298.75000000000006 2784.5214843750005 10519.500000000002 4212.5000000000009 429.75000000000006 8958.5000000000018 1438.1508789062502 6692.0000000000009 521.25000000000011 -3388.7499999999995 -6654.4999999999991 -29.249999999999996 1286.4824218750002 -5061.7499999999991 -1204.7499999999998 -1529.9999999999998 -5709.9999999999991 6638.7500000000009 2617.7500000000005 902.12527465820324 883.51229858398449
decision_type=2 2 2 2 2 2 2 2 2 2 2 2 2 2 2 2 2 2 2 2 2 2 2 2 2 2 2 2 2 2
left_child=1 8 17 -4 -5 -6 -3 -7 9 25 11 12 13 14 15 21 -9 -2 19 -17 -21 -10 -23 24 -24 -1 27 -15 29 -29
right_child=2 6 3 4 5 7 -8 16 10 -11 -12 -13 -14 26 -16 18 -18 -19 -20 20 -22 22 23 -25 -26 -27 -28 28 -30 -31
leaf_value=-34.607644328364621 -110.63898628234864 107.13898704362953 -85.006796695875096 -67.324923744201655 -48.303548797607419 79.941081279257077 23.106701089717724 32.004833817481995 1.366369094753777 -103.07342357635498 -62.631923618316648 43.871786228815722 -45.482479095458984 -1.8809926356077715 35.320563931465152 -23.008970973802651 -20.365029907226564 -44.431109466552734 -20.152954446058224 44.377072980326993 -0.64145359039306649 -14.985973344908821 20.717642580229661 11.864552370844216 75.174580650329588 11.391893156369527 -40.394119698660717 0.30069380068163359 11.788674238265267 -27.319931971837605
leaf_weight=27 20 23 23 20 25 23 27 36 13909 20 20 30 33 9176 40 46 29 20 187 31 40 36 29 116 20 36 21 426 506 63
leaf_count=27 20 23 23 20 25 23 27 36 13909 20 20 30 33 9176 40 46 29 20 187 31 40 36 29 116 20 36 21 426 506 63
internal_value=-6.26804e-08 0.209573 -26.5837 -13.5193 -1.1568 10.5544 61.7616 27.2754 0.0855366 -31.1538 0.190388 0.241238 0.1882 0.249351 1.37552 1.28132 8.63982 -77.535 -11.4374 2.49247 19.0145 1.55535 14.6323 21.0945 42.945 -8.32219 -1.34775 -1.26713 4.39398 -3.25779
internal_weight=25058 24862 196 156 133 113 50 88 24812 83 24729 24709 24679 24646 14454 14414 65 40 304 117 71 14110 201 165 49 63 10192 10171 995 489
internal_count=25058 24862 196 156 133 113 50 88 24812 83 24729 24709 24679 24646 14454 14414 65 40 304 117 71 14110 201 165 49 63 10192 10171 995 489
is_linear=0
shrinkage=0.05


Tree=2
num_leaves=31
num_cat=0
split_feature=5 194 239 96 215 186 219 254 251 40 257 93 239 2 239 108 225 19 124 219 209 162 166 211 211 138 5 166 89 73
split_gain=5.03971e+07 6.85229e+07 4.70987e+07 4.97701e+07 3.72056e+07 4.04403e+07 3.22874e+07 3.16611e+07 3.00613e+07 4.94324e+07 2.85184e+07 2.06407e+07 2.48822e+07 1.88102e+07 2.12064e+07 1.58244e+07 1.56842e+07 1.71962e+07 3.5874e+07 1.75923e+07 1.75749e+07 1.3165e+07 1.27231e+07 1.1584e+07 1.27572e+07 2.03242e+07 1.60147e+07 1.52886e+07 1.42325e+07 2.57989e+07
threshold=2299.0893554687505 2784.5214843750005 -49.749999999999993 2042.5865478515627 2042.5865478515627 6869.1650390625009 -720.49999999999989 -1177.7499999999998 -3915.5969238281245 1245.2596435546877 2784.5214843750005 10519.500000000002 4212.5000000000009 -372.24999999999994 3006.2500000000005 521.25000000000011 437.75000000000006 1748.4644165039065 1890.4719848632815 -4898.7499999999991 4356.0327148437509 -2257.2499999999995 1515.713562011719 6638.7500000000009 2617.7500000000005 902.12527465820324 732.46636962890636 939.43435668945324 1565.8640136718752 1567.7500000000002
decision_type=2 2 2 2 2 2 2 2 2 2 2 2 2 2 2 2 2 2 2 2 2 2 2 2 2 2 2 2 2 2
left_child=1 8 15 -4 -5 -6 -7 -3 9 -1 11 12 16 -8 -15 -2 17 18 19 -10 -21 -20 -19 24 -18 27 -27 -26 -28 -30
right_child=2 7 3 4 5 6 13 -9 10 -11 -12 -13 -14 14 -16 -17 23 22 21 20 -22 -23 -24 -25 25 26 28 -29 29 -31
leaf_value=-6.6350812697410593 -105.10703399658203 92.531288553106378 -80.756458058564561 -63.958677701950073 -50.807459311051808 75.944030367809802 48.152400074005129 11.917449651445661 -38.291392789568221 -94.253539345481187 -59.500329608917241 41.678195241292322 -43.208354556921762 -42.796188783645633 23.671836513280869 -42.209554634094246 -1.7896502764545532 -43.22477024759565 17.371728324890139 1.3129172624195622 47.087444141932899 72.838963848611584 -6.8671463792974299 -38.374414571126302 -1.0427444756416413 52.921325596896089 5.955800370261783 -41.182952819824223 -7.110947330181415 57.526182837235297
leaf_weight=60 20 29 23 20 22 23 20 21 28 22 20 30 33 24 24 20 9073 35 20 14354 21 23 77 21 464 22 420 25 26 38
leaf_count=60 20 29 23 20 22 23 20 21 28 22 20 30 33 24 24 20 9073 35 20 14354 21 23 77 21 464 22 420 25 26 38
internal_value=-1.25891e-07 0.199095 -25.2545 -12.8433 -1.09896 10.0267 24.7338 58.6735 0.0812597 -30.1425 0.181476 0.229782 0.179399 7.4127 -9.56218 -73.6583 0.237491 1.2875 1.43881 1.30267 1.37979 47.0402 -18.2289 -1.27762 -1.20025 4.17428 11.1992 -3.0949 9.30278 31.2673
internal_weight=25058 24862 196 156 133 113 91 50 24812 82 24730 24710 24680 68 48 40 24647 14558 14446 14403 14375 43 112 10089 10068 995 506 489 484 64
internal_count=25058 24862 196 156 133 113 91 50 24812 82 24730 24710 24680 68 48 40 24647 14558 14446 14403 14375 43 112 10089 10068 995 506 489 484 64
is_linear=0
shrinkage=0.05


Tree=3
num_leaves=31
num_cat=0
split_feature=5 194 239 16 121 254 83 54 257 226 144 214 239 225 212 50 177 47 124 35 257 0 108 104 248 233 222 16 184 4
split_gain=4.54834e+07 6.18419e+07 4.25066e+07 4.61486e+07 3.75634e+07 2.92229e+07 2.77801e+07 4.98331e+07 2.57461e+07 2.04781e+07 2.39089e+07 1.91852e+07 1.84423e+07 1.49076e+07 1.59682e+07 1.80604e+07 1.53629e+07 1.70263e+07 3.06035e+07 1.47552e+07 2.39102e+07 1.80408e+07 1.42815e+07 1.29243e+07 1.05531e+07 1.03327e+07 1.00752e+07 3.08092e+07 2.86517e+07 2.4523e+07
threshold=2299.0893554687505 2784.5214843750005 -49.749999999999993 12916.750000000002 3396.7500000000005 -1444.7499999999998 -7711.4758300781241 1286.4824218750002 2784.5214843750005 450.75000000000006 7742.3950195312509 9841.9003906250018 4212.5000000000009 437.75000000000006 -5269.2499999999991 826.75000000000011 -4866.2499999999991 1748.4644165039065 1890.4719848632815 9023.7500000000018 1193.3194580078127 11080.000000000002 521.25000000000011 -5854.7683105468741 410.25000000000006 -957.74999999999989 1473.834655761719 1157.7500000000002 491.75000000000006 10978.819824218752
decision_type=2 2 2 2 2 2 2 2 2 2 2 2 2 2 2 2 2 2 2 2 2 2 2 2 2 2 2 2 2 2
left_child=1 6 22 4 9 -3 7 -1 11 10 -4 12 13 14 15 -8 25 18 23 20 -13 -21 -2 -18 -23 -16 -15 28 -28 -29
right_child=2 5 3 -5 -6 -7 8 -9 -10 -11 -12 19 -14 26 16 -17 17 -19 -20 21 -22 24 -24 -25 -26 -27 27 29 -30 -31
leaf_value=-7.7054133720397946 -99.8516845703125 97.155473261294162 -35.308137756347655 -77.596850001293689 43.571595307929179 20.45978358939842 -5.1612715888023377 -94.846740940638952 -56.525308341979986 -44.884307025029109 29.103860850719844 6.2245391252878548 -40.441409165518628 -1.0524887176497137 11.609685640782118 -63.353371562957761 -18.505822012797896 -20.679559339030405 60.184220574118882 -34.326938455001169 63.873738936015542 -3.1453526814778647 -40.099077129364019 1.2823712959408269 36.546429555556351 48.009228300011678 25.529091850141199 -38.897603768222737 -27.98008877966139 -0.25292655603209541
leaf_weight=75 20 23 25 23 35 27 40 21 20 39 34 37 28 9684 128 20 83 89 22 23 35 33 20 14126 34 23 82 106 36 67
leaf_count=75 20 23 25 23 35 27 40 21 20 39 34 37 28 9684 128 20 83 89 22 23 35 33 20 14126 34 23 82 106 36 67
internal_value=-1.79103e-09 0.18914 -23.9918 -12.2012 -0.892138 55.7398 0.0771968 -26.7676 0.181465 -16.772 1.81064 0.227389 0.114146 0.160484 1.18224 -24.5586 1.28897 1.12167 1.25802 17.3775 34.2485 3.88069 -69.9754 1.16678 16.9967 17.154 -1.32795 -10.4948 9.20426 -23.9312
internal_weight=25058 24862 196 156 133 50 24812 96 24716 98 59 24696 24534 24506 14531 60 14471 14320 14231 162 72 90 40 14209 67 151 9975 291 118 173
internal_count=25058 24862 196 156 133 50 24812 96 24716 98 59 24696 24534 24506 14531 60 14471 14320 14231 162 72 90 40 14209 67 151 9975 291 118 173
is_linear=0
shrinkage=0.05


Tree=4
num_leaves=31
num_cat=0
split_feature=5 194 247 219 228 166 114 254 211 246 257 185 239 134 75 124 92 219 123 151 178 250 212 176 145 61 192 12 2 215
split_gain=4.10488e+07 5.58123e+07 3.84268e+07 4.71054e+07 3.89748e+07 7.30128e+07 3.31464e+07 2.63737e+07 2.63708e+07 4.81808e+07 2.32319e+07 1.85843e+07 2.91052e+07 1.63125e+07 1.48234e+07 4.10622e+07 2.19706e+07 1.75843e+07 1.61571e+07 1.59859e+07 2.13252e+07 1.80892e+07 2.67241e+07 1.81258e+07 2.48771e+07 1.71411e+07 1.67367e+07 1.59408e+07 1.46366e+07 2.36653e+07
threshold=2299.0893554687505 2784.5214843750005 -2703.4999999999995 -154.74999999999997 7679.3750000000009 2299.0893554687505 1018.7500000000001 -1444.7499999999998 -3747.2499999999995 298.75000000000006 2784.5214843750005 7236.7500000000009 4212.5000000000009 -650.24999999999989 1890.4719848632815 1890.4719848632815 -2109.4999999999995 1386.2500000000002 3434.327514648438 11060.437500000002 5171.5000000000009 1565.8640136718752 2241.0000000000005 -570.24999999999989 1438.1508789062502 1565.8640136718752 2497.2500000000005 1473.834655761719 -9353.2499999999982 1341.8898925781252
decision_type=2 2 2 2 2 2 2 2 2 2 2 2 2 2 2 2 2 2 2 2 2 2 2 2 2 2 2 2 2 2
left_child=1 8 -2 6 -5 -6 13 -3 9 -1 11 12 14 -4 15 19 18 -18 -16 21 26 28 23 25 -25 -23 -21 -26 29 -10
right_child=2 7 3 4 5 -7 -8 -9 10 -11 -12 -13 -14 -15 16 -17 17 -19 -20 20 -22 22 -24 24 27 -27 -28 -29 -30 -31
leaf_value=-6.5987533283612088 -75.919574638892868 92.297702988334322 21.198190574645999 -82.038869537845741 -70.99491518697431 33.031145580394849 60.19865431615284 19.436793645222984 -1.9380505231710581 -95.674749642238027 -53.699046020507808 31.622288643045632 -50.796746362958636 -42.662036839127545 -12.016197111389854 47.502560831152877 -46.521867358489118 3.2686161346435547 38.984299405415854 14.158757979781539 -23.300245500647506 -50.091090710163115 -68.094507987016726 35.167590713500978 -34.850158142462014 2.6860655975341796 60.251912203142723 10.102499065744251 0.31932194382964818 -68.83475381851197
leaf_weight=63 29 23 20 31 31 37 28 27 39 20 20 47 28 20 44 46 61 25 24 54 23 40 21 40 41 25 31 38 24062 20
leaf_count=63 29 23 20 31 31 37 28 27 39 20 20 47 28 20 44 46 61 25 24 54 23 40 21 40 41 25 31 38 24062 20
internal_value=8.26171e-08 0.179683 -22.7922 -13.5665 -35.5747 -14.3925 18.4748 52.9528 0.073337 -28.0628 0.167773 0.211374 0.151512 -10.7319 0.209422 0.306704 -15.2546 -32.0479 5.98398 0.217852 19.4118 0.132636 -14.6572 -8.55842 3.03985 -29.7922 30.9692 -13.2274 0.258333 -24.6149
internal_weight=25058 24862 196 167 99 68 68 50 24812 83 24729 24709 24662 40 24634 24480 154 86 68 24434 108 24326 205 184 119 65 85 79 24121 59
internal_count=25058 24862 196 167 99 68 68 50 24812 83 24729 24709 24662 40 24634 24480 154 86 68 24434 108 24326 205 184 119 65 85 79 24121 59
is_linear=0
shrinkage=0.05


Tree=5
num_leaves=31
num_cat=0
split_feature=5 194 239 96 215 158 43 40 254 218 208 257 93 239 219 225 2 12 138 248 73 6 211 61 96 190 215 44 250 4
split_gain=3.70465e+07 5.03706e+07 3.6271e+07 4.16439e+07 3.10142e+07 3.45819e+07 2.4882e+07 5.64488e+07 2.43199e+07 2.41037e+07 2.24112e+07 2.09702e+07 1.69052e+07 1.87752e+07 1.62381e+07 1.38273e+07 1.93567e+07 1.54243e+07 1.94463e+07 1.93091e+07 1.30499e+07 1.27136e+07 1.1812e+07 1.17586e+07 2.6816e+07 3.63496e+07 2.3945e+07 2.37014e+07 1.85892e+07 2.04052e+07
threshold=2299.0893554687505 2784.5214843750005 -49.749999999999993 2042.5865478515627 2042.5865478515627 9974.1376953125018 -7748.7499999999991 1209.4280395507815 -1177.7499999999998 1653.7500000000002 2299.0893554687505 2784.5214843750005 10519.500000000002 4212.5000000000009 -4898.7499999999991 253.25000000000003 8958.5000000000018 1515.713562011719 1890.4719848632815 -926.99999999999989 347.75000000000006 2425.302856445313 6638.7500000000009 2042.5865478515627 1647.119079589844 1895.5000000000002 1647.119079589844 -1007.7499999999999 1565.8640136718752 11626.567382812502
decision_type=2 2 2 2 2 2 2 2 2 2 2 2 2 2 2 2 2 2 2 2 2 2 2 2 2 2 2 2 2 2
left_child=1 6 20 -4 -5 9 7 -1 -3 -6 -7 12 13 14 21 16 17 18 -16 -19 -2 -8 23 24 28 27 -25 -26 -17 -30
right_child=2 8 3 4 5 10 11 -9 -10 -11 -12 -13 -14 -15 15 22 -18 19 -20 -21 -22 -23 -24 26 25 -27 -28 -29 29 -31
leaf_value=-1.0481067299842834 -35.570566596984861 79.979198947446108 -72.883050545402199 -57.409792394638067 14.794677635931201 0.9745306188409979 -8.4111651255534241 -90.048331180572518 9.3267496472313294 -48.622652771555153 66.959992872515031 -51.014091339111332 37.715724449157719 -37.529559626723781 1.5167471816362035 -0.78937000106479616 39.718343997904753 21.491160281045097 47.536654030758399 -19.332327781972431 -92.688678569793709 -55.947404436631636 -39.289670333862311 -64.067547590082356 31.091073971825679 52.684026735479179 5.6387156486511234 -21.69635980796814 -36.093874384520888 5.7139374732971193
leaf_weight=62 20 29 23 20 31 22 39 25 21 29 31 20 30 33 11856 12130 33 35 23 168 20 22 20 22 37 55 28 50 77 47
leaf_count=62 20 29 23 20 31 22 39 25 21 29 31 20 30 33 11856 12130 33 35 23 168 20 22 20 22 37 55 28 50 77 47
internal_value=-2.88591e-08 0.170699 -21.6526 -10.7611 -0.0181828 10.1396 0.0696701 -26.6229 50.3052 -15.857 39.5698 0.163593 0.205024 0.159419 0.209891 0.27383 1.47676 1.37231 1.60585 -12.2938 -64.1296 -25.5554 -0.895231 -0.833534 -0.735928 20.8674 -25.032 0.753468 -0.986268 -20.2474
internal_weight=25058 24862 196 156 133 113 24812 87 50 60 53 24725 24705 24675 24642 24581 12115 12082 11879 203 40 61 12466 12446 12396 142 50 87 12254 124
internal_count=25058 24862 196 156 133 113 24812 87 50 60 53 24725 24705 24675 24642 24581 12115 12082 11879 203 40 61 12466 12446 12396 142 50 87 12254 124
is_linear=0
shrinkage=0.05


Tree=6
num_leaves=31
num_cat=0
split_feature=33 180 248 219 193 234 89 151 68 247 9 192 253 219 185 239 54 205 96 68 250 205 145 183 37 130 127 152 123 89
split_gain=3.34977e+07 5.39365e+07 2.76497e+07 3.5406e+07 3.23563e+07 3.09354e+07 2.68803e+07 4.83774e+07 4.37403e+07 3.42509e+07 2.64157e+07 4.6886e+07 2.47755e+07 2.00338e+07 2.24112e+07 3.20661e+07 2.12865e+07 1.95322e+07 1.54004e+07 2.66786e+07 2.15096e+07 3.80986e+07 2.91431e+07 3.33718e+07 2.02644e+07 1.77542e+07 1.73825e+07 1.46772e+07 1.4637e+07 1.95835e+07
threshold=2042.5865478515627 2784.5214843750005 -633.74999999999989 -154.74999999999997 8729.7822265625018 -364.74999999999994 2784.5214843750005 10091.017578125002 2042.5865478515627 457.75000000000006 -9320.7499999999982 -2709.4999999999995 667.75000000000011 -4898.7499999999991 7236.7500000000009 4212.5000000000009 1401.3559570312502 -3351.2499999999995 1647.119079589844 1748.4644165039065 1565.8640136718752 2332.7500000000005 1438.1508789062502 231.75000000000003 -991.99999999999989 8287.5800781250018 777.75000000000011 1890.4719848632815 11502.962890625002 883.51229858398449
decision_type=2 2 2 2 2 2 2 2 2 2 2 2 2 2 2 2 2 2 2 2 2 2 2 2 2 2 2 2 2 2
left_child=1 10 5 4 17 12 8 -8 -5 -10 11 -1 -2 -12 15 18 -16 -4 20 25 28 22 23 -22 26 -20 27 -21 -15 -30
right_child=2 -3 3 6 -6 -7 7 -9 9 -11 13 -13 -14 14 16 -17 -18 -19 19 24 21 -23 -24 -25 -26 -27 -28 -29 29 -31
leaf_value=-95.253540420532232 -32.55749506743058 68.347948396616971 -42.639466129649776 18.769049617222375 62.644147018432619 2.4402872292891793 -49.30487694740296 59.352311597551619 -33.146537660871239 -109.77282299804688 -26.697780334776724 -4.6718386211395266 -106.77597116123546 0.21519545400262829 6.4665023354923026 -52.336616779195857 68.747561247452452 12.82441396211323 20.408375427320408 -27.099797852834065 -23.121836598714196 -67.068386643932712 -21.450824891380645 53.884858187507177 -20.221362826354067 68.904288978576673 56.893528594970704 23.9695930593154 -15.354131109064276 42.001982757319581
leaf_weight=20 23 29 22 21 25 23 20 21 35 25 69 50 22 23987 34 29 23 57 77 24 24 31 115 34 71 25 20 34 22 46
leaf_count=20 23 29 22 21 25 23 20 21 35 25 69 50 22 23987 34 29 23 57 77 24 24 31 115 34 71 25 20 34 22 46
internal_value=9.71674e-08 0.19919 -16.778 -8.36713 13.0676 -44.7319 -26.6393 6.3488 -43.337 -65.0742 0.11929 -30.5523 -68.8421 0.206337 0.281812 0.209071 31.5975 -2.62122 0.271243 12.5927 0.143757 -16.0235 -6.87678 22.02 -0.894464 32.2946 16.698 2.83743 0.280864 23.4456
internal_weight=25058 24764 294 226 104 68 122 41 81 60 24735 70 45 24665 24596 24539 57 79 24510 251 24259 204 173 58 149 102 78 58 24055 68
internal_count=25058 24764 294 226 104 68 122 41 81 60 24735 70 45 24665 24596 24539 57 79 24510 251 24259 204 173 58 149 102 78 58 24055 68
is_linear=0
shrinkage=0.05


Tree=7
num_leaves=31
num_cat=0
split_feature=33 124 208 228 229 16 250 157 198 202 211 257 229 93 239 37 152 250 212 176 138 107 123 236 40 218 75 6 257 2
split_gain=3.02316e+07 4.89639e+07 3.31048e+07 2.57235e+07 5.92992e+07 4.46371e+07 4.80722e+07 3.09648e+07 3.34205e+07 2.50792e+07 2.44995e+07 4.14915e+07 2.29763e+07 2.81143e+07 2.03422e+07 1.75548e+07 1.59243e+07 1.89192e+07 2.40171e+07 2.35563e+07 2.39806e+07 2.38236e+07 1.67802e+07 1.6671e+07 1.60872e+07 1.56796e+07 1.49878e+07 1.42366e+07 1.26518e+07 1.12878e+07
threshold=2042.5865478515627 2299.0893554687505 2784.5214843750005 6086.4824218750009 2299.0893554687505 12916.750000000002 2784.5214843750005 4140.5000000000009 273.25000000000006 -401.58802795410151 -3747.2499999999995 1264.2258911132815 2784.5214843750005 10519.500000000002 4212.5000000000009 4816.2500000000009 1890.4719848632815 1565.8640136718752 2838.2500000000005 -570.24999999999989 1341.8898925781252 5122.2500000000009 11502.962890625002 1245.2596435546877 1264.2258911132815 695.25000000000011 1890.4719848632815 -1557.1393432617185 1748.4644165039065 -9353.2499999999982
decision_type=2 2 2 2 2 2 2 2 2 2 2 2 2 2 2 2 2 2 2 2 2 2 2 2 2 2 2 2 2 2
left_child=1 10 -3 4 9 6 7 8 25 27 11 -1 13 14 16 -9 17 22 19 -19 -21 28 29 -24 -18 -5 -26 -2 -22 -12
right_child=3 2 -4 5 -6 -7 -8 15 -10 -11 12 -13 -14 -15 -16 -17 24 18 -20 20 21 -23 23 -25 26 -27 -28 -29 -30 -31
leaf_value=5.4622530314055355 -15.844719823201499 9.9771751809120186 100.95085131406785 -27.047365717454394 -94.865547227859508 -58.7567321654289 66.226861735752649 59.005079841613771 -66.362535950445363 -60.292961919875374 -21.632739830017091 -66.377515535096862 -49.760843857474953 44.390172788831926 -40.975467096964522 -1.9482655136673541 -11.244828816117913 -33.021682731921857 -55.559541905721034 48.807489267985034 -7.9541643194222864 -43.813703632354738 7.657093234772379 59.607216179889178 54.359036385385622 34.12229821205139 8.299590804360129 33.099950083096822 29.038318674187913 0.2640094490649878
leaf_weight=44 39 20 20 22 30 31 28 21 31 21 59 37 23 36 30 27 29 65 30 24 59 31 47 23 38 20 33 24 38 24078
leaf_count=44 39 20 20 22 30 31 28 21 31 21 59 37 23 36 30 27 29 65 30 24 59 31 47 23 38 20 33 24 38 24078
internal_value=-1.93782e-08 0.18923 55.464 -15.9391 -34.5234 -4.1691 7.18806 -6.47381 -26.984 -12.9726 0.0998035 -27.3534 0.190041 0.236705 0.172048 24.7188 0.222322 0.140895 -13.627 -7.82993 2.94286 -5.65675 0.281379 24.7264 20.1343 2.08105 32.9511 2.80087 6.53774 0.210485
internal_weight=25058 24764 40 294 114 180 149 121 73 84 24724 81 24643 24620 24584 48 24554 24454 247 217 152 128 24207 70 100 42 71 63 97 24137
internal_count=25058 24764 40 294 114 180 149 121 73 84 24724 81 24643 24620 24584 48 24554 24454 247 217 152 128 24207 70 100 42 71 63 97 24137
is_linear=0
shrinkage=0.05


Tree=8
num_leaves=31
num_cat=0
split_feature=5 194 247 219 228 166 114 254 43 199 257 185 239 75 124 79 134 219 4 58 225 96 192 71 94 250 212 252 12 51
split_gain=2.74073e+07 4.03192e+07 3.11135e+07 3.81504e+07 3.00353e+07 5.53852e+07 2.58053e+07 2.09445e+07 1.98999e+07 5.16127e+07 1.83006e+07 1.45968e+07 2.00049e+07 1.352e+07 3.04881e+07 1.81323e+07 1.28037e+07 1.25566e+07 1.31741e+07 1.4795e+07 1.12556e+07 2.77573e+07 2.21253e+07 2.20345e+07 2.11612e+07 2.01418e+07 2.14388e+07 1.99651e+07 1.18148e+07 1.34534e+07
threshold=2299.0893554687505 2784.5214843750005 -2703.4999999999995 -154.74999999999997 7679.3750000000009 2299.0893554687505 1018.7500000000001 -1444.7499999999998 -7748.7499999999991 -3648.7499999999995 2784.5214843750005 7236.7500000000009 4212.5000000000009 1890.4719848632815 1890.4719848632815 -5137.9999999999991 -650.24999999999989 1386.2500000000002 5363.9475097656259 -1949.7499999999998 429.75000000000006 1647.119079589844 1834.5000000000002 1560.2500000000002 7524.7500000000009 1565.8640136718752 2838.2500000000005 116.25000000000001 1438.1508789062502 -2542.9999999999995
decision_type=2 2 2 2 2 2 2 2 2 2 2 2 2 2 2 2 2 2 2 2 2 2 2 2 2 2 2 2 2 2
left_child=1 8 -2 6 -5 -6 16 -3 9 -1 11 12 13 14 20 -15 -4 18 -17 -20 24 25 23 -23 28 -22 27 -27 -10 -30
right_child=2 7 3 4 5 -7 -8 -9 10 -11 -12 -13 -14 15 -16 17 -18 -19 19 -21 21 22 -24 -25 -26 26 -28 -29 29 -31
leaf_value=-86.210208980242413 -66.429140748648805 80.063194573443866 21.031040611267091 -70.917346111420656 -60.831802528135235 29.770545495522988 55.32759117398944 15.133375549316407 1.2014448076788469 -0.045014883979918464 -47.668806571960452 28.017035545186793 -42.112815339224682 8.5131094169616706 39.667805698939731 -72.209302024841307 -35.545662012100216 3.4587837600708009 6.9392206972295583 -45.995565776391466 -1.0756206395669727 46.087372266329254 72.577938756488621 -16.800710648695627 51.240997287205289 -33.584641063914582 -66.203787716952249 11.106626872627103 6.1618827038652757 -18.4799850238944
leaf_weight=24 29 23 20 31 31 37 28 27 14105 63 20 47 28 55 49 20 20 25 22 33 9857 26 21 30 21 51 22 49 85 159
leaf_count=24 29 23 20 31 31 37 28 27 14105 63 20 47 28 55 49 20 20 25 22 33 9857 26 21 30 21 51 22 49 85 159
internal_value=-5.13296e-08 0.146822 -18.6239 -10.3224 -30.1284 -11.5335 18.5129 45.0011 0.0564333 -23.8147 0.140429 0.179133 0.126072 0.17409 0.267315 -14.5464 -7.25731 -27.2291 -37.4584 -24.8217 0.188275 -1.09478 28.8102 12.3973 1.08614 -1.32553 -21.517 -11.6859 1.01274 -9.89573
internal_weight=25058 24862 196 167 99 68 68 50 24812 87 24725 24705 24658 24630 24475 155 40 100 75 55 24426 10056 77 56 14370 9979 122 100 14349 244
internal_count=25058 24862 196 167 99 68 68 50 24812 87 24725 24705 24658 24630 24475 155 40 100 75 55 24426 10056 77 56 14370 9979 122 100 14349 244
is_linear=0
shrinkage=0.05


Tree=9
num_leaves=31
num_cat=0
split_feature=33 194 239 219 220 65 52 173 208 9 33 60 50 72 213 257 185 239 198 187 142 103 100 85 185 242 17 246 211 224
split_gain=2.51292e+07 4.26864e+07 2.42788e+07 2.89292e+07 2.29273e+07 2.20883e+07 2.28065e+07 2.18703e+07 3.88536e+07 2.15618e+07 4.29621e+07 1.94824e+07 1.94386e+07 2.05572e+07 1.86877e+07 1.65468e+07 1.33925e+07 1.93766e+07 1.2822e+07 3.71379e+07 2.31829e+07 2.07279e+07 1.24617e+07 1.94131e+07 2.49228e+07 1.87987e+07 1.67025e+07 1.50096e+07 1.57183e+07 1.29205e+07
threshold=2042.5865478515627 2784.5214843750005 -49.749999999999993 -154.74999999999997 1220.7500000000002 -322.24999999999994 -2929.7499999999995 2299.0893554687505 1748.4644165039065 -9320.7499999999982 1180.005310058594 12586.774902343752 993.75000000000011 3150.0000000000005 -841.24999999999989 2784.5214843750005 7236.7500000000009 4212.5000000000009 3808.2500000000005 1168.1457519531252 5753.7500000000009 902.12527465820324 4362.5000000000009 5600.7500000000009 2892.7500000000005 9341.0625000000018 3854.0000000000005 -309.74999999999994 3993.0000000000005 1315.2500000000002
decision_type=2 2 2 2 2 2 2 2 2 2 2 2 2 2 2 2 2 2 2 2 2 2 2 2 2 2 2 2 2 2
left_child=1 9 5 12 -5 6 -2 8 -6 10 -1 -9 14 -14 -4 16 17 18 20 21 22 -20 23 25 26 -11 -25 -24 29 -29
right_child=2 -3 3 4 7 -7 -8 11 -10 15 -12 -13 13 -15 -16 -17 -18 -19 19 -21 -22 -23 27 24 -26 -27 -28 28 -30 -31
leaf_value=-1.095204875866572 -56.86209660443393 57.001285079031277 -43.032027797471912 -60.711228866577159 2.0438581848144532 -85.574251909255992 16.910920886993409 -24.588350833546031 -86.630974398908165 0.23123598341392523 -85.47335969751532 36.934528141637003 74.235800125485383 4.274537004743304 16.630088615417481 -45.285367469787602 28.091909222270171 -42.977748944209175 -12.729382608310287 -54.274597136179608 26.215303134918216 34.117447558316321 -37.381438071911155 50.406617126464852 70.113408697219128 46.471917499195449 -1.0918125184806617 -0.24917059901921723 37.182896496000744 -17.795598231983742
leaf_weight=48 22 33 21 30 30 20 20 22 21 23690 22 31 21 21 35 20 43 26 83 42 86 33 39 20 21 22 74 269 21 172
leaf_count=48 22 33 21 30 30 20 20 22 21 23690 22 31 21 21 35 20 43 26 83 42 86 33 39 20 21 22 74 269 21 172
internal_value=-3.00864e-08 0.172524 -14.5319 -7.10408 -22.2033 -42.3263 -21.7321 -11.0953 -34.4693 0.0966939 -27.6141 11.3967 13.5418 39.2552 -5.74321 0.175351 0.212249 0.163512 0.209161 -13.9886 0.301044 0.597733 0.209437 0.373529 20.8671 0.274138 9.8653 -7.59462 -5.08015 -7.09268
internal_weight=25058 24764 294 232 134 62 42 104 51 24731 70 53 98 42 56 24661 24641 24598 24572 158 24414 116 24328 23827 115 23712 94 501 462 441
internal_count=25058 24764 294 232 134 62 42 104 51 24731 70 53 98 42 56 24661 24641 24598 24572 158 24414 116 24328 23827 115 23712 94 501 462 441
is_linear=0
shrinkage=0.05


Tree=10
num_leaves=31
num_cat=0
split_feature=83 60 33 124 208 16 37 58 42 55 106 17 229 93 239 193 219 152 47 82 250 212 177 229 218 246 194 199 6 225
split_gain=2.32599e+07 5.07713e+07 1.86109e+07 3.90503e+07 2.73134e+07 2.51972e+07 3.72895e+07 3.61929e+07 3.13107e+07 2.7316e+07 2.09123e+07 2.36846e+07 2.05472e+07 2.44226e+07 1.51523e+07 1.18315e+07 1.07564e+07 1.4023e+07 1.50559e+07 1.79996e+07 1.31801e+07 2.06505e+07 2.37916e+07 2.54651e+07 1.49268e+07 1.60326e+07 1.30263e+07 1.17982e+07 1.167e+07 1.07037e+07
threshold=-7711.4758300781241 -7197.8474121093741 2042.5865478515627 2299.0893554687505 2784.5214843750005 -7369.2499999999991 -3334.4999999999995 2887.7500000000005 -5163.2499999999991 -4948.4555664062491 3713.2500000000005 13932.500000000002 2784.5214843750005 10519.500000000002 4212.5000000000009 8729.7822265625018 -4898.7499999999991 1890.4719848632815 1341.8898925781252 1890.4719848632815 1565.8640136718752 2838.2500000000005 1394.0000000000002 1748.4644165039065 4103.7500000000009 1231.0000000000002 1748.4644165039065 5013.7500000000009 2425.302856445313 429.75000000000006
decision_type=2 2 2 2 2 2 2 2 2 2 2 2 2 2 2 2 2 2 2 2 2 2 2 2 2 2 2 2 2 2
left_child=1 -1 3 12 -5 9 8 -8 -7 -4 -9 15 13 14 16 -12 28 20 -19 -20 24 22 26 -24 29 -26 -22 -27 -2 -18
right_child=2 -3 5 4 -6 6 7 10 -10 -11 11 -13 -14 -15 -16 -17 17 18 19 -21 21 -23 23 -25 25 27 -28 -29 -30 -31
leaf_value=-6.1716428104835224 -3.7829435480965508 -95.351813507080081 -12.345801001328688 8.2898817157745359 90.923726463317877 -8.1453527092933662 16.078365027662141 -73.902958698272712 -88.388101848479252 65.378385314941411 -26.435900027935322 -56.559673238683629 -47.072911415929383 41.360539637671579 -35.365057163238525 17.576239941571213 1.0764191397790694 -8.3870519406867743 60.637020431026343 7.9580477686489335 -5.0129051269368929 -50.376259708404547 -11.251572281973703 56.803929335982708 -19.419741675967263 47.036880896308212 -35.648674932393163 8.440644845035342 -50.005791039900345 -1.0696129650730257
leaf_weight=79 36 20 26 20 20 20 83 20 31 20 26 27 23 36 30 37 14228 33 31 34 94 30 28 27 21 44 55 36 22 9821
leaf_count=79 36 20 26 20 20 20 83 20 31 20 26 27 23 36 30 37 14228 33 31 34 94 30 28 27 21 44 55 36 22 9821
internal_value=7.53015e-09 -24.1878 0.0959412 0.243976 49.6068 -12.4967 -18.896 -8.84808 -56.9204 21.4473 -27.6562 -17.3792 0.163805 0.207959 0.147662 -0.5875 0.191076 0.242028 19.1178 33.0819 0.166165 -11.6432 -5.9472 22.1575 0.280592 19.4621 -16.3214 29.6686 -21.3157 0.200034
internal_weight=25058 99 24959 24669 40 290 244 193 51 46 110 90 24629 24606 24570 63 24540 24482 98 65 24384 234 204 55 24150 101 149 80 58 24049
internal_count=25058 99 24959 24669 40 290 244 193 51 46 110 90 24629 24606 24570 63 24540 24482 98 65 24384 234 204 55 24150 101 149 80 58 24049
is_linear=0
shrinkage=0.05


Tree=11
num_leaves=31
num_cat=0
split_feature=244 169 194 144 61 68 225 226 166 96 232 1 225 96 198 257 208 54 173 165 99 12 2 68 247 68 123 159 240 121
split_gain=2.15366e+07 4.01135e+07 1.80713e+07 6.44501e+07 3.91042e+07 3.01819e+07 4.57456e+07 2.60128e+07 2.55936e+07 2.04495e+07 2.3019e+07 1.69334e+07 1.66382e+07 1.43654e+07 2.62907e+07 2.15374e+07 3.05316e+07 2.83975e+07 2.32412e+07 2.3136e+07 1.44771e+07 2.51238e+07 1.95343e+07 1.41658e+07 1.40768e+07 1.39302e+07 1.3903e+07 1.53388e+07 1.58722e+07 1.21398e+07
threshold=-4210.6655273437491 -4285.4999999999991 2784.5214843750005 10178.282226562502 2042.5865478515627 2042.5865478515627 2247.7500000000005 1369.7500000000002 2299.0893554687505 2042.5865478515627 560.75000000000011 3033.0000000000005 -3142.7499999999995 1647.119079589844 1662.7500000000002 1515.713562011719 1438.1508789062502 1286.4824218750002 1515.713562011719 7828.8750000000009 4660.0000000000009 1180.005310058594 -104.74999999999999 1748.4644165039065 314.75000000000006 1890.4719848632815 11502.962890625002 987.75860595703136 149.75000000000003 7315.7500000000009
decision_type=2 2 2 2 2 2 2 2 2 2 2 2 2 2 2 2 2 2 2 2 2 2 2 2 2 2 2 2 2 2
left_child=1 12 5 -4 -5 13 9 -8 -9 -7 11 -11 -1 15 23 26 17 19 20 -17 22 -22 -18 -15 -20 -16 29 -28 -29 -2
right_child=2 -3 3 4 -6 6 7 8 -10 10 -12 -13 -14 14 25 16 18 -19 24 -21 21 -23 -24 -25 -26 -27 27 28 -30 -31
leaf_value=-33.030448919184067 0.11146215374652349 -84.613395836239775 -34.833939234415695 15.473115129824038 102.25551397705078 -45.147698624928793 -99.991206970214847 -68.293496902465833 3.2517030181884765 2.7279661510301674 28.350356346985389 -50.606308642300696 13.539392507347195 19.098514761629794 75.858087594168524 -49.757856979370118 29.275933274768647 -81.855252876988175 -23.066229478219398 21.431201244535902 73.37658219770951 3.0300520070393882 -36.756963857014973 -5.9890309540193476 14.850326606432597 21.105873430692235 -15.048144359588623 60.132294591267907 4.218645273555409 26.398866887526079
leaf_weight=34 23930 21 30 27 25 24 20 25 25 46 58 22 44 97 21 25 21 27 133 21 22 30 24 134 30 26 20 30 22 44
leaf_count=34 23930 21 30 27 25 24 20 25 25 46 58 22 44 97 21 25 21 27 133 21 22 30 24 134 30 26 20 30 22 44
internal_value=4.35251e-08 -23.2746 0.0923188 23.5261 57.1954 0.0150758 -18.4225 -51.7981 -32.5209 -2.84718 5.21007 -14.5272 -6.76028 0.179583 11.4813 0.0507071 -12.578 -41.1505 -4.55571 -17.2585 14.8228 32.792 -5.94161 4.54557 -16.0877 45.5696 0.225595 22.1641 36.4765 0.159708
internal_weight=25058 99 24959 82 52 24877 220 70 50 150 126 68 78 24657 278 24379 333 73 260 46 97 52 45 231 163 47 24046 72 52 23974
internal_count=25058 99 24959 82 52 24877 220 70 50 150 126 68 78 24657 278 24379 333 73 260 46 97 52 45 231 163 47 24046 72 52 23974
is_linear=0
shrinkage=0.05


Tree=12
num_leaves=31
num_cat=0
split_feature=83 47 247 218 243 103 151 61 219 198 198 247 213 185 227 239 82 198 19 68 50 136 152 246 254 158 186 35 257 257
split_gain=2.02355e+07 4.93513e+07 1.64473e+07 2.98375e+07 2.0617e+07 4.86646e+07 5.86809e+07 2.51301e+07 3.45475e+07 2.50897e+07 3.56604e+07 4.18921e+07 2.1428e+07 1.84579e+07 1.52563e+07 1.3238e+07 1.25501e+07 2.58529e+07 2.29901e+07 1.84703e+07 2.69823e+07 1.81654e+07 1.94232e+07 2.18645e+07 1.32141e+07 1.27294e+07 1.23756e+07 2.23666e+07 2.15081e+07 2.03936e+07
threshold=-7711.4758300781241 1286.4824218750002 -3367.4999999999995 325.75000000000006 2784.5214843750005 2042.5865478515627 10091.017578125002 2042.5865478515627 -147.74999999999997 273.25000000000006 1506.2500000000002 985.50000000000011 -22.249999999999996 7236.7500000000009 -3654.9999999999995 4212.5000000000009 1515.713562011719 773.75000000000011 1438.1508789062502 1748.4644165039065 1069.2500000000002 -2161.7499999999995 1748.4644165039065 1231.0000000000002 -329.74999999999994 3327.497436523438 10434.902832031252 9023.7500000000018 1168.1457519531252 1565.8640136718752
decision_type=2 2 2 2 2 2 2 2 2 2 2 2 2 2 2 2 2 2 2 2 2 2 2 2 2 2 2 2 2 2
left_child=1 -1 3 14 7 -6 -7 13 12 -10 -11 -12 -9 15 -2 16 18 19 26 21 25 -18 23 -23 -22 -21 29 28 -28 -4
right_child=2 -3 4 -5 5 6 -8 8 9 10 11 -13 -14 -15 -16 -17 17 -19 -20 20 24 22 -24 -25 -26 -27 27 -29 -30 -31
leaf_value=-3.1401254967639325 -26.3501579284668 -86.732381099203366 0.27250219702385253 -62.991147245209788 -31.50411819789721 -0.47935052351518115 113.74253818677819 -9.4001751400703615 9.8786981002144199 -107.43218452453614 -4.6388285263724951 -89.867299833751872 41.658487652407757 32.973413369821948 23.255154336652449 -34.805284488642656 38.560042182435382 31.236192280905591 -13.89685224405269 -6.3566618541501612 -20.056058883666992 -12.069689207573733 45.995198374209195 41.147674923098606 -70.792448279971168 39.641690672011606 9.3370308240254722 -7.1247311258316053 80.898024150303442 -22.024381474615303
leaf_weight=76 31 23 23592 29 23 22 23 86 23 20 46 21 27 43 31 27 47 98 291 53 33 120 23 23 21 21 21 40 21 103
leaf_count=76 31 23 23592 29 23 22 23 86 23 20 46 21 27 43 31 27 47 98 291 53 33 120 23 23 21 21 21 40 21 103
internal_value=-1.14069e-07 -22.5605 0.0894864 -21.1284 0.16713 27.6609 57.9007 0.0917436 -16.6173 -36.5639 -48.8419 -31.3522 2.79968 0.243354 -1.5475 0.185989 0.22454 8.60244 0.0717269 2.09773 -12.9134 11.1185 3.34894 -3.51025 -39.7869 6.69692 0.242684 19.6335 45.1175 0.17558
internal_weight=25058 99 24959 91 24868 68 45 24800 223 110 87 67 113 24577 62 24534 24507 439 24068 341 128 213 166 143 54 74 23777 82 42 23695
internal_count=25058 99 24959 91 24868 68 45 24800 223 110 87 67 113 24577 62 24534 24507 439 24068 341 128 213 166 143 54 74 23777 82 42 23695
is_linear=0
shrinkage=0.05


Tree=13
num_leaves=31
num_cat=0
split_feature=76 240 247 218 243 103 151 61 219 198 190 23 213 226 185 87 96 198 50 118 257 208 152 170 75 12 123 131 176 184
split_gain=1.88677e+07 4.42942e+07 1.68667e+07 2.51324e+07 1.85482e+07 4.39198e+07 5.29595e+07 2.50272e+07 2.88263e+07 2.26434e+07 3.24155e+07 3.43894e+07 2.24478e+07 1.68869e+07 1.66096e+07 1.29623e+07 1.25057e+07 2.48131e+07 1.90344e+07 1.82061e+07 1.52997e+07 5.91246e+07 1.9593e+07 1.60739e+07 1.43591e+07 1.42844e+07 1.19776e+07 1.92112e+07 1.17956e+07 1.73195e+07
threshold=-6730.8007812499991 -3137.2499999999995 -3367.4999999999995 325.75000000000006 2784.5214843750005 2042.5865478515627 10091.017578125002 2042.5865478515627 -147.74999999999997 273.25000000000006 4788.5000000000009 8627.5000000000018 -22.249999999999996 785.25000000000011 7236.7500000000009 -1570.2499999999998 1647.119079589844 1662.7500000000002 526.75000000000011 -780.74209594726551 1565.8640136718752 1401.3559570312502 1286.4824218750002 3556.7500000000005 1890.4719848632815 1890.4719848632815 11502.962890625002 1046.584899902344 -677.24999999999989 -416.74999999999994
decision_type=2 2 2 2 2 2 2 2 2 2 2 2 2 2 2 2 2 2 2 2 2 2 2 2 2 2 2 2 2 2
left_child=1 -1 3 15 7 -6 -7 14 12 -10 13 -12 -9 -11 16 -2 20 18 19 -18 25 -22 -23 28 -20 26 -4 -28 -24 -30
right_child=2 -3 4 -5 5 6 -8 8 9 10 11 -13 -14 -15 -16 -17 17 -19 24 -21 21 22 23 -25 -26 -27 27 -29 29 -31
leaf_value=-85.925000877380384 -28.509127553304037 -7.4464264017812329 0.20453649931124365 -59.841590516320593 -29.928912212537682 -0.45538356087424542 108.05541089928668 -10.44377640992403 9.3847631703252379 -111.24309921264648 23.971994543075564 -63.641933804466618 45.605117665166439 -47.762101979689163 31.324743847514313 18.532183661311866 9.1721113553172664 51.660783750360672 0.44407762384414673 58.360506744384772 -92.92318445841471 42.308571853637694 -25.731316306374289 -49.886202898892492 -42.622299019495649 -37.552011505126956 -0.79565257524189192 54.981773691910966 29.905296415374394 -11.816833832224862
leaf_weight=20 27 178 23891 29 23 22 23 80 23 20 24 21 23 22 43 32 76 33 100 25 21 20 44 22 24 25 38 26 42 61
leaf_count=20 27 178 23891 29 23 22 23 80 23 20 24 21 23 22 43 32 76 33 100 25 21 20 44 22 24 25 38 26 42 61
internal_value=9.85932e-08 -15.3736 0.122444 -21.7287 0.200068 26.2778 55.0057 0.128287 -16.9367 -34.7357 -46.3998 -16.9145 2.072 -77.9911 0.276702 -2.9952 0.222094 11.172 5.23363 21.3475 0.105307 -13.3319 -4.4884 -10.0265 -7.89135 0.222981 0.262403 21.8639 -4.0611 5.19607
internal_weight=25058 198 24860 88 24772 68 45 24704 213 110 87 45 103 42 24491 59 24448 258 225 101 24190 210 189 169 124 23980 23955 64 147 103
internal_count=25058 198 24860 88 24772 68 45 24704 213 110 87 45 103 42 24491 59 24448 258 225 101 24190 210 189 169 124 23980 23955 64 147 103
is_linear=0
shrinkage=0.05


Tree=14
num_leaves=31
num_cat=0
split_feature=76 240 247 218 243 103 151 61 219 198 198 247 213 108 110 170 43 90 61 257 208 9 82 18 121 158 52 87 124 4
split_gain=1.70281e+07 3.99755e+07 1.52222e+07 2.2682e+07 1.67398e+07 3.96377e+07 4.77959e+07 2.2587e+07 2.60157e+07 2.04357e+07 3.03442e+07 3.75799e+07 2.02592e+07 1.51324e+07 1.25698e+07 1.80626e+07 1.36998e+07 2.16757e+07 1.47722e+07 1.34368e+07 3.04489e+07 1.90151e+07 2.59951e+07 1.6385e+07 1.42124e+07 1.30471e+07 1.18874e+07 1.16984e+07 1.1476e+07 1.17354e+07
threshold=-6730.8007812499991 -3137.2499999999995 -3367.4999999999995 325.75000000000006 2784.5214843750005 2042.5865478515627 10091.017578125002 2042.5865478515627 -147.74999999999997 273.25000000000006 1506.2500000000002 985.50000000000011 -22.249999999999996 10407.500000000002 1748.4644165039065 1864.2500000000002 1114.7500000000002 4385.5864257812509 1748.4644165039065 1565.8640136718752 1438.1508789062502 2671.0000000000005 1141.4506835937502 10197.044921875002 7315.7500000000009 1498.3975219726565 10067.500000000002 -1570.2499999999998 2299.0893554687505 5823.0949707031259
decision_type=2 2 2 2 2 2 2 2 2 2 2 2 2 2 2 2 2 2 2 2 2 2 2 2 2 2 2 2 2 2
left_child=1 -1 3 27 7 -6 -7 13 12 -10 -11 -12 28 14 19 16 -16 18 -18 24 -21 25 -23 -24 26 -22 -4 -2 29 -9
right_child=2 -3 4 -5 5 6 -8 8 9 10 11 -13 -14 -15 15 -17 17 -19 -20 20 21 22 23 -25 -26 -27 -28 -29 -30 -31
leaf_value=-81.628753070831294 -27.083671230740016 -7.0741052043571901 0.21293437532077231 -56.849512501420648 -28.432468569797024 -0.43261422243985265 102.65264069930367 -23.718546585809619 8.9155250217603594 -98.126709594726563 -2.6451963984447979 -83.368029712495357 43.32486177527386 34.098504950783472 22.339327328886306 50.45002555847168 3.1694174993605841 29.133003364562992 -52.744656428584349 -52.825332992955261 -0.33666704769792233 25.907219704985621 -50.246206130051036 -9.7601577192544937 26.099799879541941 50.090638981694759 -36.557771249250933 17.605574351549148 -34.369698084195456 25.360463438362913
leaf_weight=20 27 178 23985 29 23 22 23 21 23 20 46 21 23 33 70 28 21 25 27 38 29 32 41 64 53 23 22 32 30 29
leaf_count=20 27 178 23985 29 23 22 23 21 23 20 46 21 23 33 70 28 21 25 27 38 29 32 41 64 53 23 22 32 30 29
internal_value=5.53618e-09 -14.6049 0.116322 -20.6422 0.190065 24.9639 52.2554 0.121872 -16.0899 -32.999 -44.0798 -27.9464 1.9684 0.262867 0.217214 13.7259 6.53518 -8.61949 -28.2822 0.122102 -11.9857 -3.77456 -13.5454 -25.569 0.236336 21.9677 0.179238 -2.84544 -9.92159 4.74728
internal_weight=25058 198 24860 88 24772 68 45 24704 213 110 87 67 103 24491 24458 171 143 73 48 24287 227 189 137 105 24060 52 24007 59 80 50
internal_count=25058 198 24860 88 24772 68 45 24704 213 110 87 67 103 24491 24458 171 143 73 48 24287 227 189 137 105 24060 52 24007 59 80 50
is_linear=0
shrinkage=0.05


Tree=15
num_leaves=31
num_cat=0
split_feature=33 194 248 248 234 253 23 40 194 219 86 240 78 107 251 257 253 225 54 211 198 141 190 151 2 182 26 129 68 239
split_gain=1.58308e+07 2.88751e+07 1.97643e+07 2.20324e+07 2.15783e+07 2.0243e+07 1.51116e+07 3.38959e+07 5.17036e+07 1.33921e+07 2.1543e+07 1.65416e+07 1.36129e+07 3.56504e+07 1.91134e+07 1.17303e+07 1.07477e+07 1.13308e+07 1.66704e+07 2.74886e+07 1.91821e+07 2.09706e+07 1.55461e+07 1.4915e+07 1.44988e+07 1.29105e+07 1.61358e+07 1.52874e+07 1.17547e+07 1.25665e+07
threshold=2042.5865478515627 2784.5214843750005 -633.74999999999989 -236.74999999999997 -364.74999999999994 667.75000000000011 -7248.7499999999991 1209.4280395507815 1126.3332519531252 -74.249999999999986 1640.7500000000002 -445.24999999999994 -498.24999999999994 1863.2500000000002 5686.5202636718759 2784.5214843750005 2713.7500000000005 253.25000000000003 1473.834655761719 6638.7500000000009 773.75000000000011 -808.24999999999989 35.750000000000007 9409.0947265625018 8958.5000000000018 -947.24999999999989 1565.8640136718752 805.25000000000011 1438.1508789062502 520.25000000000011
decision_type=2 2 2 2 2 2 2 2 2 2 2 2 2 2 2 2 2 2 2 2 2 2 2 2 2 2 2 2 2 2
left_child=1 6 4 -4 5 -2 7 -1 -9 10 11 -5 -11 -14 -15 16 17 24 19 28 21 22 -20 -22 -8 -23 -27 -28 -19 -30
right_child=2 -3 3 9 -6 -7 15 8 -10 12 -12 -13 13 14 -16 -17 -18 18 20 -21 23 25 -24 -25 -26 26 27 -29 29 -31
leaf_value=1.652056725025177 -22.506470348524012 46.876528838186552 30.301329548735367 -35.474312686920165 4.2291832136071248 -89.593413847142997 1.1833580172945319 -103.33113460540773 -15.147962129817291 13.204101900827318 49.004174537658692 17.149305602482386 -78.109713653155737 14.80379857455983 -42.787380706787111 -38.077069227099422 25.206103043223536 -0.93686314600493081 3.4612443288167323 -57.004031038284303 15.395299602957335 19.903716220855713 63.149220943450928 55.000904129490714 32.961935553948088 6.4767955380816788 -60.835532539231444 -11.57528909974628 -48.792228280580964 -6.2190997595970448
leaf_weight=160 23 33 38 32 23 22 12010 22 68 21 20 28 28 34 25 20 43 11973 24 22 85 30 20 33 36 43 28 36 26 52
leaf_count=160 23 33 38 32 23 22 12010 22 68 21 20 28 28 34 25 20 43 11973 24 22 85 30 20 33 36 43 28 36 26 52
internal_value=8.02672e-08 0.136934 -11.5341 -4.42303 -35.1681 -55.3045 0.0745669 -12.1561 -36.7038 -11.4418 4.06358 -10.9166 -22.9272 -31.6486 -9.59924 0.199466 0.230762 0.186781 -0.876006 -1.16484 10.7866 0.56112 30.5921 26.4714 1.27833 -9.08388 -17.2112 -33.1266 -1.0629 -20.4101
internal_weight=25058 24764 294 226 68 45 24731 250 90 188 80 60 108 87 59 24481 24461 24418 12372 12073 299 181 44 118 12046 137 107 64 12051 78
internal_count=25058 24764 294 226 68 45 24731 250 90 188 80 60 108 87 59 24481 24461 24418 12372 12073 299 181 44 118 12046 137 107 64 12051 78
is_linear=0
shrinkage=0.05


Tree=16
num_leaves=31
num_cat=0
split_feature=83 54 33 194 248 219 234 253 89 151 68 247 193 199 257 225 54 243 215 233 198 141 121 225 93 2 1 12 103 30
split_gain=1.49903e+07 4.32283e+07 1.15318e+07 2.59854e+07 2.0098e+07 2.1516e+07 2.05007e+07 1.6926e+07 1.6146e+07 3.20082e+07 2.50628e+07 2.37539e+07 1.4953e+07 1.06926e+07 1.05544e+07 8.88313e+06 1.35258e+07 2.25639e+07 2.654e+07 3.04851e+07 1.87104e+07 1.91007e+07 1.60127e+07 1.44874e+07 1.62515e+07 1.29086e+07 1.24116e+07 1.20334e+07 1.43754e+07 2.01171e+07
threshold=-7711.4758300781241 1286.4824218750002 2042.5865478515627 2784.5214843750005 -633.74999999999989 -154.74999999999997 -364.74999999999994 667.75000000000011 2784.5214843750005 10091.017578125002 2042.5865478515627 457.75000000000006 8729.7822265625018 -336.74999999999994 2784.5214843750005 253.25000000000003 1473.834655761719 1438.1508789062502 1438.1508789062502 712.25000000000011 773.75000000000011 -900.24999999999989 7315.7500000000009 866.75000000000011 -814.49999999999989 8958.5000000000018 3214.7500000000005 1438.1508789062502 1114.236511230469 -4671.2499999999991
decision_type=2 2 2 2 2 2 2 2 2 2 2 2 2 2 2 2 2 2 2 2 2 2 2 2 2 2 2 2 2 2
left_child=1 -1 3 14 6 12 7 -4 10 -10 -7 -12 13 -6 15 25 17 22 19 -19 21 -18 -17 26 -25 27 -23 28 -2 -30
right_child=2 -3 4 -5 5 8 -8 -9 9 -11 11 -13 -14 -15 -16 16 20 18 -20 -21 -22 23 -24 24 -26 -27 -28 -29 29 -31
leaf_value=-0.72759795443216957 0.84919564503768097 -77.824261625607818 -22.356996954055063 44.532703052867546 -9.5705400045101463 17.211064493088497 4.0177234898442808 -85.113744094155052 -36.562490501403808 51.820407560893472 -19.666328648158483 -83.479357727050797 47.854613098144533 30.220534332275392 -36.173215703964239 -0.85775675776423987 26.373609568148243 -20.326987433433533 -6.213499476452788 -95.328524246215821 24.380271874533761 33.705351257324217 27.783900424412323 -61.758774361610421 -10.570290350568468 30.614368134575923 -15.865380627176037 -9.7319956201737341 -7.4461178285199283 13.407475046759192
leaf_weight=75 11207 24 21 33 52 21 23 22 20 21 35 25 25 25 20 11880 49 42 167 20 126 28 49 20 69 37 23 254 151 494
leaf_count=75 11207 24 21 33 52 21 23 22 20 21 35 25 25 25 20 11880 49 42 167 20 126 28 49 20 69 37 23 254 151 494
internal_value=2.87187e-08 -19.4177 0.0770204 0.193548 -9.83543 -2.69055 -34.0847 -54.4651 -16.8598 8.7068 -29.8009 -46.2551 14.257 3.34864 0.134155 0.163654 -0.773523 -1.03855 -16.585 -44.521 9.45569 -0.494035 -0.740107 -9.89771 -22.0733 1.1263 11.3499 1.03618 1.26695 8.52547
internal_weight=25058 99 24959 24669 290 224 66 43 122 41 81 60 102 77 24636 24616 12473 12158 229 62 315 189 11929 140 89 12143 51 12106 11852 645
internal_count=25058 99 24959 24669 290 224 66 43 122 41 81 60 102 77 24636 24616 12473 12158 229 62 315 189 11929 140 89 12143 51 12106 11852 645
is_linear=0
shrinkage=0.05


Tree=17
num_leaves=31
num_cat=0
split_feature=76 240 247 218 243 103 151 61 82 206 102 91 185 31 142 232 226 239 80 226 225 227 198 187 152 142 185 229 198 165
split_gain=1.35723e+07 3.44827e+07 1.27137e+07 1.96659e+07 1.44381e+07 3.48548e+07 4.00591e+07 1.75871e+07 2.1962e+07 1.43339e+07 2.98986e+07 1.92576e+07 1.43276e+07 1.18023e+07 1.14339e+07 1.29654e+07 1.38693e+07 1.07565e+07 1.07029e+07 1.01566e+07 1.29816e+07 1.00343e+07 8.96407e+06 2.37798e+07 2.03947e+07 1.40012e+07 1.96535e+07 1.32754e+07 9.97838e+06 9.93601e+06
threshold=-6730.8007812499991 -3137.2499999999995 -3367.4999999999995 325.75000000000006 2784.5214843750005 2042.5865478515627 10091.017578125002 2042.5865478515627 2042.5865478515627 2619.5000000000005 11827.520019531252 2436.7500000000005 7236.7500000000009 -6577.4999999999991 -5066.2499999999991 -6.2499999999999991 -1559.7499999999998 4212.5000000000009 385.25000000000006 -2536.7499999999995 -2122.7499999999995 -3654.9999999999995 3808.2500000000005 1168.1457519531252 1057.5335083007815 5753.7500000000009 2178.7500000000005 1034.9852294921877 -5709.9999999999991 10785.012207031252
decision_type=2 2 2 2 2 2 2 2 2 2 2 2 2 2 2 2 2 2 2 2 2 2 2 2 2 2 2 2 2 2
left_child=1 -1 3 21 7 -6 -7 12 -9 11 -11 18 14 -3 15 19 -17 22 -10 20 -4 -2 25 24 -24 28 -27 -28 -16 -30
right_child=2 13 4 -5 5 6 -8 8 9 10 -12 -13 -14 -15 17 16 -18 -19 -20 -21 -22 -23 23 -25 -26 26 27 -29 29 -31
leaf_value=-75.288013384938253 -22.569361254374186 -1.209665471703435 1.3316327443936977 -52.58152985408389 -26.892358456487241 0.53545918898148981 94.909350784965184 -53.850838139851888 -0.38693442234867503 -75.891030802045563 -1.194804709666484 37.542158850308127 29.068733126618142 -40.328769278526309 -31.457532440185549 63.315845012664795 15.524298831016299 -31.466804815221721 -41.495777454376224 -8.1590117501688528 48.941887361353096 18.676539072497139 -9.7156311928009504 -44.526943278894194 45.688383712768555 -23.659048233032227 0.57695849592035475 47.637701116724223 0.087768285968380599 17.522494853124385
leaf_weight=20 30 156 41 29 23 22 23 30 76 21 37 29 43 22 25 20 63 27 20 91 22 29 98 41 20 20 22 47 23829 82
leaf_count=20 30 156 41 29 23 22 23 30 76 21 37 29 43 22 25 20 63 27 20 91 22 29 98 41 20 20 22 47 23829 82
internal_value=-1.14383e-08 -13.0389 0.10385 -18.8673 0.171243 23.179 48.771 0.107912 -14.1974 -7.69683 -28.24 1.8352 0.232326 -6.04461 0.181608 11.1105 27.0403 0.0746251 -8.95128 2.52499 17.9574 -2.29595 0.109839 -11.7231 -0.32512 0.188151 19.983 32.6328 0.114549 0.147559
internal_weight=25058 198 24860 88 24772 68 45 24704 213 183 58 125 24491 178 24448 237 83 24211 96 154 63 59 24184 159 118 24025 89 69 23936 23911
internal_count=25058 198 24860 88 24772 68 45 24704 213 183 58 125 24491 178 24448 237 83 24211 96 154 63 59 24184 159 118 24025 89 69 23936 23911
is_linear=0
shrinkage=0.05


Tree=18
num_leaves=31
num_cat=0
split_feature=83 92 215 33 194 16 2 30 162 171 55 239 247 2 1 219 185 12 13 152 40 1 103 232 157 20 106 100 55 178
split_gain=1.27355e+07 4.37916e+07 1.01305e+07 9.8224e+06 2.22485e+07 1.91222e+07 2.9018e+07 2.28454e+07 2.39676e+07 2.24067e+07 1.96796e+07 1.79626e+07 3.69035e+07 1.18935e+07 1.11559e+07 9.79036e+06 1.31762e+07 1.94239e+07 1.69539e+07 1.23982e+07 1.42641e+07 1.16418e+07 1.12835e+07 1.18014e+07 9.98273e+06 8.76724e+06 2.00447e+07 2.20123e+07 1.83425e+07 1.66576e+07
threshold=-7711.4758300781241 -5230.4999999999991 1373.502868652344 2042.5865478515627 2784.5214843750005 -7369.2499999999991 -3523.7499999999995 5166.5000000000009 5821.0000000000009 -1913.2499999999998 -4948.4555664062491 462.75000000000006 457.75000000000006 -656.99999999999989 -3153.2499999999995 -4898.7499999999991 7236.7500000000009 1341.8898925781252 14506.016601562502 1890.4719848632815 1264.2258911132815 3813.7500000000005 1890.4719848632815 4870.0000000000009 -1646.2499999999998 9735.7915039062518 5455.2500000000009 6188.7500000000009 8215.0844726562518 1497.7500000000002
decision_type=2 2 2 2 2 2 2 2 2 2 2 2 2 2 2 2 2 2 2 2 2 2 2 2 2 2 2 2 2 2
left_child=1 2 -1 4 15 10 14 8 9 -8 -5 -9 -13 -11 -7 21 18 -18 19 22 -21 -2 23 25 -22 28 -27 -28 -17 -30
right_child=3 -3 -4 5 -6 6 7 11 -10 13 -12 12 -14 -15 -16 16 17 -19 -20 20 24 -23 -24 -25 -26 26 27 -29 29 -31
leaf_value=9.2588144269156256 -3.4769896409450434 -83.989439554214485 -31.918453750610354 -8.190188173147348 41.205840891057797 -27.89694920453158 32.585205281575519 -67.26682248796736 54.075476160916416 11.380470466613771 57.781104180812839 15.976900339126587 -66.61322021484375 -33.015282794833183 -79.493402919769295 0.1711062602635316 1.5120795278838188 63.958060073852543 -45.896934051513675 -11.332867121696474 13.571218451667342 -48.965526563471016 -31.641100578648704 -37.34870571181888 49.777534377574923 59.585112762451175 -36.644957502683006 19.75137601667835 -62.6861412525177 -10.945354704005378
leaf_weight=59 39 20 20 26 33 22 30 21 22 22 20 38 21 48 20 24146 33 20 20 32 47 22 28 21 32 20 24 62 20 70
leaf_count=59 39 20 20 26 33 22 30 21 22 22 20 38 21 48 20 24146 33 20 20 32 47 22 28 21 32 20 24 62 20 70
internal_value=-5.77502e-08 -17.8979 -1.16581 0.0709919 0.178536 -9.07734 -14.6521 -6.78963 6.82667 -3.56807 20.493 -27.5545 -13.4196 -19.0623 -52.4667 0.12358 0.17324 25.0766 0.119416 0.156977 16.8295 -19.8827 0.0811024 0.11756 28.2371 0.149883 14.4982 4.01286 0.087128 -22.4433
internal_weight=25058 99 79 24959 24669 290 244 202 122 100 46 80 59 70 42 24636 24575 53 24522 24502 111 61 24391 24363 79 24342 106 86 24236 90
internal_count=25058 99 79 24959 24669 290 244 202 122 100 46 80 59 70 42 24636 24575 53 24522 24502 111 61 24391 24363 79 24342 106 86 24236 90
is_linear=0
shrinkage=0.05


Tree=19
num_leaves=31
num_cat=0
split_feature=244 169 225 194 60 61 236 47 30 198 93 157 178 239 243 5 142 246 212 234 57 82 206 135 68 6 240 225 26 103
split_gain=1.21729e+07 3.34852e+07 1.23818e+07 1.05751e+07 3.82428e+07 3.23563e+07 2.00674e+07 1.22497e+07 3.53899e+07 2.57036e+07 2.09819e+07 1.38024e+07 1.58003e+07 9.01265e+06 8.25229e+06 8.08814e+06 7.9471e+06 1.53407e+07 1.89019e+07 1.63365e+07 1.68213e+07 1.24371e+07 1.15427e+07 8.86958e+06 1.34154e+07 1.55412e+07 8.62228e+06 8.30566e+06 1.01683e+07 1.52336e+07
threshold=-4210.6655273437491 -4285.4999999999991 -2455.7499999999995 2784.5214843750005 12586.774902343752 2042.5865478515627 2784.5214843750005 2299.0893554687505 4231.2500000000009 4433.2500000000009 10519.500000000002 3015.2500000000005 -999.24999999999989 4212.5000000000009 2042.5865478515627 1154.7329101562502 -5066.2499999999991 -829.74999999999989 -2318.7499999999995 -599.74999999999989 -2510.7499999999995 1126.3332519531252 -271.74999999999994 -4778.2499999999991 774.08221435546886 -5123.7050781249991 -1114.7499999999998 437.75000000000006 1438.1508789062502 1180.005310058594
decision_type=2 2 2 2 2 2 2 2 2 2 2 2 2 2 2 2 2 2 2 2 2 2 2 2 2 2 2 2 2 2
left_child=1 2 15 6 -5 -6 7 10 11 -10 13 12 -9 16 -14 -1 17 -2 19 20 -19 -21 -20 24 -18 -26 -27 28 29 -25
right_child=3 -3 -4 4 5 -7 -8 8 9 -11 -12 -13 14 -15 -16 -17 23 18 22 21 -22 -23 -24 27 25 26 -28 -29 -30 -31
leaf_value=1.8129121621449789 -30.6327994471011 -73.540443620227634 19.671113782610213 -26.959366893370948 5.9792496857819737 84.919617675781254 -48.846232314336874 25.508144982655846 -84.513941757202147 -11.273110165803329 38.277164522806807 40.559391469955443 -2.1031032752990724 -25.647443765752456 -46.479848272150214 -41.568897108598193 10.603248573484876 -4.9533759370142105 -9.8404732864730207 74.444419598579415 48.532756732759026 24.053531295776367 22.03234476387501 0.75617566572361439 -53.790089469120431 12.508040927006649 -25.06392652907887 -1.0156113876511048 -8.6393432038417757 10.272934856145612
leaf_weight=21 23 21 35 30 27 25 21 24 25 23 36 20 20 34 22 22 42 49 98 24 21 25 40 13518 29 26 37 10010 276 434
leaf_count=21 23 21 35 30 27 25 21 24 25 23 36 20 20 34 22 22 42 49 98 24 21 25 40 13518 29 26 37 10010 276 434
internal_value=-8.55402e-08 -17.498 -2.40969 0.0694059 17.9957 43.9313 0.0103169 0.0515942 -15.0251 -49.4194 0.133314 4.17168 -6.8549 0.0776882 -25.3481 -20.3824 0.113168 8.48875 11.9899 26.5922 11.0925 48.7348 -0.601975 0.0169447 -12.8114 -23.5007 -9.55804 0.0878665 0.86421 1.05221
internal_weight=25058 99 78 24959 82 52 24877 24856 134 48 24722 86 66 24686 42 43 24652 280 257 119 70 49 138 24372 134 92 63 24238 14228 13952
internal_count=25058 99 78 24959 82 52 24877 24856 134 48 24722 86 66 24686 42 43 24652 280 257 119 70 49 138 24372 134 92 63 24238 14228 13952
is_linear=0
shrinkage=0.05


Tree=20
num_leaves=31
num_cat=0
split_feature=43 205 31 40 111 51 253 162 171 124 162 229 22 106 62 221 119 226 94 1 199 61 135 82 194 8 158 61 205 4
split_gain=1.17036e+07 4.91623e+07 1.44345e+07 1.55595e+07 2.40468e+07 3.32233e+07 2.58381e+07 1.93283e+07 1.76649e+07 1.69607e+07 2.36901e+07 2.30701e+07 2.76793e+07 1.11638e+07 1.00195e+07 1.56575e+07 1.37512e+07 1.2934e+07 9.51123e+06 9.43145e+06 2.29615e+07 1.61789e+07 2.08587e+07 1.84691e+07 2.35919e+07 2.52119e+07 1.77043e+07 1.47438e+07 1.73766e+07 1.54446e+07
threshold=-7748.7499999999991 -3530.4999999999995 -8583.7499999999982 2299.0893554687505 -2165.782592773437 5114.5000000000009 1676.2500000000002 4824.2500000000009 -1772.2499999999998 2299.0893554687505 209.00000000000003 2784.5214843750005 14393.750000000002 11753.750000000002 10520.509277343752 9718.8872070312518 5086.7500000000009 1304.0000000000002 -5739.9999999999991 2772.0000000000005 -3648.7499999999995 1057.5335083007815 7039.0000000000009 1401.3559570312502 1401.3559570312502 10070.000000000002 -479.58000183105463 932.28591918945324 2096.2500000000005 8847.7026367187518
decision_type=2 2 2 2 2 2 2 2 2 2 2 2 2 2 2 2 2 2 2 2 2 2 2 2 2 2 2 2 2 2
left_child=1 -1 -2 9 -5 7 -7 8 -6 11 -11 12 13 14 15 19 -17 -16 -3 -4 -21 22 27 24 26 -26 -23 -22 29 -29
right_child=2 18 3 4 5 6 -8 -9 -10 10 -12 -13 -14 -15 17 16 -18 -19 -20 20 21 23 -24 -25 25 -27 -28 28 -30 -31
leaf_value=-64.803237295150765 35.947729165213453 21.894179738008162 0.45656243858058199 -65.090583583286829 32.192881011962889 -8.9595592235696735 -79.92375443500022 51.588937518710182 -18.79472086834458 -5.8161633453369141 62.352050385108363 -47.001376962661745 56.180664721402252 37.412888698577881 -4.2930960591634113 54.059711126486462 8.3045206106626068 -51.814858354840965 -19.690851731300356 -45.777997220357264 -1.9477720431341465 -54.728590297698979 39.324865909056228 2.6609618119731109 -50.158861769570251 13.298964381217957 -6.6584089987325363 -1.1862705825863029 35.979529667854308 24.776810466426696
leaf_weight=35 28 44 20505 21 25 29 23 21 53 25 26 26 22 20 45 24 52 21 20 30 2704 20 33 272 72 20 453 266 50 73
leaf_count=35 28 44 20505 21 25 29 23 21 53 25 26 26 22 20 45 24 52 21 20 30 2704 20 33 272 72 20 453 266 50 73
internal_value=6.31119e-08 -17.1574 0.0680551 0.0277587 -14.9588 -7.98678 -40.3476 9.0108 -2.45254 0.13187 28.9363 0.0724141 0.122002 0.0719899 0.0416807 0.0939332 22.7535 -19.4137 8.89886 0.0236364 -2.19954 -1.86965 -0.216545 -8.04362 -13.197 -36.3637 -8.69097 -0.638422 8.46307 4.4046
internal_weight=25058 99 24959 24931 172 151 52 99 78 24759 51 24708 24682 24660 24640 24574 76 66 64 24498 3993 3963 3126 837 565 92 473 3093 389 339
internal_count=25058 99 24959 24931 172 151 52 99 78 24759 51 24708 24682 24660 24640 24574 76 66 64 24498 3993 3963 3126 837 565 92 473 3093 389 339
is_linear=0
shrinkage=0.05


Tree=21
num_leaves=31
num_cat=0
split_feature=30 240 253 141 194 208 96 200 80 234 219 211 198 219 201 239 212 213 257 135 188 57 227 239 198 22 155 20 10 232
split_gain=1.10764e+07 3.77565e+07 1.52257e+07 1.24342e+07 1.43436e+07 2.09952e+07 4.56411e+07 2.1942e+07 1.52478e+07 1.19132e+07 2.05422e+07 1.12726e+07 1.0561e+07 1.0335e+07 1.89209e+07 1.89276e+07 1.02471e+07 1.2577e+07 1.26005e+07 1.01514e+07 9.76629e+06 1.02918e+07 9.10722e+06 9.15499e+06 8.98763e+06 9.64067e+06 8.77055e+06 8.75474e+06 1.80814e+07 1.59167e+07
threshold=-6030.4999999999991 -3137.2499999999995 1418.5000000000002 -3944.9999999999995 2784.5214843750005 2299.0893554687505 2042.5865478515627 10082.939941406252 6593.7500000000009 -599.74999999999989 -2306.4999999999995 2204.5000000000005 -5709.9999999999991 -3394.9999999999995 1748.4644165039065 1051.2500000000002 -2453.9999999999995 -4308.7499999999991 987.75860595703136 -6473.7499999999991 -1839.8894042968748 -2972.4999999999995 -1236.9999999999998 -896.99999999999989 -1255.7499999999998 -4549.4999999999991 -1775.4999999999998 9735.7915039062518 9453.7500000000018 3434.2500000000005
decision_type=2 2 2 2 2 2 2 2 2 2 2 2 2 2 2 2 2 2 2 2 2 2 2 2 2 2 2 2 2 2
left_child=1 -1 11 9 5 12 -7 -8 -6 16 -11 20 -5 14 15 22 17 -2 -19 -20 21 24 23 26 25 -3 -14 28 -15 -29
right_child=3 2 -4 4 8 6 7 -9 -10 10 -12 -13 13 27 -16 -17 -18 18 19 -21 -22 -23 -24 -25 -26 -27 -28 29 -30 -31
leaf_value=-54.300290200649158 -21.108656908118206 -3.6060210177906891 -39.333160979407182 -31.166340273397942 -10.063837423324586 -78.505693223741332 -22.413365789560174 40.979724793207083 44.123155696971999 65.671320915222168 11.542815503890699 35.3227712059021 34.707999521332816 -0.0018126725491913497 50.423163873177991 -40.324893560409549 -21.211900180928851 -8.632219497017239 63.474551963806157 16.092949151992798 -23.698652375913134 33.560145523434599 39.688917954762779 -9.4545166148079769 9.4338244846888966 -31.433891621317187 -0.47008345547844388 21.006926862623487 -34.519623195497616 -9.7732743874428767
leaf_weight=39 23 281 28 27 20 27 39 21 37 24 65 20 37 23655 27 20 34 23 20 26 51 21 24 54 119 35 34 126 38 63
leaf_count=39 23 281 28 27 20 27 39 21 37 24 65 20 37 23655 27 20 34 23 20 26 51 21 24 54 119 35 34 126 38 63
internal_value=1.19341e-07 -6.74631 -3.40467 0.163804 0.0576622 -0.00136529 -24.5195 -0.225784 25.1102 12.1352 26.1393 -1.49576 0.087126 0.122172 11.5568 5.34737 2.24336 10.9116 21.585 36.6936 -2.94817 -0.62739 11.4779 6.06135 -2.27782 -6.68822 17.8622 0.0283281 -0.057174 10.7469
internal_weight=25058 594 555 24464 24249 24192 87 60 57 215 89 527 24105 24078 196 169 126 92 69 46 507 456 149 125 435 316 71 23882 23693 189
internal_count=25058 594 555 24464 24249 24192 87 60 57 215 89 527 24105 24078 196 169 126 92 69 46 507 456 149 125 435 316 71 23882 23693 189
is_linear=0
shrinkage=0.05


Tree=22
num_leaves=31
num_cat=0
split_feature=83 60 225 136 58 116 247 231 185 23 131 47 227 219 6 185 156 135 4 61 101 72 47 149 243 39 240 16 212 152
split_gain=1.00752e+07 3.99657e+07 8.68774e+06 2.23018e+07 2.23264e+07 2.48411e+07 1.33551e+07 1.16342e+07 1.3471e+07 1.65887e+07 1.31175e+07 2.20006e+07 1.10311e+07 9.48388e+06 1.31822e+07 1.07798e+07 8.8229e+06 1.16425e+07 1.70233e+07 1.12882e+07 1.77224e+07 3.0068e+07 1.06338e+07 1.32412e+07 1.11567e+07 2.22004e+07 2.40316e+07 1.92339e+07 1.47382e+07 1.31871e+07
threshold=-7711.4758300781241 -7197.8474121093741 429.75000000000006 6563.7500000000009 7955.0000000000009 11615.687500000002 -3367.4999999999995 -832.74999999999989 7236.7500000000009 12721.750000000002 2042.5865478515627 1438.1508789062502 -721.74999999999989 -4898.7499999999991 2425.302856445313 -5314.9999999999991 -6004.9999999999991 -3757.4999999999995 5097.6225585937509 2042.5865478515627 3529.5000000000005 250.75000000000003 1890.4719848632815 752.75000000000011 1438.1508789062502 11164.137695312502 1043.7500000000002 1192.7500000000002 282.75000000000006 1565.8640136718752
decision_type=2 2 2 2 2 2 2 2 2 2 2 2 2 2 2 2 2 2 2 2 2 2 2 2 2 2 2 2 2 2
left_child=1 -1 3 4 5 13 -4 -8 9 12 11 -10 -9 14 -2 -15 -14 18 -18 22 21 -21 24 -24 29 26 27 -26 -27 -19
right_child=2 -3 6 -5 -6 -7 7 8 10 -11 -12 -13 16 15 -16 -17 17 19 -20 20 -22 -23 23 -25 25 28 -28 -29 -30 -31
leaf_value=0.065281842630120768 -0.13625284314155581 -79.057717094421392 -37.540173706054688 43.918094075520834 -43.064075009576207 47.080913655511267 19.511307826983757 -37.352667097818284 8.5531377792358398 -42.769392551978427 -11.786954128742218 72.949812607538135 -28.616546921894468 26.139076587132049 -45.868145783130942 0.77110552455635439 3.369162828203232 -0.98284368211539963 41.549238174840028 -5.9598785693304883 6.9779961790357321 -78.6220651626587 -6.1175013455477627 46.588036610529976 10.55443399073714 -18.667204293337736 -60.960437711874647 -25.123954197565716 32.062179658471088 34.009649771231196
leaf_weight=79 40 20 25 30 29 29 69 21 36 24 24 21 29 42 26 14350 126 9567 38 35 42 24 22 26 59 22 30 105 41 27
leaf_count=79 40 20 25 30 29 29 69 21 36 24 24 21 29 42 26 14350 126 9567 38 35 42 24 22 26 59 22 30 105 41 27
internal_value=1.43491e-07 -15.9192 0.0631436 0.852414 0.763411 0.851144 -1.03939 -0.951551 -1.08838 -1.24907 19.2219 32.2782 -1.15151 0.758416 -18.1518 0.845137 -1.07692 -0.998348 12.2158 -1.21506 -17.846 -35.5174 -1.04537 22.4313 -1.15977 -11.4406 -19.815 -12.2884 14.3472 -0.884366
internal_weight=25058 99 24959 14546 14516 14487 10413 10388 10319 10238 81 57 10214 14458 66 14392 10193 10164 164 10000 101 59 9899 48 9851 257 194 164 63 9594
internal_count=25058 99 24959 14546 14516 14487 10413 10388 10319 10238 81 57 10214 14458 66 14392 10193 10164 164 10000 101 59 9899 48 9851 257 194 164 63 9594
is_linear=0
shrinkage=0.05


end of trees

feature_importances:
Column_239=25
Column_219=22
Column_257=19
Column_198=18
Column_194=17
Column_225=17
Column_211=14
Column_247=13
Column_61=12
Column_185=12
Column_96=11
Column_2=10
Column_5=10
Column_12=9
Column_68=9
Column_246=9
Column_33=8
Column_93=8
Column_103=8
Column_124=8
Column_151=8
Column_152=8
Column_208=8
Column_212=8
Column_215=8
Column_218=8
Column_240=8
Column_254=8
Column_16=7
Column_243=7
Column_250=7
Column_4=6
Column_30=6
Column_40=6
Column_47=6
Column_54=6
Column_82=6
Column_83=6
Column_108=6
Column_226=6
Column_229=6
Column_248=6
Column_253=6
Column_1=5
Column_6=5
Column_37=5
Column_123=5
Column_138=5
Column_166=5
Column_199=5
Column_213=5
Column_234=5
Column_43=4
Column_50=4
Column_52=4
Column_60=4
Column_75=4
Column_89=4
Column_121=4
Column_135=4
Column_142=4
Column_158=4
Column_162=4
Column_187=4
Column_205=4
Column_227=4
Column_232=4
Column_9=3
Column_23=3
Column_26=3
Column_31=3
Column_55=3
Column_58=3
Column_76=3
Column_106=3
Column_141=3
Column_157=3
Column_176=3
Column_178=3
Column_190=3
Column_192=3
Column_193=3
Column_228=3
Column_17=2
Column_19=2
Column_20=2
Column_22=2
Column_35=2
Column_51=2
Column_57=2
Column_72=2
Column_73=2
Column_79=2
Column_80=2
Column_87=2
Column_92=2
Column_94=2
Column_100=2
Column_107=2
Column_114=2
Column_131=2
Column_134=2
Column_136=2
Column_144=2
Column_145=2
Column_165=2
Column_169=2
Column_170=2
Column_171=2
Column_173=2
Column_177=2
Column_184=2
Column_186=2
Column_206=2
Column_233=2
Column_236=2
Column_244=2
Column_249=2
Column_251=2
Column_0=1
Column_8=1
Column_10=1
Column_13=1
Column_18=1
Column_39=1
Column_42=1
Column_44=1
Column_62=1
Column_65=1
Column_71=1
Column_78=1
Column_85=1
Column_86=1
Column_90=1
Column_91=1
Column_99=1
Column_101=1
Column_102=1
Column_104=1
Column_110=1
Column_111=1
Column_116=1
Column_118=1
Column_119=1
Column_127=1
Column_129=1
Column_130=1
Column_149=1
Column_155=1
Column_156=1
Column_159=1
Column_180=1
Column_182=1
Column_183=1
Column_188=1
Column_197=1
Column_200=1
Column_201=1
Column_202=1
Column_209=1
Column_214=1
Column_220=1
Column_221=1
Column_222=1
Column_224=1
Column_231=1
Column_242=1
Column_252=1

parameters:
[boosting: gbdt]
[objective: regression]
[metric: l2]
[tree_learner: serial]
[device_type: cpu]
[data_sample_strategy: bagging]
[data: ]
[valid: ]
[num_iterations: 1000]
[learning_rate: 0.05]
[num_leaves: 31]
[num_threads: 0]
[seed: 42]
[deterministic: 1]
[force_col_wise: 0]
[force_row_wise: 0]
[histogram_pool_size: -1]
[max_depth: -1]
[min_data_in_leaf: 20]
[min_sum_hessian_in_leaf: 0.001]
[bagging_fraction: 1]
[pos_bagging_fraction: 1]
[neg_bagging_fraction: 1]
[bagging_freq: 0]
[bagging_seed: 400]
[bagging_by_query: 0]
[feature_fraction: 1]
[feature_fraction_bynode: 1]
[feature_fraction_seed: 30056]
[extra_trees: 0]
[extra_seed: 12879]
[early_stopping_round: 0]
[early_stopping_min_delta: 0]
[first_metric_only: 0]
[max_delta_step: 0]
[lambda_l1: 0]
[lambda_l2: 0]
[linear_lambda: 0]
[min_gain_to_split: 0]
[drop_rate: 0.1]
[max_drop: 50]
[skip_drop: 0.5]
[xgboost_dart_mode: 0]
[uniform_drop: 0]
[drop_seed: 17869]
[top_rate: 0.2]
[other_rate: 0.1]
[min_data_per_group: 100]
[max_cat_threshold: 32]
[cat_l2: 10]
[cat_smooth: 10]
[max_cat_to_onehot: 4]
[top_k: 20]
[monotone_constraints: ]
[monotone_constraints_method: basic]
[monotone_penalty: 0]
[feature_contri: ]
[forcedsplits_filename: ]
[refit_decay_rate: 0.9]
[cegb_tradeoff: 1]
[cegb_penalty_split: 0]
[cegb_penalty_feature_lazy: ]
[cegb_penalty_feature_coupled: ]
[path_smooth: 0]
[interaction_constraints: ]
[verbosity: -1]
[saved_feature_importance_type: 0]
[use_quantized_grad: 0]
[num_grad_quant_bins: 4]
[quant_train_renew_leaf: 0]
[stochastic_rounding: 1]
[linear_tree: 0]
[max_bin: 255]
[max_bin_by_feature: ]
[min_data_in_bin: 3]
[bin_construct_sample_cnt: 200000]
[data_random_seed: 175]
[is_enable_sparse: 1]
[enable_bundle: 1]
[use_missing: 1]
[zero_as_missing: 0]
[feature_pre_filter: 1]
[pre_partition: 0]
[two_round: 0]
[header: 0]
[label_column: ]
[weight_column: ]
[group_column: ]
[ignore_column: ]
[categorical_feature: ]
[forcedbins_filename: ]
[precise_float_parser: 0]
[parser_config_file: ]
[objective_seed: 16083]
[num_class: 1]
[is_unbalance: 0]
[scale_pos_weight: 1]
[sigmoid: 1]
[boost_from_average: 1]
[reg_sqrt: 0]
[alpha: 0.9]
[fair_c: 1]
[poisson_max_delta_step: 0.7]
[tweedie_variance_power: 1.5]
[lambdarank_truncation_level: 30]
[lambdarank_norm: 1]
[label_gain: ]
[lambdarank_position_bias_regularization: 0]
[eval_at: ]
[multi_error_top_k: 1]
[auc_mu_weights: ]
[num_machines: 1]
[local_listen_port: 12400]
[time_out: 120]
[machine_list_filename: ]
[machines: ]
[gpu_platform_id: -1]
[gpu_device_id: -1]
[gpu_device_id_list: ]
[gpu_use_dp: 0]
[num_gpu: 1]

end of parameters

pandas_categorical:null
