tree
version=v4
num_class=1
num_tree_per_iteration=1
label_index=0
max_feature_idx=293
objective=regression
feature_names=Column_0 Column_1 Column_2 Column_3 Column_4 Column_5 Column_6 Column_7 Column_8 Column_9 Column_10 Column_11 Column_12 Column_13 Column_14 Column_15 Column_16 Column_17 Column_18 Column_19 Column_20 Column_21 Column_22 Column_23 Column_24 Column_25 Column_26 Column_27 Column_28 Column_29 Column_30 Column_31 Column_32 Column_33 Column_34 Column_35 Column_36 Column_37 Column_38 Column_39 Column_40 Column_41 Column_42 Column_43 Column_44 Column_45 Column_46 Column_47 Column_48 Column_49 Column_50 Column_51 Column_52 Column_53 Column_54 Column_55 Column_56 Column_57 Column_58 Column_59 Column_60 Column_61 Column_62 Column_63 Column_64 Column_65 Column_66 Column_67 Column_68 Column_69 Column_70 Column_71 Column_72 Column_73 Column_74 Column_75 Column_76 Column_77 Column_78 Column_79 Column_80 Column_81 Column_82 Column_83 Column_84 Column_85 Column_86 Column_87 Column_88 Column_89 Column_90 Column_91 Column_92 Column_93 Column_94 Column_95 Column_96 Column_97 Column_98 Column_99 Column_100 Column_101 Column_102 Column_103 Column_104 Column_105 Column_106 Column_107 Column_108 Column_109 Column_110 Column_111 Column_112 Column_113 Column_114 Column_115 Column_116 Column_117 Column_118 Column_119 Column_120 Column_121 Column_122 Column_123 Column_124 Column_125 Column_126 Column_127 Column_128 Column_129 Column_130 Column_131 Column_132 Column_133 Column_134 Column_135 Column_136 Column_137 Column_138 Column_139 Column_140 Column_141 Column_142 Column_143 Column_144 Column_145 Column_146 Column_147 Column_148 Column_149 Column_150 Column_151 Column_152 Column_153 Column_154 Column_155 Column_156 Column_157 Column_158 Column_159 Column_160 Column_161 Column_162 Column_163 Column_164 Column_165 Column_166 Column_167 Column_168 Column_169 Column_170 Column_171 Column_172 Column_173 Column_174 Column_175 Column_176 Column_177 Column_178 Column_179 Column_180 Column_181 Column_182 Column_183 Column_184 Column_185 Column_186 Column_187 Column_188 Column_189 Column_190 Column_191 Column_192 Column_193 Column_194 Column_195 Column_196 Column_197 Column_198 Column_199 Column_200 Column_201 Column_202 Column_203 Column_204 Column_205 Column_206 Column_207 Column_208 Column_209 Column_210 Column_211 Column_212 Column_213 Column_214 Column_215 Column_216 Column_217 Column_218 Column_219 Column_220 Column_221 Column_222 Column_223 Column_224 Column_225 Column_226 Column_227 Column_228 Column_229 Column_230 Column_231 Column_232 Column_233 Column_234 Column_235 Column_236 Column_237 Column_238 Column_239 Column_240 Column_241 Column_242 Column_243 Column_244 Column_245 Column_246 Column_247 Column_248 Column_249 Column_250 Column_251 Column_252 Column_253 Column_254 Column_255 Column_256 Column_257 Column_258 Column_259 Column_260 Column_261 Column_262 Column_263 Column_264 Column_265 Column_266 Column_267 Column_268 Column_269 Column_270 Column_271 Column_272 Column_273 Column_274 Column_275 Column_276 Column_277 Column_278 Column_279 Column_280 Column_281 Column_282 Column_283 Column_284 Column_285 Column_286 Column_287 Column_288 Column_289 Column_290 Column_291 Column_292 Column_293
feature_infos=[-9804:15488.5] [-9488.5:16366.5] [-11032.5:15438.5] [-10183:16310] [-8130.509765625:17763.109375] [136.75750732421875:1862.834716796875] [-7667.75439453125:15028.4189453125] [-10165.5:16316] [-9633:16445] [-11177:15801] [-10327.5:16219] [-8060.97509765625:17714.5] [136.75750732421875:1862.834716796875] [-7664.8798828125:15136.6533203125] [-10310:16208] [-9480.5:16576] [-10827:16071] [-9987:16388] [-7994.10009765625:17668.08984375] [136.75750732421875:1862.834716796875] [-7658.75439453125:15250.412109375] [-10070.5:16394] [-9770.5:16541] [-11314.5:16115.5] [-10465:16243] [-7926.94482421875:17622.55078125] [136.75750732421875:1862.834716796875] [-7639.322265625:15340.6474609375] [-10447.5:16238] [-9618:16304.5] [-10665.5:15582.5] [-10124.5:15710] [-7863.77001953125:17563.705078125] [136.75750732421875:1862.834716796875] [-7662.08935546875:15307.724609375] [-10208:15705] [-9136.5:15771.5] [-10464:14267] [-9947:14752.5] [-7808.375:17497.609375] [136.75750732421875:1862.834716796875] [-7695.85400390625:15214.8408203125] [-9945:14758.5] [-9616.5:14988] [-10637:14483] [-9641.5:14800] [-7744.47509765625:17430.869140625] [136.75750732421875:1862.834716796875] [-7732.00341796875:15122.9462890625] [-9635.5:14806] [-8911:15018.5] [-10269.5:14527.5] [-9398.5:14830.5] [-7679.990234375:17354.2890625] [136.75750732421875:1862.834716796875] [-7686.85400390625:14962.1328125] [-9413.5:14836.5] [-7962:14983.5] [-9573.5:14558] [-8656.5:14685.5] [-7611.93505859375:17270.109375] [136.75750732421875:1862.834716796875] [-7723.00341796875:14749.302734375] [-8639:14680.5] [-7809.5:14747] [-9330.5:13242.5] [-8481:13421] [-7545.10498046875:17183.189453125] [136.75750732421875:1862.834716796875] [-7574.59423828125:14526.9111328125] [-8463.5:13423.5] [-7692:13474.5] [-9236:12653.5] [-8386.5:13007.5] [-7485.5751953125:17094.994140625] [136.75750732421875:1862.834716796875] [-7443.81298828125:14305.419921875] [-8369:13001.5] [-8137.5:13191.5] [-9681.5:12376.5] [-8832:13185] [-7436.81494140625:16997.890625] [136.75750732421875:1862.834716796875] [-7280.875:14018.3818359375] [-8814.5:13179] [-7992.5:13532] [-9536.5:12583] [-8687:13525.5] [-7403.5400390625:16909.83984375] [136.75750732421875:1862.834716796875] [-7107.00341796875:13861.4375] [-8669.5:13519.5] [-7840:13618.5] [-8887.5:12894.5] [-8346.5:13258.5] [-7386.205078125:16827.630859375] [136.75750732421875:1862.834716796875] [-6958.59423828125:13759.4892578125] [-8430:13240.5] [-7983.5:13336.5] [-9004:12533.5] [-8169:12770.5] [-7357.9150390625:16741.689453125] [136.75750732421875:1862.834716796875] [-6827.81298828125:13645.8076171875] [-8167:12752.5] [-7838.5:12848.5] [-9289.5:12240.5] [-7890.5:12379] [-7332.51513671875:16653.5390625] [136.75750732421875:1862.834716796875] [-6664.875:13530.6435546875] [-7907.5:12375] [-7133:12681.5] [-8585.5:12236.5] [-7666.5:12445] [-7311.375:16563.099609375] [136.75750732421875:1862.834716796875] [-6474.2958984375:13431.94921875] [-7643:12449] [-6321:12457] [-9245.5:11703.5] [-8326.5:12013] [-7283.91015625:16467.494140625] [136.75750732421875:1862.834716796875] [-6300.564453125:13302.953125] [-8303:12001] [-6795.5:12088.5] [-9009:11302.5] [-7329.5:11895.5] [-7248.64013671875:16367.740234375] [136.75750732421875:1862.834716796875] [-6100.4052734375:13145.09375] [-7316.5:11868.5] [-7123:12643.5] [-8667:11694.5] [-7817.5:12637] [-7215.81005859375:16279.650390625] [136.75750732421875:1862.834716796875] [-5962.77783203125:13039.3583984375] [-7800:12631] [-7231:12730] [-8775:12006] [-7925.5:12370] [-7173.23486328125:16188.0498046875] [136.75750732421875:1862.834716796875] [-5852.07080078125:12918.87109375] [-7908:12352] [-7298.5:12448] [-8842.5:11645] [-7993:11780.5] [-7133.47021484375:16089.6201171875] [136.75750732421875:1862.834716796875] [-5791.35400390625:12754.24609375] [-7975.5:11776.5] [-7146:11839.5] [-8333:10762] [-8067:11139.5] [-7089.96484375:15986.3603515625] [136.75750732421875:1862.834716796875] [-5827.50341796875:12576.0419921875] [-8054:11154] [-7860.5:11498] [-9404.5:10575] [-8727:10953] [-7046.009765625:15880.3095703125] [136.75750732421875:1862.834716796875] [-5679.09423828125:12373.583984375] [-8714:10953.5] [-8520.5:11475.5] [-10064.5:10364] [-9215:10909.5] [-6996.64990234375:15777.6953125] [136.75750732421875:1862.834716796875] [-5567.00341796875:12240.4853515625] [-9197.5:10895] [-8368:10954] [-9415.5:10039] [-8874.5:10636] [-6945.2099609375:15668.3203125] [136.75750732421875:1862.834716796875] [-5418.59423828125:12094.623046875] [-8958:10638.5] [-7886.5:10644.5] [-8968:9874.5] [-8697:10103] [-6892.4150390625:15550.08984375] [136.75750732421875:1862.834716796875] [-5287.81298828125:11902.0205078125] [-8695:10105.5] [-8366.5:10220.5] [-9387:9445.5] [-8391.5:9584] [-6829.919921875:15426.5703125] [136.75750732421875:1862.834716796875] [-5538.9072265625:11691.2919921875] [-8385.5:9589] [-7661:9673] [-9019.5:8912.5] [-8148.5:9321.5] [-6770.18994140625:15294.599609375] [136.75750732421875:1862.834716796875] [-5776.142578125:11406.810546875] [-8163.5:9307] [-6584.5:9464.5] [-8323.5:8647.5] [-7072:9352] [-6711.43017578125:15156.7099609375] [136.75750732421875:1862.834716796875] [-5872.4931640625:11095.646484375] [-7087:9337.5] [-6548.5:9396.5] [-7735:8481.5] [-6555:9078.5] [-6651.10986328125:15019.0146484375] [136.75750732421875:1862.834716796875] [-5934.53955078125:10794.7236328125] [-6547.5:9081] [-6079:9087] [-7187.5:8317] [-6541.5:8418.5] [-6590.21484375:14879.8701171875] [136.75750732421875:1862.834716796875] [-5989.7177734375:10554.4765625] [-6501:8412.5] [-5783:8953] [-7327:7888] [-6477.5:8026.5] [-6532.15478515625:14735.58984375] [136.75750732421875:1862.834716796875] [-5818.10693359375:10267.16015625] [-6460:8031.5] [-5630.5:8420] [-6678:6975] [-6137:7004.5] [-6475.35498046875:14589.349609375] [136.75750732421875:1862.834716796875] [-5538.0517578125:9894.0546875] [-6220.5:7006.5] [-5149:8001.5] [-6322:6062.5] [-5959.5:7046.5] [-6415.7001953125:14413.740234375] [136.75750732421875:1862.834716796875] [-5415.63818359375:9538.146484375] [-5957.5:7022] [-5629:7496.5] [-6649.5:6099] [-5654:6564] [-6351.384765625:14247.599609375] [136.75750732421875:1862.834716796875] [-5248.6708984375:9237.2236328125] [-5648:6611.5] [-4923.5:7365] [-6282:6080.5] [-5411:6594.5] [-6283.169921875:14052.0654296875] [136.75750732421875:1862.834716796875] [-5092.9736328125:8996.9765625] [-5426:6642] [-3590.5:7395.5] [-5586:5830] [-4098.5:6114] [-6208.740234375:13854.7998046875] [136.75750732421875:1862.834716796875] [-4841.47607421875:8709.66015625] [-4080.5:6127] [-3811:7632.5] [-5526.5:6125.5] [-3817.5:6934] [-6137.47998046875:13667.240234375] [136.75750732421875:1862.834716796875] [-4600.4326171875:8336.5546875] [-3810:6916] [-3341.5:6917.5] [-4450:5769] [-3804:6096.5] [-6065.31005859375:13484.6103515625] [136.75750732421875:1862.834716796875] [-4415.0751953125:7855.07373046875] [-3763.5:6091.5] [-2259.5:7066] [-4331:3434] [-2439.5:4998.5] [-5988.6748046875:13280.5400390625] [136.75750732421875:1862.834716796875] [-4111.568359375:7491.65771484375] [-2399:4995] [0:5732.5] [-4567.5:0] none [-5910.5498046875:13074.490234375] [136.75750732421875:1862.834716796875] [-3737.789306640625:6810.59814453125]
tree_sizes=2817 2826 2814 2839 2822 2833 2797 2860 2832 2826 2852 2877

Tree=0
num_leaves=31
num_cat=0
split_feature=255 253 274 81 137 278 276 158 57 108 136 134 133 232 133 265 282 75 19 198 199 226 153 115 148 248 44 254 198 257
split_gain=4.03517e+06 1.03398e+07 4.393e+06 3.44843e+06 3.18432e+06 4.08966e+06 3.57643e+06 5.02628e+06 3.51576e+06 6.16965e+06 3.56811e+06 5.18112e+06 5.35072e+06 3.08586e+06 2.96291e+06 2.96261e+06 2.9174e+06 4.11559e+06 3.0045e+06 2.72226e+06 2.99846e+06 2.62899e+06 2.8502e+06 2.39042e+06 2.34867e+06 3.08959e+06 2.28049e+06 2.43332e+06 2.25208e+06 2.24449e+06
threshold=2704.0000000000005 3359.0000000000005 2291.0000000000005 6177.2600097656259 5038.9323730468759 823.68878173828136 -91.249999999999986 7676.4748535156259 4616.5000000000009 4159.5000000000009 -285.74999999999994 1693.2500000000002 1847.5000000000002 2355.7500000000005 2375.2500000000005 580.23028564453136 -1749.2499999999998 858.00915527343761 600.94247436523449 189.75000000000003 982.25000000000011 -2366.9999999999995 -2889.672729492187 1686.2500000000002 1139.2500000000002 -957.24999999999989 -3624.9999999999995 218.25000000000003 -2443.7499999999995 992.53356933593761
decision_type=2 2 2 2 2 2 2 2 2 2 2 2 2 2 2 2 2 2 2 2 2 2 2 2 2 2 2 2 2 2
left_child=1 4 3 -2 5 26 13 19 10 -10 21 15 -13 16 -14 24 -6 18 -18 -8 -21 22 -7 -22 25 -12 27 -1 -23 -16
right_child=2 -3 -4 -5 6 8 7 -9 9 -11 11 12 14 -15 29 -17 17 -19 -20 20 23 28 -24 -25 -26 -27 -28 -29 -30 -31
leaf_value=-3.4238806649851332 -13.389870770864119 -33.220940531946873 23.146713650671259 14.998227040710404 -10.280523126964914 -25.238022997436573 -9.0848650720817634 -20.30379219372681 21.202758446427538 -12.333439554430692 -32.552189725518097 11.467601973953201 -24.217004569693721 26.457476981582595 -11.792540668787417 -34.932114271524654 15.019315591185739 26.412752622432002 -6.5031702975537282 23.406143736895558 -9.9399872850241451 15.646884399330302 1.1359053459048931 6.2717081849849636 -3.0921897936439993 -8.8471302166728076 -0.29761146581995801 -20.700295812273943 -0.64410906953951275 3.7740922926672438
leaf_weight=277 23 24 38 20 20 20 38 26 32 24 27 40 27 25 57 22 31 29 34 21 28 27 21 121 30 28 21128 22 99 39
leaf_count=277 23 24 38 20 20 20 38 26 32 24 27 40 27 25 57 22 31 29 34 21 28 27 21 121 30 28 21128 22 99 39
internal_value=-0.379498 -0.41993 10.7602 -0.186104 -0.384617 -0.462569 4.19638 0.422917 -4.96504 6.8301 -6.47654 -10.0298 -4.41804 10.5488 -9.5841 -18.5785 7.06009 10.7496 3.7614 3.01376 5.71815 -0.731781 -11.7294 3.22522 -14.3458 -20.4842 -0.358975 -4.69506 2.84682 -5.4686
internal_weight=22398 22317 81 43 22293 21920 373 234 493 56 437 270 163 139 123 107 114 94 65 208 170 167 41 149 85 55 21427 299 126 96
internal_count=22398 22317 81 43 22293 21920 373 234 493 56 437 270 163 139 123 107 114 94 65 208 170 167 41 149 85 55 21427 299 126 96
is_linear=0
shrinkage=1


Tree=1
num_leaves=31
num_cat=0
split_feature=255 253 225 242 225 119 292 226 0 136 114 135 180 260 198 149 253 86 202 110 275 236 266 266 232 269 289 44 275 285
split_gain=3.64174e+06 9.33169e+06 4.08562e+06 2.89513e+06 4.80417e+06 4.01634e+06 3.97217e+06 3.75176e+06 3.20664e+06 3.88551e+06 4.38574e+06 3.19512e+06 3.10901e+06 3.09306e+06 2.88304e+06 2.84107e+06 2.73551e+06 2.44477e+06 3.71881e+06 2.9133e+06 2.44324e+06 2.8346e+06 2.5991e+06 2.66951e+06 2.02541e+06 4.33687e+06 2.5917e+06 1.94611e+06 1.93324e+06 2.24509e+06
threshold=2704.0000000000005 3359.0000000000005 4245.2500000000009 3876.772583007813 85.250000000000014 1651.2500000000002 823.68878173828136 -647.24999999999989 4950.7500000000009 -383.74999999999994 -131.24999999999997 -2595.4999999999995 1109.719909667969 -227.24999999999997 -760.24999999999989 544.25000000000011 -521.74999999999989 727.25000000000011 626.09933471679699 452.34590148925787 -335.74999999999994 858.00915527343761 -402.24999999999994 150.25000000000003 2803.2500000000005 583.00000000000011 -762.99999999999989 -3624.9999999999995 -335.74999999999994 692.68301391601574
decision_type=2 2 2 2 2 2 2 2 2 2 2 2 2 2 2 2 2 2 2 2 2 2 2 2 2 2 2 2 2 2
left_child=1 3 -2 6 16 28 27 -7 9 11 14 -8 13 -9 -11 -15 -5 18 -12 -19 22 -22 -21 -24 26 -26 -17 -1 -6 -30
right_child=2 -3 -4 4 5 7 8 12 -10 10 17 -13 -14 15 -16 24 -18 19 -20 20 21 -23 23 -25 25 -27 -28 -29 29 -31
leaf_value=-3.9888459344094382 0.53879061381022131 -31.199369351069137 23.13752197093434 31.515045343126573 1.0115901311238609 -15.125256276130678 -5.5306444661561835 24.122325623532138 9.5027031653457215 -11.511422386169436 -11.35410064637661 9.7342930785396646 -8.265156836258738 23.230491347539996 -38.358396835327149 -15.144243173003197 9.1317922653296062 3.4946962359973366 18.771736137072246 -7.9452581742230581 -21.039406118392947 1.5836558977762858 -39.909577560424808 -15.612008136969346 30.661209696815128 2.2125729805714376 3.7041969846412179 0.060252311116777417 -2.6178216752551853 -24.598433164220591
leaf_weight=301 45 24 36 21 33 24 86 24 36 20 20 57 38 21 20 20 39 35 21 34 20 45 20 26 21 37 207 21020 21 26
leaf_count=301 45 24 36 21 33 24 86 24 36 20 20 57 38 21 20 20 39 35 21 34 20 45 20 26 21 37 207 21020 21 26
internal_value=-5.88628e-08 -0.0384101 10.5827 -0.00486309 3.63935 1.94529 -0.0939546 4.0289 -4.79638 -6.07056 -9.70009 0.553981 5.27808 6.83761 -24.9349 5.48194 16.9659 -6.94266 4.07621 -9.45251 -12.5777 -5.37729 -18.428 -26.1762 4.17416 12.5129 2.04354 0.00308902 -8.26439 -14.7773
internal_weight=22398 22317 81 22293 532 472 21761 392 440 404 261 143 368 330 40 306 60 221 41 180 145 65 80 46 285 58 227 21321 80 47
internal_count=22398 22317 81 22293 532 472 21761 392 440 404 261 143 368 330 40 306 60 221 41 180 145 65 80 46 285 58 227 21321 80 47
is_linear=0
shrinkage=0.05


Tree=2
num_leaves=31
num_cat=0
split_feature=33 53 51 89 239 31 150 268 281 137 204 236 211 162 113 34 76 186 289 282 81 138 95 288 240 281 268 262 106 260
split_gain=3.46898e+06 5.26489e+06 4.62148e+06 3.96898e+06 6.60679e+06 4.6968e+06 3.21165e+06 3.14698e+06 6.94695e+06 4.30446e+06 3.56756e+06 3.04976e+06 3.64706e+06 3.69823e+06 3.40076e+06 2.97377e+06 2.94149e+06 2.49848e+06 2.49554e+06 4.2485e+06 2.47924e+06 3.00486e+06 3.18834e+06 2.86779e+06 2.52512e+06 2.17995e+06 2.10226e+06 2.05534e+06 1.71018e+06 1.5963e+06
threshold=1480.4058837890627 5532.6374511718759 -1387.7499999999998 1039.6253662109377 -161.74999999999997 3749.2500000000005 -663.24999999999989 156.75000000000003 915.75000000000011 7926.3298339843759 3297.5000000000005 726.51162719726574 2873.0000000000005 2953.2500000000005 4008.0000000000005 4199.8754882812509 -3067.934448242187 5427.1149902343759 -153.24999999999997 282.75000000000006 2855.6750488281255 858.00915527343761 4163.2448730468759 555.25000000000011 -1410.2499999999998 300.25000000000006 -690.74999999999989 -613.24999999999989 1991.2500000000002 2957.2500000000005
decision_type=2 2 2 2 2 2 2 2 2 2 2 2 2 2 2 2 2 2 2 2 2 2 2 2 2 2 2 2 2 2
left_child=1 11 6 4 -3 15 -2 8 17 10 18 29 13 14 16 -5 -13 26 19 -9 -18 23 24 -22 -23 -15 -6 -26 -24 -1
right_child=2 3 -4 5 7 -7 -8 9 -10 -11 -12 12 -14 25 -16 -17 20 -19 -20 -21 21 22 28 -25 27 -27 -28 -29 -30 -31
leaf_value=0.040489863762365901 -12.137304832195413 -23.869267304738365 -24.348056291131414 18.338202358427505 24.438041687011719 29.086887613270019 12.317392257690431 -3.8934959948062899 36.297487668557601 -18.841017263412478 19.261754927141915 -18.05318279027939 -18.343505158295503 -0.90030322392781581 -23.127615880966189 -7.6859237339185631 0.88208243149401122 -2.2639637920591569 -10.30992799639702 24.576992521286012 -7.1050266988653892 -20.311062841232008 1.3181482985868294 -25.068649410379347 11.511552104949951 17.349302854802875 5.9242746179518493 -6.1400836437306507 16.709875585482674 13.515946500951594
leaf_weight=21033 29 21 34 21 23 36 25 38 22 25 29 30 37 30 21 23 354 54 40 20 95 26 59 29 20 36 46 94 26 22
leaf_count=21033 29 21 34 21 23 36 25 38 22 25 29 30 37 30 21 23 354 54 40 20 95 26 59 29 20 36 46 94 26 22
internal_value=1.21149e-07 0.0390804 -9.90774 5.73828 3.23391 15.6932 -0.815686 5.1503 10.4199 0.12339 3.85654 -0.0644374 -2.98825 -2.29539 -3.28884 4.73468 -2.72047 5.79136 -0.702144 5.92391 -2.06616 -5.05663 -1.61243 -11.3062 -6.25017 9.05403 12.0955 -3.04331 6.02621 0.0545701
internal_weight=22398 22310 88 398 318 80 54 297 145 152 127 21912 857 820 754 44 733 123 98 58 703 349 225 124 140 66 69 114 85 21055
internal_count=22398 22310 88 398 318 80 54 297 145 152 127 21912 857 820 754 44 733 123 98 58 703 349 225 124 140 66 69 114 85 21055
is_linear=0
shrinkage=0.05


Tree=3
num_leaves=31
num_cat=0
split_feature=255 253 283 289 57 85 156 205 164 270 278 20 103 32 275 115 0 5 124 136 134 133 274 206 192 134 260 44 254 201
split_gain=3.13672e+06 8.27727e+06 3.74035e+06 6.96659e+06 2.46748e+06 5.48717e+06 3.68134e+06 4.93568e+06 3.38931e+06 3.50978e+06 3.26548e+06 2.83114e+06 2.7813e+06 2.34275e+06 2.44657e+06 4.1536e+06 2.23056e+06 4.73223e+06 1.90386e+06 2.86763e+06 3.27939e+06 3.92397e+06 3.31498e+06 2.52437e+06 2.47872e+06 2.16067e+06 1.82703e+06 1.81797e+06 2.18234e+06 1.71272e+06
threshold=2704.0000000000005 3359.0000000000005 624.75000000000011 -267.24999999999994 4616.5000000000009 4752.7500000000009 3012.0000000000005 1707.2500000000002 4128.5000000000009 5292.7800292968759 823.68878173828136 5426.6210937500009 640.96713256835949 5660.2299804687509 -365.24999999999994 599.25000000000011 6126.7500000000009 650.02038574218761 441.55833435058599 -285.74999999999994 1731.2500000000002 1847.5000000000002 793.75000000000011 884.75000000000011 -238.24999999999997 -1510.7499999999998 397.75000000000006 -3624.9999999999995 218.25000000000003 589.15350341796886
decision_type=2 2 2 2 2 2 2 2 2 2 2 2 2 2 2 2 2 2 2 2 2 2 2 2 2 2 2 2 2 2
left_child=1 4 -2 -4 8 16 11 -8 9 10 27 -7 29 18 15 -15 17 -6 -12 25 23 -22 26 24 -21 -20 -23 28 -1 -9
right_child=2 -3 3 -5 5 6 7 12 -10 -11 13 -13 -14 14 -16 -17 -18 -19 19 20 21 22 -24 -25 -26 -27 -28 -29 -30 -31
leaf_value=-2.6354259583063508 -1.3285046760852521 -29.38336211840312 39.591085832227364 -1.1824539184570313 17.658519022805351 -24.800674336606807 20.027979140811496 -4.4304454612731936 -20.636693115234376 20.891939277648927 6.8741469621658329 -2.5666729810761244 -13.077695462282968 -3.8147466230392455 -5.2588769977742977 22.49620316187541 27.657793733348019 -9.7095846046100966 -7.7358966718549311 -19.346409061680671 8.8018851705499603 -5.7713131570816039 0.44115959349132727 -30.813185623168945 -0.031851017897805346 4.3045520446182772 -24.441582269417612 0.086966011338744362 -18.996653626181864 15.78629009073431
leaf_weight=277 39 24 22 20 56 22 36 20 20 20 28 41 34 30 55 30 23 22 69 46 37 20 42 25 26 81 38 21151 22 22
leaf_count=277 39 24 22 20 56 22 36 20 20 20 28 41 34 30 55 30 23 22 69 46 37 20 42 25 26 81 38 21151 22 22
internal_value=4.93961e-08 -0.0356474 9.82152 20.1751 -0.00405245 4.69421 -0.661676 4.77728 -0.0629488 -0.0442428 -0.0632956 -10.3309 -2.44674 -3.95166 2.35831 9.34073 13.9742 9.93931 -5.71294 -6.63075 -10.0902 -5.10955 -10.2568 -17.1247 -12.3717 -1.23405 -18.0036 0.0322368 -3.83926 6.15927
internal_weight=22398 22317 81 42 22293 276 175 112 22017 21997 21977 63 76 527 115 60 101 78 412 384 234 137 100 97 72 150 58 21450 299 42
internal_count=22398 22317 81 42 22293 276 175 112 22017 21997 21977 63 76 527 115 60 101 78 412 384 234 137 100 97 72 150 58 21450 299 42
is_linear=0
shrinkage=0.05


Tree=4
num_leaves=31
num_cat=0
split_feature=33 53 86 89 239 31 268 281 283 289 203 163 82 34 1 186 171 166 239 54 260 114 266 205 276 268 247 259 58 260
split_gain=2.97235e+06 4.53811e+06 4.13657e+06 3.51395e+06 5.91888e+06 4.03622e+06 2.72468e+06 6.30165e+06 4.02137e+06 4.02877e+06 2.78296e+06 3.02584e+06 2.71735e+06 2.6431e+06 2.4727e+06 2.24142e+06 2.22901e+06 2.14046e+06 1.85944e+06 3.39053e+06 3.20956e+06 2.0027e+06 1.91731e+06 2.34843e+06 2.20091e+06 1.80983e+06 1.74748e+06 1.73243e+06 1.87954e+06 1.72749e+06
threshold=1480.4058837890627 5532.6374511718759 -232.24999999999997 1039.6253662109377 -161.74999999999997 3749.2500000000005 156.75000000000003 915.75000000000011 -132.74999999999997 -164.74999999999997 1532.7500000000002 3748.5000000000005 1200.0135498046877 4199.8754882812509 -611.24999999999989 5427.1149902343759 -854.24999999999989 823.68878173828136 3072.2500000000005 473.72688293457037 2485.5000000000005 3417.5000000000005 1142.5000000000002 -122.74999999999999 -93.749999999999986 -638.24999999999989 587.75000000000011 1636.7500000000002 117.75000000000001 -1118.7499999999998
decision_type=2 2 2 2 2 2 2 2 2 2 2 2 2 2 2 2 2 2 2 2 2 2 2 2 2 2 2 2 2 2
left_child=1 12 14 4 -3 13 7 15 -8 10 -10 -12 18 -5 16 25 -2 -11 20 -20 22 -21 29 26 -25 -6 -24 -26 -29 -1
right_child=2 3 -4 5 6 -7 8 -9 9 17 11 -13 -14 -15 -16 -17 -18 -19 19 21 -22 -23 23 24 27 -27 -28 28 -30 -31
leaf_value=-4.2266036252727952 2.0950343305414374 -22.682413602442971 -26.873604377110798 17.360527601270448 21.993759941101075 27.11045215394762 -18.674324170748392 34.334570954062727 27.384526309967043 1.4105637741088868 -5.2297476077901912 19.360771185701545 -13.598581330276824 -7.1740940093994148 12.044562101364136 -2.3498604527226203 -20.412587495283649 -18.492315284230493 -4.4932240370781198 28.743066139221192 -16.68633682810027 6.6352633884974894 -2.4313500586010162 -19.77932053045793 -5.7364434279037484 5.1469593356956134 17.733262400193649 14.670268253846601 -1.4866726353915052 0.075094830912739219
leaf_weight=236 22 21 24 21 25 36 24 22 20 35 29 22 37 23 20 54 22 22 31 20 29 21 21 22 273 44 22 22 99 21079
leaf_count=236 22 21 24 21 25 36 24 22 20 35 29 22 37 23 20 54 22 22 31 20 29 21 21 22 273 44 22 22 99 21079
internal_value=-2.16689e-09 0.0361749 -9.17115 5.32741 2.97097 14.6943 4.78484 9.68813 0.107367 3.62893 11.577 5.37793 -0.0599329 4.53561 -2.53273 5.27982 -9.15878 -6.27125 -0.0370332 7.98489 -0.063524 17.4196 -0.0413847 -3.23868 -4.38853 11.2509 7.88543 -3.52915 1.45095 0.0274664
internal_weight=22398 22310 88 398 318 80 297 145 152 128 71 51 21912 44 64 123 44 57 21875 72 21803 41 21774 459 416 69 43 394 121 21315
internal_count=22398 22310 88 398 318 80 297 145 152 128 71 51 21912 44 64 123 44 57 21875 72 21803 41 21774 459 416 69 43 394 121 21315
is_linear=0
shrinkage=0.05


Tree=5
num_leaves=31
num_cat=0
split_feature=255 253 225 57 85 156 205 164 270 278 128 54 232 32 275 115 0 5 71 124 289 177 243 136 50 109 44 254 257 283
split_gain=2.73053e+06 7.36327e+06 3.48528e+06 2.14742e+06 4.92209e+06 3.31544e+06 4.34299e+06 3.05092e+06 3.06415e+06 2.87569e+06 2.59574e+06 2.5509e+06 2.26576e+06 2.01841e+06 2.05189e+06 3.65382e+06 1.89554e+06 4.26626e+06 1.8028e+06 3.96035e+06 4.35029e+06 3.55733e+06 3.09894e+06 2.09663e+06 2.96323e+06 2.47322e+06 1.62137e+06 1.96303e+06 1.63403e+06 1.591e+06
threshold=2704.0000000000005 3359.0000000000005 4245.2500000000009 4616.5000000000009 4752.7500000000009 3012.0000000000005 1707.2500000000002 4128.5000000000009 5292.7800292968759 823.68878173828136 2802.7500000000005 656.75689697265636 2803.2500000000005 5660.2299804687509 -365.24999999999994 599.25000000000011 6126.7500000000009 650.02038574218761 -3746.9999999999995 1109.719909667969 -631.49999999999989 239.75000000000003 899.23205566406261 107.25000000000001 3253.7500000000005 2733.3225097656255 -3624.9999999999995 218.25000000000003 823.68878173828136 -581.99999999999989
decision_type=2 2 2 2 2 2 2 2 2 2 2 2 2 2 2 2 2 2 2 2 2 2 2 2 2 2 2 2 2 2
left_child=1 3 -2 7 16 10 -7 8 9 26 -6 12 -8 18 15 -15 17 -5 -11 22 -21 -22 23 -20 25 -25 27 -1 -28 -24
right_child=2 -3 -4 4 5 6 11 -9 -10 13 -12 -13 -14 14 -16 -17 -18 -19 19 20 21 -23 29 24 -26 -27 28 -29 -30 -31
leaf_value=-2.4832463629409296 -0.11308810763888888 -27.71325797041257 20.759367634190454 16.778444626075881 3.9858995069156999 18.774237791697185 -6.0306161335536412 -19.578089408874515 19.521316909790041 8.2599130589029066 -17.303708532379897 -12.764456251895789 16.93033673546531 -3.7946793270111088 -4.8262417888641362 20.882652649879457 25.782893831833547 -9.2073225671594798 2.3879248991608621 -35.920834700266525 -21.615901088714601 5.0787942926088974 10.2349003899482 -11.941879264831543 -3.784851638046471 -34.928192112662579 0.058288907632655741 -18.00059452056885 7.9379284914752306 -2.034039617558244
leaf_weight=277 45 24 36 56 22 36 21 20 20 23 41 33 22 30 55 30 23 22 24 21 26 24 31 25 37 22 21085 22 66 179
leaf_count=277 45 24 36 56 22 36 21 20 20 23 41 33 22 30 55 30 23 22 24 21 26 24 31 25 37 22 21085 22 66 179
internal_value=-1.85157e-08 -0.0332593 9.16356 -0.00345985 4.37951 -0.693099 4.46848 -0.0584038 -0.0406562 -0.0584584 -9.86924 -2.30793 5.71685 -3.70739 2.14953 8.54399 13.1687 9.44913 -5.34221 -6.14645 -16.8234 -8.80245 -3.7626 -10.6453 -14.3691 -22.7014 0.0311913 -3.62499 0.0828767 -0.22291
internal_weight=22398 22317 81 22293 276 175 112 22017 21997 21977 63 76 43 527 115 60 101 78 412 389 71 50 318 108 84 47 21450 299 21151 210
internal_count=22398 22317 81 22293 276 175 112 22017 21997 21977 63 76 43 527 115 60 101 78 412 389 71 50 318 108 84 47 21450 299 21151 210
is_linear=0
shrinkage=0.05


Tree=6
num_leaves=31
num_cat=0
split_feature=33 53 86 103 54 2 276 261 145 206 176 3 248 136 236 211 162 113 90 288 4 124 232 269 261 98 95 22 234 2
split_gain=2.52202e+06 3.92824e+06 3.72745e+06 3.15667e+06 5.37138e+06 5.07396e+06 4.82244e+06 4.81775e+06 4.81223e+06 7.33313e+06 4.80898e+06 3.60468e+06 2.6875e+06 2.39954e+06 2.33078e+06 3.0937e+06 3.24319e+06 2.80697e+06 2.5864e+06 2.20036e+06 2.05337e+06 2.36591e+06 2.06909e+06 1.93848e+06 2.77968e+06 1.93515e+06 1.93267e+06 1.76666e+06 2.38398e+06 1.75043e+06
threshold=1480.4058837890627 5532.6374511718759 -232.24999999999997 823.68878173828136 675.23397827148449 2330.7500000000005 -871.24999999999989 -1172.4999999999998 776.22653198242199 2653.2500000000005 4292.0000000000009 1506.7500000000002 1786.5000000000002 -1472.7499999999998 726.51162719726574 2873.0000000000005 2953.2500000000005 4008.0000000000005 -3116.4763183593745 361.75000000000006 2700.6750488281255 858.00915527343761 1352.7500000000002 -1444.2499999999998 -1583.2499999999998 4282.0000000000009 4163.2448730468759 3901.5000000000005 -912.24999999999989 788.75000000000011
decision_type=2 2 2 2 2 2 2 2 2 2 2 2 2 2 2 2 2 2 2 2 2 2 2 2 2 2 2 2 2 2
left_child=1 14 13 4 10 11 -7 -8 19 -10 -3 -5 -9 -2 -1 16 17 18 -16 -6 -20 22 27 -23 -25 -18 -26 28 -22 -30
right_child=2 3 -4 5 8 6 7 12 9 -11 -12 -13 -14 -15 15 -17 25 -19 20 -21 21 23 -24 24 26 -27 -28 -29 29 -31
leaf_value=0.047943255645869876 -14.238516448974611 4.1845916318499361 -25.252120788892114 10.205738140287854 -8.1392284264931316 -3.9136921343596089 40.334731376647952 5.5695616033342148 1.2808668911457062 -37.41256070709229 30.651207084655763 -19.454231395721436 27.170010296503705 5.6051248599321415 -18.530914855003356 -16.754578667718011 2.1823050555728734 -20.928082947503952 1.0177411891587147 11.309862313126073 -20.604236037803418 -15.757015419006349 -22.828933278719585 17.908035053014753 -5.5648043008645374 19.980230506261194 4.7971710284550992 5.7109343435453335 -14.290147247314454 2.7451871840577375
leaf_weight=21055 25 121 24 21 26 23 25 36 24 25 20 20 24 39 24 37 42 21 333 33 33 21 24 20 120 24 72 23 25 38
leaf_count=21055 25 121 24 21 26 23 25 36 24 25 20 20 24 39 24 37 42 21 333 33 33 21 24 20 120 24 72 23 25 38
internal_value=2.06793e-10 0.033322 -8.44789 4.9562 1.51161 10.7126 16.3976 21.8936 -6.87933 -18.4607 7.93872 -4.26254 14.2097 -2.1463 -0.0560949 -2.61213 -1.974 -2.90432 -2.38795 2.73908 -1.84151 -4.37377 -9.4365 -1.2666 0.168776 8.65428 -1.67906 -6.7355 -9.71746 -4.01487
internal_weight=22398 22310 88 398 249 149 108 85 108 49 141 41 60 64 21912 857 820 754 733 59 709 376 143 233 212 66 192 119 96 63
internal_count=22398 22310 88 398 249 149 108 85 108 49 141 41 60 64 21912 857 820 754 733 59 709 376 143 233 212 66 192 119 96 63
is_linear=0
shrinkage=0.05


Tree=7
num_leaves=31
num_cat=0
split_feature=255 253 159 54 22 96 247 135 234 260 155 268 255 145 282 0 17 232 110 159 108 241 90 85 57 33 84 267 146 69
split_gain=2.42734e+06 6.53461e+06 3.39751e+06 3.04891e+06 2.01234e+06 4.68841e+06 2.49679e+06 4.12978e+06 2.0888e+06 5.00307e+06 3.45218e+06 2.39602e+06 2.29067e+06 2.93082e+06 2.59046e+06 2.27223e+06 2.23255e+06 2.06693e+06 1.89914e+06 1.81019e+06 1.78963e+06 1.67375e+06 1.63423e+06 1.63337e+06 2.71678e+06 2.24834e+06 1.9142e+06 2.52844e+06 2.08609e+06 2.15274e+06
threshold=2704.0000000000005 3359.0000000000005 798.89459228515636 640.96713256835949 7781.2500000000009 823.68878173828136 -2857.9999999999995 195.25000000000003 2432.7500000000005 1360.2500000000002 2979.0000000000005 449.25000000000006 921.25000000000011 943.09799194335949 739.75000000000011 6126.7500000000009 278.75000000000006 2544.0000000000005 823.68878173828136 726.51162719726574 -2410.2499999999995 1138.7500000000002 2958.6965332031255 4752.7500000000009 4616.5000000000009 619.04949951171886 3750.5000000000005 404.75000000000006 3022.435668945313 2209.712280273438
decision_type=2 2 2 2 2 2 2 2 2 2 2 2 2 2 2 2 2 2 2 2 2 2 2 2 2 2 2 2 2 2
left_child=1 4 3 -2 6 -6 7 20 12 -10 -11 -12 14 17 15 23 -15 18 19 -14 -1 -21 -18 24 26 -26 28 -28 29 -8
right_child=2 -3 -4 -5 5 -7 8 -9 9 10 11 -13 13 16 -16 -17 22 -19 -20 21 -22 -23 -24 -25 25 -27 27 -29 -30 -31
leaf_value=-11.611951008549443 10.799325508730753 -26.107327683766684 20.989968883630002 -14.761151924133301 -2.8273742675781253 26.768087436841881 0.18291915596694808 -28.549176959991456 25.878821959862343 13.230832925656948 8.9763373548334311 -10.707875259105975 -0.96293102736520975 -23.278318956163197 -14.595680670738222 14.879422165797308 5.5953708314895634 -13.861123945857541 12.750550254185995 -20.517534202078114 5.995751858142115 -3.2501749293671716 -13.261907219445263 -10.407028840039228 21.146945592335292 -0.2127667325464162 -22.881843478339061 1.1147163432577383 7.4552203292648009 -2.1988890686538536
leaf_weight=27 28 24 33 20 32 23 19572 20 26 41 22 52 977 27 30 26 20 33 24 23 31 36 27 37 28 22 21 23 96 997
leaf_count=27 28 24 33 20 32 23 19572 20 26 41 22 52 977 27 30 26 20 33 24 23 31 36 27 37 28 22 21 23 96 997
internal_value=5.79747e-08 -0.0313584 8.63984 0.149127 -0.00328578 9.54891 -0.0269107 -8.9569 0.00452157 6.0708 1.59247 -4.85581 -0.0343242 -2.19004 0.0863222 0.107476 -11.82 -1.53806 -1.15442 -1.47654 -2.20094 -9.98152 -5.23753 0.0890073 0.107715 11.7487 0.079609 -10.3382 0.101791 0.0674705
internal_weight=22398 22317 81 48 22293 55 22238 78 22160 141 115 74 22019 1167 20852 20822 74 1093 1060 1036 58 59 47 20796 20759 50 20709 44 20665 20569
internal_count=22398 22317 81 48 22293 55 22238 78 22160 141 115 74 22019 1167 20852 20822 74 1093 1060 1036 58 59 47 20796 20759 50 20709 44 20665 20569
is_linear=0
shrinkage=0.05


Tree=8
num_leaves=31
num_cat=0
split_feature=255 253 274 276 260 57 85 232 219 273 232 164 246 270 282 66 232 81 278 260 274 281 282 86 119 141 252 231 220 49
split_gain=2.19067e+06 5.89748e+06 3.162e+06 2.77453e+06 1.9008e+06 2.19823e+06 5.21319e+06 3.09539e+06 3.52519e+06 3.4956e+06 3.08265e+06 2.73123e+06 2.62181e+06 2.57666e+06 2.27141e+06 2.06816e+06 2.27646e+06 3.08909e+06 1.94661e+06 2.19193e+06 2.7982e+06 2.91941e+06 3.178e+06 2.42254e+06 3.09658e+06 2.14337e+06 1.92433e+06 1.84025e+06 2.82449e+06 2.01547e+06
threshold=2704.0000000000005 3359.0000000000005 2291.0000000000005 877.50000000000011 -1118.7499999999998 4616.5000000000009 4752.7500000000009 2803.2500000000005 1393.5000000000002 649.00000000000011 1556.2500000000002 4128.5000000000009 1897.7500000000002 5292.7800292968759 -896.74999999999989 -3358.9999999999995 64.250000000000014 4101.9050292968759 823.68878173828136 -161.74999999999997 793.75000000000011 426.75000000000006 -358.24999999999994 821.25000000000011 783.75000000000011 846.25000000000011 -1292.7499999999998 1969.0000000000002 275.75000000000006 1905.2500000000002
decision_type=2 2 2 2 2 2 2 2 2 2 2 2 2 2 2 2 2 2 2 2 2 2 2 2 2 2 2 2 2 2
left_child=1 4 3 -2 15 11 14 8 10 -9 -8 13 -10 18 -7 -1 17 -17 -6 23 21 -21 -23 24 26 -24 -20 28 29 -22
right_child=2 -3 -4 -5 5 6 7 9 12 -11 -12 -13 -14 -15 -16 16 -18 -19 19 20 27 22 25 -25 -26 -27 -28 -29 -30 -31
leaf_value=-17.887813331604004 11.920708383832661 -24.801960841814676 18.716592023016787 -13.487712825428355 0.064043674742445003 28.461868667602541 -6.3224926795377288 25.651002597808841 -3.7531119028727211 -0.69249992791344139 16.045639681816102 -18.475496702194217 -28.188753990505052 17.948518185615541 9.8300956786081599 -3.3317167646621346 -18.938876953125 16.022305131995161 -7.5873045214900259 -4.3943295424183217 -3.1993703922560051 -33.144366189411713 0.53272192668914797 -7.1989514815501678 24.449075441701073 -19.290283788045247 11.47075842320919 12.925689752896629 -11.970481489015663 13.525350706038935
leaf_weight=25 21 24 38 22 21255 21 43 20 21 34 24 20 23 20 74 199 20 23 27 138 43 21 25 39 21 30 26 24 46 31
leaf_count=25 21 24 38 22 21255 21 43 20 21 34 24 20 23 20 74 199 20 23 27 138 43 21 25 39 21 30 26 24 46 31
internal_value=1.87588e-08 -0.0297905 8.20785 -1.07895 -0.00312153 0.047711 4.61797 -0.754263 -5.53089 9.06435 1.68997 -0.00688181 -16.5263 0.0101039 13.9487 -4.19652 -2.78213 -1.32657 -0.00640937 -3.18577 -5.1021 -8.72822 -16.5977 2.88543 8.20018 -10.2798 1.76193 0.286718 -2.24108 3.80693
internal_weight=22398 22317 81 43 22293 22026 260 165 111 54 67 21766 44 21746 95 267 242 222 21726 471 358 214 76 113 74 55 53 144 120 74
internal_count=22398 22317 81 43 22293 22026 260 165 111 54 67 21766 44 21746 95 267 242 222 21726 471 358 214 76 113 74 55 53 144 120 74
is_linear=0
shrinkage=0.05


Tree=9
num_leaves=31
num_cat=0
split_feature=33 51 53 89 239 191 184 150 163 145 191 170 268 82 238 54 260 253 266 19 159 267 282 289 273 261 240 215 287 227
split_gain=2.06531e+06 3.3804e+06 3.26514e+06 2.62836e+06 4.89238e+06 3.37521e+06 3.39064e+06 2.53464e+06 2.30778e+06 2.68121e+06 9.05416e+06 5.18416e+06 4.07974e+06 2.07833e+06 1.78348e+06 2.91317e+06 2.76876e+06 1.78721e+06 2.65064e+06 2.31927e+06 2.51834e+06 2.92787e+06 1.86522e+06 1.62628e+06 1.5937e+06 1.56925e+06 1.55402e+06 1.86674e+06 1.45036e+06 2.67792e+06
threshold=1480.4058837890627 -1387.7499999999998 5532.6374511718759 1039.6253662109377 -161.74999999999997 -3065.7499999999995 1857.0000000000002 -663.24999999999989 464.25000000000006 798.89459228515636 2874.7500000000005 3716.2500000000005 530.25000000000011 1200.0135498046877 2815.2500000000005 471.74104309082037 2485.5000000000005 2396.7500000000005 1248.7500000000002 408.05920410156256 447.57618713378912 1860.7500000000002 374.25000000000006 -248.74999999999997 1174.5000000000002 -117.24999999999999 592.25000000000011 584.03851318359386 1006.0000000000001 811.75000000000011
decision_type=2 2 2 2 2 2 2 2 2 2 2 2 2 2 2 2 2 2 2 2 2 2 2 2 2 2 2 2 2 2
left_child=2 7 13 4 -4 -5 -7 -2 25 11 12 24 -11 14 16 -16 17 18 28 23 -21 -22 -23 -20 26 -6 -10 -28 -1 -30
right_child=1 -3 3 5 8 6 -8 -9 9 10 -12 -13 -14 -15 15 -17 -18 -19 19 20 21 22 -24 -25 -26 -27 27 -29 29 -31
leaf_value=0.02589400765877492 -9.9266037513469829 -19.994891043270336 -20.842682883853005 -1.7696732662342214 5.0125111804767091 33.85125855604808 8.4447987009739052 11.798220626831055 -1.3642514306765339 18.752604516347251 -28.840184271777119 22.028275329188297 -10.401214623451233 -11.891564736817335 -3.535146564245224 16.595039209505408 -15.23681045850118 10.522577183246613 10.662919345498086 -20.389037123848411 -9.6207001943673411 -4.4462825883518571 16.386525695664542 -3.0722355929287999 -7.3928777340130942 23.691256987530252 -0.23230124473571778 20.086081005976752 -22.481162503957748 3.0832881110055106
leaf_weight=21404 29 34 21 27 22 24 29 25 52 30 27 38 20 37 32 41 30 40 32 34 112 22 21 66 39 23 20 26 20 21
leaf_count=21404 29 34 21 27 22 24 29 25 52 30 27 38 20 37 32 41 30 40 32 34 112 22 21 66 39 23 20 26 20 21
internal_value=-5.50458e-08 -7.6448 0.0301542 4.51834 2.48035 12.6194 19.9496 0.131185 4.12945 2.26695 -5.5082 5.68802 7.09108 -0.0513672 -0.0313403 7.77085 -0.0574645 -0.0365486 -0.0559838 -4.82927 -8.06586 -5.36271 5.72788 1.41271 1.15568 14.5594 4.55766 11.252 0.00789747 -9.38718
internal_weight=22398 88 22310 398 318 80 53 54 297 252 77 175 50 21912 21875 73 21802 21772 21732 287 189 155 43 98 137 45 98 46 21445 41
internal_count=22398 88 22310 398 318 80 53 54 297 252 77 175 50 21912 21875 73 21802 21772 21732 287 189 155 43 98 137 45 98 46 21445 41
is_linear=0
shrinkage=0.05


Tree=10
num_leaves=31
num_cat=0
split_feature=255 253 159 54 266 268 262 183 289 234 273 155 66 215 257 259 0 152 275 246 289 292 241 198 177 145 246 173 246 150
split_gain=2.02108e+06 5.27389e+06 3.09438e+06 2.67492e+06 1.77551e+06 3.665e+06 2.33543e+06 3.77656e+06 2.01335e+06 1.92259e+06 4.30786e+06 3.42533e+06 2.8588e+06 2.64816e+06 2.73597e+06 2.03567e+06 2.59891e+06 2.45017e+06 2.45854e+06 2.60058e+06 2.28223e+06 3.0181e+06 2.08252e+06 2.07546e+06 1.76241e+06 4.52651e+06 1.75043e+06 1.55344e+06 1.51241e+06 1.48442e+06
threshold=2704.0000000000005 3359.0000000000005 798.89459228515636 640.96713256835949 -1400.2499999999998 -1432.2499999999998 -218.74999999999997 1948.7500000000002 -129.24999999999997 2432.7500000000005 571.75000000000011 2979.0000000000005 4220.5000000000009 776.22653198242199 579.07751464843761 988.25000000000011 6126.7500000000009 726.57089233398449 704.75000000000011 2010.0000000000002 -1096.9999999999998 739.54895019531261 933.75000000000011 1075.2500000000002 -3862.4999999999995 1200.0135498046877 2551.2500000000005 754.08599853515636 -79.749999999999986 1113.2500000000002
decision_type=2 2 2 2 2 2 2 2 2 2 2 2 2 2 2 2 2 2 2 2 2 2 2 2 2 2 2 2 2 2
left_child=1 4 3 -2 8 6 7 28 24 15 12 -12 -11 14 -13 16 20 26 19 22 21 -7 -19 -20 -1 27 -17 29 -6 -26
right_child=2 -3 -4 -5 5 9 -8 -9 -10 10 11 13 -14 -15 -16 17 -18 18 23 -21 -22 -23 -24 -25 25 -27 -28 -29 -30 -31
leaf_value=-18.16760855960846 9.7562809569495066 -23.454517594973247 19.670056672529743 -14.185253043174743 5.6526590469509665 -0.62733862945011687 23.347509670257569 -12.600211785316468 8.1367502735058466 6.3157049202919007 11.912988688306111 -12.992384477095172 33.0495587348938 -21.670330767780541 10.965477409729592 -1.6057479887690698 13.294345548668424 -16.198266805040426 13.624353937506676 -22.558540099706406 0.058869047604178319 -23.943293836842415 1.8058055294884576 -9.1542444419860853 -6.0188398210013787 18.503858661651613 13.013921376069389 -14.390191887794657 18.467749412059785 8.3647739000263677
leaf_weight=25 28 24 33 20 99 35 20 25 30 20 41 22 20 20 26 818 37 29 20 39 20626 23 36 20 123 20 21 47 30 21
leaf_count=25 28 24 33 20 99 35 20 25 30 20 41 22 20 20 26 818 37 29 20 39 20626 23 36 20 123 20 21 47 30 21
internal_value=-2.39254e-08 -0.0286142 7.88374 -0.219358 -0.00339455 0.0456409 7.27351 5.18598 -4.06393 -0.0119095 5.64833 0.498127 19.6826 -6.38436 -0.0152093 -0.0507676 0.0547016 -2.27399 -8.29946 -12.3512 0.0310182 -9.87332 -6.22678 2.23505 -5.61487 -4.12758 -1.23982 -6.49736 8.63291 -3.92123
internal_weight=22398 22317 81 48 22293 22027 174 154 266 21853 149 109 40 68 48 21704 20721 983 144 104 20684 58 65 40 236 211 839 191 129 144
internal_count=22398 22317 81 48 22293 22027 174 154 266 21853 149 109 40 68 48 21704 20721 983 144 104 20684 58 65 40 236 211 839 191 129 144
is_linear=0
shrinkage=0.05


Tree=11
num_leaves=31
num_cat=0
split_feature=255 253 283 289 239 285 274 120 234 260 155 12 170 177 246 271 82 44 187 173 46 58 15 232 261 288 268 288 281 190
split_gain=1.82402e+06 4.75969e+06 2.98103e+06 5.41674e+06 1.67285e+06 2.57976e+06 2.46062e+06 1.88109e+06 1.81035e+06 3.57193e+06 2.69626e+06 1.85518e+06 4.4638e+06 5.44729e+06 2.2602e+06 1.78304e+06 1.87269e+06 1.65722e+06 1.95309e+06 1.57535e+06 1.55929e+06 1.97338e+06 1.53936e+06 1.96542e+06 1.48523e+06 2.15604e+06 2.03869e+06 2.10205e+06 1.72923e+06 1.52945e+06
threshold=2704.0000000000005 3359.0000000000005 624.75000000000011 -267.24999999999994 -1988.2499999999998 1480.4058837890627 601.75000000000011 6453.2500000000009 2432.7500000000005 1360.2500000000002 2979.0000000000005 1039.6253662109377 2111.5000000000005 1131.2500000000002 1603.7500000000002 1109.719909667969 776.22653198242199 -3624.9999999999995 619.04949951171886 619.04949951171886 4106.8200683593759 117.75000000000001 -3363.7499999999995 -253.24999999999997 -1726.7499999999998 357.25000000000006 -1432.2499999999998 206.75000000000003 283.75000000000006 2011.7500000000002
decision_type=2 2 2 2 2 2 2 2 2 2 2 2 2 2 2 2 2 2 2 2 2 2 2 2 2 2 2 2 2 2
left_child=1 4 -2 -4 -1 7 -7 8 11 -10 -11 15 13 14 20 17 -17 18 -6 -12 21 -13 23 -19 25 28 27 -26 -24 -28
right_child=2 -3 3 -5 5 6 -8 -9 9 10 19 12 -14 -15 -16 16 -18 22 -20 -21 -22 -23 24 -25 26 -27 29 -29 -30 -31
leaf_value=-6.8444727323028474 -2.464578086901934 -22.281791804234189 33.853231272744864 -2.0999505424499509 -0.9788211008322798 21.604418902926977 0.62924483891191152 -13.99341948827108 21.32234420118661 11.657672421525165 2.0761911241631759 -1.2450582360646811 13.905388217767081 -26.467272170384724 -19.553228158950805 1.5726529605686665 20.788372412182039 0.28163352409998577 -9.760947921742563 -13.397880225346007 4.4249452471733095 -15.860449916124345 -5.0317464783329235 15.862145357131959 0.56657903672943655 5.8008625984191902 0.11521927902033798 13.39706849476387 -20.824402694702151 -2.1179375999096499
leaf_weight=89 39 24 22 20 203 27 29 24 29 41 38 83 30 30 20 32 21 48 92 29 64 32 130 35 71 41 20180 58 20 797
leaf_count=89 39 24 22 20 203 27 29 24 29 41 38 83 30 30 20 32 21 48 92 29 64 32 130 35 71 41 20180 58 20 797
internal_value=3.24481e-08 -0.0271834 7.48955 16.7327 -0.00322477 0.0241969 10.7423 -0.00290316 0.0122737 5.74211 1.55853 -0.0234287 -4.23011 -6.60594 -3.61177 0.0267154 9.18643 0.00431796 -3.71765 -4.62154 -1.8306 -5.31195 0.0556735 6.85173 0.0291875 -4.3601 0.0689086 6.33533 -7.13743 0.0303727
internal_weight=22398 22317 81 42 22293 22204 56 22148 22124 137 108 21987 259 229 199 21728 53 21675 295 67 179 115 21380 83 21297 191 21106 129 150 20977
internal_count=22398 22317 81 42 22293 22204 56 22148 22124 137 108 21987 259 229 199 21728 53 21675 295 67 179 115 21380 83 21297 191 21106 129 150 20977
is_linear=0
shrinkage=0.05


end of trees

feature_importances:
Column_253=10
Column_260=10
Column_232=9
Column_255=9
Column_289=9
Column_268=8
Column_54=6
Column_282=6
Column_0=5
Column_33=5
Column_44=5
Column_57=5
Column_136=5
Column_239=5
Column_246=5
Column_266=5
Column_274=5
Column_275=5
Column_281=5
Column_53=4
Column_85=4
Column_86=4
Column_145=4
Column_159=4
Column_198=4
Column_234=4
Column_261=4
Column_276=4
Column_278=4
Column_283=4
Column_288=4
Column_81=3
Column_82=3
Column_89=3
Column_115=3
Column_124=3
Column_133=3
Column_134=3
Column_150=3
Column_155=3
Column_164=3
Column_177=3
Column_205=3
Column_225=3
Column_236=3
Column_254=3
Column_257=3
Column_270=3
Column_273=3
Column_2=2
Column_5=2
Column_19=2
Column_22=2
Column_31=2
Column_32=2
Column_34=2
Column_51=2
Column_58=2
Column_66=2
Column_90=2
Column_95=2
Column_103=2
Column_108=2
Column_110=2
Column_113=2
Column_114=2
Column_119=2
Column_135=2
Column_137=2
Column_156=2
Column_162=2
Column_163=2
Column_170=2
Column_173=2
Column_186=2
Column_191=2
Column_206=2
Column_211=2
Column_215=2
Column_226=2
Column_240=2
Column_241=2
Column_247=2
Column_248=2
Column_259=2
Column_262=2
Column_267=2
Column_269=2
Column_285=2
Column_292=2
Column_1=1
Column_3=1
Column_4=1
Column_12=1
Column_15=1
Column_17=1
Column_20=1
Column_46=1
Column_49=1
Column_50=1
Column_69=1
Column_71=1
Column_75=1
Column_76=1
Column_84=1
Column_96=1
Column_98=1
Column_106=1
Column_109=1
Column_120=1
Column_128=1
Column_138=1
Column_141=1
Column_146=1
Column_148=1
Column_149=1
Column_152=1
Column_153=1
Column_158=1
Column_166=1
Column_171=1
Column_176=1
Column_180=1
Column_183=1
Column_184=1
Column_187=1
Column_190=1
Column_192=1
Column_199=1
Column_201=1
Column_202=1
Column_203=1
Column_204=1
Column_219=1
Column_220=1
Column_227=1
Column_231=1
Column_238=1
Column_242=1
Column_243=1
Column_252=1
Column_265=1
Column_271=1
Column_287=1

parameters:
[boosting: gbdt]
[objective: regression]
[metric: l2]
[tree_learner: serial]
[device_type: cpu]
[data_sample_strategy: bagging]
[data: ]
[valid: ]
[num_iterations: 1000]
[learning_rate: 0.05]
[num_leaves: 31]
[num_threads: 0]
[seed: 42]
[deterministic: 1]
[force_col_wise: 0]
[force_row_wise: 0]
[histogram_pool_size: -1]
[max_depth: -1]
[min_data_in_leaf: 20]
[min_sum_hessian_in_leaf: 0.001]
[bagging_fraction: 1]
[pos_bagging_fraction: 1]
[neg_bagging_fraction: 1]
[bagging_freq: 0]
[bagging_seed: 400]
[bagging_by_query: 0]
[feature_fraction: 1]
[feature_fraction_bynode: 1]
[feature_fraction_seed: 30056]
[extra_trees: 0]
[extra_seed: 12879]
[early_stopping_round: 0]
[early_stopping_min_delta: 0]
[first_metric_only: 0]
[max_delta_step: 0]
[lambda_l1: 0]
[lambda_l2: 0]
[linear_lambda: 0]
[min_gain_to_split: 0]
[drop_rate: 0.1]
[max_drop: 50]
[skip_drop: 0.5]
[xgboost_dart_mode: 0]
[uniform_drop: 0]
[drop_seed: 17869]
[top_rate: 0.2]
[other_rate: 0.1]
[min_data_per_group: 100]
[max_cat_threshold: 32]
[cat_l2: 10]
[cat_smooth: 10]
[max_cat_to_onehot: 4]
[top_k: 20]
[monotone_constraints: ]
[monotone_constraints_method: basic]
[monotone_penalty: 0]
[feature_contri: ]
[forcedsplits_filename: ]
[refit_decay_rate: 0.9]
[cegb_tradeoff: 1]
[cegb_penalty_split: 0]
[cegb_penalty_feature_lazy: ]
[cegb_penalty_feature_coupled: ]
[path_smooth: 0]
[interaction_constraints: ]
[verbosity: -1]
[saved_feature_importance_type: 0]
[use_quantized_grad: 0]
[num_grad_quant_bins: 4]
[quant_train_renew_leaf: 0]
[stochastic_rounding: 1]
[linear_tree: 0]
[max_bin: 255]
[max_bin_by_feature: ]
[min_data_in_bin: 3]
[bin_construct_sample_cnt: 200000]
[data_random_seed: 175]
[is_enable_sparse: 1]
[enable_bundle: 1]
[use_missing: 1]
[zero_as_missing: 0]
[feature_pre_filter: 1]
[pre_partition: 0]
[two_round: 0]
[header: 0]
[label_column: ]
[weight_column: ]
[group_column: ]
[ignore_column: ]
[categorical_feature: ]
[forcedbins_filename: ]
[precise_float_parser: 0]
[parser_config_file: ]
[objective_seed: 16083]
[num_class: 1]
[is_unbalance: 0]
[scale_pos_weight: 1]
[sigmoid: 1]
[boost_from_average: 1]
[reg_sqrt: 0]
[alpha: 0.9]
[fair_c: 1]
[poisson_max_delta_step: 0.7]
[tweedie_variance_power: 1.5]
[lambdarank_truncation_level: 30]
[lambdarank_norm: 1]
[label_gain: ]
[lambdarank_position_bias_regularization: 0]
[eval_at: ]
[multi_error_top_k: 1]
[auc_mu_weights: ]
[num_machines: 1]
[local_listen_port: 12400]
[time_out: 120]
[machine_list_filename: ]
[machines: ]
[gpu_platform_id: -1]
[gpu_device_id: -1]
[gpu_device_id_list: ]
[gpu_use_dp: 0]
[num_gpu: 1]

end of parameters

pandas_categorical:null
