tree
version=v4
num_class=1
num_tree_per_iteration=1
label_index=0
max_feature_idx=293
objective=regression
feature_names=Column_0 Column_1 Column_2 Column_3 Column_4 Column_5 Column_6 Column_7 Column_8 Column_9 Column_10 Column_11 Column_12 Column_13 Column_14 Column_15 Column_16 Column_17 Column_18 Column_19 Column_20 Column_21 Column_22 Column_23 Column_24 Column_25 Column_26 Column_27 Column_28 Column_29 Column_30 Column_31 Column_32 Column_33 Column_34 Column_35 Column_36 Column_37 Column_38 Column_39 Column_40 Column_41 Column_42 Column_43 Column_44 Column_45 Column_46 Column_47 Column_48 Column_49 Column_50 Column_51 Column_52 Column_53 Column_54 Column_55 Column_56 Column_57 Column_58 Column_59 Column_60 Column_61 Column_62 Column_63 Column_64 Column_65 Column_66 Column_67 Column_68 Column_69 Column_70 Column_71 Column_72 Column_73 Column_74 Column_75 Column_76 Column_77 Column_78 Column_79 Column_80 Column_81 Column_82 Column_83 Column_84 Column_85 Column_86 Column_87 Column_88 Column_89 Column_90 Column_91 Column_92 Column_93 Column_94 Column_95 Column_96 Column_97 Column_98 Column_99 Column_100 Column_101 Column_102 Column_103 Column_104 Column_105 Column_106 Column_107 Column_108 Column_109 Column_110 Column_111 Column_112 Column_113 Column_114 Column_115 Column_116 Column_117 Column_118 Column_119 Column_120 Column_121 Column_122 Column_123 Column_124 Column_125 Column_126 Column_127 Column_128 Column_129 Column_130 Column_131 Column_132 Column_133 Column_134 Column_135 Column_136 Column_137 Column_138 Column_139 Column_140 Column_141 Column_142 Column_143 Column_144 Column_145 Column_146 Column_147 Column_148 Column_149 Column_150 Column_151 Column_152 Column_153 Column_154 Column_155 Column_156 Column_157 Column_158 Column_159 Column_160 Column_161 Column_162 Column_163 Column_164 Column_165 Column_166 Column_167 Column_168 Column_169 Column_170 Column_171 Column_172 Column_173 Column_174 Column_175 Column_176 Column_177 Column_178 Column_179 Column_180 Column_181 Column_182 Column_183 Column_184 Column_185 Column_186 Column_187 Column_188 Column_189 Column_190 Column_191 Column_192 Column_193 Column_194 Column_195 Column_196 Column_197 Column_198 Column_199 Column_200 Column_201 Column_202 Column_203 Column_204 Column_205 Column_206 Column_207 Column_208 Column_209 Column_210 Column_211 Column_212 Column_213 Column_214 Column_215 Column_216 Column_217 Column_218 Column_219 Column_220 Column_221 Column_222 Column_223 Column_224 Column_225 Column_226 Column_227 Column_228 Column_229 Column_230 Column_231 Column_232 Column_233 Column_234 Column_235 Column_236 Column_237 Column_238 Column_239 Column_240 Column_241 Column_242 Column_243 Column_244 Column_245 Column_246 Column_247 Column_248 Column_249 Column_250 Column_251 Column_252 Column_253 Column_254 Column_255 Column_256 Column_257 Column_258 Column_259 Column_260 Column_261 Column_262 Column_263 Column_264 Column_265 Column_266 Column_267 Column_268 Column_269 Column_270 Column_271 Column_272 Column_273 Column_274 Column_275 Column_276 Column_277 Column_278 Column_279 Column_280 Column_281 Column_282 Column_283 Column_284 Column_285 Column_286 Column_287 Column_288 Column_289 Column_290 Column_291 Column_292 Column_293
feature_infos=[-8401:9002.5] [-7144.5:9177.5] [-9050:8719.5] [-8058.5:8792.5] [-8396.474609375:11022.4248046875] [101.59349060058594:1576.9803466796875] [-7417.57958984375:9075.494140625] [-8057:8795] [-7124:8813.5] [-8706:8383.5] [-7557:8544] [-8345.4296875:10962.525390625] [101.59349060058594:1576.9803466796875] [-7400.572265625:9027.1767578125] [-7555.5:8544] [-7063.5:8860] [-8204.5:8430] [-7120.5:8595] [-8297.8701171875:10908.2998046875] [101.59349060058594:1576.9803466796875] [-7372.33837890625:8967.7509765625] [-7119:8597.5] [-7044:8680] [-8272.5:8208] [-7174:8655.5] [-8251.330078125:10856.150390625] [101.59349060058594:1576.9803466796875] [-7348.216796875:8939.365234375] [-7172.5:8656] [-6999:8737.5] [-8315:8180] [-7134.5:8285] [-8201.509765625:10800.0498046875] [101.59349060058594:1576.9803466796875] [-7322.92431640625:8866.05859375] [-7133:8285] [-7068:8920] [-8405:8227.5] [-7162.5:8527.5] [-8149.22998046875:10745.4501953125] [101.59349060058594:1576.9803466796875] [-7308.34033203125:8667.7353515625] [-7162:8530] [-7087:9197.5] [-7797.5:8475] [-7313.5:9017.5] [-8098.85009765625:10699.125] [101.59349060058594:1576.9803466796875] [-7288.71826171875:8467.078125] [-7312:9017.5] [-7066.5:9270] [-8129.5:8650] [-7749.5:8952.5] [-8049.85498046875:10652.375] [101.59349060058594:1576.9803466796875] [-7273.69873046875:8511.2080078125] [-7748:8952.5] [-6562:9362.5] [-8397:8932.5] [-7845.5:9097.5] [-8004.16015625:10607] [101.59349060058594:1576.9803466796875] [-7190.90771484375:8564.5068359375] [-7844:9100] [-6658:9182.5] [-8493:8497.5] [-7605.5:8915] [-7956.09521484375:10559.4248046875] [101.59349060058594:1576.9803466796875] [-7118.6435546875:8566.142578125] [-7604:8915] [-6760.5:9447.5] [-8253:8725] [-7139.5:9267.5] [-7909.5498046875:10513.5] [101.59349060058594:1576.9803466796875] [-7033.5849609375:8578.9931640625] [-7138:9267.5] [-6678.5:9280] [-7787:8632.5] [-7145.5:8942.5] [-7861.705078125:10467.8251953125] [101.59349060058594:1576.9803466796875] [-6944.62255859375:8612.0390625] [-7144:8945] [-6676:9330] [-7853:8782.5] [-7473:8982.5] [-7810.27490234375:10417.4501953125] [101.59349060058594:1576.9803466796875] [-6878.248046875:8645.7177734375] [-7471.5:8985] [-6501:9215] [-8120.5:8872.5] [-7136.5:9212.5] [-7786.5751953125:10370.25] [101.59349060058594:1576.9803466796875] [-6824.04345703125:8697.2431640625] [-7135:9104.5] [-6427:9262.5] [-7784:8932.5] [-6670.5:9157.5] [-7777.78515625:10325] [101.59349060058594:1576.9803466796875] [-6744.53955078125:8728.17578125] [-6669:9160] [-6241.5:9465] [-7127.5:8980] [-6485:9280] [-7766.68994140625:10284.400390625] [101.59349060058594:1576.9803466796875] [-6677.30859375:8778.341796875] [-6483.5:9282.5] [-6017.5:9950] [-7667.5:9227.5] [-6205.5:9770] [-7754.22021484375:10253.400390625] [101.59349060058594:1576.9803466796875] [-6600.55322265625:8868.4921875] [-6204:9770] [-6015.5:9782.5] [-7840:9135] [-6372:9242.5] [-7721.31494140625:10218] [101.59349060058594:1576.9803466796875] [-6365.27587890625:8902.4931640625] [-6370.5:9242.5] [-5996:9522.5] [-7610:8892.5] [-6676.5:9290] [-7681.73486328125:10174.8251953125] [101.59349060058594:1576.9803466796875] [-6300.216796875:8937.720703125] [-6675:9287.5] [-5951:9500] [-7324:9107.5] [-6620:9317.5] [-7636.759765625:10131.0498046875] [101.59349060058594:1576.9803466796875] [-6274.92431640625:8972.24609375] [-6618.5:9317.5] [-6291.5:9687.5] [-7267.5:9292.5] [-6400.5:9660] [-7593.6298828125:10092.2001953125] [101.59349060058594:1576.9803466796875] [-6260.34033203125:9034.76953125] [-6398.5:9662.5] [-6306:9695] [-6865:9212.5] [-6455.5:9305] [-7549.43994140625:10046.5] [101.59349060058594:1576.9803466796875] [-6240.71826171875:9059.3359375] [-6456.5:9302.5] [-6291:9317.5] [-6635:8520] [-6470:8767.5] [-7499.40478515625:9994.2998046875] [101.59349060058594:1576.9803466796875] [-6225.69873046875:9032.8056640625] [-6471:8770] [-6221.5:8950] [-6602:8300] [-6465:8550] [-7450:9943.0498046875] [101.59349060058594:1576.9803466796875] [-6142.90771484375:8988.9140625] [-6463.5:8552.5] [-6206.5:8710] [-6687.5:7865] [-6450:7970] [-7403.1748046875:9886.349609375] [101.59349060058594:1576.9803466796875] [-6070.6435546875:8896.28515625] [-6448.5:7970] [-5815:8392.5] [-7302.5:7670] [-6037.5:7810] [-7345.0498046875:9838] [101.59349060058594:1576.9803466796875] [-5985.5849609375:8797.5322265625] [-6036:7807.5] [-5733:8102.5] [-6710:7595] [-5979:7767.5] [-7281.53515625:9797.875] [101.59349060058594:1576.9803466796875] [-5896.62255859375:8703.892578125] [-5980:7767.5] [-5766.5:7977.5] [-6285:7492.5] [-5974:7502.5] [-7221.23486328125:9755.599609375] [101.59349060058594:1576.9803466796875] [-5830.248046875:8594.67578125] [-5972.5:7502.5] [-5684.5:7610] [-6102.5:6407.5] [-5930.5:6855] [-7160.7001953125:9705.9501953125] [101.59349060058594:1576.9803466796875] [-5776.04345703125:8436.5234375] [-5931.5:6850] [-5682:6910] [-6327.5:5862.5] [-5925.5:6215] [-7098.35009765625:9645.1748046875] [101.59349060058594:1576.9803466796875] [-5696.53955078125:8234.56640625] [-5924:6215] [-4788:6882.5] [-5955:6075] [-4969:6175] [-7034.10498046875:9579.724609375] [101.59349060058594:1576.9803466796875] [-5629.30859375:8047.3330078125] [-4967.5:6172.5] [-4755.5:6262.5] [-5616.5:4767.5] [-5242.5:5237.5] [-6973.41015625:9497.275390625] [101.59349060058594:1576.9803466796875] [-5552.55322265625:7791.8935546875] [-5242.5:5240] [-4462.5:5702.5] [-6150:5020] [-4890:5280] [-6912.97509765625:9411.1748046875] [101.59349060058594:1576.9803466796875] [-5317.27587890625:7563.53955078125] [-4882.5:5280] [-4235:5595] [-5600:4532.5] [-4937.5:4695] [-6850.96484375:9319.900390625] [101.59349060058594:1576.9803466796875] [-5069.38720703125:7278.4453125] [-4936:4695] [-4035:5857.5] [-5585:4685] [-4640:5227.5] [-6786.6650390625:9237.775390625] [101.59349060058594:1576.9803466796875] [-4798.76123046875:7091.99560546875] [-4647.5:5225] [-4595:5805] [-5747.5:4535] [-4992.5:4540] [-6720.18017578125:9145] [101.59349060058594:1576.9803466796875] [-4532.7373046875:6859.99609375] [-4997.5:4540] [-4230:5297.5] [-5565:4400] [-4490:5147.5] [-6648.26513671875:9058.525390625] [101.59349060058594:1576.9803466796875] [-4290.0791015625:6704.314453125] [-4495:5147.5] [-3637.5:5197.5] [-4972.5:3602] [-3997.5:4675.5] [-6574.80517578125:8967.525390625] [101.59349060058594:1576.9803466796875] [-4022.890380859375:6503.6953125] [-3996:4677] [-3428.5:5622.5] [-4645:4667.5] [-3446.5:5142.5] [-6498.52490234375:8883.125] [101.59349060058594:1576.9803466796875] [-3788.854736328125:6379.9501953125] [-3446.5:5137.5] [-3347:5157.5] [-4635:4878.5] [-3375:5102.5] [-6423.0048828125:8783.7998046875] [101.59349060058594:1576.9803466796875] [-3573.09521484375:6135.181640625] [-3556.5:5103] [-3399:6013.5] [-4097:3127] [-3429:4117.5] [-6346.5400390625:8676.9248046875] [101.59349060058594:1576.9803466796875] [-3299.632080078125:5822.2109375] [-3430.5:4114.5] [0:4883] [-3620:0] none [-6267.39013671875:8548.2998046875] [101.59349060058594:1576.9803466796875] [-2999.66552734375:5292.9189453125]
tree_sizes=2844 2849 2882 2846 2883 2851 2828 2816 2852 2871 2803 2782 2848 2805 2801 2816 2788 2793

Tree=0
num_leaves=31
num_cat=0
split_feature=20 229 289 275 267 288 169 282 129 267 276 289 4 292 227 262 272 106 286 149 47 149 155 169 26 278 274 12 236 46
split_gain=4.40329e+06 3.40457e+06 3.52621e+06 3.37978e+06 1.82827e+06 3.20097e+06 2.14257e+06 1.91915e+06 1.75743e+06 2.11936e+06 1.50956e+06 1.32279e+06 1.26165e+06 1.25926e+06 1.25907e+06 2.02211e+06 1.62255e+06 1.78898e+06 1.33443e+06 1.33179e+06 1.19177e+06 1.08221e+06 1.05218e+06 1.57249e+06 2.10693e+06 1.91473e+06 1.38382e+06 1.20167e+06 1.99643e+06 1.18959e+06
threshold=5237.4047851562509 553.73107910156261 -722.24999999999989 270.75000000000006 2094.5000000000005 1319.2500000000002 3553.7500000000005 548.50000000000011 4407.2500000000009 571.25000000000011 948.25000000000011 -75.249999999999986 2858.359985351563 367.24668884277349 1939.0000000000002 362.25000000000006 1654.1351318359377 2302.7500000000005 1692.2800292968752 2027.2500000000002 441.64888000488287 2128.5000000000005 3324.2500000000005 2409.7500000000005 332.84393310546881 719.73504638671886 692.75000000000011 1012.183807373047 852.46588134765636 5482.8801269531259
decision_type=2 2 2 2 2 2 2 2 2 2 2 2 2 2 2 2 2 2 2 2 2 2 2 2 2 2 2 2 2 2
left_child=4 -2 -3 -4 5 6 11 10 9 -8 -6 14 -11 -13 16 -16 22 -18 20 -19 -17 -20 23 27 -25 26 -26 29 -29 -1
right_child=1 2 3 -5 7 -7 8 -9 -10 12 -12 13 -14 -15 15 18 17 19 21 -21 -22 -23 -24 24 25 -27 -28 28 -30 -31
leaf_value=-0.58518940672620801 28.629313356375359 23.679313666319512 7.9552428949065384 -17.325686791444163 12.194313518499992 -15.285408436693425 0.49306325271510454 19.556106992199808 3.2796016858666048 -10.667513588709436 -6.0771290356804499 -0.15641207871874677 -27.145031527497995 1.3716248390063412 -7.3631867330316112 5.4261880583521318 -19.600118561508776 -14.016460312367959 -8.4419365577939551 0.86193102179214587 18.371969749426505 6.1380632882557631 -9.9202699483477463 16.415563038483921 -5.3838026212962529 15.264492132162712 7.5372297528342997 -17.475686916103022 -0.47082573384477722 7.7413190439115525
leaf_weight=17625 20 20 39 20 20 36 23 23 26 26 26 5001 21 1846 32 40 22 21 20 53 32 35 30 30 67 21 30 28 45 43
leaf_count=17625 20 20 39 20 20 36 23 23 26 26 26 5001 21 1846 32 40 22 21 20 53 32 35 30 30 67 21 30 28 45 43
internal_value=-0.323092 10.2011 5.53578 -0.614564 -0.364401 -0.386697 -0.365343 7.76335 -7.82074 -11.9437 1.86698 -0.336738 -18.0298 0.255558 -0.559883 3.86995 -0.598981 -7.08194 6.70035 -3.36032 11.1799 0.836245 -0.564249 -0.548559 4.58394 1.5759 -1.38761 -0.591376 -6.99324 -0.564925
internal_weight=25321 99 79 59 25222 25153 25117 69 96 70 46 25021 47 6847 18174 159 18015 96 127 74 72 55 17919 17889 148 118 97 17741 73 17668
internal_count=25321 99 79 59 25222 25153 25117 69 96 70 46 25021 47 6847 18174 159 18015 96 127 74 72 55 17919 17889 148 118 97 17741 73 17668
is_linear=0
shrinkage=1


Tree=1
num_leaves=31
num_cat=0
split_feature=20 289 110 267 288 169 282 129 267 276 282 261 257 82 12 155 182 283 287 48 248 240 227 208 246 29 107 232 275 246
split_gain=3.97397e+06 3.11981e+06 4.9684e+06 1.65001e+06 2.88888e+06 1.93367e+06 1.73204e+06 1.58608e+06 1.91272e+06 1.36238e+06 1.26267e+06 1.77396e+06 1.55676e+06 2.27315e+06 1.86062e+06 1.63661e+06 1.48369e+06 1.74182e+06 1.33392e+06 3.3094e+06 1.60832e+06 1.37968e+06 1.27383e+06 1.56423e+06 1.2362e+06 1.23219e+06 1.21055e+06 1.63557e+06 1.35905e+06 1.1628e+06
threshold=5237.4047851562509 -722.24999999999989 587.72634887695324 2094.5000000000005 1319.2500000000002 3553.7500000000005 548.50000000000011 4407.2500000000009 571.25000000000011 948.25000000000011 -337.24999999999994 9.2500000000000018 719.73504638671886 904.46777343750011 904.46777343750011 341.75000000000006 1861.2500000000002 -426.24999999999994 37.750000000000007 1779.4002685546877 1473.0000000000002 947.25000000000011 1939.0000000000002 400.88095092773443 1345.7500000000002 432.00000000000006 964.25000000000011 1353.0000000000002 -80.749999999999986 1186.2500000000002
decision_type=2 2 2 2 2 2 2 2 2 2 2 2 2 2 2 2 2 2 2 2 2 2 2 2 2 2 2 2 2 2
left_child=3 -2 -3 4 5 10 9 8 -7 -5 11 16 14 -14 22 -15 26 -18 20 -20 21 -13 -12 -24 -23 -16 27 -1 -28 -19
right_child=1 2 -4 6 -6 7 -8 -9 -10 -11 12 18 13 15 25 -17 17 29 19 -21 -22 24 23 -25 -26 -27 28 -29 -30 -31
leaf_value=-0.24403974080335336 26.132664224375851 16.926904315483281 -8.7214293352195202 11.891534023284912 -14.214201683468289 0.77534693427707846 18.88523761811464 3.4225584779794405 -16.821381963821167 -5.4663358695231956 0.12586088191214306 -1.8336914208894564 7.4433604545063448 -14.768284363096411 -1.985041707212275 2.2101291465759281 17.813263716905013 -1.6696358108520508 -2.8292962413394092 -24.510735863447191 7.7245233584672981 -16.844925475915272 -1.0597942465772996 10.615229181200267 -4.1860337557616054 -18.917607239314489 -2.1779466685894007 12.580759468078615 -14.613490229067594 12.40890516281128
leaf_weight=4454 23 41 35 20 36 23 23 26 47 26 18776 558 162 22 22 40 23 55 66 24 39 30 52 64 54 21 491 25 23 20
leaf_count=4454 23 41 35 20 36 23 23 26 47 26 18776 558 162 22 22 40 23 55 66 24 39 30 52 64 54 21 491 25 23 20
internal_value=-4.59667e-08 9.99802 5.11517 -0.0392437 -0.0604251 -0.0401386 7.68212 -7.12277 -11.0396 2.08056 -0.0129641 -0.655099 0.183507 4.32735 0.134486 -3.81447 -0.31661 5.77605 -2.89018 -8.61101 -2.13412 -2.73301 0.158132 5.3816 -8.70707 -10.2544 -0.436194 -0.172457 -2.7344 2.08464
internal_weight=25321 99 76 25222 25153 25117 69 96 70 46 25021 5862 19159 224 18935 62 5091 98 771 90 681 642 18892 116 84 43 4993 4479 514 75
internal_count=25321 99 76 25222 25153 25117 69 96 70 46 25021 5862 19159 224 18935 62 5091 98 771 90 681 642 18892 116 84 43 4993 4479 514 75
is_linear=0
shrinkage=0.05


Tree=2
num_leaves=31
num_cat=0
split_feature=20 229 289 275 267 288 169 234 195 291 289 285 233 288 56 227 272 108 211 96 62 5 43 143 273 213 260 19 260 106
split_gain=3.58651e+06 2.92851e+06 2.85457e+06 2.99786e+06 1.48914e+06 2.60721e+06 1.74514e+06 1.67402e+06 1.46266e+06 2.28472e+06 1.17029e+06 1.17823e+06 1.14548e+06 1.0561e+06 1.03276e+06 1.29213e+06 1.35122e+06 1.62405e+06 1.30969e+06 1.42824e+06 1.21005e+06 1.36446e+06 1.12911e+06 1.24259e+06 2.06237e+06 1.13262e+06 1.13426e+06 1.86454e+06 1.3832e+06 1.40115e+06
threshold=5237.4047851562509 553.73107910156261 -722.24999999999989 270.75000000000006 2094.5000000000005 1319.2500000000002 3553.7500000000005 2658.2500000000005 4044.8466796875005 3423.652465820313 -75.249999999999986 630.97421264648449 -1493.2499999999998 620.25000000000011 4414.2500000000009 1939.0000000000002 1654.1351318359377 2082.7500000000005 2837.5000000000005 569.17248535156261 3832.134887695313 408.32109069824224 3789.2500000000005 2299.2500000000005 -355.24999999999994 2134.7500000000005 197.25000000000003 1012.183807373047 -184.74999999999997 2365.7500000000005
decision_type=2 2 2 2 2 2 2 2 2 2 2 2 2 2 2 2 2 2 2 2 2 2 2 2 2 2 2 2 2 2
left_child=4 -2 -3 -4 5 6 10 13 9 -8 14 -12 -13 -6 15 16 20 -18 19 -17 22 -22 23 25 -25 26 28 -28 29 -1
right_child=1 2 3 -5 7 -7 8 -9 -10 -11 11 12 -14 -15 -16 18 17 -19 -20 -21 21 -23 -24 24 -26 -27 27 -29 -30 -31
leaf_value=-0.52895567566934432 26.589395685195925 21.495651168823244 7.7086042110736557 -16.101119019985202 -7.4576330614089974 -13.503491560618082 -4.5725656678941515 16.444555244774655 2.3875089450677236 -24.54552354415258 0.46824708948292737 15.828430760943371 2.9438629568486974 8.791183891296388 -7.1916452425830775 3.7261415528994735 -18.581109619140626 -2.5872630482453567 -5.1238338930853482 16.606938212258477 0.066926060668353382 11.598127830546836 -6.819656251027034 19.091988818645479 2.025156817188511 9.6137392833315101 -0.69877558541000306 -11.803654903173447 0.56358066605901935 -10.870267521251332
leaf_weight=4405 20 20 39 20 20 36 45 29 30 21 6755 23 69 20 53 93 21 65 29 28 58 46 65 20 154 29 7160 38 5877 33
leaf_count=4405 20 20 39 20 20 36 45 29 30 21 6755 23 69 20 53 93 21 65 29 28 58 46 65 20 154 29 7160 38 5877 33
internal_value=-8.90021e-09 9.49812 5.17122 -0.362488 -0.0372815 -0.0574038 -0.0381316 7.29802 -6.76663 -10.9276 -0.0123159 0.544792 6.165 0.666775 -0.222205 -0.20182 -0.240394 -6.49274 4.41956 6.70682 -0.21033 5.16727 -0.241783 -0.217649 3.98686 -0.259353 -0.275702 -0.757401 0.0604358 -0.605851
internal_weight=25321 99 79 59 25222 25153 25117 69 96 66 25021 6847 92 40 18174 18121 17971 86 150 121 17885 104 17781 17716 174 17542 17513 7198 10315 4438
internal_count=25321 99 79 59 25222 25153 25117 69 96 66 25021 6847 92 40 18174 18121 17971 86 150 121 17885 104 17781 17716 174 17542 17513 7198 10315 4438
is_linear=0
shrinkage=0.05


Tree=3
num_leaves=31
num_cat=0
split_feature=20 229 289 275 267 288 169 206 120 289 253 241 282 262 227 145 238 269 257 82 201 197 155 11 252 232 238 239 240 156
split_gain=3.23683e+06 2.64298e+06 2.57625e+06 2.70557e+06 1.34394e+06 2.35301e+06 1.57499e+06 1.54674e+06 1.8949e+06 1.38284e+06 1.28556e+06 1.18283e+06 1.10329e+06 1.61653e+06 1.75983e+06 1.86325e+06 2.93716e+06 1.70074e+06 1.38583e+06 1.98193e+06 1.71558e+06 2.22065e+06 1.45156e+06 1.28696e+06 1.64673e+06 1.09827e+06 1.26664e+06 1.73005e+06 1.08836e+06 2.25461e+06
threshold=5237.4047851562509 553.73107910156261 -722.24999999999989 270.75000000000006 2094.5000000000005 1319.2500000000002 3553.7500000000005 2376.5000000000005 3808.5000000000005 -90.249999999999986 1638.2500000000002 1091.5000000000002 -337.24999999999994 401.75000000000006 1939.0000000000002 537.77215576171886 1121.7500000000002 608.75000000000011 719.73504638671886 904.46777343750011 661.46316528320324 1561.2500000000002 341.75000000000006 5658.3276367187509 967.75000000000011 1236.2500000000002 675.25000000000011 668.25000000000011 1504.2500000000002 2069.2500000000005
decision_type=2 2 2 2 2 2 2 2 2 2 2 2 2 2 2 2 2 2 2 2 2 2 2 2 2 2 2 2 2 2
left_child=4 -2 -3 -4 5 6 12 -6 -9 10 11 -8 13 -1 15 -15 17 -17 20 -20 23 25 -21 28 -25 26 27 -22 -14 -30
right_child=1 2 3 -5 7 -7 9 8 -10 -11 -12 -13 18 14 -16 16 -18 -19 19 22 21 -23 -24 24 -26 -27 -28 -29 29 -31
leaf_value=-0.38068384241477093 25.259926075935365 20.420869035720827 7.3231737576998199 -15.296063414216043 -2.4036506758795846 -12.828316884570652 -13.625945732593536 23.061424394087361 1.7966097092628481 4.2626936539359717 -18.208349210875376 2.6877747917175294 0.12707925890500141 -2.6447402553170321 7.3144302255967091 -11.062915887931984 -27.226741845267163 5.9972521918160577 6.9912490211956113 -13.836692352728413 -3.7470189096101749 -16.750011154015862 2.1530528044700623 -1.8811068507758055 16.547205160282278 8.9228998470306404 -13.893446964263916 11.248511357740924 8.7836326419679747 -5.6268420821742007
leaf_weight=5440 20 20 39 20 27 36 20 22 20 23 28 25 18503 298 34 48 21 21 162 22 153 30 40 22 27 20 25 22 95 38
leaf_count=5440 20 20 39 20 27 36 20 22 20 23 28 25 18503 298 34 48 21 21 162 22 153 30 40 22 27 20 25 22 95 38
internal_value=4.60015e-08 9.02322 4.91266 -0.344364 -0.0354174 -0.0545335 -0.036225 6.93312 12.9353 -6.4283 -9.79669 -4.56277 -0.0117 -0.611942 -3.59308 -4.5489 -10.8538 -5.87069 0.171953 4.08168 0.125701 -3.98882 -3.52073 0.180753 8.27327 -2.24866 -3.36581 -1.86187 0.159475 4.66635
internal_weight=25321 99 79 59 25222 25153 25117 69 42 96 73 45 25021 5862 422 388 90 69 19159 224 18935 250 62 18685 49 220 200 175 18636 133
internal_count=25321 99 79 59 25222 25153 25117 69 42 96 73 45 25021 5862 422 388 90 69 19159 224 18935 250 62 18685 49 220 200 175 18636 133
is_linear=0
shrinkage=0.05


Tree=4
num_leaves=31
num_cat=0
split_feature=20 229 198 289 292 58 104 264 288 119 215 287 137 275 82 187 234 127 287 260 195 282 191 265 269 278 261 211 260 105
split_gain=2.92123e+06 2.38529e+06 2.42772e+06 1.2608e+06 1.91792e+06 1.8839e+06 1.40547e+06 2.7978e+06 2.10801e+06 1.99426e+06 2.09443e+06 1.71606e+06 1.28954e+06 1.08877e+06 1.06736e+06 1.03156e+06 1.0227e+06 1.60208e+06 1.33296e+06 1.06895e+06 1.38463e+06 1.25597e+06 1.60908e+06 2.13507e+06 1.4566e+06 1.71294e+06 1.28892e+06 1.21127e+06 1.18205e+06 1.30171e+06
threshold=5237.4047851562509 553.73107910156261 1403.0000000000002 -75.249999999999986 601.57815551757824 4190.7500000000009 3514.071655273438 700.57888793945324 1319.2500000000002 3178.5000000000005 619.95794677734386 -143.74999999999997 4416.9699707031259 60.250000000000007 553.73107910156261 661.46316528320324 1822.7500000000002 1753.2500000000002 380.25000000000006 197.25000000000003 2226.048217773438 -312.74999999999994 -1049.2499999999998 -232.93109893798825 -524.74999999999989 594.14135742187511 -317.74999999999994 2027.7500000000002 -184.74999999999997 2246.2500000000005
decision_type=2 2 2 2 2 2 2 2 2 2 2 2 2 2 2 2 2 2 2 2 2 2 2 2 2 2 2 2 2 2
left_child=3 -2 -3 5 15 6 8 11 9 16 -11 -8 -7 -4 -9 -5 19 -18 -19 20 28 22 23 26 25 -24 -21 -26 29 -1
right_child=1 2 13 4 -6 12 7 14 -10 10 -12 -13 -14 -15 -16 -17 17 18 -20 21 -22 -23 24 -25 27 -27 -28 -29 -30 -31
leaf_value=-0.4727593753523105 23.996930067539218 19.233689444405695 5.567880633473397 0.47348566629908462 6.3784284837004073 -2.3929992610333013 -7.9532585134873024 7.7536972761154175 -13.963938495091028 -3.409967784086863 -21.539273437148051 5.0074138306282663 -14.654472447730399 -8.2071064343819256 24.088899896144866 -7.2956330737402268 13.323388230460033 4.2856087223077433 -8.6041489874875108 2.058864677653593 11.849674675941468 -0.3750955488293215 -1.0726968143667495 -19.858314616863545 -1.4799207401265324 17.818100366138278 -8.0179836469746775 -10.438994278663245 0.53208700249942154 -10.440238959861524
leaf_weight=4421 20 21 32 6703 138 51 39 20 28 66 21 74 37 26 20 43 35 78 27 51 25 6049 28 26 1156 21 84 39 5909 33
leaf_count=4421 20 21 32 6703 138 51 39 20 28 66 21 74 37 26 20 43 35 78 27 51 25 6049 28 26 1156 21 84 39 5909 33
internal_value=-1.34789e-08 8.57206 4.66702 -0.0336466 0.54333 -0.250241 -0.21505 4.55702 -0.255395 -0.234152 -7.78601 0.534261 -7.54839 -0.607114 15.9213 0.423964 -0.197615 4.05917 0.9711 -0.231016 0.0968181 -0.687891 -2.03458 -6.73804 -1.42586 7.02336 -4.21117 -1.77231 0.0684652 -0.546609
internal_weight=25321 99 79 25222 6884 18338 18250 153 18097 18069 87 113 88 58 40 6746 17982 140 105 17842 10388 7454 1405 161 1244 49 135 1195 10363 4454
internal_count=25321 99 79 25222 6884 18338 18250 153 18097 18069 87 113 88 58 40 6746 17982 140 105 17842 10388 7454 1405 161 1244 49 135 1195 10363 4454
is_linear=0
shrinkage=0.05


Tree=5
num_leaves=31
num_cat=0
split_feature=234 283 288 33 252 256 192 281 124 268 261 128 54 94 177 269 8 131 12 180 31 61 155 3 54 89 175 190 2 164
split_gain=2.80486e+06 6.22572e+06 1.60417e+06 2.28408e+06 1.57095e+06 1.55042e+06 2.69785e+06 2.01796e+06 1.63222e+06 1.26618e+06 1.17533e+06 1.08435e+06 2.04224e+06 1.49103e+06 1.03997e+06 1.73527e+06 1.50687e+06 1.78341e+06 1.43001e+06 1.2066e+06 1.11676e+06 887673 2.27596e+06 1.51619e+06 2.37423e+06 1.21413e+06 1.5785e+06 1.58804e+06 1.16742e+06 1.29718e+06
threshold=2658.2500000000005 866.25000000000011 1319.2500000000002 446.27917480468756 2333.7500000000005 4185.3376464843759 1704.2500000000002 297.75000000000006 529.70809936523449 235.50000000000003 1215.5000000000002 3128.0000000000005 320.37263488769537 3786.7500000000005 1737.0000000000002 -465.74999999999994 2691.7500000000005 553.73107910156261 601.57815551757824 396.73001098632818 4124.2500000000009 534.11987304687511 -3018.9999999999995 3218.2500000000005 601.57815551757824 502.09635925292974 1598.2500000000002 1310.2500000000002 -1037.2499999999998 692.75000000000011
decision_type=2 2 2 2 2 2 2 2 2 2 2 2 2 2 2 2 2 2 2 2 2 2 2 2 2 2 2 2 2 2
left_child=2 10 4 -4 5 11 -7 -8 -9 -10 -2 14 -13 -14 20 -16 18 19 -17 -18 21 25 -23 28 -25 -1 27 -27 29 -24
right_child=1 -3 3 -5 -6 6 7 8 9 -11 -12 12 13 -15 15 16 17 -19 -20 -21 -22 22 23 24 -26 26 -28 -29 -30 -31
leaf_value=-0.044536934463994343 -6.3196667960195834 28.900028366512721 -21.454878870646159 1.8652296020871117 -11.645557905065603 17.06781636344062 14.397862980582497 6.0304374294896279 0.4974455773830414 -16.381247131347656 7.4775017553362346 -18.800568470500764 -11.954086126599995 1.2574806181589764 14.800034416638889 2.591822180344904 -3.9796414594089287 -13.643298639569963 14.259586627074871 4.8171669661998751 6.9376205879345285 -17.797732696533203 -0.26710176971487848 -2.6440400368288945 15.149770754414636 1.7505286255932373 -9.338299382527671 10.791663411718149 -2.0478789011302942 6.731226893266042
leaf_weight=21197 33 27 21 21 29 36 22 31 20 25 29 21 28 90 26 278 85 28 29 72 57 20 824 38 37 736 30 52 1307 72
leaf_count=21197 33 27 21 21 29 36 22 31 20 25 29 21 28 90 26 278 85 28 29 72 57 20 824 38 37 736 30 52 1307 72
internal_value=5.27932e-08 8.86067 -0.0312539 -9.79482 -0.0149748 -0.00156966 5.36236 1.06239 -2.79788 -8.87961 0.133848 -0.0302893 -4.43419 -1.87747 -0.00569338 2.21122 1.54595 -2.01863 3.69399 0.0545637 -0.0528152 -0.0692037 -1.00431 -0.856871 6.13424 0.028406 1.91859 2.34715 -1.09488 0.295264
internal_weight=25321 89 25232 42 25190 25161 134 98 76 45 62 25027 139 118 24888 518 492 185 307 157 24370 24313 2298 2278 75 22015 818 788 2203 896
internal_count=25321 89 25232 42 25190 25161 134 98 76 45 62 25027 139 118 24888 518 492 185 307 157 24370 24313 2298 2278 75 22015 818 788 2203 896
is_linear=0
shrinkage=0.05


Tree=6
num_leaves=31
num_cat=0
split_feature=219 288 289 182 138 83 73 109 288 41 206 240 233 272 143 283 144 286 177 0 278 210 204 40 168 184 245 292 110 163
split_gain=2.61241e+06 4.20952e+06 1.92827e+06 1.17995e+06 4.06106e+06 3.55406e+06 3.14585e+06 2.66273e+06 2.01318e+06 1.28805e+06 1.31681e+06 1.34407e+06 1.04231e+06 1.38939e+06 2.47664e+06 2.8571e+06 1.26182e+06 957586 884103 1.33762e+06 1.4236e+06 1.21281e+06 953372 918032 2.36102e+06 1.73642e+06 1.68274e+06 1.15063e+06 877439 865685
threshold=2654.7500000000005 1092.7500000000002 -263.24999999999994 2812.0000000000005 525.18084716796886 5001.1174316406259 2782.2500000000005 5139.5576171875009 1319.2500000000002 3314.729125976563 1400.2500000000002 749.25000000000011 1615.2500000000002 1654.1351318359377 2406.2500000000005 284.75000000000006 -353.52499389648432 1692.2800292968752 1737.0000000000002 4390.2500000000009 619.95794677734386 1940.5000000000002 2120.5000000000005 852.46588134765636 1107.2500000000002 210.75000000000003 -547.24999999999989 1012.183807373047 269.58078002929693 389.25000000000006
decision_type=2 2 2 2 2 2 2 2 2 2 2 2 2 2 2 2 2 2 2 2 2 2 2 2 2 2 2 2 2 2
left_child=3 2 -2 7 -5 6 -6 8 12 -9 -11 -12 13 18 15 -15 -14 -18 21 20 28 22 23 27 25 26 -25 -1 -20 -27
right_child=1 -3 -4 4 5 -7 -8 9 -10 10 11 -13 16 14 -16 -17 17 -19 19 -21 -22 -23 -24 24 -26 29 -28 -29 -30 -31
leaf_value=-0.038195419976299237 10.104292144002143 26.922638246287473 -6.5200718099420731 1.255999083851659 -7.5518623971939096 2.4157764911651611 -34.401903561751048 -1.8127620229354271 -13.680092557271323 17.274961031937018 -4.6416594934463502 13.689143719673158 15.26535801660447 -28.128334967295331 2.0277778080531532 -1.7225072669982913 4.7559707629314643 -3.602024625272167 10.975818929672242 -10.150307493209839 12.145966639885536 -7.2224715972350824 8.085643916659885 -10.652775180339814 8.0795893372251442 -21.632412133898058 0.53517701350082869 10.289447417082611 1.1994077940923826 -7.097335330247879
leaf_weight=23910 37 23 33 129 20 22 24 26 27 41 20 20 21 21 42 20 114 49 25 20 39 59 36 49 39 21 107 27 280 20
leaf_count=23910 37 23 33 129 20 22 24 26 27 41 20 20 21 21 42 20 114 49 25 20 39 59 36 49 39 21 107 27 280 20
internal_value=4.81951e-09 8.3647 2.26709 -0.0308355 -3.90519 -13.993 -22.1973 -0.000655336 -0.0344418 7.87001 10.9781 4.52374 -0.0196447 -0.0475577 -6.50577 -15.2474 3.72964 2.24344 -0.0257961 2.4201 3.15094 -0.0624825 -0.0450328 -0.0571416 -3.16036 -5.38553 -2.97899 -0.0265462 2.00075 -14.5421
internal_weight=25321 93 70 25228 195 66 44 25033 24926 107 81 40 24899 24715 83 41 184 163 24632 364 344 24268 24209 24173 236 197 156 23937 305 41
internal_count=25321 93 70 25228 195 66 44 25033 24926 107 81 40 24899 24715 83 41 184 163 24632 364 344 24268 24209 24173 236 197 156 23937 305 41
is_linear=0
shrinkage=0.05


Tree=7
num_leaves=31
num_cat=0
split_feature=219 288 289 182 138 83 73 109 288 41 135 6 227 274 272 276 286 103 128 177 184 30 266 26 212 206 131 144 12 236
split_gain=2.3577e+06 3.79909e+06 1.74026e+06 1.0649e+06 3.66511e+06 3.20754e+06 2.83913e+06 2.40311e+06 1.8169e+06 1.16246e+06 1.20996e+06 1.28893e+06 976866 1.62558e+06 1.43863e+06 1.59871e+06 1.24761e+06 1.35258e+06 1.01371e+06 861074 1.6495e+06 1.60801e+06 1.40804e+06 1.20139e+06 1.2233e+06 1.24963e+06 1.0341e+06 887844 877003 2.07959e+06
threshold=2654.7500000000005 1092.7500000000002 -263.24999999999994 2812.0000000000005 525.18084716796886 5001.1174316406259 2782.2500000000005 5139.5576171875009 1319.2500000000002 3314.729125976563 3033.7500000000005 4431.4851074218759 1939.0000000000002 309.75000000000006 1654.1351318359377 294.25000000000006 1692.2800292968752 502.09635925292974 2418.2500000000005 1667.0000000000002 1455.2500000000002 3676.5000000000005 -246.74999999999997 425.21127319335943 399.25000000000006 1854.7500000000002 382.58738708496099 2654.277465820313 1012.183807373047 852.46588134765636
decision_type=2 2 2 2 2 2 2 2 2 2 2 2 2 2 2 2 2 2 2 2 2 2 2 2 2 2 2 2 2 2
left_child=3 2 -2 7 -5 6 -6 8 12 -9 11 -11 14 -14 19 -16 17 -15 -18 20 28 22 26 24 -22 -26 -21 -25 -1 -30
right_child=1 -3 -4 4 5 -7 -8 9 -10 10 -12 -13 13 16 15 -17 18 -19 -20 21 23 -23 -24 27 25 -27 -28 -29 29 -31
leaf_value=0.0052641087845900266 9.5990777995135339 25.57650665614916 -6.1940681919907083 1.1931991695433624 -7.1742693996429443 2.2949875549836594 -32.681808165709178 -1.7221238755262815 -12.996087692402028 8.0746811257826305 -0.24324072301387789 22.952647840976717 -8.612016970461065 5.2398498492581504 -16.488920376035903 -2.0777357702824606 -6.7668469199427852 18.699028577123368 8.0849425220489515 4.1593795079451343 -16.255733854075274 -8.1273553303309853 1.9583899837802488 5.5619495980879847 -2.8040545652959157 -14.547462433118088 18.713901785145634 -4.8689835127662207 -14.196927601595721 1.7005059172709782
leaf_weight=23812 37 23 33 129 20 22 24 26 27 37 20 24 22 56 27 67 27 28 20 26 24 35 361 51 176 26 23 34 36 48
leaf_count=23812 37 23 33 129 20 22 24 26 27 37 20 24 22 56 27 67 27 28 20 26 24 35 361 51 176 26 23 34 36 48
internal_value=-1.2875e-08 7.94647 2.15374 -0.0292937 -3.70993 -13.2933 -21.0875 -0.000622588 -0.0327197 7.47651 10.4292 13.9283 -0.0186625 3.96427 -0.0432883 -6.21712 6.07632 9.72624 -0.446937 -0.019747 -0.0598128 2.15974 3.03791 -3.67772 -5.58356 -4.31558 10.9911 1.38958 -0.0127267 -5.11268
internal_weight=25321 93 70 25228 195 66 44 25033 24926 107 81 61 24899 153 24746 94 131 84 47 24652 24207 445 410 311 226 202 49 85 23896 84
internal_count=25321 93 70 25228 195 66 44 25033 24926 107 81 61 24899 153 24746 94 131 84 47 24652 24207 445 410 311 226 202 49 85 23896 84
is_linear=0
shrinkage=0.05


Tree=8
num_leaves=31
num_cat=0
split_feature=13 192 226 269 289 292 58 292 125 257 288 119 15 127 271 89 288 177 282 268 187 292 260 191 168 220 219 5 276 107
split_gain=2.14735e+06 2.06188e+06 2.70136e+06 1.67337e+06 1.1294e+06 1.70103e+06 1.45908e+06 1.2362e+06 1.20017e+06 2.30937e+06 1.61091e+06 1.25339e+06 1.83035e+06 1.3181e+06 2.86044e+06 1.16315e+06 1.08246e+06 928257 981308 899371 884748 1.15571e+06 856968 1.17589e+06 1.90283e+06 1.53968e+06 1.32917e+06 1.42394e+06 1.2254e+06 1.73906e+06
threshold=5278.7075195312509 2004.2500000000002 2471.5000000000005 550.25000000000011 -75.249999999999986 601.57815551757824 4190.7500000000009 797.33575439453136 3675.7458496093755 661.46316528320324 1319.2500000000002 3178.5000000000005 4027.7500000000005 2856.7500000000005 679.19335937500011 502.09635925292974 302.75000000000006 -2009.7499999999998 -205.24999999999997 -296.74999999999994 661.46316528320324 367.24668884277349 197.25000000000003 -915.74999999999989 -99.749999999999986 -555.24999999999989 -1293.4999999999998 1012.183807373047 -75.749999999999986 -1941.2499999999998
decision_type=2 2 2 2 2 2 2 2 2 2 2 2 2 2 2 2 2 2 2 2 2 2 2 2 2 2 2 2 2 2
left_child=4 -2 3 -3 6 17 8 19 10 16 11 13 -13 22 15 -15 -10 18 -6 -8 21 -19 -1 24 28 -26 -25 -28 29 -24
right_child=1 2 -4 -5 5 -7 7 -9 9 -11 -12 12 -14 14 -16 -17 -18 20 -20 -21 -22 -23 23 26 25 -27 27 -29 -30 -31
leaf_value=0.077131416469185782 20.466193058179773 6.1028152301907541 16.452199187645544 -12.205943565873 -14.125683288574221 6.0125523597379962 4.6494561299033785 -17.547438776493074 -4.2914306215337801 20.622271347045899 -12.00436564478381 -2.3897330858768564 -19.344345028996472 3.1533048062066587 16.80936679939429 -10.085989679609028 9.5215385851652723 0.14844757281476023 -1.9288783773462823 -7.4168884186034507 -7.0269624856802144 1.6864968964013478 -11.609810113205629 9.9142748924993711 -18.779073026103358 -2.8896045573552449 -0.40456620229715345 -9.5324779333070264 -0.50715787163935599 -1.4557861106889742
leaf_weight=10386 23 24 26 26 20 138 23 20 37 20 29 78 20 79 36 21 23 4973 94 47 39 1619 68 31 31 30 6694 43 512 111
leaf_count=10386 23 24 26 26 20 138 23 20 37 20 29 78 20 79 36 21 23 4973 94 47 39 1619 68 31 31 30 6694 43 512 111
internal_value=-3.36957e-08 7.34942 3.37987 -3.41774 -0.0288476 0.517292 -0.233825 -6.5845 -0.202505 5.90822 -0.229411 -0.210587 -5.84986 -0.179955 4.72384 0.373053 1.00354 0.404861 -4.06867 -3.45223 0.48177 0.526194 -0.217201 -0.623708 -2.49942 -10.9646 -0.415296 -0.462827 -1.75213 -5.31318
internal_weight=25321 99 76 50 25222 6883 18339 90 18249 80 18169 18140 98 18042 136 100 60 6745 114 70 6631 6592 17906 7520 752 61 6768 6737 691 179
internal_count=25321 99 76 50 25222 6883 18339 90 18249 80 18169 18140 98 18042 136 100 60 6745 114 70 6631 6592 17906 7520 752 61 6768 6737 691 179
is_linear=0
shrinkage=0.05


Tree=9
num_leaves=31
num_cat=0
split_feature=247 282 289 262 123 268 289 288 127 19 208 241 257 243 82 86 143 287 31 87 289 260 216 260 153 0 282 11 254 289
split_gain=2.073e+06 4.07951e+06 2.67826e+06 2.00618e+06 1.44269e+06 2.23982e+06 1.12644e+06 1.02052e+06 1.03912e+06 1.80084e+06 1.46478e+06 1.3932e+06 1.27149e+06 1.0947e+06 1.13081e+06 1.02861e+06 1.01473e+06 1.01016e+06 937224 935162 828503 948527 1.59746e+06 1.12833e+06 1.32344e+06 1.1398e+06 1.03704e+06 1.10679e+06 1.08426e+06 974721
threshold=2136.2500000000005 835.00000000000011 -263.24999999999994 1932.2500000000002 5572.3825683593759 -351.74999999999994 -326.74999999999994 1319.2500000000002 3301.0000000000005 581.48425292968761 358.11030578613287 1587.7500000000002 719.73504638671886 601.57815551757824 457.00708007812506 3289.0000000000005 2057.2500000000005 155.25000000000003 1609.2500000000002 3466.2500000000005 -75.249999999999986 197.25000000000003 2060.637084960938 -184.74999999999997 2411.572631835938 3119.5000000000005 -263.24999999999994 5658.3276367187509 1364.7500000000002 -502.24999999999994
decision_type=2 2 2 2 2 2 2 2 2 2 2 2 2 2 2 2 2 2 2 2 2 2 2 2 2 2 2 2 2 2
left_child=3 2 -2 4 7 -6 -7 8 11 10 -10 15 19 14 17 20 18 -13 -16 -12 21 22 23 24 25 -1 -23 28 29 -28
right_child=1 -3 -4 -5 5 6 -8 -9 9 -11 12 13 -14 -15 16 -17 -18 -19 -20 -21 -22 26 -24 -25 -26 -27 27 -29 -30 -31
leaf_value=-0.55651802609473788 11.938174511492253 26.298665688254619 -8.0753947353363031 -12.164171235701618 17.491613849004111 -8.5846095630100798 7.7922037760416671 -8.8176992763172493 -13.449224376678467 -13.938413168402281 -9.8762501239776626 -2.0697788365185263 11.514084295999437 -4.9098859223627276 7.1232695237449981 5.9025424163635467 1.6344498841658883 6.6514280406893169 21.108779325246815 0.13954198051699632 0.42995323033428456 -1.6802446624641494 14.204430613517761 0.51273153930957882 -12.011913311600686 7.4416411442226833 -5.5644105123377399 10.880723902583123 -11.977123736962676 -0.22962809448167121
leaf_weight=4396 32 22 35 34 30 21 21 33 23 34 28 64 21 31 23 73 23 69 25 139 6755 1846 20 5917 25 45 87 22 20 5407
leaf_count=4396 32 22 35 34 30 21 21 33 23 34 28 64 21 31 23 73 23 69 25 139 6755 1846 20 5917 25 45 87 22 20 5407
internal_value=4.53575e-09 7.61745 1.48332 -0.0268688 -0.0104918 7.05705 -0.396203 -0.0307442 -0.0191884 -3.25951 -1.53874 0.012761 -0.0816112 3.84435 5.17466 -0.0238223 10.2697 2.45476 14.4074 -1.53975 -0.0414516 -0.220498 0.0870945 0.0599013 -0.540053 -0.475474 -0.653969 -0.311754 -0.35641 -0.314107
internal_weight=25321 89 67 25232 25198 72 42 25126 25093 245 211 24848 188 235 204 24613 71 133 48 167 24540 17785 10403 10383 4466 4441 7382 5536 5514 5494
internal_count=25321 89 67 25232 25198 72 42 25126 25093 245 211 24848 188 235 204 24613 71 133 48 167 24540 17785 10403 10383 4466 4441 7382 5536 5514 5494
is_linear=0
shrinkage=0.05


Tree=10
num_leaves=31
num_cat=0
split_feature=282 246 40 78 268 44 209 255 42 234 246 110 136 219 284 260 260 119 208 233 127 215 145 243 146 289 292 178 267 289
split_gain=1.97125e+06 5.28709e+06 973130 2.49168e+06 2.71976e+06 2.33497e+06 3.00358e+06 1.45104e+06 1.35575e+06 1.36767e+06 1.11554e+06 988062 977278 965883 1.11594e+06 855978 966635 743383 1.5787e+06 1.38359e+06 1.23255e+06 1.08472e+06 1.30067e+06 1.02639e+06 787244 765973 976423 969417 854423 1.53301e+06
threshold=835.00000000000011 2733.7500000000005 852.46588134765636 5080.0000000000009 -336.24999999999994 1913.2500000000002 619.14193725585949 -37.749999999999993 -2209.4999999999995 -1014.4999999999999 2733.7500000000005 461.98585510253912 4285.2500000000009 287.25000000000006 838.98001098632824 1186.5000000000002 1756.5000000000002 3539.0000000000005 400.88095092773443 1759.7500000000002 1753.2500000000002 619.95794677734386 428.99685668945318 364.96124267578131 2460.9929199218755 -75.249999999999986 367.24668884277349 -1754.7499999999998 425.25000000000006 -958.99999999999989
decision_type=2 2 2 2 2 2 2 2 2 2 2 2 2 2 2 2 2 2 2 2 2 2 2 2 2 2 2 2 2 2
left_child=2 15 3 10 -5 6 8 -8 -4 -10 17 -12 -6 14 -11 -2 -17 19 -19 25 -21 22 -20 -22 -25 28 27 -27 -1 -30
right_child=1 -3 5 4 12 -7 7 -9 9 13 11 -13 -14 -15 -16 16 -18 18 21 20 23 -23 -24 24 -26 26 -28 -29 29 -31
leaf_value=0.00066131548231399494 9.2866377489907403 30.063809709548952 3.2664041666757493 23.865644160183994 -2.7843001919408001 -15.426372879201717 18.118259659680454 2.6610893483064615 -18.418094028126109 -8.1178903592129554 -0.95519723917047183 -15.80610965092977 10.818593273992125 -13.863980154196421 2.5553824424743654 -9.0740430001859309 5.229065873509362 -15.507539396700651 -3.3603360640375239 16.769341447353366 -4.3547561830089938 -8.0005696213522626 8.3168368432579971 1.0082474585502379 12.104512721841985 -7.7667344207564994 1.4512895056766706 0.14724883173830669 -14.647477941513063 -0.7685017109734178
leaf_weight=13919 21 20 42 22 31 33 22 49 22 48 24 21 23 24 50 27 21 23 57 20 31 43 41 31 33 39 1773 4956 20 3835
leaf_count=13919 21 20 42 22 31 33 22 49 22 48 24 21 23 24 50 27 21 23 57 20 31 43 41 31 33 39 1773 4956 20 3835
internal_value=6.36939e-09 7.42817 -0.0262011 0.007281 9.04682 -2.90589 -1.29821 7.45064 -4.63782 -6.94322 -0.0203473 -7.88562 3.00952 -4.87398 -2.67234 0.86711 -2.81643 -0.00608769 -3.36126 0.0162284 5.48777 -1.37995 1.52501 3.11271 6.72976 -0.00941039 0.443262 0.085458 -0.181779 -0.840507
internal_weight=25321 89 25232 24942 76 290 257 71 186 144 24866 45 54 122 98 69 48 24821 164 24657 115 141 98 95 64 24542 6768 4995 17774 3855
internal_count=25321 89 25232 24942 76 290 257 71 186 144 24866 45 54 122 98 69 48 24821 164 24657 115 141 98 95 64 24542 6768 4995 17774 3855
is_linear=0
shrinkage=0.05


Tree=11
num_leaves=31
num_cat=0
split_feature=219 288 289 182 138 83 73 109 288 41 204 94 239 272 235 143 11 33 20 163 192 183 206 278 269 282 54 0 10 108
split_gain=1.83459e+06 2.91092e+06 1.41532e+06 876784 3.2347e+06 2.71621e+06 2.45363e+06 1.94623e+06 1.4371e+06 958974 1.1056e+06 935385 855545 1.43197e+06 2.31742e+06 2.00694e+06 1.3467e+06 864357 790845 789079 897756 756159 1.31034e+06 1.17194e+06 1.05908e+06 863199 825075 1.22126e+06 1.77201e+06 1.84717e+06
threshold=2654.7500000000005 1092.7500000000002 -263.24999999999994 2812.0000000000005 525.18084716796886 5001.1174316406259 2782.2500000000005 5139.5576171875009 1319.2500000000002 3314.729125976563 2120.5000000000005 2896.5000000000005 1888.0000000000002 1654.1351318359377 3334.9099121093755 2406.2500000000005 4072.4924316406255 311.01280212402349 4656.0117187500009 3133.7500000000005 2608.0000000000005 2439.7500000000005 1935.7500000000002 744.84381103515636 251.25000000000003 98.750000000000014 557.84716796875011 2983.0000000000005 1276.7500000000002 1932.2500000000002
decision_type=2 2 2 2 2 2 2 2 2 2 2 2 2 2 2 2 2 2 2 2 2 2 2 2 2 2 2 2 2 2
left_child=3 2 -2 7 18 6 -6 8 12 -9 11 -11 13 21 15 -15 17 -14 19 20 -5 22 26 24 -23 -24 -1 28 29 -28
right_child=1 -3 -4 4 5 -7 -8 9 -10 10 -12 -13 16 14 -16 -17 -18 -19 -20 -21 -22 23 25 -25 -26 -27 27 -29 -30 -31
leaf_value=0.0613477713475074 8.6534514349860121 22.44194100421408 -5.589102479183313 -4.0468399421028476 -6.606938104629517 1.9761050484397196 -30.319584314028425 -1.6257414169036428 -11.557836732820228 7.3354847415801023 0.408457849919796 20.195313402322626 -3.6481187394687105 -21.591415781810369 6.3460450800982393 -1.003097975254059 -6.6942162802142482 5.8210667434799888 8.6760206937789928 -5.4645779025663312 9.083093105951944 -3.5454468326909203 -8.8768857124973746 14.976698970794679 6.6991717256032501 2.1527053157488507 -0.91223300806517982 4.1358873456995067 -5.0632126502283334 12.537116887019231
leaf_weight=22566 37 23 33 23 20 22 24 26 27 31 24 26 28 29 22 20 31 173 28 48 30 49 68 20 52 24 1411 107 273 26
leaf_count=22566 37 23 33 23 20 22 24 26 27 31 24 26 28 29 22 20 31 173 28 48 30 49 68 20 52 24 1411 107 273 26
internal_value=1.06759e-08 7.0097 1.9391 -0.0258404 -3.36559 -12.3687 -19.5411 0.000175307 -0.0287099 6.72908 9.41088 13.2014 -0.016208 -0.044632 -7.13521 -13.188 3.00593 4.50198 1.24065 -0.820636 3.3852 -0.024164 -0.0436569 3.91871 1.72901 -5.9996 -0.0211844 -1.04618 -1.37044 -0.668891
internal_weight=25321 93 70 25228 195 66 44 25033 24926 107 81 57 24899 24667 71 49 232 201 129 101 53 24596 24475 121 101 92 24383 1817 1710 1437
internal_count=25321 93 70 25228 195 66 44 25033 24926 107 81 57 24899 24667 71 49 232 201 129 101 53 24596 24475 121 101 92 24383 1817 1710 1437
is_linear=0
shrinkage=0.05


Tree=12
num_leaves=31
num_cat=0
split_feature=282 246 40 44 209 78 268 255 91 241 198 248 21 246 220 289 71 274 282 257 289 261 192 120 227 280 95 282 283 268
split_gain=1.71665e+06 4.49444e+06 872456 2.14728e+06 2.67233e+06 2.14333e+06 2.35089e+06 1.31527e+06 1.29959e+06 1.02979e+06 1.41545e+06 1.13408e+06 1.15732e+06 1.02363e+06 940319 922070 826524 811745 726158 2.45183e+06 1.35446e+06 1.17526e+06 2.41913e+06 2.23333e+06 1.2883e+06 1.33379e+06 1.3721e+06 2.01925e+06 1.22519e+06 1.1957e+06
threshold=835.00000000000011 2733.7500000000005 852.46588134765636 1913.2500000000002 619.14193725585949 5080.0000000000009 -336.24999999999994 -37.749999999999993 1107.7500000000002 -742.74999999999989 -1293.2499999999998 610.75000000000011 -57.749999999999993 2733.7500000000005 2034.0000000000002 -263.24999999999994 1760.2500000000002 -35.749999999999993 -337.24999999999994 719.73504638671886 -837.24999999999989 -370.24999999999994 -1278.4999999999998 -852.74999999999989 2361.2500000000005 -125.74999999999999 2620.1250000000005 -378.24999999999994 155.75000000000003 -130.74999999999997
decision_type=2 2 2 2 2 2 2 2 2 2 2 2 2 2 2 2 2 2 2 2 2 2 2 2 2 2 2 2 2 2
left_child=2 16 5 4 8 13 -7 -6 9 17 -11 12 -12 18 -8 -15 -2 -4 21 20 -20 -1 23 -23 25 28 29 -28 -24 -27
right_child=1 -3 3 -5 7 6 14 -9 -10 10 11 -13 -14 15 -16 -17 -18 -19 19 -21 -22 22 24 -25 -26 26 27 -29 -30 -31
leaf_value=0.018572719623272196 6.121972366174063 27.801876068115234 -3.0478196642615583 -14.757864876226947 17.199209557880057 22.168454126336357 -3.8198374430338542 2.4829384884055781 -16.400265731811526 8.6358221477077848 -5.3257745932448994 -13.063066864013672 8.1459927062988289 0.09877466474260603 9.3761161874841772 -14.247626721858978 -4.8330683968283914 -16.965860652923585 -12.307699968598106 6.2313735297722062 0.10579958019021618 -5.2599534344317309 -0.57460727763536357 -24.299368095397952 10.651868380670962 -5.7805017148718143 -4.1194488542486285 -19.162554978132249 8.0194947126299834 -0.53828682452823329
leaf_weight=3799 36 20 22 33 22 22 27 49 20 31 44 24 25 21 27 24 33 20 22 164 18860 67 1166 20 23 151 87 30 43 389
leaf_count=3799 36 20 22 33 22 22 27 49 20 31 44 24 25 21 27 24 33 20 22 164 18860 67 1166 20 23 151 87 30 43 389
internal_value=-1.13162e-08 6.93188 -0.0244506 -2.75112 -1.2094 0.00725232 8.39113 7.04291 -4.35947 -2.90877 -0.616834 -3.70105 -0.444699 -0.018372 2.77814 -7.55264 0.882605 -9.67546 -0.00471252 0.144206 0.0913362 -0.495849 -1.48486 -9.63683 -1.10941 -1.25438 -3.06776 -7.97666 -0.268944 -2.00417
internal_weight=25321 89 25232 290 257 24942 76 71 186 166 124 93 69 24866 54 45 69 42 24821 19046 18882 5775 1976 87 1889 1866 657 117 1209 540
internal_count=25321 89 25232 290 257 24942 76 71 186 166 124 93 69 24866 54 45 69 42 24821 19046 18882 5775 1976 87 1889 1866 657 117 1209 540
is_linear=0
shrinkage=0.05


Tree=13
num_leaves=31
num_cat=0
split_feature=219 288 261 195 164 68 78 268 128 75 12 288 20 37 40 173 19 59 245 289 247 54 205 117 94 127 248 289 94 1
split_gain=1.55707e+06 2.46968e+06 1.28229e+06 1.5801e+06 821303 2.55853e+06 1.74619e+06 1.83811e+06 1.02318e+06 1.12891e+06 1.40075e+06 925296 792639 2.12392e+06 2.02242e+06 1.90462e+06 1.48777e+06 1.40201e+06 1.28767e+06 1.14271e+06 1.31384e+06 1.13418e+06 1.2504e+06 1.1201e+06 1.20499e+06 1.04777e+06 978241 914122 1.07554e+06 912432
threshold=2654.7500000000005 1092.7500000000002 1368.7500000000002 4044.8466796875005 4030.0000000000005 534.11987304687511 5080.0000000000009 -157.74999999999997 3128.0000000000005 314.16770935058599 534.11987304687511 1319.2500000000002 2944.830200195313 2670.5000000000005 587.72634887695324 609.70101928710949 224.30243682861331 3461.5000000000005 1708.2500000000002 -403.74999999999994 712.00000000000011 542.71502685546886 1295.7500000000002 320.27049255371099 2150.2500000000005 1347.2500000000002 5.2500000000000009 -463.74999999999994 3391.7500000000005 3059.7500000000005
decision_type=2 2 2 2 2 2 2 2 2 2 2 2 2 2 2 2 2 2 2 2 2 2 2 2 2 2 2 2 2 2
left_child=4 2 3 -2 6 -6 8 -8 11 -10 -11 12 13 18 16 23 -14 19 -1 -16 26 27 25 -15 -25 -23 -21 -18 29 -29
right_child=1 -3 -4 -5 5 -7 7 -9 9 10 -12 -13 14 15 17 -17 21 -19 -20 20 -22 22 -24 24 -26 -27 -28 28 -30 -31
leaf_value=-0.039302968423188867 -2.4857877297834921 20.672365155427354 -7.016190833311815 16.464477417685767 3.4131549093458391 -20.181699271202088 21.127185883522035 0.79066608428955076 -15.298384108543397 0.051406113164765503 -14.178486271699271 -8.2481213969342857 12.163965691052951 -14.279358978271484 19.147945939577543 -19.945488184148616 -4.7923236880232309 -1.7545811273834921 4.931474114556349 11.494583134651185 17.546729337601434 -9.457790881253425 -16.3539266427358 -9.4125664634363986 3.4529312741297944 6.1563075759194117 -2.5193115696762547 4.3719981173337521 7.9175933207784386 -0.72521205693048918
leaf_weight=23902 22 23 26 22 27 20 20 25 20 98 21 34 26 20 26 22 68 33 131 20 21 21 21 28 52 22 33 118 56 343
leaf_count=23902 22 23 26 22 27 20 20 25 20 98 21 34 26 20 26 22 68 33 131 20 21 21 21 28 52 22 33 118 56 343
internal_value=1.32863e-08 6.45779 1.78729 6.98934 -0.0238059 -6.62721 -0.0114807 9.82912 -0.0290979 -4.30704 -2.45975 -0.00530975 0.00591709 -0.0456131 1.5464 -6.62613 0.436016 7.18181 -0.0122081 10.1308 6.96264 -0.0338244 -6.35324 -3.69587 -1.04999 -1.46918 2.76895 0.65753 1.37434 0.579497
internal_weight=25321 93 70 44 25228 47 25181 45 25136 139 119 24997 24963 24155 808 122 675 133 24033 100 74 649 64 100 80 43 53 585 517 461
internal_count=25321 93 70 44 25228 47 25181 45 25136 139 119 24997 24963 24155 808 122 675 133 24033 100 74 649 64 100 80 43 53 585 517 461
is_linear=0
shrinkage=0.05


Tree=14
num_leaves=31
num_cat=0
split_feature=282 253 40 44 209 78 268 255 91 241 198 142 21 125 253 29 186 197 250 288 28 90 249 12 40 47 246 245 292 143
split_gain=1.50706e+06 3.84682e+06 797157 1.93325e+06 2.38521e+06 1.77814e+06 1.95387e+06 1.19603e+06 1.17483e+06 928875 1.27929e+06 1.03863e+06 1.26513e+06 912451 1.59818e+06 992567 1.34641e+06 1.0986e+06 887242 846478 823297 1.69809e+06 1.25681e+06 1.31721e+06 1.21096e+06 1.08464e+06 936901 1.08453e+06 975191 966339
threshold=835.00000000000011 2548.2500000000005 852.46588134765636 1913.2500000000002 619.14193725585949 5080.0000000000009 -336.24999999999994 -37.749999999999993 1107.7500000000002 -742.74999999999989 -1293.2499999999998 -972.74999999999989 -257.24999999999994 4144.1960449218759 1761.0000000000002 4375.2500000000009 3736.267456054688 1317.7500000000002 581.48425292968761 284.75000000000006 3271.7500000000005 3374.496459960938 1703.8325195312502 609.70101928710949 562.74551391601574 464.92095947265631 2733.7500000000005 1708.2500000000002 1012.183807373047 1484.2500000000002
decision_type=2 2 2 2 2 2 2 2 2 2 2 2 2 2 2 2 2 2 2 2 2 2 2 2 2 2 2 2 2 2
left_child=2 -2 5 4 8 13 -7 -6 9 -4 -11 -12 -13 15 19 20 17 -17 -8 -15 21 26 -22 24 25 -24 27 28 -1 -29
right_child=1 -3 3 -5 7 6 18 -9 -10 10 11 12 -14 14 -16 16 -18 -19 -20 -21 22 -23 23 -25 -26 -27 -28 29 -30 -31
leaf_value=-0.022012281636990497 0.71822237267213707 25.200499997820174 -9.1897203106255763 -14.021903336409366 16.315000874345952 20.203906226158143 9.4293591156005867 2.2816481096555994 -15.590714359283448 8.2099962911298192 -12.000734051832787 -6.4136010624266966 7.4033925374348959 -6.641198048442603 -16.662977998906918 6.5770461744070055 10.492467538210063 -9.9955032825469985 -3.4240708647103149 3.5822767397252528 -14.596563942432404 12.790038369252132 -3.2009740315707385 8.893653392791748 -13.408942921956381 4.8080419687124403 -10.81221402168274 11.686315240579495 10.061813227335612 2.0720801837544527
leaf_weight=24105 68 21 42 33 22 22 25 49 20 31 26 37 30 40 22 20 52 20 29 41 20 26 226 27 24 52 20 34 24 113
leaf_count=24105 68 21 42 33 22 22 25 49 20 31 26 37 30 40 22 20 52 20 29 41 20 26 226 27 24 52 20 34 24 113
internal_value=2.79077e-09 6.49494 -0.0229094 -2.62926 -1.16639 0.00739458 7.64371 6.63001 -4.14244 -2.76313 -0.586376 -3.5185 -0.226888 -0.0159449 -4.71223 0.00358898 5.18738 -1.70923 2.52659 -1.46635 -0.0157418 0.0188576 -2.42699 -1.6872 -2.63317 -1.70288 0.00519069 0.0141027 -0.0119824 4.29578
internal_weight=25321 89 25232 290 257 24942 76 71 186 166 124 93 67 24866 103 24763 92 40 54 81 24671 24322 349 329 302 278 24296 24276 24129 147
internal_count=25321 89 25232 290 257 24942 76 71 186 166 124 93 67 24866 103 24763 92 40 54 81 24671 24322 349 329 302 278 24296 24276 24129 147
is_linear=0
shrinkage=0.05


Tree=15
num_leaves=31
num_cat=0
split_feature=247 268 262 292 4 123 241 117 127 19 291 288 248 208 257 87 127 271 131 282 107 106 204 282 287 197 156 205 75 288
split_gain=1.43094e+06 3.09061e+06 1.71135e+06 1.6247e+06 1.24282e+06 1.07119e+06 1.73483e+06 1.40116e+06 812415 1.51546e+06 1.14895e+06 971496 961820 804864 979055 756012 750590 1.85776e+06 734724 723254 1.34868e+06 1.42739e+06 1.42211e+06 1.04489e+06 1.5785e+06 1.315e+06 932426 1.00668e+06 800910 1.06448e+06
threshold=2136.2500000000005 635.25000000000011 1932.2500000000002 797.33575439453136 4220.6625976562509 5572.3825683593759 1697.2500000000002 679.19335937500011 3301.0000000000005 581.48425292968761 3932.6274414062505 1319.2500000000002 1947.5000000000002 358.11030578613287 719.73504638671886 3466.2500000000005 2856.7500000000005 679.19335937500011 322.85757446289068 -337.24999999999994 964.25000000000011 1368.5000000000002 1257.7500000000002 -387.74999999999994 54.750000000000007 1495.2500000000002 -897.24999999999989 -949.24999999999989 412.41957092285162 210.25000000000003
decision_type=2 2 2 2 2 2 2 2 2 2 2 2 2 2 2 2 2 2 2 2 2 2 2 2 2 2 2 2 2 2
left_child=2 -2 5 4 -3 8 7 -7 10 13 11 12 16 -10 15 -15 19 18 -18 20 21 -1 28 26 25 -25 -22 -28 -23 -30
right_child=1 3 -4 -5 -6 6 -8 -9 9 -11 -12 -13 -14 14 -16 -17 17 -19 -20 -21 23 22 -24 24 -26 -27 27 -29 29 -31
leaf_value=-0.35435246452839725 -10.977594985961915 13.403060971773588 -11.232362702313592 22.5593952850862 -2.9510123934064594 20.857665911587802 -4.8932921806971237 3.712696475249071 -9.9384723945210389 -12.680742704167086 10.938333423932393 -8.8527118482897365 8.4080501551137257 -8.9904446533748086 9.9605293092273541 0.0096249151229858415 -6.9894742468129039 16.26851239204407 2.8945746018940097 0.12037744553067052 8.8159226247242515 -4.7687022869403553 17.082949369861968 -1.2653879966550661 -18.531776384873822 -12.483489413261415 -9.0861784969435799 -1.2848088236474524 10.035119154236533 -3.6471646808442615
leaf_weight=4887 20 26 34 22 21 22 24 26 24 34 24 31 34 28 21 140 23 24 103 18905 21 26 21 103 22 35 45 510 44 21
leaf_count=4887 20 26 34 22 21 22 24 26 24 34 24 31 34 28 21 140 23 24 103 18905 21 26 21 103 22 35 45 510 44 21
internal_value=2.2039e-08 6.3288 -0.0223233 11.3451 6.09592 -0.00719749 6.08277 11.5708 -0.0246486 -2.87807 0.00368023 -0.00687828 0.00416833 -1.31332 -0.218063 -1.49039 -0.00735777 3.51885 1.09034 -0.0288241 -0.520656 -0.226447 5.35456 -2.51896 -6.09348 -4.11056 -1.52603 -1.91735 2.64801 5.61469
internal_weight=25321 89 25232 69 47 25198 72 48 25126 247 24879 24855 24824 213 189 168 24790 150 126 24640 5735 4999 112 736 160 138 576 555 91 65
internal_count=25321 89 25232 69 47 25198 72 48 25126 247 24879 24855 24824 213 189 168 24790 150 126 24640 5735 4999 112 736 160 138 576 555 91 65
is_linear=0
shrinkage=0.05


Tree=16
num_leaves=31
num_cat=0
split_feature=287 218 247 289 288 292 210 177 149 0 232 194 19 204 13 169 86 56 262 2 1 31 9 220 40 248 250 19 28 255
split_gain=1.37237e+06 2.91669e+06 1.45446e+06 718747 1.33092e+06 944457 970730 976595 1.42248e+06 824061 819681 811421 758105 2.1109e+06 1.48735e+06 1.4028e+06 1.37388e+06 1.36038e+06 1.04406e+06 1.01205e+06 1.55926e+06 935257 1.21574e+06 905919 2.35601e+06 1.88845e+06 1.8557e+06 1.03219e+06 1.001e+06 987685
threshold=1075.5000000000002 2782.0000000000005 1200.2500000000002 -75.249999999999986 1092.7500000000002 509.73971557617193 1940.5000000000002 -2078.2499999999995 -2118.2499999999995 2223.7500000000005 1508.7500000000002 601.57815551757824 904.46777343750011 2666.2500000000005 5278.7075195312509 1190.7500000000002 4061.5000000000005 4414.2500000000009 441.75000000000006 -813.74999999999989 1646.2500000000002 4553.7500000000009 4430.2500000000009 1793.7500000000002 581.48425292968761 1721.5000000000002 495.36746215820318 488.92694091796881 2655.5000000000005 1755.5000000000002
decision_type=2 2 2 2 2 2 2 2 2 2 2 2 2 2 2 2 2 2 2 2 2 2 2 2 2 2 2 2 2 2
left_child=3 2 -2 4 12 6 7 8 -5 11 -11 -9 14 15 17 19 -16 23 -18 -14 -21 -19 -23 25 26 -1 29 -28 -26 -25
right_child=1 -3 -4 5 -6 -7 -8 9 -10 10 -12 -13 13 -15 16 -17 18 21 -20 20 -22 22 -24 24 28 -27 27 -29 -30 -31
leaf_value=-0.15630553569142294 8.972389536637527 22.054786781831222 -7.4505862721375058 -0.24348642687464872 -10.215718873341878 2.8352327070211176 -8.0306144019535619 0.31452797826418383 -15.438155206044517 2.4088978399929495 13.011149815320969 -7.668123788386584 -0.34195250908533736 -18.782784644961357 -3.6751247692108153 6.6403053821661535 20.263447718393238 -14.889302488168083 5.2739971087529112 -20.095695304870606 -0.82776099159604033 6.8249855422973642 -8.4049261670363578 1.3696793952782951 16.95365899222238 -11.170913692621085 -1.8197848298814563 -14.333510200793928 3.5259350802587428 10.808180245231179
leaf_weight=17671 26 22 28 43 33 381 35 6138 24 206 20 32 60 20 20 39 21 24 26 21 21 20 38 150 35 39 45 26 23 34
leaf_count=17671 26 22 28 43 33 381 35 6138 24 206 20 32 60 20 20 39 21 24 26 21 21 20 38 150 35 39 45 26 23 34
internal_value=-2.45097e-08 6.70883 0.456772 -0.0201969 -0.183474 0.415731 0.273868 0.31884 -5.68635 0.381746 3.34715 0.273127 -0.165416 -3.58133 -0.135152 -1.42509 7.3008 -0.162669 11.9714 -4.50892 -10.4617 -6.58818 -3.15323 -0.133435 2.53304 -0.180561 0.46419 -6.40228 11.6289 3.11375
internal_weight=25321 76 54 25245 18366 6879 6498 6463 67 6396 226 6170 18333 161 18172 141 67 18105 47 102 42 82 58 18023 313 17710 255 71 58 184
internal_count=25321 76 54 25245 18366 6879 6498 6463 67 6396 226 6170 18333 161 18172 141 67 18105 47 102 42 82 58 18023 313 17710 255 71 58 184
is_linear=0
shrinkage=0.05


Tree=17
num_leaves=31
num_cat=0
split_feature=268 227 282 261 151 262 288 117 289 5 236 27 96 47 110 201 222 197 289 257 248 137 138 58 276 58 50 285 115 194
split_gain=1.2842e+06 2.24815e+06 1.72441e+06 1.51968e+06 1.34805e+06 1.47662e+06 1.21285e+06 1.06998e+06 752846 740450 2.30463e+06 893597 827398 768499 829587 740946 979814 1.67501e+06 1.22681e+06 904124 1.6977e+06 1.81512e+06 1.48612e+06 1.48046e+06 1.47206e+06 1.31173e+06 1.11752e+06 1.04261e+06 854322 711554
threshold=1472.2500000000002 2361.2500000000005 548.50000000000011 1686.0000000000002 5424.9750976562509 185.25000000000003 1319.2500000000002 679.19335937500011 -269.74999999999994 1012.183807373047 852.46588134765636 -1296.1369018554685 904.46777343750011 1012.183807373047 1012.183807373047 1012.183807373047 904.46777343750011 -607.24999999999989 -374.74999999999994 719.73504638671886 -899.24999999999989 4647.7199707031259 679.19335937500011 1015.2500000000001 -115.74999999999999 1653.7500000000002 -361.24999999999994 744.84381103515636 2450.7500000000005 661.46316528320324
decision_type=2 2 2 2 2 2 2 2 2 2 2 2 2 2 2 2 2 2 2 2 2 2 2 2 2 2 2 2 2 2
left_child=3 8 -3 4 6 -6 9 -7 -2 13 12 -12 -11 14 15 16 19 -18 -19 27 22 23 24 26 -21 -25 -22 29 -27 -1
right_child=1 2 -4 -5 5 7 -8 -9 -10 10 11 -13 -14 -15 -16 -17 17 18 -20 20 21 -23 -24 25 -26 28 -28 -29 -30 -31
leaf_value=0.020775095553422312 -8.9808434343338011 3.9663368770054412 23.997379543564538 -10.286749821239049 17.50337453321977 7.9957665555617385 -10.82061809393076 -5.7930456956227623 3.9224383817269253 -6.5319427986939749 -3.5230866670608521 9.856221755345663 -20.301913251876833 8.1354014939275299 -7.7011359868730827 6.8884517752207248 -17.35379124554721 -8.5935771859210472 7.9218751690604465 -4.2492597579956053 13.540575122833253 -6.2896407186985019 -11.351641008890036 19.87493984152168 11.489313685894013 0.8109748106736403 0.25709324447732224 -8.1945685852414538 14.370155331066677 -2.1740988675892354
leaf_weight=24111 20 21 22 36 22 34 26 24 26 24 26 24 20 29 35 39 22 23 22 39 20 29 33 33 24 26 76 39 21 375
leaf_count=24111 20 21 22 36 22 34 26 24 26 24 26 24 20 29 35 39 22 23 22 39 20 29 33 33 24 26 76 39 21 375
internal_value=1.18276e-08 5.99553 14.2148 -0.0211478 -0.00648034 6.47372 -0.0271212 2.29005 -1.68768 -0.0159362 -4.44527 2.89898 -12.791 0.000720756 -0.00872795 0.0020708 -0.00871813 -6.04708 -0.519356 0.0075781 2.73123 5.30089 -2.75606 7.21069 1.74639 12.2341 3.02449 -0.0258498 6.86933 -0.0128391
internal_weight=25321 89 43 25232 25196 80 25116 58 46 25090 94 50 44 24996 24967 24932 24893 67 45 24826 301 205 96 176 63 80 96 24525 47 24486
internal_count=25321 89 43 25232 25196 80 25116 58 46 25090 94 50 44 24996 24967 24932 24893 67 45 24826 301 205 96 176 63 80 96 24525 47 24486
is_linear=0
shrinkage=0.05


end of trees

feature_importances:
Column_289=25
Column_288=23
Column_282=17
Column_268=10
Column_292=10
Column_260=9
Column_20=7
Column_40=7
Column_127=7
Column_227=7
Column_246=7
Column_257=7
Column_267=7
Column_12=6
Column_19=6
Column_169=6
Column_219=6
Column_248=6
Column_261=6
Column_262=6
Column_287=6
Column_143=5
Column_177=5
Column_241=5
Column_269=5
Column_272=5
Column_275=5
Column_276=5
Column_0=4
Column_54=4
Column_58=4
Column_78=4
Column_82=4
Column_94=4
Column_110=4
Column_138=4
Column_155=4
Column_182=4
Column_192=4
Column_197=4
Column_204=4
Column_206=4
Column_208=4
Column_229=4
Column_234=4
Column_247=4
Column_255=4
Column_278=4
Column_283=4
Column_5=3
Column_11=3
Column_31=3
Column_41=3
Column_44=3
Column_47=3
Column_73=3
Column_83=3
Column_106=3
Column_107=3
Column_109=3
Column_117=3
Column_119=3
Column_128=3
Column_131=3
Column_149=3
Column_195=3
Column_198=3
Column_209=3
Column_220=3
Column_232=3
Column_233=3
Column_236=3
Column_240=3
Column_245=3
Column_253=3
Column_274=3
Column_286=3
Column_1=2
Column_2=2
Column_4=2
Column_13=2
Column_21=2
Column_26=2
Column_28=2
Column_29=2
Column_33=2
Column_56=2
Column_75=2
Column_86=2
Column_87=2
Column_89=2
Column_91=2
Column_96=2
Column_108=2
Column_120=2
Column_123=2
Column_125=2
Column_129=2
Column_137=2
Column_144=2
Column_145=2
Column_156=2
Column_163=2
Column_164=2
Column_168=2
Column_184=2
Column_187=2
Column_191=2
Column_194=2
Column_201=2
Column_205=2
Column_210=2
Column_211=2
Column_215=2
Column_238=2
Column_239=2
Column_243=2
Column_250=2
Column_252=2
Column_271=2
Column_285=2
Column_291=2
Column_3=1
Column_6=1
Column_8=1
Column_9=1
Column_10=1
Column_15=1
Column_27=1
Column_30=1
Column_37=1
Column_42=1
Column_43=1
Column_46=1
Column_48=1
Column_50=1
Column_59=1
Column_61=1
Column_62=1
Column_68=1
Column_71=1
Column_90=1
Column_95=1
Column_103=1
Column_104=1
Column_105=1
Column_115=1
Column_124=1
Column_135=1
Column_136=1
Column_142=1
Column_146=1
Column_151=1
Column_153=1
Column_173=1
Column_175=1
Column_178=1
Column_180=1
Column_183=1
Column_186=1
Column_190=1
Column_212=1
Column_213=1
Column_216=1
Column_218=1
Column_222=1
Column_226=1
Column_235=1
Column_249=1
Column_254=1
Column_256=1
Column_264=1
Column_265=1
Column_266=1
Column_273=1
Column_280=1
Column_281=1
Column_284=1

parameters:
[boosting: gbdt]
[objective: regression]
[metric: l2]
[tree_learner: serial]
[device_type: cpu]
[data_sample_strategy: bagging]
[data: ]
[valid: ]
[num_iterations: 1000]
[learning_rate: 0.05]
[num_leaves: 31]
[num_threads: 0]
[seed: 42]
[deterministic: 1]
[force_col_wise: 0]
[force_row_wise: 0]
[histogram_pool_size: -1]
[max_depth: -1]
[min_data_in_leaf: 20]
[min_sum_hessian_in_leaf: 0.001]
[bagging_fraction: 1]
[pos_bagging_fraction: 1]
[neg_bagging_fraction: 1]
[bagging_freq: 0]
[bagging_seed: 400]
[bagging_by_query: 0]
[feature_fraction: 1]
[feature_fraction_bynode: 1]
[feature_fraction_seed: 30056]
[extra_trees: 0]
[extra_seed: 12879]
[early_stopping_round: 0]
[early_stopping_min_delta: 0]
[first_metric_only: 0]
[max_delta_step: 0]
[lambda_l1: 0]
[lambda_l2: 0]
[linear_lambda: 0]
[min_gain_to_split: 0]
[drop_rate: 0.1]
[max_drop: 50]
[skip_drop: 0.5]
[xgboost_dart_mode: 0]
[uniform_drop: 0]
[drop_seed: 17869]
[top_rate: 0.2]
[other_rate: 0.1]
[min_data_per_group: 100]
[max_cat_threshold: 32]
[cat_l2: 10]
[cat_smooth: 10]
[max_cat_to_onehot: 4]
[top_k: 20]
[monotone_constraints: ]
[monotone_constraints_method: basic]
[monotone_penalty: 0]
[feature_contri: ]
[forcedsplits_filename: ]
[refit_decay_rate: 0.9]
[cegb_tradeoff: 1]
[cegb_penalty_split: 0]
[cegb_penalty_feature_lazy: ]
[cegb_penalty_feature_coupled: ]
[path_smooth: 0]
[interaction_constraints: ]
[verbosity: -1]
[saved_feature_importance_type: 0]
[use_quantized_grad: 0]
[num_grad_quant_bins: 4]
[quant_train_renew_leaf: 0]
[stochastic_rounding: 1]
[linear_tree: 0]
[max_bin: 255]
[max_bin_by_feature: ]
[min_data_in_bin: 3]
[bin_construct_sample_cnt: 200000]
[data_random_seed: 175]
[is_enable_sparse: 1]
[enable_bundle: 1]
[use_missing: 1]
[zero_as_missing: 0]
[feature_pre_filter: 1]
[pre_partition: 0]
[two_round: 0]
[header: 0]
[label_column: ]
[weight_column: ]
[group_column: ]
[ignore_column: ]
[categorical_feature: ]
[forcedbins_filename: ]
[precise_float_parser: 0]
[parser_config_file: ]
[objective_seed: 16083]
[num_class: 1]
[is_unbalance: 0]
[scale_pos_weight: 1]
[sigmoid: 1]
[boost_from_average: 1]
[reg_sqrt: 0]
[alpha: 0.9]
[fair_c: 1]
[poisson_max_delta_step: 0.7]
[tweedie_variance_power: 1.5]
[lambdarank_truncation_level: 30]
[lambdarank_norm: 1]
[label_gain: ]
[lambdarank_position_bias_regularization: 0]
[eval_at: ]
[multi_error_top_k: 1]
[auc_mu_weights: ]
[num_machines: 1]
[local_listen_port: 12400]
[time_out: 120]
[machine_list_filename: ]
[machines: ]
[gpu_platform_id: -1]
[gpu_device_id: -1]
[gpu_device_id_list: ]
[gpu_use_dp: 0]
[num_gpu: 1]

end of parameters

pandas_categorical:null
