tree
version=v4
num_class=1
num_tree_per_iteration=1
label_index=0
max_feature_idx=146
objective=regression
feature_names=Column_0 Column_1 Column_2 Column_3 Column_4 Column_5 Column_6 Column_7 Column_8 Column_9 Column_10 Column_11 Column_12 Column_13 Column_14 Column_15 Column_16 Column_17 Column_18 Column_19 Column_20 Column_21 Column_22 Column_23 Column_24 Column_25 Column_26 Column_27 Column_28 Column_29 Column_30 Column_31 Column_32 Column_33 Column_34 Column_35 Column_36 Column_37 Column_38 Column_39 Column_40 Column_41 Column_42 Column_43 Column_44 Column_45 Column_46 Column_47 Column_48 Column_49 Column_50 Column_51 Column_52 Column_53 Column_54 Column_55 Column_56 Column_57 Column_58 Column_59 Column_60 Column_61 Column_62 Column_63 Column_64 Column_65 Column_66 Column_67 Column_68 Column_69 Column_70 Column_71 Column_72 Column_73 Column_74 Column_75 Column_76 Column_77 Column_78 Column_79 Column_80 Column_81 Column_82 Column_83 Column_84 Column_85 Column_86 Column_87 Column_88 Column_89 Column_90 Column_91 Column_92 Column_93 Column_94 Column_95 Column_96 Column_97 Column_98 Column_99 Column_100 Column_101 Column_102 Column_103 Column_104 Column_105 Column_106 Column_107 Column_108 Column_109 Column_110 Column_111 Column_112 Column_113 Column_114 Column_115 Column_116 Column_117 Column_118 Column_119 Column_120 Column_121 Column_122 Column_123 Column_124 Column_125 Column_126 Column_127 Column_128 Column_129 Column_130 Column_131 Column_132 Column_133 Column_134 Column_135 Column_136 Column_137 Column_138 Column_139 Column_140 Column_141 Column_142 Column_143 Column_144 Column_145 Column_146
feature_infos=[-18745:31025] [-17115:31327.5] [-21432.5:30320] [-18440:30667.5] [-11803.3251953125:34970.2734375] [215.35255432128906:4107.3359375] [-11139.626953125:31198.84375] [-18442.5:30685] [-16837.5:30707.5] [-19622.5:28327.5] [-19145:28770] [-11757.275390625:34754.1484375] [215.35255432128906:4107.3359375] [-11009.43359375:30978.0390625] [-19145:28770] [-17515:29015] [-21832.5:26655] [-20900:27305] [-11700.275390625:34547.375] [215.35255432128906:4107.3359375] [-10743.939453125:30644.126953125] [-20900:27310] [-19270:27897.5] [-23587.5:24765] [-20595:24822.5] [-11638.150390625:34326.57421875] [215.35255432128906:4107.3359375] [-10940.44140625:30114.88671875] [-20597.5:24825] [-18992.5:26665] [-22692.5:22970] [-19935:23182.5] [-11575.4501953125:34104.9765625] [215.35255432128906:4107.3359375] [-11472.8095703125:29484.669921875] [-19932.5:23180] [-18097.5:23784] [-20540:21102.5] [-19040:22085] [-11506.875:33875.6015625] [215.35255432128906:4107.3359375] [-12041.41796875:28747.8828125] [-19037.5:22086] [-17692.5:24340] [-20807.5:21758] [-19460:22987.5] [-11438.275390625:33641.875] [215.35255432128906:4107.3359375] [-12715.8349609375:27957.392578125] [-19457.5:22985.5] [-17782.5:25519.5] [-21362.5:21541.5] [-18602.5:23167] [-11351:33379.875] [215.35255432128906:4107.3359375] [-13250.986328125:26986.947265625] [-18600:23169] [-16887.5:25303] [-20467.5:22052.5] [-17707.5:23282] [-11247.599609375:33102.6484375] [215.35255432128906:4107.3359375] [-13635.44140625:26086.54296875] [-17705:23280] [-14105:25814] [-17990:22759] [-16585:23988.5] [-11143.6748046875:32796.8515625] [215.35255432128906:4107.3359375] [-13683.5830078125:25100.720703125] [-16582.5:23986.5] [-13742.5:26520.5] [-17095:19633.5] [-15047.5:20863] [-11027:32497.67578125] [215.35255432128906:4107.3359375] [-13807.576171875:24128.3828125] [-15025:20861] [-13007.5:23395] [-17325:19784.5] [-14332.5:21014] [-10905.4501953125:32190.650390625] [215.35255432128906:4107.3359375] [-13376.4326171875:23217.84765625] [-14335:21012] [-12730:23546] [-15172.5:19031.5] [-13672.5:20261] [-10783.6748046875:31872.400390625] [215.35255432128906:4107.3359375] [-12729.7109375:22283.7265625] [-13670:20259] [-10192.5:22793] [-13790:17769] [-11465:19192.5] [-10652:31576.80078125] [215.35255432128906:4107.3359375] [-12432.919921875:21629.068359375] [-11465:19192] [-11430:20333] [-14545:19080] [-13197.5:19281] [-10509.2001953125:31254.92578125] [215.35255432128906:4107.3359375] [-12139.017578125:20810.2890625] [-13195:19280.5] [-11520:20743.5] [-15100:17781] [-12340:18407] [-10361.7998046875:30943.55078125] [215.35255432128906:4107.3359375] [-11771.3798828125:20160.037109375] [-12337.5:18406] [-8717.5:22530.5] [-12557.5:18402.5] [-11217.5:21238] [-10227.125:30623.525390625] [215.35255432128906:4107.3359375] [-11189.6630859375:19465.259765625] [-11215:21240] [-7842.5:22421.5] [-11727.5:20075.5] [-8415:21157] [-10100.1748046875:30324.5] [215.35255432128906:4107.3359375] [-10612.8759765625:18938.873046875] [-8412.5:21158] [-7480:22173] [-11500:20830] [-8785:22059.5] [-9958.224609375:29992.625] [215.35255432128906:4107.3359375] [-10064.88671875:18497.720703125] [-8762.5:22057.5] [-4677.5:24591.5] [-10257.5:11798] [-6772.5:17212.5] [-9812.1748046875:29626] [215.35255432128906:4107.3359375] [-9231.2607421875:18380.8828125] [-6789.5:17212] [0:18646.5] [-9058:0] none [-9667.4248046875:29211.025390625] [215.35255432128906:4107.3359375] [-8392.0556640625:16709.892578125]
tree_sizes=2797 2822 2840 2820 2844 2822 2824 2814 2838 2839 2837 2792 2894 2812 2865 2837 2844 2852 2838 2846 2856 2845 2799 2816 2838 2828

Tree=0
num_leaves=31
num_cat=0
split_feature=4 82 135 29 142 131 110 85 122 106 38 24 71 142 123 0 93 87 141 9 134 122 94 26 115 94 60 108 5 92
split_gain=8.9695e+06 2.72848e+07 2.91641e+07 3.03752e+07 2.41464e+07 1.96435e+07 3.39176e+07 2.029e+07 1.7649e+07 1.10542e+07 1.02548e+07 1.12227e+07 8.87024e+06 8.79101e+06 8.38464e+06 8.41564e+06 8.28878e+06 1.36481e+07 1.01304e+07 8.22071e+06 8.18255e+06 1.14241e+07 8.13922e+06 8.10503e+06 7.88594e+06 7.63494e+06 6.60895e+06 9.1794e+06 8.75427e+06 8.34201e+06
threshold=11597.850097656252 2784.5214843750005 -919.74999999999989 10230.500000000002 -914.74999999999989 1401.3559570312502 1264.2258911132815 -4339.2499999999991 2607.7500000000005 3718.7500000000005 -6358.7499999999991 -1687.2499999999998 1145.2500000000002 -1177.7499999999998 9478.5649414062518 -711.74999999999989 -2035.7499999999998 -3037.7499999999995 884.50000000000011 7315.7500000000009 497.75000000000006 -802.24999999999989 -1514.7499999999998 1401.3559570312502 1135.5000000000002 -2301.4999999999995 9740.5249023437518 -1187.7499999999998 2042.5865478515627 2441.2500000000005
decision_type=2 2 2 2 2 2 2 2 2 2 2 2 2 2 2 2 2 2 2 2 2 2 2 2 2 2 2 2 2 2
left_child=5 2 3 23 -4 19 -7 -8 9 -6 -9 12 20 -3 15 22 17 -17 -19 -1 25 -22 -13 -2 -24 -12 27 -18 29 -29
right_child=1 13 4 -5 8 6 7 10 -10 -11 11 14 -14 -15 -16 16 26 18 -20 -21 21 -23 24 -25 -26 -27 -28 28 -30 -31
leaf_value=-1.394374647664594 17.896870446160992 59.39359661847196 48.858880468332401 -77.53765398098048 3.6421489995796916 -70.310703826614045 -45.263177968117439 -40.319795503546942 -31.406892144888978 43.929013398671287 30.132476828374109 -48.078129608334677 28.321380816143034 17.157476742579544 -39.545985497791293 -19.994795798022274 15.103641430776591 6.0412620517792295 44.265781023956009 21.013740791632205 -43.676045650798805 -0.61457186315834367 -2.7233671597513509 -23.866911445127347 -36.496795663196565 0.0077906677434160798 15.481129956264351 -18.212706085962957 -35.826552935040553 0.18766076536472709
leaf_weight=23874 21 28 34 21 90 22 34 21 31 21 33 21 34 22 21 32 32 52 26 41 20 67 56 26 25 58 27 134 37 114
leaf_count=23874 21 28 34 21 90 22 34 21 31 21 33 21 34 22 21 32 32 52 26 41 20 67 56 26 25 58 27 134 37 114
internal_value=-1.52084 7.16116 0.265962 -27.5441 11.0107 -1.62384 -9.02153 -7.42394 1.94851 11.264 -5.83563 -4.9178 4.92006 40.8097 -8.5324 -7.36103 -4.44529 7.50202 18.7828 -1.35596 0.450148 -10.5138 -20.3389 -5.2065 -13.1473 10.9321 -8.26565 -10.2882 -13.1393 -9.75447
internal_weight=25075 294 244 68 176 24781 866 844 142 111 810 789 212 50 577 556 454 110 78 23915 178 87 102 47 81 91 344 317 285 248
internal_count=25075 294 244 68 176 24781 866 844 142 111 810 789 212 50 577 556 454 110 78 23915 178 87 102 47 81 91 344 317 285 248
is_linear=0
shrinkage=1


Tree=1
num_leaves=31
num_cat=0
split_feature=20 82 32 145 26 122 59 129 107 142 26 53 135 142 141 92 82 141 28 80 27 61 78 139 141 27 92 72 141 92
split_gain=8.5374e+06 1.49062e+07 2.57813e+07 1.73498e+07 1.37241e+07 1.00064e+07 1.85047e+07 9.326e+06 8.57697e+06 8.34726e+06 8.14635e+06 7.0112e+06 1.12237e+07 1.53115e+07 1.10952e+07 8.72783e+06 1.2489e+07 7.91519e+06 6.79482e+06 7.09823e+06 6.59707e+06 9.00596e+06 5.64148e+06 5.48703e+06 8.87299e+06 5.88786e+06 6.32894e+06 1.38225e+07 5.23376e+06 5.07035e+06
threshold=-7134.9187011718741 2784.5214843750005 10178.282226562502 2784.5214843750005 1077.258728027344 3656.2500000000005 6356.2500000000009 -746.74999999999989 -4898.7499999999991 -1177.7499999999998 1373.502868652344 10758.924804687502 -1968.9999999999998 -685.74999999999989 809.50000000000011 4783.2500000000009 1209.4280395507815 1000.2500000000001 7455.2500000000009 4601.2500000000009 5660.1123046875009 1515.713562011719 5352.5000000000009 3270.3959960937505 1488.5000000000002 6657.4431152343759 1009.7500000000001 1543.2500000000002 935.25000000000011 4281.2500000000009
decision_type=2 2 2 2 2 2 2 2 2 2 2 2 2 2 2 2 2 2 2 2 2 2 2 2 2 2 2 2 2 2
left_child=4 3 -3 5 -1 8 -7 -6 10 -4 -2 15 -13 14 -14 18 22 -18 19 23 -15 28 -17 25 -25 29 -27 -28 -22 -10
right_child=1 2 9 -5 7 6 -8 -9 11 -11 -12 12 13 20 -16 16 17 -19 -20 -21 21 -23 -24 24 -26 26 27 -29 -30 -31
leaf_value=4.9275795954339046 -2.3589645946727078 -17.542061088825093 58.517529226938883 -38.014727268218998 -15.612713831663132 -46.700683724880221 6.2740268370684458 -59.136773681640626 0.15365882788211388 20.196535227033827 -39.146031966032808 -25.584117479324341 10.000831336975098 -11.130108959730283 59.135782552648472 -18.980281315679136 -50.028388384094946 -12.712337913513185 22.797500702829073 -23.439565241336823 15.851303984902124 42.17719635009766 11.348039212434188 2.6440769606945564 41.260888726370681 5.4478341167171802 -56.629939155578612 1.4506762186686197 -15.219335340416951 -17.662665581703187
leaf_weight=47 34 29 30 30 32 32 34 20 24179 27 27 20 20 43 27 23 27 30 33 32 33 20 46 51 21 24 20 21 23 40
leaf_count=47 34 29 30 30 32 32 34 20 24179 27 27 20 20 43 27 23 27 30 33 32 33 20 46 51 21 24 20 21 23 40
internal_value=-6.58294e-08 0.0580855 20.8385 -0.0137151 -14.654 0.0321429 -19.4107 -32.3527 0.0838985 40.3655 -18.6418 0.130082 9.80106 14.0643 38.2273 0.0568024 -13.0688 -30.3884 0.124524 0.0938447 4.52099 13.3762 1.2386 0.124764 13.9073 0.0838998 -14.9444 -26.8813 3.09015 0.124233
internal_weight=25075 24976 86 24890 99 24860 66 52 24794 57 61 24733 186 166 47 24547 126 57 24421 24388 119 76 69 24356 72 24284 65 41 56 24219
internal_count=25075 24976 86 24890 99 24860 66 52 24794 57 61 24733 186 166 47 24547 126 57 24421 24388 119 76 69 24356 72 24284 65 41 56 24219
is_linear=0
shrinkage=0.05


Tree=2
num_leaves=31
num_cat=0
split_feature=20 82 32 145 26 122 53 129 107 142 26 53 107 135 45 53 141 108 40 103 99 95 145 121 113 75 142 121 64 46
split_gain=7.705e+06 1.34528e+07 2.32676e+07 1.56582e+07 1.2386e+07 9.03076e+06 1.76653e+07 8.41672e+06 7.74072e+06 7.5334e+06 7.35208e+06 6.32761e+06 1.06155e+07 1.36218e+07 1.22128e+07 8.31978e+06 2.0955e+07 7.07064e+06 5.87713e+06 1.08716e+07 8.84158e+06 8.26336e+06 6.22913e+06 5.67121e+06 4.64814e+06 5.75924e+06 7.31708e+06 1.16406e+07 9.51529e+06 8.54758e+06
threshold=-7134.9187011718741 2784.5214843750005 10178.282226562502 2784.5214843750005 1077.258728027344 3656.2500000000005 6837.1750488281259 -746.74999999999989 -4898.7499999999991 -1177.7499999999998 1373.502868652344 10758.924804687502 -910.24999999999989 -919.74999999999989 5347.5000000000009 9865.9775390625018 1235.7500000000002 821.25000000000011 2299.0893554687505 1890.4719848632815 1527.2500000000002 5096.4824218750009 1890.4719848632815 1422.0000000000002 437.75000000000006 1401.3559570312502 -336.24999999999994 877.75000000000011 1768.2500000000002 1258.2449951171877
decision_type=2 2 2 2 2 2 2 2 2 2 2 2 2 2 2 2 2 2 2 2 2 2 2 2 2 2 2 2 2 2
left_child=4 3 -3 5 -1 8 -7 -6 10 -4 -2 15 -13 -14 -15 18 17 -17 19 22 -20 -21 24 -16 -10 -26 27 28 -27 -28
right_child=1 2 9 -5 7 6 -8 -9 11 -11 -12 12 13 14 23 16 -18 -19 20 21 -22 -23 -24 -25 25 26 29 -29 -30 -31
leaf_value=4.681200979237861 -2.2410160808002249 -16.664958190917968 55.591651417414347 -36.113990697860721 -14.832078337669373 -57.670541181862362 -1.3834542564723804 -56.179935054779051 0.67453369231642402 19.186708506831419 -37.188730480052804 34.121682630266463 -23.77949633734567 -0.41316427604572192 50.86204492395575 -16.715017970915763 20.630432869769908 -52.071516829270585 -0.12589851502449281 5.2841065543038503 -42.76659744262696 35.988247648874925 -27.141462653023854 14.074035415649414 -0.51317333836277867 2.2160291583008238 -0.35549703481349537 20.612029220746912 -23.362953533110073 -27.621370518529741
leaf_weight=47 34 29 30 30 32 20 46 20 14416 27 27 35 35 74 22 31 27 26 31 56 20 36 21 20 9565 90 47 46 61 74
leaf_count=47 34 29 30 30 32 20 46 20 14416 27 27 35 35 74 22 31 27 26 31 56 20 36 21 20 9565 90 47 46 61 74
internal_value=2.10598e-07 0.0551815 19.7966 -0.013029 -13.9213 0.0305361 -18.4401 -30.7351 0.0797038 38.3472 -17.7097 0.123578 9.31101 3.56019 11.8092 0.0539626 -15.6548 -32.8425 0.107903 0.143325 -16.8477 17.2988 0.078428 33.3439 0.101952 -0.733253 -7.35294 -1.40885 -8.1172 -17.0305
internal_weight=25075 24976 86 24890 99 24860 66 52 24794 57 61 24733 186 151 116 24547 84 57 24463 24412 51 92 24320 42 24299 9883 318 197 151 121
internal_count=25075 24976 86 24890 99 24860 66 52 24794 57 61 24733 186 151 116 24547 84 57 24463 24412 51 92 24320 42 24299 9883 318 197 151 121
is_linear=0
shrinkage=0.05


Tree=3
num_leaves=31
num_cat=0
split_feature=20 82 32 145 19 135 120 115 53 134 142 26 19 40 99 142 117 131 140 135 107 61 68 141 86 107 139 117 9 27
split_gain=6.95377e+06 1.21412e+07 2.0999e+07 1.41315e+07 1.12706e+07 1.05477e+07 8.2198e+06 3.02721e+07 9.19356e+06 1.09261e+07 1.72473e+07 1.22721e+07 1.00422e+07 8.71285e+06 1.15857e+07 8.45183e+06 7.61868e+06 7.47863e+06 7.05351e+06 6.94599e+06 6.24245e+06 6.9842e+06 5.60902e+06 6.48581e+06 4.9876e+06 9.31137e+06 7.35232e+06 7.5342e+06 4.96707e+06 4.9609e+06
threshold=-7134.9187011718741 2784.5214843750005 10178.282226562502 2784.5214843750005 996.66073608398449 -997.74999999999989 3887.7500000000005 3355.0000000000005 10758.924804687502 1292.7500000000002 -685.74999999999989 1401.3559570312502 2042.5865478515627 2299.0893554687505 1231.7500000000002 -202.24999999999997 1264.2258911132815 1401.3559570312502 1429.0000000000002 -2138.9999999999995 -4898.7499999999991 1067.1999511718752 2042.5865478515627 323.75000000000006 3808.2500000000005 1900.2500000000002 3270.3959960937505 1341.8898925781252 4861.2500000000009 4489.4218750000009
decision_type=2 2 2 2 2 2 2 2 2 2 2 2 2 2 2 2 2 2 2 2 2 2 2 2 2 2 2 2 2 2
left_child=4 3 -3 6 -1 -6 8 -8 13 11 -11 16 -13 20 -15 17 -10 -9 -19 -4 21 -2 24 -24 26 -26 29 -28 -12 -22
right_child=1 2 19 -5 5 -7 7 15 9 10 28 12 -14 14 -16 -17 -18 18 -20 -21 22 -23 23 -25 25 -27 27 -29 -30 -31
leaf_value=9.587693191255843 5.0588069634004071 -15.831709810783124 60.170112228393556 -34.308290678660079 -11.515919379300851 -54.74681138538179 -58.546322822570801 8.7654684555836209 1.903920518198321 62.132875815681793 26.890527907661774 -42.548338040438566 4.7030833078467325 -2.5129911422729494 -50.217981927394874 25.14606362915039 41.486038894653319 -36.516290515044645 1.0282984646883877 23.597267142502037 0.16949753916548904 -31.311039294618549 -5.5339543914794929 30.986944168613803 -30.926988922583092 -1.1788196650343936 4.1554959828393505 35.459611195531387 -4.729284026446166 -4.8930667854875693
leaf_weight=35 22 29 20 30 43 21 28 39 31 23 23 22 23 35 20 25 20 29 22 37 23679 33 20 31 37 91 57 29 27 494
leaf_count=35 22 29 20 30 43 21 28 39 31 23 23 22 23 35 20 25 20 29 22 37 23679 33 20 31 37 91 57 29 27 494
internal_value=-2.9937e-08 0.0524222 18.8068 -0.0123778 -13.2252 -25.7011 0.029009 -11.9241 0.0981635 11.7201 26.2993 0.633852 -18.3976 0.0181526 -19.8603 -0.572565 17.4263 -7.71663 -20.3206 36.4298 0.0627903 -16.7631 0.100659 16.665 0.0660179 -9.7779 0.117958 14.7115 9.81583 0.0660389
internal_weight=25075 24976 86 24890 99 64 24860 143 24717 169 73 96 45 24548 55 115 51 90 51 57 24493 55 24438 51 24387 128 24259 86 50 24173
internal_count=25075 24976 86 24890 99 64 24860 143 24717 169 73 96 45 24548 55 115 51 90 51 57 24493 55 24438 51 24387 128 24259 86 50 24173
is_linear=0
shrinkage=0.05


Tree=4
num_leaves=31
num_cat=0
split_feature=20 82 32 145 26 122 53 129 142 107 26 53 107 135 45 53 141 59 58 40 73 103 38 145 108 107 41 121 107 141
split_gain=6.27577e+06 1.09574e+07 1.89516e+07 1.27537e+07 1.05507e+07 7.94632e+06 1.59642e+07 7.0624e+06 6.42602e+06 6.37734e+06 6.21839e+06 5.22325e+06 9.36398e+06 1.18359e+07 1.09401e+07 7.3684e+06 1.8469e+07 6.5853e+06 5.63421e+06 5.64285e+06 7.33242e+06 5.65196e+06 1.26318e+07 6.3266e+06 5.55687e+06 8.57535e+06 5.21167e+06 4.93608e+06 4.48458e+06 9.00404e+06
threshold=-7134.9187011718741 2784.5214843750005 10178.282226562502 2784.5214843750005 1077.258728027344 3656.2500000000005 6837.1750488281259 -746.74999999999989 -1177.7499999999998 -4898.7499999999991 1373.502868652344 10758.924804687502 -910.24999999999989 -919.74999999999989 5347.5000000000009 9865.9775390625018 1235.7500000000002 2468.7500000000005 -5043.7499999999991 2299.0893554687505 95.250000000000014 1890.4719848632815 -172.24999999999997 1890.4719848632815 -1590.2499999999998 -2373.7499999999995 -5738.7861328124991 1422.0000000000002 -4151.7499999999991 296.25000000000006
decision_type=2 2 2 2 2 2 2 2 2 2 2 2 2 2 2 2 2 2 2 2 2 2 2 2 2 2 2 2 2 2
left_child=4 3 -3 5 -1 9 -7 -6 -4 10 -2 15 -13 -14 -15 18 17 -17 24 21 -21 23 -23 26 -11 -26 -20 -16 29 -28
right_child=1 2 8 -5 7 6 -8 -9 -10 11 -12 12 13 14 27 16 -18 -19 19 20 -22 22 -24 -25 25 -27 28 -29 -30 -31
leaf_value=4.6050865477703988 -1.8471393753500547 -15.040124849615427 50.535021642049159 -32.592876749038702 -13.514678153116257 -54.592332911491397 -1.0840143784232763 -51.390138212144372 16.91205491313228 1.3064588892350504 -33.987623193528918 31.763055730547222 -22.424954256330221 -0.81915959458093379 47.474009669910778 -13.573318011420113 19.331867924442999 -47.568498361521762 -18.701191338977299 1.2241477886835734 -39.231999460856123 -2.180985571089245 42.708535961151128 -28.083458518981935 43.668689012527466 8.0403557492452773 39.901440393924716 13.153052368164063 0.048128309811762464 -3.7519312787939003
leaf_weight=47 34 29 30 30 32 20 46 20 27 109 27 35 35 74 22 28 27 29 37 24 21 42 25 20 24 57 21 20 24056 27
leaf_count=47 34 29 30 30 32 20 46 20 27 109 27 35 35 74 22 28 27 29 37 24 21 42 25 20 24 57 21 20 24056 27
internal_value=3.4956e-08 0.0498012 17.8664 -0.0117589 -12.564 0.0275587 -17.2987 -28.0822 34.6084 0.0736799 -16.0733 0.113504 8.46078 3.05959 10.7489 0.0502539 -14.7331 -30.8691 0.101016 0.0338816 -17.6554 0.0667369 14.5688 0.0265216 8.67765 18.5969 0.0498098 31.1307 0.0785929 15.3464
internal_weight=25075 24976 86 24890 99 24860 66 52 57 24794 61 24733 186 151 116 24547 84 57 24463 24273 45 24228 67 24161 190 81 24141 42 24104 48
internal_count=25075 24976 86 24890 99 24860 66 52 57 24794 61 24733 186 151 116 24547 84 57 24463 24273 45 24228 67 24161 190 81 24141 42 24104 48
is_linear=0
shrinkage=0.05


Tree=5
num_leaves=31
num_cat=0
split_feature=20 82 32 145 86 4 122 59 134 107 26 107 127 73 117 95 5 116 79 134 138 120 141 22 20 142 0 33 59 142
split_gain=5.66389e+06 9.88905e+06 1.71038e+07 1.15102e+07 9.85544e+06 9.90315e+06 7.17155e+06 1.51773e+07 6.39453e+06 5.75555e+06 5.61209e+06 4.99726e+06 1.11151e+07 1.22839e+07 1.16657e+07 7.84466e+06 6.78061e+06 6.60684e+06 1.08971e+07 5.70161e+06 6.17833e+06 1.1971e+07 8.46607e+06 7.03506e+06 6.63348e+06 5.04464e+06 7.1068e+06 4.81012e+06 4.80141e+06 4.7244e+06
threshold=-7134.9187011718741 2784.5214843750005 10178.282226562502 2784.5214843750005 -3706.2499999999995 -6013.0825195312491 3656.2500000000005 6356.2500000000009 576.75000000000011 -4898.7499999999991 1373.502868652344 -294.74999999999994 1503.0000000000002 -624.24999999999989 1748.4644165039065 1200.279968261719 1890.4719848632815 7679.3750000000009 498.25000000000006 2353.5000000000005 1565.8640136718752 3425.0000000000005 1000.2500000000001 7175.2500000000009 5448.6264648437509 -430.74999999999994 4892.2500000000009 1515.713562011719 3563.5000000000005 -219.74999999999997
decision_type=2 2 2 2 2 2 2 2 2 2 2 2 2 2 2 2 2 2 2 2 2 2 2 2 2 2 2 2 2 2
left_child=4 3 -3 6 5 -1 9 -8 -4 10 -2 12 -11 15 -15 -14 19 18 -18 20 23 22 24 -13 -22 26 -21 -17 -19 -27
right_child=1 2 8 -5 -6 -7 7 -9 -10 11 -12 16 13 14 -16 27 17 28 -20 25 21 -23 -24 -25 -26 29 -28 -29 -30 -31
leaf_value=-10.210817801324945 -1.7547822727876552 -14.28811838215795 13.930866840362549 -30.96323225339254 6.8276641485167717 -53.678245620429522 -41.148657059669496 6.8273887746474315 47.680330872535706 0.62257215928624188 -32.288242001003688 -0.65766547156663302 16.242117199144868 16.67656012603215 60.507406539917 -32.858133983612063 -0.90228695869445807 -16.1898347089688 -50.87477817336719 5.928512404181741 -0.069645186372705406 -43.689838473002119 21.461883731683098 15.130314814876503 -33.409657295227049 -10.044852108120919 38.151664638519286 1.0220993811433965 16.547650854928154 9.9054577444105938
leaf_weight=38 34 29 25 30 41 20 32 34 32 12735 27 11370 38 63 20 20 20 24 24 44 37 24 24 71 25 50 28 22 21 73
leaf_count=38 34 29 25 30 41 20 32 34 32 12735 27 11370 38 63 20 20 20 24 24 44 37 24 24 71 25 50 28 22 21 73
internal_value=-1.23812e-07 0.047311 16.9731 -0.0111711 -11.9358 -25.1996 0.0261806 -16.4337 32.8779 0.0699957 -15.2696 0.107828 0.78863 13.7625 27.2382 -0.21845 -0.634122 -14.3831 -28.16 -0.529945 -0.673075 -12.4663 -3.75271 -0.559689 -13.5132 7.9485 18.4597 -15.1113 -0.912341 1.79558
internal_weight=25075 24976 86 24890 99 58 24860 66 57 24794 61 24733 12898 163 83 80 11835 89 44 11746 11551 110 86 11441 62 195 72 42 45 123
internal_count=25075 24976 86 24890 99 58 24860 66 57 24794 61 24733 12898 163 83 80 11835 89 44 11746 11551 110 86 11441 62 195 72 42 45 123
is_linear=0
shrinkage=0.05


Tree=6
num_leaves=31
num_cat=0
split_feature=6 122 131 86 108 64 75 142 13 120 135 37 10 86 117 5 142 85 103 136 108 36 92 107 129 103 136 134 128 87
split_gain=5.266e+06 1.16044e+07 7.64319e+06 2.10409e+07 1.37888e+07 1.12528e+07 1.05053e+07 2.09246e+07 1.07828e+07 2.69764e+07 1.34982e+07 1.00241e+07 6.9571e+06 4.7652e+06 1.31666e+07 1.05644e+07 9.01637e+06 6.77585e+06 8.43208e+06 1.04277e+07 8.88452e+06 6.75243e+06 6.12862e+06 5.2355e+06 6.99315e+06 5.51418e+06 7.91717e+06 6.76792e+06 6.43083e+06 5.97039e+06
threshold=-6236.6743164062491 -2633.7499999999995 2784.5214843750005 -3706.2499999999995 4863.7500000000009 5303.7500000000009 2299.0893554687505 -1232.2499999999998 11634.190917968752 4857.5000000000009 -19.749999999999996 -2890.2499999999995 2603.5000000000005 3808.2500000000005 1373.502868652344 1438.1508789062502 -387.24999999999994 3651.2500000000005 909.79022216796886 1138.0000000000002 2993.2500000000005 1966.2500000000002 5467.5000000000009 -4898.7499999999991 -1394.2499999999998 1890.4719848632815 944.50000000000011 433.25000000000006 -483.74999999999994 -723.49999999999989
decision_type=2 2 2 2 2 2 2 2 2 2 2 2 2 2 2 2 2 2 2 2 2 2 2 2 2 2 2 2 2 2
left_child=1 -1 6 -4 5 -5 8 -8 9 13 -10 -9 -13 17 16 -16 22 23 -19 20 21 -20 -15 24 -2 -25 27 29 -29 -27
right_child=2 -3 3 4 -6 -7 7 11 10 -11 -12 12 -14 14 15 -17 -18 18 19 -21 -22 -23 -24 25 -26 26 -28 28 -30 -31
leaf_value=-40.695835363864902 -0.57581154889073871 -3.633340831092474 58.460978117443268 9.5537844917990942 33.99271636236282 -41.615945943196614 -52.804751116888866 -31.463816397530692 -3.4666038513183595 -41.515896567320219 51.315617038892668 26.54168176651001 -9.3765898631169247 2.9663704168228877 -52.79332864379883 -6.8272254447937017 -12.168843715778296 -2.5731809800216396 -12.307988147735596 36.665062470436098 -14.9858807072495 19.465493060560789 36.048024145762128 0.043382489785924738 -39.007597441673283 27.22667547941208 39.404700176715856 -26.483458923339846 11.555150619745255 -6.2314860534667975
leaf_weight=24 29 176 21 22 21 21 28 21 22 39 23 28 26 42 25 25 69 129 20 40 33 102 21 23923 20 40 20 25 20 20
leaf_count=24 29 176 21 22 21 21 28 21 22 39 23 28 26 42 25 25 69 129 20 40 33 102 21 23923 20 40 20 25 20 20
internal_value=6.92369e-08 -8.08084 0.0649716 15.0327 0.782741 -15.4361 0.0136504 -15.9213 0.0801349 0.03548 24.5332 -2.15153 9.2477 0.101346 -7.95916 -29.8103 0.317772 0.161418 7.34398 13.9046 8.03088 14.2567 13.9936 0.0648436 -16.2623 0.0981116 10.5724 5.08051 -9.57741 16.074
internal_weight=25075 200 24875 85 64 43 24790 103 24687 24642 45 75 54 24603 182 50 132 24421 324 195 155 122 63 24097 49 24048 125 105 45 60
internal_count=25075 200 24875 85 64 43 24790 103 24687 24642 45 75 54 24603 182 50 132 24421 324 195 155 122 63 24097 49 24048 125 105 45 60
is_linear=0
shrinkage=0.05


Tree=7
num_leaves=31
num_cat=0
split_feature=135 65 64 25 120 100 40 102 134 136 142 128 113 124 120 15 45 80 75 131 85 93 45 80 73 128 140 111 48 5
split_gain=5.13815e+06 9.95047e+06 8.60178e+06 7.98528e+06 1.91507e+07 1.61052e+07 1.07361e+07 2.03758e+07 1.29588e+07 1.07284e+07 1.63209e+07 2.04168e+07 9.85452e+06 9.10387e+06 9.73458e+06 7.25208e+06 7.1368e+06 4.87495e+06 4.19378e+06 4.46854e+06 6.12311e+06 9.21681e+06 8.6493e+06 7.13494e+06 1.42831e+07 1.25261e+07 9.58115e+06 6.25042e+06 6.12008e+06 5.87606e+06
threshold=-3349.9999999999995 4615.2500000000009 -39.249999999999993 11289.822753906252 4857.5000000000009 -3158.2499999999995 2299.0893554687505 6511.8623046875009 1781.2500000000002 10.250000000000002 -1027.7499999999998 2370.2500000000005 3148.7500000000005 1154.7329101562502 1968.2500000000002 -1369.7499999999998 8700.0000000000018 964.25000000000011 2042.5865478515627 1401.3559570312502 -2613.7499999999995 -1491.7499999999998 2287.2500000000005 2410.7500000000005 4943.7500000000009 1107.2500000000002 661.50000000000011 2424.458129882813 7898.7023925781259 1341.8898925781252
decision_type=2 2 2 2 2 2 2 2 2 2 2 2 2 2 2 2 2 2 2 2 2 2 2 2 2 2 2 2 2 2
left_child=1 2 15 4 6 -5 18 -8 -9 12 -11 13 17 -12 -15 -1 -16 -7 19 28 29 22 -22 25 26 -23 27 -25 -2 -21
right_child=3 -3 -4 5 -6 9 7 8 -10 10 11 -13 -14 14 16 -17 -18 -19 -20 20 21 23 -24 24 -26 -27 -28 -29 -30 -31
leaf_value=-0.35190872304579796 0.12808647789226638 -41.90225524902344 21.068785552978518 51.830260343551643 -36.488459830813945 -15.58900375366211 -46.390398926205108 23.423667415495842 -24.959663864135745 49.722405197143559 -10.595947758904821 -40.898234748840338 -40.171036412715914 2.9380291327452053 51.689594701131185 -38.29596393585205 13.130110855102538 12.868621837391572 14.682917361356775 -38.823856552787447 2.979495495593909 -8.0771251492722094 37.048972992669967 -18.633394927978514 -19.61078395313687 -48.234014420282278 40.518862966390763 15.899400962026498 25.932499249085136 -7.637808782404119
leaf_weight=34 23850 21 25 20 36 27 36 31 25 25 29 20 20 39 30 20 20 34 49 23 165 258 21 20 45 21 26 38 23 44
leaf_count=34 23850 21 25 20 36 27 36 31 25 25 29 20 20 39 30 20 20 34 49 23 165 258 21 20 45 21 26 38 23 44
internal_value=-1.25681e-08 -11.3111 -3.1793 0.0452898 -0.0471203 8.69508 0.00604642 -17.0425 1.82397 5.15941 12.5502 5.81613 -9.71347 13.7338 21.6615 -14.4053 36.2658 0.272624 0.0698494 0.0406638 -4.01462 -2.39841 6.82605 -6.60367 3.12027 -11.0997 15.2976 3.99154 0.152947 -18.3435
internal_weight=25075 100 79 24975 24711 264 24675 92 56 244 163 138 81 118 89 54 50 61 24583 24534 661 594 186 408 129 279 84 58 23873 67
internal_count=25075 100 79 24975 24711 264 24675 92 56 244 163 138 81 118 89 54 50 61 24583 24534 661 594 186 408 129 279 84 58 23873 67
is_linear=0
shrinkage=0.05


Tree=8
num_leaves=31
num_cat=0
split_feature=37 80 99 75 117 4 142 13 120 142 136 87 120 82 72 5 85 145 124 36 64 118 108 141 33 129 107 137 40 142
split_gain=4.6986e+06 6.36131e+06 6.04158e+06 5.32997e+06 1.41954e+07 1.21404e+07 7.16508e+06 6.65899e+06 1.86842e+07 2.0786e+07 1.7169e+07 5.51492e+06 1.1624e+07 9.23947e+06 6.4377e+06 8.81237e+06 5.65998e+06 1.10598e+07 9.90976e+06 7.32957e+06 7.12665e+06 8.78803e+06 6.72517e+06 1.05776e+07 5.37373e+06 4.89076e+06 4.51048e+06 7.03941e+06 5.87066e+06 9.27866e+06
threshold=-7241.2499999999991 -3009.7499999999995 -1863.7499999999998 2784.5214843750005 2784.5214843750005 10609.912597656252 -1093.9999999999998 11634.190917968752 4857.5000000000009 -372.74999999999994 410.25000000000006 4307.5000000000009 2724.0000000000005 1180.005310058594 5175.5000000000009 1315.5429687500002 3467.5000000000005 1077.258728027344 1024.2224731445315 1098.2500000000002 4846.2500000000009 3737.6145019531255 2580.5000000000005 835.25000000000011 909.79022216796886 1483.7500000000002 -294.74999999999994 9206.2802734375018 1515.713562011719 -421.74999999999994
decision_type=2 2 2 2 2 2 2 2 2 2 2 2 2 2 2 2 2 2 2 2 2 2 2 2 2 2 2 2 2 2
left_child=1 2 -1 4 7 -5 -7 8 11 -10 -9 16 13 -13 15 -14 20 18 24 -19 26 -22 -21 -24 -18 -25 27 -2 -28 -30
right_child=3 -3 -4 5 -6 6 -8 10 9 -11 -12 12 14 -15 -16 -17 17 19 -20 22 21 -23 23 25 -26 -27 28 -29 29 -31
leaf_value=-13.293515266071665 0.64337764320167123 -35.297828102111815 17.223861718631309 -11.481574579874675 -41.0885978335426 48.295818018913273 8.7917003328149974 -19.149912534441267 -68.513864526294526 1.0315153121948242 37.454013494543126 -9.1343186017629261 6.6069360486666362 -47.203225510460989 13.860368099579444 -35.055630527843128 -2.843888416465806 -11.604310371398926 -35.606995456218719 24.298547347518038 -28.423527597344442 11.276769742965698 -19.678458283124147 38.329204597473144 17.213126353990464 4.1661658026955344 -0.53760497464771839 26.200457770736133 1.7200233062915506 -22.515300047091952
leaf_weight=55 12873 21 23 30 21 24 22 21 21 22 37 37 30 28 52 22 163 25 20 121 46 20 27 20 42 22 11045 27 80 78
leaf_count=55 12873 21 23 30 21 24 22 21 21 22 37 37 30 28 52 22 163 25 20 121 46 20 27 20 42 22 11045 27 80 78
internal_value=-4.27699e-08 -10.8712 -4.2948 0.0430913 0.00273807 13.2641 29.4025 0.0374227 -0.00211965 -32.9325 16.9595 0.0550281 -8.94637 -25.5332 1.42042 -11.0195 0.116844 5.73681 -2.01219 13.8462 0.0145321 -16.3931 17.195 4.73799 1.26535 20.4343 0.0594604 0.696869 -0.674501 -10.2443
internal_weight=25075 99 78 24976 24900 76 46 24879 24821 43 58 24778 169 65 104 52 24609 440 225 215 24169 66 190 69 205 42 24103 12900 11203 158
internal_count=25075 99 78 24976 24900 76 46 24879 24821 43 58 24778 169 65 104 52 24609 440 225 215 24169 66 190 69 205 42 24103 12900 11203 158
is_linear=0
shrinkage=0.05


Tree=9
num_leaves=31
num_cat=0
split_feature=135 66 46 25 120 100 136 142 128 40 132 86 124 120 113 71 134 85 141 85 117 113 75 120 142 121 114 126 120 33
split_gain=4.50197e+06 8.7377e+06 8.44427e+06 6.81809e+06 1.6157e+07 1.44598e+07 9.51006e+06 1.45085e+07 1.83511e+07 9.38605e+06 1.87052e+07 1.54456e+07 8.0453e+06 8.32479e+06 8.03813e+06 7.63834e+06 6.73573e+06 4.37104e+06 4.00811e+06 1.12897e+07 6.04296e+06 5.05054e+06 5.88356e+06 9.8691e+06 7.45155e+06 1.0462e+07 1.03074e+07 7.57478e+06 7.33106e+06 6.72616e+06
threshold=-3349.9999999999995 4588.2500000000009 6414.7302246093759 11289.822753906252 4857.5000000000009 -3158.2499999999995 10.250000000000002 -1027.7499999999998 2370.2500000000005 2299.0893554687505 -1114.610900878906 524.75000000000011 1154.7329101562502 1968.2500000000002 3148.7500000000005 605.75000000000011 2534.5000000000005 1363.5000000000002 113.75000000000001 -3558.9999999999995 2042.5865478515627 246.75000000000003 1401.3559570312502 13.750000000000002 -336.24999999999994 877.75000000000011 994.25000000000011 -55.249999999999993 2573.7500000000005 1565.8640136718752
decision_type=2 2 2 2 2 2 2 2 2 2 2 2 2 2 2 2 2 2 2 2 2 2 2 2 2 2 2 2 2 2
left_child=1 2 -1 4 9 -5 14 -8 12 18 -11 15 -9 -14 17 -12 -15 -7 19 -2 21 -20 -23 -24 25 26 29 -26 -27 -25
right_child=3 -3 -4 5 -6 6 7 8 -10 10 11 -13 13 16 -16 -17 -18 -19 20 -21 -22 22 23 24 27 28 -28 -29 -30 -31
leaf_value=-15.39465169711989 -34.60023852539063 -38.417178899591619 18.646263661877864 48.907374850213529 -33.515101242065434 -16.917638931671778 46.690822485923775 -10.07092059480733 -38.993940162658696 -54.98458338198455 -4.4299385797409787 -31.544291312353955 2.9385129439525119 51.390420238788309 -36.825777504444126 38.745506134033207 14.657538770635924 10.480491287643845 1.3120086829007167 -0.92865556424363671 20.342700431221413 -0.11196548369373245 -40.581873493194585 -10.109772844950358 15.467784576416017 36.543236174583434 -35.622728029886886 -17.602517593461414 1.8714075642247356 12.247953491523617
leaf_weight=49 25 22 29 20 36 24 25 29 20 23 21 28 39 26 20 20 24 37 8203 5868 38 10059 20 75 20 30 24 129 31 61
leaf_count=49 25 22 29 20 36 24 25 29 20 23 21 28 39 26 20 20 24 37 8203 5868 38 10059 20 75 20 30 24 129 31 61
internal_value=-1.27209e-07 -10.5877 -2.73841 0.0423932 -0.0429964 8.03506 4.68487 11.6434 5.29419 0.00583826 -15.9348 -2.91824 12.8007 20.2532 -9.31803 16.6313 33.7586 -0.299101 0.065495 -1.0715 0.423993 0.383412 -0.345584 -6.37115 -4.52192 1.30433 -5.41283 -13.1636 18.9231 -0.081675
internal_weight=25075 100 78 24975 24711 264 244 163 138 24675 92 69 118 89 81 41 50 61 24583 5893 18690 18652 10449 390 370 221 160 149 61 136
internal_count=25075 100 78 24975 24711 264 244 163 138 24675 92 69 118 89 81 41 50 61 24583 5893 18690 18652 10449 390 370 221 160 149 61 136
is_linear=0
shrinkage=0.05


Tree=10
num_leaves=31
num_cat=0
split_feature=6 122 82 32 145 127 129 0 107 26 107 92 29 82 135 53 137 136 115 135 127 26 13 52 30 31 78 45 127 87
split_gain=4.17185e+06 9.735e+06 6.47047e+06 1.47422e+07 9.79382e+06 5.8893e+06 5.37035e+06 2.22996e+07 4.67105e+06 4.85479e+06 4.7304e+06 6.18461e+06 9.98398e+06 9.11391e+06 4.71058e+06 5.46224e+06 1.30128e+07 6.67928e+06 1.02144e+07 8.48345e+06 1.46132e+07 6.16859e+06 8.82712e+06 4.63073e+06 6.04974e+06 4.58616e+06 5.94122e+06 4.53685e+06 4.3277e+06 7.36127e+06
threshold=-6236.6743164062491 -2633.7499999999995 2784.5214843750005 10178.282226562502 2784.5214843750005 44.250000000000007 2993.5000000000005 6006.2500000000009 -4898.7499999999991 1373.502868652344 -3394.9999999999995 -2014.2499999999998 -1087.2499999999998 1401.3559570312502 -3349.9999999999995 10758.924804687502 9206.2802734375018 410.25000000000006 -242.24999999999997 633.00000000000011 1733.7500000000002 1226.166442871094 5975.1042480468759 -3167.2499999999995 -5572.4999999999991 -2420.2499999999995 70.250000000000014 -2863.7499999999995 2434.7500000000005 4307.5000000000009
decision_type=2 2 2 2 2 2 2 2 2 2 2 2 2 2 2 2 2 2 2 2 2 2 2 2 2 2 2 2 2 2
left_child=1 -1 4 -4 6 -5 8 -8 9 -2 11 12 23 -13 -12 16 28 18 -17 20 -19 -20 -23 24 -10 26 -3 -25 29 -16
right_child=2 25 3 5 -6 -7 7 -9 10 -11 14 13 -14 -15 15 17 -18 19 21 -21 -22 22 -24 27 -26 -27 -28 -29 -30 -31
leaf_value=-37.065162686506909 -0.84875244632844005 -3.8624533843638291 -15.880374145507814 7.3808346975417365 -28.540470997492477 40.6987871170044 -40.436083372219194 16.09792931585601 25.824028630483721 -30.145877385139467 -20.448555285590036 6.5554860239443578 -19.592799265791733 44.56452701886495 0.0064353873820636384 31.211776179359074 -40.307723674774174 4.0722381973266604 8.5995798168760356 2.3996372875414398 63.125082362781875 -0.95450253133420593 -44.780477523803711 39.541114253997804 -4.7247225815141709 -24.473357781496915 25.35220561027527 6.9797590416410706 5.6664921255599854 -16.842913078528184
leaf_weight=24 31 134 28 21 30 36 37 33 21 26 28 46 41 24 23756 21 20 20 33 38 22 27 20 20 71 22 20 23 337 65
leaf_count=24 31 134 28 21 30 36 37 33 21 26 28 46 41 24 23756 21 20 20 33 38 22 27 20 20 71 22 20 23 337 65
internal_value=8.31358e-09 -7.19251 0.0578293 13.8295 0.0106091 28.4238 0.0452025 -13.7843 0.0844114 -14.2124 0.117494 7.01627 2.01648 19.5872 0.0479033 0.0714635 0.00668141 8.72506 0.176756 19.5173 35.0047 -7.96994 -19.6039 8.5793 2.24836 -3.11897 -0.0683418 22.1246 0.040057 -0.0395412
internal_weight=25075 200 24875 85 24790 57 24760 70 24690 57 24633 246 176 70 24387 24359 24178 181 101 80 42 80 47 135 92 176 154 43 24158 23821
internal_count=25075 200 24875 85 24790 57 24760 70 24690 57 24633 246 176 70 24387 24359 24178 181 101 80 42 80 47 135 92 176 154 43 24158 23821
is_linear=0
shrinkage=0.05


Tree=11
num_leaves=31
num_cat=0
split_feature=131 117 145 82 58 27 68 54 136 102 50 0 89 123 85 108 0 2 99 65 91 135 114 65 93 61 17 23 142 124
split_gain=4.07405e+06 1.7481e+07 8.02996e+06 7.93482e+06 9.35795e+06 1.69723e+07 9.34996e+06 1.5823e+07 1.40347e+07 7.93081e+06 7.7243e+06 9.63368e+06 9.11271e+06 7.61226e+06 1.02121e+07 8.9779e+06 6.60571e+06 1.23535e+07 8.52371e+06 7.89248e+06 1.04431e+07 6.43715e+06 6.27021e+06 1.10093e+07 1.01925e+07 1.01741e+07 6.86959e+06 8.59733e+06 6.0014e+06 5.66962e+06
threshold=1401.3559570312502 1315.5429687500002 1438.1508789062502 1226.166442871094 5672.5000000000009 11092.375000000002 1647.119079589844 2299.0893554687505 220.25000000000003 7124.9023437500009 4824.2500000000009 7280.0000000000009 1647.119079589844 10574.205078125002 -4339.2499999999991 915.25000000000011 2390.7500000000005 4583.7500000000009 3304.5000000000005 1360.7500000000002 106.25000000000001 -830.24999999999989 -525.74999999999989 -2577.2499999999995 982.25000000000011 2299.0893554687505 3328.2500000000005 308.25000000000006 -387.24999999999994 2042.5865478515627
decision_type=2 2 2 2 2 2 2 2 2 2 2 2 2 2 2 2 2 2 2 2 2 2 2 2 2 2 2 2 2 2
left_child=2 -2 -1 -3 5 10 8 -8 -6 -4 13 12 -12 14 -5 22 19 18 -18 20 -17 -14 24 -24 25 26 27 29 -25 -16
right_child=1 3 9 4 6 -7 7 -9 -10 -11 11 -13 21 -15 15 16 17 -19 -20 -21 -22 -23 23 28 -26 -27 -28 -29 -30 -31
leaf_value=0.090060341572538005 -48.179177524929962 22.022509771404845 4.7877384649740682 -29.789238249949921 -28.679404383320964 43.23295891398476 -63.112137437903371 -5.6474554443359377 17.519162483215332 43.258636828831271 -0.67335213025410967 -12.792629168110508 14.486230597496032 22.146897863458705 -1.7926134491203425 -39.698884318425108 -5.2528020817300556 -29.1817602926685 29.004375133514408 -42.898533810888019 -2.5166801939839907 53.271972009410028 43.182419048656122 16.136472840742634 29.380202738444012 -29.129715182330159 23.172093758216274 -19.943594633042814 -15.649308534904762 24.228444348210875
leaf_weight=23939 21 33 37 39 31 21 23 25 35 21 30 31 20 27 233 26 46 31 30 28 69 23 22 33 24 37 26 64 27 23
leaf_count=23939 21 33 37 39 31 21 23 25 35 21 30 31 20 27 233 26 46 31 30 28 69 23 22 33 24 37 26 64 27 23
internal_value=-2.47131e-08 -3.00699 0.135081 -2.10953 -2.88722 -1.19545 -16.3917 -33.1826 -4.18016 18.7169 -2.24494 10.5597 20.4764 -3.94135 -4.87061 -3.51897 -11.6657 -2.58067 8.26977 -19.569 -12.6929 35.2321 0.312823 12.9267 -2.22854 -4.20924 -1.54434 -3.55255 1.83287 0.545216
internal_weight=25075 1078 23997 1057 1024 910 114 48 66 58 889 104 73 785 758 719 230 107 76 123 95 43 489 82 407 383 346 320 60 256
internal_count=25075 1078 23997 1057 1024 910 114 48 66 58 889 104 73 785 758 719 230 107 76 123 95 43 489 82 407 383 346 320 60 256
is_linear=0
shrinkage=0.05


Tree=12
num_leaves=31
num_cat=0
split_feature=37 133 135 105 58 78 145 4 100 120 107 107 50 93 61 129 100 107 86 113 5 13 145 135 54 122 136 110 65 134
split_gain=3.69479e+06 6.2148e+06 1.36716e+07 5.61895e+06 4.88167e+06 9.63366e+06 1.03756e+07 9.50639e+06 8.33587e+06 4.70169e+06 1.00993e+07 6.61409e+06 6.11374e+06 5.46637e+06 7.04214e+06 4.64194e+06 4.51358e+06 5.72933e+06 5.16369e+06 4.02033e+06 4.20199e+06 1.39508e+07 2.43713e+07 1.32363e+07 2.20988e+07 9.92554e+06 7.71907e+06 5.95064e+06 5.17781e+06 5.64415e+06
threshold=-7241.2499999999991 -588.74999999999989 -433.24999999999994 -2861.2499999999995 -5043.7499999999991 -3723.2499999999995 1373.502868652344 5471.8649902343759 -5269.2499999999991 -2715.2499999999995 -4898.7499999999991 -4151.7499999999991 -1478.7499999999998 -3530.4999999999995 1373.502868652344 -1579.4999999999998 -3384.7499999999995 -2774.4999999999995 -3986.2499999999995 437.75000000000006 1890.4719848632815 11634.190917968752 2042.5865478515627 459.25000000000006 2299.0893554687505 -531.74999999999989 410.25000000000006 2299.0893554687505 -4081.2499999999995 1094.5000000000002
decision_type=2 2 2 2 2 2 2 2 2 2 2 2 2 2 2 2 2 2 2 2 2 2 2 2 2 2 2 2 2 2
left_child=1 3 -3 -1 7 6 -6 8 -2 -7 -11 12 -12 14 -13 -10 17 -15 -18 -20 21 22 28 25 -25 -22 -23 -27 -21 -30
right_child=4 2 -4 -5 5 9 -8 -9 15 10 11 13 -14 16 -16 -17 18 -19 19 20 23 26 -24 24 -26 27 -28 -29 29 -31
leaf_value=-10.930837212800981 -24.868870710289997 -51.481721375205304 4.9201546078636538 21.784230214073546 -5.1918046083205791 16.735983211653572 -49.486921310424805 33.640757471720377 -10.851783772172601 -30.018970039912631 -0.15600563049316407 -3.7041959596872331 38.040351416847919 3.5730444937944412 -28.059666948060734 11.211105893129734 22.731742492675782 33.686726197329435 0.54499219388538256 -24.857509951158004 -29.761626796921092 5.0795975112915039 -53.311125829003075 -66.082906092768141 4.0118899605490945 -2.6864946352468957 47.552094459533691 21.448256480388153 -1.1435955044478436 1.9116414474630159
leaf_weight=35 23 22 21 21 39 42 20 30 29 28 20 150 22 56 37 134 25 22 14063 22 24 20 22 23 22 74 23 39 8109 1858
leaf_count=35 23 22 21 21 39 42 20 30 29 28 20 150 22 56 37 134 25 22 14063 22 24 20 22 23 22 74 23 39 8109 1858
internal_value=1.15652e-08 -9.64025 -23.9366 1.33731 0.0382121 -0.0270775 -20.2071 7.52234 3.30969 0.0211238 -0.00734548 0.0267711 19.8516 -0.00709133 -8.52319 7.28581 0.0581702 12.0666 0.0196625 -0.00370483 -0.757547 -0.621246 -0.743312 -8.28705 -31.8143 -0.559107 27.7974 5.6432 -0.627535 -0.574053
internal_weight=25075 99 43 56 24976 24760 59 216 186 24701 24659 24631 42 24589 187 163 24402 78 24324 24299 10236 10054 10011 182 45 137 43 113 9989 9967
internal_count=25075 99 43 56 24976 24760 59 216 186 24701 24659 24631 42 24589 187 163 24402 78 24324 24299 10236 10054 10011 182 45 137 43 113 9989 9967
is_linear=0
shrinkage=0.05


Tree=13
num_leaves=31
num_cat=0
split_feature=112 5 54 135 120 14 142 136 83 99 13 108 12 125 131 122 72 93 25 100 117 134 127 43 141 135 70 145 121 61
split_gain=3.56044e+06 1.03656e+07 1.24493e+07 1.79647e+07 1.64634e+07 1.16742e+07 1.6445e+07 1.50739e+07 1.08532e+07 8.96304e+06 7.99146e+06 9.7025e+06 6.90098e+06 1.21286e+07 8.93488e+06 8.40313e+06 1.29182e+07 8.53953e+06 5.97461e+06 1.32123e+07 1.08548e+07 6.84567e+06 6.60197e+06 5.48824e+06 7.85924e+06 6.22894e+06 5.42418e+06 5.32937e+06 4.69216e+06 4.3211e+06
threshold=912.75000000000011 1890.4719848632815 2299.0893554687505 459.25000000000006 2167.2500000000005 10135.000000000002 -1961.7499999999998 624.25000000000011 2933.077514648438 2257.7500000000005 -385.45599365234369 -505.74999999999994 1515.713562011719 741.81277465820324 1401.3559570312502 1301.7500000000002 2775.2500000000005 932.75000000000011 11289.822753906252 -3384.7499999999995 2784.5214843750005 714.25000000000011 303.75000000000006 2060.2500000000005 900.50000000000011 486.00000000000006 3823.7500000000005 1438.1508789062502 -4282.9999999999991 1245.2596435546877
decision_type=2 2 2 2 2 2 2 2 2 2 2 2 2 2 2 2 2 2 2 2 2 2 2 2 2 2 2 2 2 2
left_child=9 5 3 -3 -4 6 -2 -7 -6 18 -11 -12 14 -14 27 -16 17 -17 20 -20 28 22 -21 -15 -25 -26 29 -8 -1 -13
right_child=1 2 4 -5 8 7 12 -9 -10 10 11 26 13 23 15 16 -18 -19 19 21 -22 -23 -24 24 25 -27 -28 -29 -30 -31
leaf_value=-13.171159678516966 -45.322628629775274 -9.3053841508668054 -36.983648139953615 -70.028777758280441 -13.001272508621216 -7.0876601491655622 -1.006366878517053 50.374558626174931 30.967269328236583 37.324632186889652 -25.664697961807253 10.878429407201788 -20.100037312507631 33.99722146987915 -2.3970930081826669 -31.6447205916695 -55.766172790527349 11.928339875828136 42.273334715101456 7.8273856844220848 -36.713813752532012 21.870081798235574 -32.31232074260712 -7.2175815211402039 44.81461584091187 6.260094555941496 28.644629116058351 24.877609099149705 0.18175298405471352 -13.762842091647062
leaf_weight=66 21 29 25 21 25 21 3498 25 32 25 20 93 27 34 81 23 24 22 27 21 20 24 20 36 20 22 35 20 20696 22
leaf_count=66 21 29 25 21 25 21 3498 25 32 25 20 93 27 34 81 23 24 22 27 21 20 24 20 36 20 22 35 20 20696 22
internal_value=-4.06154e-08 -1.36637 -15.1449 -34.8092 -3.15452 -0.896888 -1.19777 24.1418 11.6828 0.259797 10.9297 7.04811 -0.954371 9.98119 -1.36878 -13.3197 -26.1419 -10.3423 0.160122 12.8738 0.103839 0.661702 -11.753 17.2329 9.9254 24.6194 11.4098 -0.859215 0.139306 6.16445
internal_weight=25075 4006 132 50 82 3874 3828 46 57 21069 195 170 3807 139 3668 150 69 45 20874 92 20782 65 41 112 78 42 150 3518 20762 115
internal_count=25075 4006 132 50 82 3874 3828 46 57 21069 195 170 3807 139 3668 150 69 45 20874 92 20782 65 41 112 78 42 150 3518 20762 115
is_linear=0
shrinkage=0.05


Tree=14
num_leaves=31
num_cat=0
split_feature=6 122 131 142 127 63 89 142 134 13 120 135 31 59 141 86 107 29 8 61 92 79 85 142 36 120 99 56 99 71
split_gain=3.42637e+06 8.09084e+06 5.42242e+06 1.82841e+07 1.49778e+07 9.19233e+06 8.32092e+06 1.88078e+07 9.81779e+06 6.98575e+06 1.62634e+07 5.91314e+06 3.97909e+06 5.3161e+06 3.9642e+06 4.51588e+06 1.12811e+07 6.66027e+06 7.10273e+06 6.34194e+06 6.27914e+06 1.01984e+07 5.7285e+06 7.74579e+06 5.73326e+06 5.64139e+06 5.65229e+06 5.28799e+06 7.19656e+06 5.34063e+06
threshold=-6236.6743164062491 -2633.7499999999995 2784.5214843750005 -1232.2499999999998 -219.24999999999997 5458.7500000000009 2299.0893554687505 -1177.7499999999998 1715.5000000000002 11634.190917968752 4857.5000000000009 -19.749999999999996 -2420.2499999999995 -1772.2499999999998 2707.5000000000005 3808.2500000000005 2508.5000000000005 6224.0000000000009 6275.7500000000009 939.43435668945324 975.25000000000011 1064.2500000000002 3651.2500000000005 -469.74999999999994 3835.7500000000005 395.25000000000006 827.75000000000011 3220.2500000000005 2608.5000000000005 2390.7500000000005
decision_type=2 2 2 2 2 2 2 2 2 2 2 2 2 2 2 2 2 2 2 2 2 2 2 2 2 2 2 2 2 2
left_child=1 -1 6 4 -4 -5 9 -8 -9 10 14 -11 13 -3 15 17 19 18 22 -17 -19 -22 24 -24 27 26 -26 29 -29 -2
right_child=2 12 3 5 -6 -7 7 8 -10 11 -12 -13 -14 -15 -16 16 -18 20 -20 -21 21 -23 23 -25 25 -27 -28 28 -30 -31
leaf_value=-33.751725900173192 0.24481090602838501 -4.1499270863831041 3.9327591896057132 11.498138202320447 63.095692576532784 -35.338006677627561 -45.290734120571251 18.181415882626094 -19.330400258844548 -0.10568496167659761 -32.229803855602562 36.705930382013321 -22.695545860854065 20.649138234211847 18.559303836164805 -7.8479614876412063 3.1820246589427095 36.223732816605342 -13.446202472866197 -36.929606201774199 -23.324328961579695 13.782342938372963 18.884954415371546 0.7079920898270764 -7.6786673057911008 -8.3030760978999201 17.160899010483103 2.4166685204278857 26.504878720370204 -3.4058919193548065
leaf_weight=24 22263 128 20 22 23 20 33 37 33 20 39 24 22 26 29 37 98 21 97 38 23 95 95 153 43 365 49 105 44 1049
leaf_count=24 22263 128 20 22 23 20 33 37 33 20 39 24 22 26 29 37 98 21 97 38 23 95 95 153 43 365 49 105 44 1049
internal_value=-1.57427e-08 -6.51828 0.0524083 12.6595 35.578 -10.8048 0.00918117 -14.1727 0.497274 0.0683512 0.0328108 19.9734 -2.80463 0.0369281 0.0839506 0.0621485 -7.98764 0.119218 0.0566954 -22.5827 11.0328 6.54969 0.110895 7.67094 0.0325064 -5.51405 5.5511 0.140549 9.52997 0.0805355
internal_weight=25075 200 24875 85 43 42 24790 103 70 24687 24643 44 176 154 24604 24575 173 24402 24263 75 139 118 24166 248 23918 457 92 23461 149 23312
internal_count=25075 200 24875 85 43 42 24790 103 70 24687 24643 44 176 154 24604 24575 173 24402 24263 75 139 118 24166 248 23918 457 92 23461 149 23312
is_linear=0
shrinkage=0.05


Tree=15
num_leaves=31
num_cat=0
split_feature=107 135 5 142 30 136 99 135 133 58 8 79 92 74 37 21 26 54 74 75 134 127 65 113 12 122 65 91 33 85
split_gain=3.34114e+06 7.61527e+06 7.39405e+06 1.21793e+07 1.20609e+07 1.13361e+07 9.69692e+06 9.55152e+06 7.93406e+06 5.76579e+06 1.06809e+07 7.6493e+06 5.34706e+06 5.299e+06 7.21125e+06 5.91702e+06 5.23729e+06 8.80343e+06 9.93804e+06 5.2081e+06 4.91702e+06 9.18439e+06 8.60505e+06 4.39957e+06 5.53016e+06 8.53301e+06 4.78289e+06 4.17221e+06 6.9295e+06 7.73232e+06
threshold=-286.74999999999994 300.25000000000006 1890.4719848632815 -2441.7499999999995 8607.5000000000018 624.25000000000011 6597.5000000000009 -780.74999999999989 -265.74999999999994 3119.2500000000005 7566.2500000000009 1238.5000000000002 2441.2500000000005 6864.0700683593759 4187.7500000000009 1617.7500000000002 1180.005310058594 1401.3559570312502 6355.2124023437509 1077.258728027344 1715.5000000000002 1470.5000000000002 -2062.2499999999995 789.25000000000011 1890.4719848632815 -457.74999999999994 1434.7500000000002 2565.7500000000005 1473.834655761719 5071.0000000000009
decision_type=2 2 2 2 2 2 2 2 2 2 2 2 2 2 2 2 2 2 2 2 2 2 2 2 2 2 2 2 2 2
left_child=1 9 3 -2 6 -6 27 8 -4 10 20 -11 -13 -9 15 -15 19 -18 -19 -3 21 23 -22 -1 25 -25 -27 -5 -29 -30
right_child=2 16 7 4 5 -7 -8 13 -10 11 -12 12 -14 14 -16 -17 17 18 -20 -21 22 -23 -24 24 -26 26 -28 28 29 -31
leaf_value=0.51059825704162221 -39.453347311019904 7.7218327609634905 -13.849220787048342 -0.70131342428001808 0.94763060049577197 52.30639321463449 -35.284989185333252 -43.748429150581359 25.985600639343261 -35.981838027954105 33.776107343037921 14.377633731842042 -17.43623170512063 -17.822167682647706 -33.619873385275568 18.059572820663455 46.769605640931566 -12.069130626091592 34.811958117485048 -16.145907189295844 -32.993343142805429 17.667447563425288 8.4754605130715799 -33.623884716740363 16.867180306823165 -2.7537850195462585 -26.893259219689806 1.6028473574486091 29.989863742952764 -5.5165408756421961
leaf_weight=12312 20 189 25 10812 22 21 20 20 25 25 24 25 28 27 31 20 22 26 20 26 29 77 22 27 27 305 22 757 46 23
leaf_count=12312 20 189 25 10812 22 21 20 20 25 25 24 25 28 27 31 20 22 26 20 26 29 77 22 27 27 305 22 757 46 23
internal_value=-2.89947e-08 0.547165 -0.608801 -0.468567 -0.401932 26.0298 -0.499425 -11.7147 6.06819 0.369485 0.451784 -13.1836 -2.42969 -20.7877 -14.9003 -2.55334 8.6608 20.7555 8.31395 4.8355 0.389404 0.451284 -15.1048 0.346845 -4.94485 -6.60848 -4.37785 -0.439645 2.98548 18.1544
internal_weight=25075 13206 11869 11721 11701 43 11658 148 50 12923 12845 78 53 98 78 47 283 68 46 215 12821 12770 51 12693 381 354 327 11638 826 69
internal_count=25075 13206 11869 11721 11701 43 11658 148 50 12923 12845 78 53 98 78 47 283 68 46 215 12821 12770 51 12693 381 354 327 11638 826 69
is_linear=0
shrinkage=0.05


Tree=16
num_leaves=31
num_cat=0
split_feature=141 101 113 28 54 46 121 121 61 67 88 140 37 73 117 120 117 142 85 29 113 54 124 40 127 107 12 47 128 101
split_gain=3.25917e+06 7.38497e+06 4.19721e+06 7.81709e+06 6.24745e+06 1.50079e+07 5.37598e+06 7.22552e+06 4.7878e+06 1.07969e+07 4.8715e+06 4.69424e+06 1.10387e+07 5.32327e+06 1.27966e+07 1.08743e+07 2.94099e+07 6.24394e+06 5.8436e+06 1.12276e+07 8.93232e+06 1.06796e+07 8.16753e+06 6.76631e+06 6.28518e+06 1.10864e+07 5.00086e+06 5.88398e+06 4.56993e+06 7.96047e+06
threshold=113.75000000000001 -3579.4999999999995 246.75000000000003 5873.7500000000009 2299.0893554687505 7205.3649902343759 -3103.7499999999995 -2317.2499999999995 1890.4719848632815 4485.8425292968759 8638.4599609375018 -1128.4999999999998 3848.7500000000005 7265.0000000000009 1748.4644165039065 4857.5000000000009 1565.8640136718752 -788.74999999999989 4529.5000000000009 6224.0000000000009 2243.0000000000005 1180.005310058594 1401.3559570312502 2042.5865478515627 1322.7500000000002 1385.2500000000002 1141.4506835937502 978.78335571289074 -888.24999999999989 2434.7500000000005
decision_type=2 2 2 2 2 2 2 2 2 2 2 2 2 2 2 2 2 2 2 2 2 2 2 2 2 2 2 2 2 2
left_child=1 -1 3 4 8 -6 -4 -8 10 -10 -2 12 -9 15 -15 18 -17 -16 19 28 22 -22 -21 24 25 -20 27 -26 29 -13
right_child=2 -3 6 -5 5 -7 7 11 9 -11 -12 13 -14 14 17 16 -18 -19 23 20 21 -23 -24 -25 26 -27 -28 -29 -30 -31
leaf_value=-25.768647791544595 1.1267531428762783 -0.89814750095411267 -23.97223886847496 24.738707470212663 -47.72499778053978 5.5892867695201529 27.122421077887221 1.2116544764092629 -5.7804503598633943 33.780822819301065 -21.432912158966065 -3.6525528123755766 -39.910580612182621 36.282808824019 14.447223052978515 -69.244304952621462 16.502285060882567 -24.588891878582185 4.2672408866882323 19.178407395680747 11.693658194175134 60.29236391067505 -21.478111119497392 -36.158772125244141 -1.3152246750366521 -47.168368911743165 -13.104172379115845 26.890805969238286 -0.012344109420616013 -35.148562803722562
leaf_weight=30 8173 5903 24 35 22 33 24 47 34 35 24 449 25 33 20 20 20 21 20 30 26 20 21 20 71 22 53 25 9774 21
leaf_count=30 8173 5903 24 35 22 33 24 47 34 35 24 449 25 33 20 20 20 21 20 30 26 20 21 20 71 22 53 25 9774 21
internal_value=8.21187e-08 -1.0239 0.317356 1.15853 1.05935 -15.7364 -0.334311 -0.281597 1.17111 14.2869 1.0607 -0.342847 -13.0669 -0.256954 13.1069 -0.350319 -26.371 -5.54688 -0.251681 -0.0836063 16.8474 32.8235 2.43749 -8.48894 -5.59158 -22.6752 -0.776053 6.0301 -0.243925 -5.05982
internal_weight=25075 5933 19142 8356 8321 55 10786 10762 8266 69 8197 10738 72 10666 74 10592 40 41 10552 10341 97 46 51 211 191 42 149 96 10244 470
internal_count=25075 5933 19142 8356 8321 55 10786 10762 8266 69 8197 10738 72 10666 74 10592 40 41 10552 10341 97 46 51 211 191 42 149 96 10244 470
is_linear=0
shrinkage=0.05


Tree=17
num_leaves=31
num_cat=0
split_feature=6 122 15 37 61 110 37 13 120 142 5 141 87 108 47 51 64 79 72 75 59 33 113 93 26 138 22 88 5 23
split_gain=2.97946e+06 6.9274e+06 5.20597e+06 5.68203e+06 3.57074e+06 1.79653e+07 1.35956e+07 4.69832e+06 1.29249e+07 1.52831e+07 1.10377e+07 4.56296e+06 4.41988e+06 8.57998e+06 8.22747e+06 4.38268e+06 7.20335e+06 9.46754e+06 4.284e+06 4.80012e+06 3.54988e+06 5.94311e+06 7.91557e+06 5.76674e+06 7.5143e+06 6.26672e+06 1.0261e+07 5.4183e+06 5.01043e+06 4.19227e+06
threshold=-6236.6743164062491 -2633.7499999999995 -6482.4999999999991 -7241.2499999999991 2784.5214843750005 2784.5214843750005 270.25000000000006 11634.190917968752 4857.5000000000009 -362.24999999999994 1890.4719848632815 2707.5000000000005 4307.5000000000009 2783.7500000000005 1154.7329101562502 5158.2500000000009 5303.7500000000009 3020.2500000000005 3161.5000000000005 932.28591918945324 -3376.2499999999995 1067.1999511718752 -2455.7499999999995 -3530.4999999999995 1473.834655761719 2042.5865478515627 3494.2500000000005 -3777.982543945312 1226.166442871094 -1130.2499999999998
decision_type=2 2 2 2 2 2 2 2 2 2 2 2 2 2 2 2 2 2 2 2 2 2 2 2 2 2 2 2 2 2
left_child=1 -1 -2 -4 5 7 -6 8 11 -10 -9 12 15 14 -14 16 20 -18 -17 -20 21 -5 -23 24 28 -25 -27 -24 -22 -26
right_child=2 -3 3 4 6 -7 -8 10 9 -11 -12 -13 13 -15 -16 18 17 -19 19 -21 23 22 27 25 29 26 -28 -29 -30 -31
leaf_value=-31.277776519457504 21.221201360636744 -2.6420531392097475 -22.487008575030739 -0.14379857976446039 -13.436591517130536 -44.15102331741997 31.857887192030212 31.642716285917494 -57.849484134855722 2.473185720897856 -11.603904891967774 19.243173033191312 -4.3879519758553345 0.75514515519750369 -41.736135864257818 -3.3792356429561496 -42.484707625015922 -0.14568699636766988 1.9617586742747914 32.301142084598546 -8.438414990826816 -15.15783214154451 39.271525322307241 0.055553328440070895 -11.683781061172485 -0.41277185255481358 45.523237915039061 12.278995875219504 13.082486555916923 -44.057665061950686
leaf_weight=24 29 176 28 253 30 23 37 36 21 21 25 31 29 98 30 31 23 31 22 32 119 23 22 23635 20 31 20 120 35 20
leaf_count=24 29 176 28 253 30 23 37 36 21 21 25 31 29 98 30 31 23 31 22 32 119 23 22 23635 20 31 20 120 35 20
internal_value=6.66863e-08 -6.07834 0.0488711 0.024159 0.0495564 0.0183527 11.5768 0.0594355 0.0251624 -27.6881 13.9187 0.0724298 0.0482656 -8.31421 -23.3786 0.101992 0.0624317 -18.179 11.4358 19.9407 0.102971 4.67091 12.0535 0.0230133 -8.56244 0.0933324 17.6013 16.4609 -3.5473 -27.8707
internal_weight=25075 200 24875 24846 24818 24751 67 24728 24667 42 61 24625 24594 157 59 24437 24352 54 85 54 24298 418 165 23880 194 23686 51 142 154 40
internal_count=25075 200 24875 24846 24818 24751 67 24728 24667 42 61 24625 24594 157 59 24437 24352 54 85 54 24298 418 165 23880 194 23686 51 142 154 40
is_linear=0
shrinkage=0.05


Tree=18
num_leaves=31
num_cat=0
split_feature=141 101 113 17 41 18 40 83 121 121 58 86 71 131 54 100 128 100 15 23 100 99 142 106 30 107 5 44 58 106
split_gain=2.94712e+06 6.40351e+06 3.79549e+06 6.84724e+06 5.37663e+06 7.41307e+06 1.48454e+07 7.87484e+06 4.80038e+06 6.3775e+06 4.54659e+06 4.3509e+06 7.92026e+06 5.3746e+06 3.17741e+07 1.66025e+07 6.00483e+06 5.89695e+06 1.33989e+07 8.17512e+06 6.24725e+06 1.04053e+07 1.02413e+07 9.31357e+06 1.2575e+07 8.5818e+06 9.27071e+06 7.53144e+06 7.41278e+06 6.10919e+06
threshold=113.75000000000001 -3579.4999999999995 246.75000000000003 6058.7500000000009 5364.4133300781259 8712.8549804687518 2299.0893554687505 167.97105407714847 -3103.7499999999995 -2317.2499999999995 442.75000000000006 -3486.7499999999995 -3429.4999999999995 1438.1508789062502 1193.3194580078127 4702.5000000000009 -1728.7499999999998 -1514.7499999999998 1.0000000180025095e-35 -3169.2499999999995 3653.2500000000005 6597.5000000000009 -804.74999999999989 4090.0000000000005 2270.2500000000005 708.75000000000011 1438.1508789062502 3060.5000000000005 257.75000000000006 1722.2500000000002
decision_type=2 2 2 2 2 2 2 2 2 2 2 2 2 2 2 2 2 2 2 2 2 2 2 2 2 2 2 2 2 2
left_child=1 -1 3 4 5 6 -2 -7 -4 -10 -9 12 -11 15 -15 -13 -16 18 -18 -19 23 -22 -23 25 -25 29 -27 28 -28 -21
right_child=2 -3 8 -5 -6 7 -8 10 9 11 -12 13 -14 14 16 -17 17 19 -20 20 21 22 -24 24 -26 26 27 -29 -30 -31
leaf_value=-24.015512615442276 1.0589353796153411 -0.85655226009201657 -22.654597055912021 22.003297744653167 -18.013938594508815 43.524385433197025 -38.322892634073895 -3.323444753079801 25.477610161900522 -5.5754665184020995 26.265836029052736 -0.26013970590316765 30.184739062190058 -60.390209655761716 -21.38268185150929 37.625748101596173 -15.8215294751254 15.559784810683306 34.553802766221942 -5.9454573538899425 36.782670992896669 22.55702217102051 -23.634034754435223 -4.9194989826368252 -58.434746179126563 -16.047889787620971 24.369489581108095 40.228779960813981 -13.414709465591997 -30.066554968697684
leaf_weight=30 8179 5903 24 39 37 20 24 37 24 30 20 10141 32 25 39 29 22 51 33 70 21 20 30 23 21 36 25 21 27 42
leaf_count=30 8179 5903 24 39 37 20 24 37 24 30 20 10141 32 25 39 29 22 51 33 70 21 20 30 23 21 36 25 21 27 42
internal_value=3.70023e-08 -0.973655 0.301781 1.10169 1.00368 1.08866 0.943714 16.5304 -0.317916 -0.268103 7.05876 -0.325646 12.8814 -0.402345 -5.43184 -0.152107 -2.57537 -0.915902 14.4037 -3.0931 -5.92434 7.24726 -5.15761 -9.45334 -30.4609 -5.27085 4.7167 14.9568 4.75077 -14.9909
internal_weight=25075 5933 19142 8356 8317 8280 8203 77 10786 10762 57 10738 62 10676 506 10170 481 442 55 387 336 71 50 265 44 221 109 73 52 112
internal_count=25075 5933 19142 8356 8317 8280 8203 77 10786 10762 57 10738 62 10676 506 10170 481 442 55 387 336 71 50 265 44 221 109 73 52 112
is_linear=0
shrinkage=0.05


Tree=19
num_leaves=31
num_cat=0
split_feature=39 136 107 135 5 142 30 136 135 99 133 64 8 135 99 137 37 98 121 71 57 58 120 141 37 47 142 82 68 54
split_gain=2.74455e+06 4.33443e+06 3.05662e+06 6.64322e+06 5.95282e+06 1.0486e+07 9.58424e+06 9.57089e+06 8.41844e+06 8.15551e+06 6.8032e+06 5.32724e+06 9.32648e+06 8.58205e+06 4.73985e+06 4.68954e+06 5.99827e+06 4.06908e+06 6.65786e+06 6.21952e+06 6.40123e+06 6.96633e+06 6.31235e+06 6.13028e+06 6.10331e+06 8.56687e+06 6.62241e+06 8.84594e+06 7.29047e+06 6.66849e+06
threshold=-7689.7126464843741 -414.74999999999994 -286.74999999999994 300.25000000000006 1890.4719848632815 -2441.7499999999995 8607.5000000000018 624.25000000000011 -780.74999999999989 6597.5000000000009 -265.74999999999994 4846.2500000000009 7566.2500000000009 -1621.7499999999998 540.75000000000011 5594.8999023437509 4187.7500000000009 2090.2500000000005 -1016.7499999999999 4243.7500000000009 3450.5000000000005 2932.5000000000005 1370.2500000000002 1025.5000000000002 2027.7500000000002 1515.713562011719 -387.24999999999994 1180.005310058594 909.79022216796886 782.19100952148449
decision_type=2 2 2 2 2 2 2 2 2 2 2 2 2 2 2 2 2 2 2 2 2 2 2 2 2 2 2 2 2 2
left_child=1 -1 3 11 5 -4 9 -8 10 17 -6 12 -2 -13 -5 -10 -17 -7 -19 20 -20 -22 -23 -24 -21 26 27 28 29 -26
right_child=2 -3 4 14 8 6 7 -9 15 -11 -12 13 -14 -15 -16 16 -18 18 19 24 21 22 23 -25 25 -27 -28 -29 -30 -31
leaf_value=-16.322010233907989 0.40939571981880435 -0.66796899482385441 -36.582018587589268 4.7601406364958754 -12.248180196762085 -0.69396670811608763 0.16860902092673563 47.359635244097035 -40.617449541091922 -32.334970951080322 24.6386696434021 -37.475184488296513 29.827114020453561 3.6173755380842425 20.504167874133003 -2.2181856845287569 -30.551716147243013 22.198525024041899 1.17365368676418 -28.780409908294679 22.524241853622073 22.120762192889266 -9.725974737803142 14.924598003963107 11.789933006183523 28.195640854608445 -12.875453825144806 -25.778759692964101 27.422348228660795 -23.48671395438058
leaf_weight=66 12679 134 20 221 25 10424 22 21 20 20 25 24 27 27 61 47 31 41 616 24 83 38 75 38 37 21 129 21 37 21
leaf_count=66 12679 134 20 221 25 10424 22 21 20 20 25 24 27 27 61 47 31 41 616 24 83 38 75 38 37 21 129 21 37 21
internal_value=2.43682e-08 -5.8338 0.046905 0.574973 -0.534835 -0.408655 -0.346651 23.2154 -10.4996 -0.433805 6.19524 0.407175 0.471908 -15.7203 8.16576 -19.0174 -13.4789 -0.378827 2.40273 1.69077 3.84795 10.888 4.49189 -1.4364 -4.63198 -2.45318 -5.08022 3.58862 10.0804 -0.982646
internal_weight=25075 200 24875 13039 11836 11688 11668 43 148 11625 50 12757 12706 51 282 98 78 11605 1181 1140 850 234 151 113 290 266 245 116 95 58
internal_count=25075 200 24875 13039 11836 11688 11668 43 148 11625 50 12757 12706 51 282 98 78 11605 1181 1140 850 234 151 113 290 266 245 116 95 58
is_linear=0
shrinkage=0.05


Tree=20
num_leaves=31
num_cat=0
split_feature=100 126 142 99 128 135 35 115 108 27 87 115 45 0 26 85 145 138 100 99 64 136 29 29 6 4 33 114 51 51
split_gain=2.6857e+06 1.31647e+07 1.18043e+07 7.03285e+06 6.51847e+06 1.07918e+07 7.25752e+06 6.09673e+06 5.27655e+06 4.63679e+06 5.09738e+06 6.38336e+06 4.43142e+06 6.40142e+06 5.80111e+06 4.91621e+06 1.08562e+07 6.5075e+06 9.72143e+06 5.51445e+06 5.30966e+06 4.34142e+06 4.31819e+06 5.93028e+06 8.05297e+06 7.07732e+06 1.65411e+07 9.99835e+06 8.3636e+06 6.92301e+06
threshold=3653.2500000000005 3653.7500000000005 -1444.7499999999998 5104.7500000000009 -323.24999999999994 518.00000000000011 6323.0000000000009 1994.2500000000002 4863.7500000000009 11092.375000000002 4307.5000000000009 1675.5000000000002 6870.7500000000009 8282.5000000000018 1473.834655761719 3651.2500000000005 1193.3194580078127 1264.2258911132815 2120.2500000000005 3714.7500000000005 5303.7500000000009 624.25000000000011 6224.0000000000009 4111.0000000000009 7114.5832519531259 9972.8076171875018 2784.5214843750005 -2436.7499999999995 -2111.7499999999995 -585.24999999999989
decision_type=2 2 2 2 2 2 2 2 2 2 2 2 2 2 2 2 2 2 2 2 2 2 2 2 2 2 2 2 2 2
left_child=1 3 -2 9 -4 21 -7 -5 -8 10 12 -12 13 15 -15 20 19 -18 -19 -17 22 -6 23 25 -25 26 -1 -27 -29 -30
right_child=2 -3 4 7 5 6 8 -9 -10 -11 11 -13 -14 14 -16 16 17 18 -20 -21 -22 -23 -24 24 -26 27 -28 28 29 -31
leaf_value=0.046699260262153139 37.227546746914207 -35.604985658939071 -21.492536558928315 -0.02138066291809082 10.97178511497302 9.5687031002605671 -3.691648852825165 -37.767624340886655 -40.011588530540472 21.549581428527834 -33.001799157949598 -2.5601535236134252 16.886466803917518 -0.44938709259033205 -38.075789823986234 -5.522216562301546 44.534009079706102 26.403315979826687 -9.8540282520754587 13.359567947657604 -20.379919528216124 38.750195191123275 13.868935031550272 -3.8930439823827685 -29.616474017229947 39.868434696197511 -42.376047258791715 -19.383329688178168 36.022575395003614 4.3471204543459248
leaf_weight=23661 26 26 27 20 39 34 20 23 20 25 26 51 39 20 21 143 21 51 29 53 32 22 56 390 33 25 23 27 23 69
leaf_count=23661 26 26 27 20 39 34 20 23 20 25 26 51 39 20 21 143 21 51 29 53 32 22 56 390 33 25 23 27 23 69
internal_value=1.54064e-08 -0.044975 5.95369 -0.0077858 0.934423 5.41982 -7.41525 -20.2112 -21.8516 0.027219 0.00551691 -12.8392 0.0455331 0.0189173 -19.7214 0.0517699 6.44578 19.7625 13.26 -0.416428 -0.0262539 20.9902 0.000541539 -0.0314831 -5.89984 0.0726932 0.00550169 11.1238 5.08505 12.266
internal_weight=25075 24887 188 24861 162 135 74 43 40 24818 24793 77 24716 24677 41 24636 297 101 80 196 24339 61 24307 24251 423 23828 23684 144 119 92
internal_count=25075 24887 188 24861 162 135 74 43 40 24818 24793 77 24716 24677 41 24636 297 101 80 196 24339 61 24307 24251 423 23828 23684 144 119 92
is_linear=0
shrinkage=0.05


Tree=21
num_leaves=31
num_cat=0
split_feature=141 101 129 107 31 57 63 141 139 85 78 136 58 73 142 68 120 85 128 40 133 29 141 6 128 138 94 68 110 59
split_gain=2.67853e+06 5.86038e+06 3.4428e+06 7.92119e+06 7.35824e+06 5.62174e+06 4.21765e+06 6.74086e+06 7.11883e+06 6.47485e+06 4.93514e+06 4.27554e+06 1.10316e+07 7.44271e+06 1.3322e+07 1.36136e+07 1.25342e+07 5.13915e+06 9.3702e+06 1.14581e+07 1.0738e+07 8.2826e+06 1.00556e+07 6.03735e+06 4.91545e+06 6.33491e+06 6.95701e+06 4.89154e+06 4.73626e+06 4.72484e+06
threshold=113.75000000000001 -3579.4999999999995 -1327.2499999999998 -4898.7499999999991 3229.2500000000005 5576.7500000000009 -4315.7499999999991 415.25000000000006 -3232.000122070312 -2421.9999999999995 -3723.2499999999995 -1126.7499999999998 3119.2500000000005 7265.0000000000009 -914.74999999999989 1647.119079589844 4857.5000000000009 4529.5000000000009 -639.24999999999989 1890.4719848632815 962.25000000000011 6224.0000000000009 406.25000000000006 4763.2263183593759 -2199.7499999999995 2042.5865478515627 21.750000000000004 1515.713562011719 1401.3559570312502 1177.7500000000002
decision_type=2 2 2 2 2 2 2 2 2 2 2 2 2 2 2 2 2 2 2 2 2 2 2 2 2 2 2 2 2 2
left_child=1 -1 4 -4 -2 -6 7 9 -9 -5 -8 12 29 16 -15 -16 17 21 -19 20 23 24 -23 -20 28 -26 -27 -24 -13 -12
right_child=2 -3 3 6 5 -7 10 8 -10 -11 11 13 -14 14 15 -17 -18 18 19 -21 -22 22 27 -25 25 26 -28 -29 -30 -31
leaf_value=-22.971258478164675 2.2040157083096159 -0.81620168495838397 -23.942935506035301 35.235849285125731 33.13827066156599 1.0566065354780718 -21.624434819588295 -19.950248512914104 9.9145209670066841 4.1177292443811897 -7.8334065626968048 -4.1597501759018218 -41.083470856059684 45.754186691284183 23.698205865662676 -28.461035638505763 -28.140006161347415 16.664156442530015 -8.7252479802007255 -46.668318212599985 1.0155800927001819 -11.852065375755574 14.404910353363537 -44.221293548583986 0.24780313510663024 36.710254905700687 -0.9778102119763693 40.304976643048803 -30.707836659749347 16.798129301071167
leaf_weight=30 526 5903 34 35 36 22 26 31 56 32 88 56 22 25 29 22 39 34 23 21 113 29 61 25 17633 25 24 26 24 25
leaf_count=30 526 5903 34 35 36 22 26 31 56 32 88 56 22 25 29 22 39 34 23 21 113 29 61 25 17633 25 24 26 24 25
internal_value=-4.50786e-08 -0.928228 0.287701 0.168749 4.0677 20.9694 0.213005 8.4531 -0.726949 20.3735 0.143926 0.17478 -8.69054 0.240506 15.8547 1.19814 0.175063 0.236094 -7.43012 -11.9312 -7.40033 0.328716 13.6459 -27.2128 0.241745 0.297693 18.2508 22.1452 -12.1242 -2.38395
internal_weight=25075 5933 19142 18558 584 58 18524 154 87 67 18370 18344 135 18209 76 51 18133 18094 216 182 161 17878 116 48 17762 17682 49 87 80 113
internal_count=25075 5933 19142 18558 584 58 18524 154 87 67 18370 18344 135 18209 76 51 18133 18094 216 182 161 17878 116 48 17762 17682 49 87 80 113
is_linear=0
shrinkage=0.05


Tree=22
num_leaves=31
num_cat=0
split_feature=131 117 145 102 82 58 18 127 72 85 120 100 100 38 23 62 79 120 6 51 78 134 50 63 129 12 133 122 85 99
split_gain=2.52674e+06 1.40689e+07 7.14253e+06 6.80597e+06 6.79944e+06 6.81766e+06 1.10115e+07 1.50777e+07 9.66985e+06 9.23748e+06 7.19096e+06 9.8438e+06 1.13066e+07 6.51753e+06 5.51509e+06 8.35435e+06 6.54596e+06 5.95034e+06 5.3096e+06 7.28982e+06 5.14277e+06 6.18394e+06 4.59574e+06 6.96087e+06 9.10806e+06 5.77672e+06 5.56656e+06 6.80687e+06 6.6433e+06 1.01775e+07
threshold=1401.3559570312502 1315.5429687500002 1438.1508789062502 7124.9023437500009 1226.166442871094 5672.5000000000009 11352.302734375002 1677.7500000000002 2224.2500000000005 -4339.2499999999991 4857.5000000000009 1190.2500000000002 3653.2500000000005 -6358.7499999999991 -5143.2499999999991 -3877.607543945312 -4538.4999999999991 1447.7500000000002 5346.6206054687509 -1477.2499999999998 -1954.7499999999998 -829.74999999999989 4824.2500000000009 1979.2500000000002 782.75000000000011 1565.8640136718752 55.750000000000007 490.25000000000006 456.25000000000006 684.25000000000011
decision_type=2 2 2 2 2 2 2 2 2 2 2 2 2 2 2 2 2 2 2 2 2 2 2 2 2 2 2 2 2 2
left_child=2 -2 -1 -4 -3 6 9 18 -9 -6 11 -7 -13 -11 17 -16 -17 -15 -8 -20 -18 -22 23 26 -25 -24 27 -23 -28 -30
right_child=1 4 3 -5 5 10 7 8 -10 13 -12 12 -14 14 15 16 20 -19 19 -21 21 22 25 24 -26 -27 28 -29 29 -31
leaf_value=0.063920190893773418 -42.892729672931495 20.775952356511898 4.7277561754793735 40.366180356343591 -28.916090670498939 0.6036806034190314 20.827758328119913 54.844276887399182 8.9739474678039564 -28.702717156843704 3.6048363612248346 -64.134096236456003 -14.806553664574256 3.3070614406040741 -34.37943778038025 16.397053097220176 -23.524093792356297 35.078638906478879 -31.942687570481077 5.3203842435564317 22.375944335937504 -4.2595153493910844 -4.2637110790690862 -4.9847534404081459 -35.294901525057284 24.996893765849453 -7.2225314085824159 -35.187745723724369 43.793476359049485 5.0112321050002659
leaf_weight=23939 21 33 37 21 33 28 21 27 20 22 39 21 26 56 20 47 29 20 21 35 25 161 37 68 39 31 70 20 21 87
leaf_count=23939 21 33 37 21 33 28 21 27 20 22 39 21 26 56 20 47 29 20 21 35 25 161 37 68 39 31 70 20 21 87
internal_value=-3.46061e-08 -2.36809 0.10638 17.6313 -1.56297 -2.28287 -0.838865 13.0087 35.325 -3.02346 -13.8096 -22.8651 -36.8465 -1.88873 -1.08174 -2.5611 -1.55895 11.668 -0.612988 -8.65327 -2.9942 -1.92915 -3.06703 -4.83892 -16.0324 9.07568 -1.50271 -7.677 4.77563 12.5522
internal_weight=25075 1078 23997 58 1057 1024 910 124 47 786 114 75 47 753 731 655 635 76 77 56 588 559 534 466 107 68 359 181 178 108
internal_count=25075 1078 23997 58 1057 1024 910 124 47 786 114 75 47 753 731 655 635 76 77 56 588 559 534 466 107 68 359 181 178 108
is_linear=0
shrinkage=0.05


Tree=23
num_leaves=31
num_cat=0
split_feature=112 65 99 107 141 23 5 131 73 145 136 113 54 33 145 131 86 85 113 135 141 93 145 108 127 141 128 73 86 56
split_gain=2.4538e+06 7.99545e+06 7.57875e+06 6.87148e+06 7.12013e+06 5.0816e+06 5.79094e+06 1.21816e+07 7.85676e+06 1.30826e+07 8.05591e+06 6.1406e+06 1.02904e+07 4.98243e+06 4.87717e+06 4.82069e+06 6.75605e+06 1.65476e+07 6.6908e+06 6.79179e+06 5.34019e+06 5.00289e+06 4.94386e+06 4.79932e+06 4.72449e+06 8.46482e+06 1.12639e+07 7.74676e+06 4.87088e+06 4.60692e+06
threshold=912.75000000000011 -3495.7499999999995 2257.7500000000005 59.750000000000007 573.25000000000011 -3757.4999999999995 1890.4719848632815 2784.5214843750005 7265.0000000000009 2042.5865478515627 624.25000000000011 2502.2500000000005 2299.0893554687505 1315.5429687500002 1748.4644165039065 1401.3559570312502 3808.2500000000005 3297.0000000000005 2978.7500000000005 162.75000000000003 900.50000000000011 715.50000000000011 1438.1508789062502 495.25000000000006 1733.7500000000002 487.75000000000006 175.25000000000003 -1763.2499999999998 -1370.2499999999998 4628.2500000000009
decision_type=2 2 2 2 2 2 2 2 2 2 2 2 2 2 2 2 2 2 2 2 2 2 2 2 2 2 2 2 2 2
left_child=2 -2 24 4 -4 -3 8 11 9 14 -10 -8 -13 -6 15 22 17 18 19 21 -19 -17 -7 -5 29 -26 -27 -28 -29 -1
right_child=1 5 3 23 13 6 7 -9 10 -11 -12 12 -14 -15 -16 16 -18 20 -20 -21 -22 -23 -24 -25 25 26 27 28 -30 -31
leaf_value=0.092959241037342433 -26.850029494365057 16.791174287796022 12.802506518782232 40.888442775181367 2.4687385559082031 -0.78593631309812106 -44.163397893038663 17.113829280711986 -3.5850814093714178 -41.387296514511114 36.039632756134559 -33.193071596550219 6.6003882492426786 -30.814206736738033 17.223011542655325 -2.7494456905978066 -31.655358028411868 2.1577764852480459 7.9760876124555411 -48.358866691589355 36.262158000469206 -33.177394485473634 20.691575264047696 13.722467606017986 -10.662903464712748 42.73571095959894 -20.56409715652466 35.551889243125913 5.8961368078655667 -16.289992890385694
leaf_weight=20676 30 40 57 21 23 3513 22 27 23 20 29 33 32 22 37 35 28 22 22 20 24 22 27 72 41 29 20 20 45 43
leaf_count=20676 30 40 57 21 23 3513 22 27 23 20 29 33 32 22 37 35 28 22 22 20 24 22 27 72 41 29 20 20 45 43
internal_value=-5.5337e-08 -1.13432 0.215676 10.0271 1.06482 -0.940287 -1.12048 -12.2253 -0.789259 -1.0555 18.5133 -21.3305 -13.6024 -13.8029 -0.840398 -1.0204 -9.17008 -4.8281 -16.3418 -23.2897 19.9514 -14.4936 -0.622125 19.8567 0.12402 8.82089 15.8282 6.64802 15.021 0.0589582
internal_weight=25075 4006 21069 195 102 3976 3936 114 3822 3770 52 87 65 45 3750 3713 173 145 99 77 46 57 3540 93 20874 155 114 85 65 20719
internal_count=25075 4006 21069 195 102 3976 3936 114 3822 3770 52 87 65 45 3750 3713 173 145 99 77 46 57 3540 93 20874 155 114 85 65 20719
is_linear=0
shrinkage=0.05


Tree=24
num_leaves=31
num_cat=0
split_feature=100 120 142 21 128 121 99 24 107 36 127 29 99 141 17 106 107 47 132 38 85 12 31 127 116 61 6 16 36 141
split_gain=2.44511e+06 1.21907e+07 9.75121e+06 6.06593e+06 5.8844e+06 9.79337e+06 8.4318e+06 4.81905e+06 9.08443e+06 4.20539e+06 8.49065e+06 5.58186e+06 6.17541e+06 6.12376e+06 4.54598e+06 4.41311e+06 7.64377e+06 4.20092e+06 4.07208e+06 6.86905e+06 6.79912e+06 8.59307e+06 5.29061e+06 6.7151e+06 4.74715e+06 4.3918e+06 1.43897e+07 7.93963e+06 7.2965e+06 3.83547e+06
threshold=3653.2500000000005 4857.5000000000009 -1444.7499999999998 10160.000000000002 -323.24999999999994 2415.0000000000005 6597.5000000000009 7417.5000000000009 1332.0000000000002 6826.5000000000009 1541.5000000000002 6224.0000000000009 5104.7500000000009 1051.0000000000002 6058.7500000000009 3718.7500000000005 2009.7500000000002 1264.2258911132815 3018.8754882812505 5098.7500000000009 3861.2500000000005 1373.502868652344 4442.0000000000009 1581.0000000000002 849.77502441406261 2299.0893554687505 -2224.9787597656245 240.25000000000003 -668.24999999999989 884.50000000000011
decision_type=2 2 2 2 2 2 2 2 2 2 2 2 2 2 2 2 2 2 2 2 2 2 2 2 2 2 2 2 2 2
left_child=1 3 -2 7 -4 -6 -7 9 -9 11 -11 12 14 17 15 18 -17 -13 20 22 25 24 -20 -24 -22 -1 -27 28 -28 -18
right_child=2 -3 4 -5 5 6 -8 8 -10 10 -12 13 -14 -15 -16 16 29 -19 19 -21 21 -23 23 -25 -26 26 27 -29 -30 -31
leaf_value=0.025599066904010922 34.105140583331767 -37.246150968020615 -20.189470471276181 -22.479626770019532 18.166330425504228 9.3446286559104923 -26.952312022447586 28.22561124324799 -11.210597834379778 2.1857999943398143 -35.533649207115175 13.436957974967203 -26.508762407302857 31.913200719015943 -16.641606381971663 -14.510927386905838 3.900014330659594 -14.428527732122513 -5.8674058843014851 6.7134085603193814 21.871442325298602 41.813878795078828 -48.73267817951384 -10.380029669761658 -5.4400443402732295 -47.265072817319918 -6.2093525684241095 -26.917632538931713 30.023455810546878 27.371310192605723
leaf_weight=24108 26 22 27 30 71 32 32 40 23 37 25 38 22 28 41 23 28 21 67 55 26 21 21 25 41 21 33 21 24 46
leaf_count=24108 26 22 27 30 71 32 32 40 23 37 25 38 22 28 41 23 28 21 67 55 26 21 21 25 41 21 33 21 24 46
internal_value=-6.52651e-08 -0.0429133 5.68075 -0.0099967 1.11881 5.38047 -8.80384 0.017146 13.8283 -0.0179784 -13.0237 0.0146543 -0.0300154 12.6572 -0.00633614 0.0214345 10.6653 3.51873 -0.0207701 -7.77837 0.0328737 13.9058 -14.8319 -27.8888 5.15844 -0.0175586 -10.5271 -0.636102 9.04657 18.4903
internal_weight=25075 24887 188 24865 162 135 64 24835 63 24772 62 24710 24623 87 24601 24560 97 59 24463 168 24295 88 113 46 67 24207 99 78 57 74
internal_count=25075 24887 188 24865 162 135 64 24835 63 24772 62 24710 24623 87 24601 24560 97 59 24463 168 24295 88 113 46 67 24207 99 78 57 74
is_linear=0
shrinkage=0.05


Tree=25
num_leaves=31
num_cat=0
split_feature=4 100 135 129 142 121 99 145 134 66 99 94 3 111 37 101 127 19 53 31 67 51 50 71 141 85 59 78 122 122
split_gain=2.43784e+06 1.03106e+07 1.12083e+07 1.35589e+07 1.20895e+07 8.41195e+06 1.10468e+07 6.7893e+06 2.25382e+07 8.15165e+06 9.06895e+06 8.73268e+06 6.53812e+06 6.58637e+06 6.50247e+06 4.38759e+06 3.245e+06 4.34216e+06 2.82316e+06 1.04029e+07 5.35624e+06 4.91896e+06 8.03842e+06 4.03286e+06 2.68952e+06 6.42992e+06 3.33805e+06 6.36001e+06 4.51159e+06 3.80184e+06
threshold=11597.850097656252 -3384.7499999999995 -919.74999999999989 -746.74999999999989 -1232.2499999999998 2103.0000000000005 4438.7500000000009 1890.4719848632815 2534.5000000000005 3347.2500000000005 1271.5000000000002 -1626.4999999999998 -3616.4999999999995 -602.13671874999989 6453.7500000000009 1830.2500000000002 1733.7500000000002 1647.119079589844 9865.9775390625018 4805.0000000000009 8961.2475585937518 1551.2500000000002 4824.2500000000009 2711.0000000000005 113.75000000000001 -3558.9999999999995 -3875.4999999999995 -3723.2499999999995 -3295.4999999999995 -690.74999999999989
decision_type=2 2 2 2 2 2 2 2 2 2 2 2 2 2 2 2 2 2 2 2 2 2 2 2 2 2 2 2 2 2
left_child=7 -2 3 -3 -4 6 16 18 9 10 11 12 -9 -14 -5 -12 17 -6 20 23 24 -22 -23 -20 25 -1 29 -28 -29 -26
right_child=1 2 4 14 5 -7 -8 8 -10 -11 15 -13 13 -15 -16 -17 -18 -19 19 -21 21 22 -24 -25 26 -27 27 28 -30 -31
leaf_value=-26.222465526580812 32.831126916819606 9.9771179288625724 41.106716251373292 -12.681832458859398 7.5463683843612674 -17.512347176200464 40.659266218931776 13.080187111315519 -45.591642347063342 19.890662678309852 -43.854586877822875 21.129242722647533 -33.003377881646159 3.5733527851104743 -51.164202549146573 -10.735157871246338 15.322034562898404 -17.304679822921752 -9.9143840855360033 -34.205425133087019 32.712887243602587 -12.286736292674625 28.332492780685428 21.838000202178957 1.4154403762383896 -0.81113371598609163 -25.496353886773193 23.994256668090824 0.23362513977849858 13.743827561680803
leaf_weight=25 29 32 24 21 39 38 23 23 35 35 20 35 32 20 23 20 33 32 20 27 23 29 21 20 176 5859 24 20 18220 97
leaf_count=25 29 32 24 21 39 38 23 23 35 35 20 35 32 20 23 20 33 32 20 27 23 29 21 20 176 5859 24 20 18220 97
internal_value=1.59231e-08 4.52625 1.42873 -14.7872 7.94942 3.12654 9.30196 -0.053699 -8.79819 -1.83727 -6.90712 0.506607 -9.11729 -18.9354 -32.7976 -27.2949 2.36717 -3.6541 0.0246279 -10.225 0.0526644 13.5762 4.77334 5.96181 0.0122394 -0.919102 0.307865 0.225833 0.259678 5.79586
internal_weight=25075 294 265 76 189 165 127 24781 220 185 150 110 75 52 44 40 104 71 24561 67 24494 73 50 40 24421 5884 18537 18264 18240 273
internal_count=25075 294 265 76 189 165 127 24781 220 185 150 110 75 52 44 40 104 71 24561 67 24494 73 50 40 24421 5884 18537 18264 18240 273
is_linear=0
shrinkage=0.05


end of trees

feature_importances:
Column_142=34
Column_107=27
Column_141=27
Column_135=25
Column_120=22
Column_99=19
Column_145=19
Column_85=18
Column_122=16
Column_136=15
Column_26=14
Column_100=14
Column_5=13
Column_82=13
Column_127=13
Column_134=13
Column_113=12
Column_121=12
Column_108=11
Column_117=11
Column_128=11
Column_131=11
Column_37=10
Column_53=10
Column_86=10
Column_129=10
Column_40=9
Column_54=9
Column_58=9
Column_61=9
Column_6=8
Column_29=8
Column_59=8
Column_92=8
Column_13=7
Column_33=7
Column_64=7
Column_65=7
Column_73=7
Column_75=7
Column_93=7
Column_0=6
Column_4=6
Column_20=6
Column_32=6
Column_45=6
Column_71=6
Column_78=6
Column_87=6
Column_12=5
Column_23=5
Column_27=5
Column_31=5
Column_36=5
Column_51=5
Column_68=5
Column_72=5
Column_79=5
Column_101=5
Column_115=5
Column_124=5
Column_133=5
Column_30=4
Column_38=4
Column_47=4
Column_50=4
Column_80=4
Column_94=4
Column_103=4
Column_106=4
Column_110=4
Column_138=4
Column_8=3
Column_15=3
Column_17=3
Column_19=3
Column_25=3
Column_46=3
Column_63=3
Column_102=3
Column_114=3
Column_137=3
Column_139=3
Column_140=3
Column_9=2
Column_18=2
Column_21=2
Column_22=2
Column_24=2
Column_28=2
Column_41=2
Column_56=2
Column_57=2
Column_66=2
Column_67=2
Column_74=2
Column_83=2
Column_88=2
Column_89=2
Column_91=2
Column_95=2
Column_111=2
Column_112=2
Column_116=2
Column_123=2
Column_126=2
Column_132=2
Column_2=1
Column_3=1
Column_10=1
Column_14=1
Column_16=1
Column_35=1
Column_39=1
Column_43=1
Column_44=1
Column_48=1
Column_52=1
Column_60=1
Column_62=1
Column_70=1
Column_98=1
Column_105=1
Column_118=1
Column_125=1

parameters:
[boosting: gbdt]
[objective: regression]
[metric: l2]
[tree_learner: serial]
[device_type: cpu]
[data_sample_strategy: bagging]
[data: ]
[valid: ]
[num_iterations: 1000]
[learning_rate: 0.05]
[num_leaves: 31]
[num_threads: 0]
[seed: 42]
[deterministic: 1]
[force_col_wise: 0]
[force_row_wise: 0]
[histogram_pool_size: -1]
[max_depth: -1]
[min_data_in_leaf: 20]
[min_sum_hessian_in_leaf: 0.001]
[bagging_fraction: 1]
[pos_bagging_fraction: 1]
[neg_bagging_fraction: 1]
[bagging_freq: 0]
[bagging_seed: 400]
[bagging_by_query: 0]
[feature_fraction: 1]
[feature_fraction_bynode: 1]
[feature_fraction_seed: 30056]
[extra_trees: 0]
[extra_seed: 12879]
[early_stopping_round: 0]
[early_stopping_min_delta: 0]
[first_metric_only: 0]
[max_delta_step: 0]
[lambda_l1: 0]
[lambda_l2: 0]
[linear_lambda: 0]
[min_gain_to_split: 0]
[drop_rate: 0.1]
[max_drop: 50]
[skip_drop: 0.5]
[xgboost_dart_mode: 0]
[uniform_drop: 0]
[drop_seed: 17869]
[top_rate: 0.2]
[other_rate: 0.1]
[min_data_per_group: 100]
[max_cat_threshold: 32]
[cat_l2: 10]
[cat_smooth: 10]
[max_cat_to_onehot: 4]
[top_k: 20]
[monotone_constraints: ]
[monotone_constraints_method: basic]
[monotone_penalty: 0]
[feature_contri: ]
[forcedsplits_filename: ]
[refit_decay_rate: 0.9]
[cegb_tradeoff: 1]
[cegb_penalty_split: 0]
[cegb_penalty_feature_lazy: ]
[cegb_penalty_feature_coupled: ]
[path_smooth: 0]
[interaction_constraints: ]
[verbosity: -1]
[saved_feature_importance_type: 0]
[use_quantized_grad: 0]
[num_grad_quant_bins: 4]
[quant_train_renew_leaf: 0]
[stochastic_rounding: 1]
[linear_tree: 0]
[max_bin: 255]
[max_bin_by_feature: ]
[min_data_in_bin: 3]
[bin_construct_sample_cnt: 200000]
[data_random_seed: 175]
[is_enable_sparse: 1]
[enable_bundle: 1]
[use_missing: 1]
[zero_as_missing: 0]
[feature_pre_filter: 1]
[pre_partition: 0]
[two_round: 0]
[header: 0]
[label_column: ]
[weight_column: ]
[group_column: ]
[ignore_column: ]
[categorical_feature: ]
[forcedbins_filename: ]
[precise_float_parser: 0]
[parser_config_file: ]
[objective_seed: 16083]
[num_class: 1]
[is_unbalance: 0]
[scale_pos_weight: 1]
[sigmoid: 1]
[boost_from_average: 1]
[reg_sqrt: 0]
[alpha: 0.9]
[fair_c: 1]
[poisson_max_delta_step: 0.7]
[tweedie_variance_power: 1.5]
[lambdarank_truncation_level: 30]
[lambdarank_norm: 1]
[label_gain: ]
[lambdarank_position_bias_regularization: 0]
[eval_at: ]
[multi_error_top_k: 1]
[auc_mu_weights: ]
[num_machines: 1]
[local_listen_port: 12400]
[time_out: 120]
[machine_list_filename: ]
[machines: ]
[gpu_platform_id: -1]
[gpu_device_id: -1]
[gpu_device_id_list: ]
[gpu_use_dp: 0]
[num_gpu: 1]

end of parameters

pandas_categorical:null
