tree
version=v4
num_class=1
num_tree_per_iteration=1
label_index=0
max_feature_idx=258
objective=regression
feature_names=Column_0 Column_1 Column_2 Column_3 Column_4 Column_5 Column_6 Column_7 Column_8 Column_9 Column_10 Column_11 Column_12 Column_13 Column_14 Column_15 Column_16 Column_17 Column_18 Column_19 Column_20 Column_21 Column_22 Column_23 Column_24 Column_25 Column_26 Column_27 Column_28 Column_29 Column_30 Column_31 Column_32 Column_33 Column_34 Column_35 Column_36 Column_37 Column_38 Column_39 Column_40 Column_41 Column_42 Column_43 Column_44 Column_45 Column_46 Column_47 Column_48 Column_49 Column_50 Column_51 Column_52 Column_53 Column_54 Column_55 Column_56 Column_57 Column_58 Column_59 Column_60 Column_61 Column_62 Column_63 Column_64 Column_65 Column_66 Column_67 Column_68 Column_69 Column_70 Column_71 Column_72 Column_73 Column_74 Column_75 Column_76 Column_77 Column_78 Column_79 Column_80 Column_81 Column_82 Column_83 Column_84 Column_85 Column_86 Column_87 Column_88 Column_89 Column_90 Column_91 Column_92 Column_93 Column_94 Column_95 Column_96 Column_97 Column_98 Column_99 Column_100 Column_101 Column_102 Column_103 Column_104 Column_105 Column_106 Column_107 Column_108 Column_109 Column_110 Column_111 Column_112 Column_113 Column_114 Column_115 Column_116 Column_117 Column_118 Column_119 Column_120 Column_121 Column_122 Column_123 Column_124 Column_125 Column_126 Column_127 Column_128 Column_129 Column_130 Column_131 Column_132 Column_133 Column_134 Column_135 Column_136 Column_137 Column_138 Column_139 Column_140 Column_141 Column_142 Column_143 Column_144 Column_145 Column_146 Column_147 Column_148 Column_149 Column_150 Column_151 Column_152 Column_153 Column_154 Column_155 Column_156 Column_157 Column_158 Column_159 Column_160 Column_161 Column_162 Column_163 Column_164 Column_165 Column_166 Column_167 Column_168 Column_169 Column_170 Column_171 Column_172 Column_173 Column_174 Column_175 Column_176 Column_177 Column_178 Column_179 Column_180 Column_181 Column_182 Column_183 Column_184 Column_185 Column_186 Column_187 Column_188 Column_189 Column_190 Column_191 Column_192 Column_193 Column_194 Column_195 Column_196 Column_197 Column_198 Column_199 Column_200 Column_201 Column_202 Column_203 Column_204 Column_205 Column_206 Column_207 Column_208 Column_209 Column_210 Column_211 Column_212 Column_213 Column_214 Column_215 Column_216 Column_217 Column_218 Column_219 Column_220 Column_221 Column_222 Column_223 Column_224 Column_225 Column_226 Column_227 Column_228 Column_229 Column_230 Column_231 Column_232 Column_233 Column_234 Column_235 Column_236 Column_237 Column_238 Column_239 Column_240 Column_241 Column_242 Column_243 Column_244 Column_245 Column_246 Column_247 Column_248 Column_249 Column_250 Column_251 Column_252 Column_253 Column_254 Column_255 Column_256 Column_257 Column_258
feature_infos=[-20799.5:18253.5] [-20519.5:19273.5] [-22049.5:17019.5] [-21776.5:18282.5] [-22899.6953125:18000.140625] [231.24867248535156:4343.349609375] [-19480.189453125:17949.576171875] [-21771.5:18281.5] [-20852.5:18936.5] [-22746.5:16164] [-21087.5:18396.5] [-22832.9453125:17830.0390625] [231.24867248535156:4343.349609375] [-19626.30859375:17828.16015625] [-21092:18470.5] [-19368.5:19393] [-21481:17487] [-19912:18614.5] [-22757.080078125:17662.794921875] [231.24867248535156:4343.349609375] [-19652.28125:17681.19140625] [-19906:18679.5] [-19146:19602] [-20309.5:17696] [-20309.5:19051.5] [-22671.46484375:17564.880859375] [231.24867248535156:4343.349609375] [-19691.4375:17805.763671875] [-20316:19125.5] [-19339:20048] [-20801.5:18142] [-20677:19269.5] [-22579.044921875:17500.865234375] [231.24867248535156:4343.349609375] [-19781.033203125:17938.83203125] [-20676:19206] [-20393.5:20032] [-21922:17917] [-20673.5:19041] [-22479.615234375:17425.634765625] [231.24867248535156:4343.349609375] [-19862.166015625:17942.57421875] [-20661.5:19040] [-20225:19934.5] [-21165:17624.5] [-20512.5:18590] [-22377.400390625:17349.67578125] [231.24867248535156:4343.349609375] [-19921.287109375:18001.4296875] [-20540.5:18572] [-20431.5:20163.5] [-22293.5:17064] [-20965.5:18297.5] [-22284.55078125:17251.994140625] [231.24867248535156:4343.349609375] [-20016.216796875:17948.845703125] [-20947:18279.5] [-20136:19870.5] [-22380.5:16771.5] [-21134:17343.5] [-22193.455078125:17155.310546875] [231.24867248535156:4343.349609375] [-20117.83203125:17860.451171875] [-21141:17325.5] [-20995.5:21460] [-21803.5:16059] [-21535:16684] [-22097.89453125:17031.58984375] [231.24867248535156:4343.349609375] [-20246.666015625:17696.91015625] [-21535:16709.5] [-21051:21974] [-23343:15766.5] [-21227:15769] [-21997.8359375:16974.330078125] [231.24867248535156:4343.349609375] [-20335.787109375:17404.41015625] [-21273:15755.5] [-20227.5:21939] [-22005:14812.5] [-20368:16320] [-21893.505859375:16974.015625] [231.24867248535156:4343.349609375] [-20338.716796875:16883.009765625] [-20382:16319.5] [-18785.5:21687.5] [-20725:13312] [-20613:16039.5] [-21785.939453125:17003.6640625] [231.24867248535156:4343.349609375] [-20363.650390625:16559.140625] [-20630.5:16039] [-18933.5:20462.5] [-20672.5:13031.5] [-19428.5:15512.5] [-21670.6796875:17008.4453125] [231.24867248535156:4343.349609375] [-20278.63671875:16266.6396484375] [-19413.5:14764.5] [-18138:20586] [-19693:13647.5] [-18913:15423.5] [-21565.91015625:17034.775390625] [231.24867248535156:4343.349609375] [-19701.533203125:15981.2314453125] [-19006:15423] [-18344.5:21322.5] [-20206.5:13694.5] [-19283:17056] [-21460.720703125:17051.740234375] [231.24867248535156:4343.349609375] [-19516.66796875:15828.8466796875] [-19376:17055.5] [-18577:21487.5] [-20293.5:14140.5] [-19239:14809] [-21341.234375:17087.904296875] [231.24867248535156:4343.349609375] [-19210.2421875:15723.0419921875] [-19239:14665] [-18908.5:20901.5] [-20021:13848] [-19448:15255] [-21216.880859375:17130] [231.24867248535156:4343.349609375] [-18816.765625:15680.4931640625] [-19448:15095] [-18964:21484.5] [-21256:12894] [-19140:14962.5] [-21087.67578125:17123.240234375] [231.24867248535156:4343.349609375] [-18581.60546875:15507.4482421875] [-19186:14802.5] [-18723:19938.5] [-19918:13353] [-19262.5:14313.5] [-20957.92578125:17132.8203125] [231.24867248535156:4343.349609375] [-18295.77734375:15356.0439453125] [-19262.5:14269] [-18778.5:20555.5] [-21070.5:13562] [-18954.5:14759.5] [-20820.57421875:17149.8359375] [231.24867248535156:4343.349609375] [-18276.650390625:15301.8125] [-19000.5:14715] [-17955:19147] [-19732.5:14008] [-18095.5:14467] [-20679.91015625:17160.744140625] [231.24867248535156:4343.349609375] [-18191.63671875:15210.9658203125] [-18109.5:14422.5] [-16513:19073.5] [-18452.5:13715.5] [-18340.5:14010] [-20527.724609375:17151.794921875] [231.24867248535156:4343.349609375] [-18091.150390625:14936.7421875] [-18358:14095] [-16661:18768] [-18400:12761.5] [-17156:13056] [-20359.4609375:17117.91015625] [231.24867248535156:4343.349609375] [-18006.13671875:14644.2421875] [-17141:13141] [-14312:17719] [-17420.5:10948] [-14807:11606] [-20182.89453125:17066.30078125] [231.24867248535156:4343.349609375] [-17429.033203125:14208.810546875] [-14792:11605] [-12533:19341] [-15846.5:9964.5] [-15395.5:11940.5] [-20010.8359375:17010.759765625] [231.24867248535156:4343.349609375] [-17244.16796875:13910.9638671875] [-15369.5:11939.5] [-12694.5:17738] [-16343.5:9010.5] [-14220.5:12113.5] [-19838.970703125:16927.720703125] [231.24867248535156:4343.349609375] [-16937.7421875:13555.0126953125] [-14156.5:12088] [-11423.5:17790.5] [-14497:9045] [-13350.5:12559.5] [-19659.904296875:16868.970703125] [231.24867248535156:4343.349609375] [-16544.265625:13351.8662109375] [-13299.5:12534] [-12509:16434] [-15858.5:9087.5] [-13957.5:12267] [-19470.5:16766.6796875] [231.24867248535156:4343.349609375] [-16309.10546875:13059.3662109375] [-13971:12241.5] [-11221.5:17689] [-14370:7795.5] [-13165:11313] [-19227.544921875:16625.23046875] [231.24867248535156:4343.349609375] [-16023.2783203125:12589.96875] [-13114:11287.5] [-11472:20011] [-13865:6692] [-12621:7477] [-18994.990234375:16486.689453125] [231.24867248535156:4343.349609375] [-15713.9794921875:11866.1533203125] [-12733:7476] [-9123:18923] [-12946:6441] [-10272:8059] [-18723.5390625:16361.8095703125] [231.24867248535156:4343.349609375] [-15101.390625:11212.00390625] [-10384:8148.5] [-9182.5:18290.5] [-11028:5839] [-9704.5:6891] [-18453.890625:16228.1904296875] [231.24867248535156:4343.349609375] [-14601.9462890625:10683.23046875] [-9581.5:6846] [-9301:17813] [-11715:5102.5] [-10849:7596.5] [-18200.55078125:16104.96484375] [231.24867248535156:4343.349609375] [-14155.451171875:10168.80078125] [-10726:7571] [-8052:15855.5] [-11010.5:4991.5] [-9338:7639] [-17963.685546875:15937.6103515625] [231.24867248535156:4343.349609375] [-13250.1826171875:9681.455078125] [-9535:7613.5] [-6333:16360] [-11118:4229] [-8546.5:4512] [-17689.669921875:15760.650390625] [231.24867248535156:4343.349609375] [-12259.166015625:8888.0498046875] [-8679.5:4437] [0:17026.5] [-9060.5:0] none [-17410.345703125:15558.2802734375] [231.24867248535156:4343.349609375] [-11144.6962890625:8080.04541015625]
tree_sizes=2782 2802 2779 2795 2799 2792 2800 2838 2812 2825 2800 2804 2805 2816 2805 2806 2815 2803 2810 2816

Tree=0
num_leaves=31
num_cat=0
split_feature=257 257 253 208 169 68 250 213 233 126 232 197 192 21 75 53 218 1 238 0 254 171 23 236 194 83 131 51 33 245
split_gain=5.08001e+08 1.91197e+08 6.81689e+07 6.76428e+07 6.63562e+07 3.97239e+07 3.94632e+07 3.01461e+07 3.01025e+07 2.78656e+07 2.58237e+07 2.56972e+07 3.02884e+07 3.30009e+07 2.47245e+07 3.93889e+07 2.12342e+07 1.78016e+07 2.8288e+07 2.33763e+07 1.98899e+07 1.91564e+07 1.8088e+07 1.58831e+07 1.53825e+07 1.52427e+07 1.50462e+07 1.5202e+07 1.73901e+07 2.01678e+07
threshold=1526.9197998046877 819.09054565429699 666.75000000000011 2169.7580566406255 -4910.7499999999991 1971.2244262695315 629.64791870117199 -1348.7499999999998 -1409.4999999999998 -3751.7499999999995 3343.2500000000005 4111.5000000000009 -567.74999999999989 -493.24999999999994 2169.7580566406255 2729.7475585937505 -3811.2499999999995 -2026.9999999999998 -455.74999999999994 455.75000000000006 -433.24999999999994 -1124.2499999999998 -515.99999999999989 1749.311706542969 1564.216491699219 954.23602294921886 2281.4279785156255 5732.0000000000009 1526.9197998046877 -1497.9999999999998
decision_type=2 2 2 2 2 2 2 2 2 2 2 2 2 2 2 2 2 2 2 2 2 2 2 2 2 2 2 2 2 2
left_child=1 6 14 10 -5 -6 -1 16 9 -7 17 12 -10 -14 26 -16 -3 20 22 24 23 -22 -19 -4 -20 -12 27 28 -2 -30
right_child=2 7 3 4 5 8 -8 -9 11 -11 25 -13 13 -15 15 -17 -18 18 19 -21 21 -23 -24 -25 -26 -27 -28 -29 29 -31
leaf_value=376.06938923603639 408.00751763096446 441.66263420886833 403.26204279966191 515.68270592254612 387.18938624634046 456.61528081858336 381.23002241116296 386.96245439828863 434.61206541570772 392.8087049666475 463.73460770659563 426.08285925905273 534.32341680390232 460.75135166405107 403.32159836308426 463.07920842543848 395.06742435405147 416.72792787062161 393.35359124358621 387.72552179526463 454.27438748187853 390.20456473451179 476.92256041795127 357.59244560536564 444.75726499585278 416.03200000504415 356.3280439045289 434.35541899094625 347.31401916836967 390.97882990360739
leaf_weight=9722 101 25 32 29 36 28 5985 4406 35 44 34 45 27 35 130 35 1113 24 22 87 20 28 26 47 43 33 27 23 34 119
leaf_count=9722 101 25 32 29 36 28 5985 4406 35 44 34 45 27 35 130 35 1113 24 22 87 20 28 26 47 43 33 27 23 34 119
internal_value=382.601 380.853 415.057 425.231 444.088 435.783 378.036 388.836 443.958 417.622 411.945 457.311 471.798 492.791 400.415 415.997 396.091 406.183 415.406 404.674 391.515 416.9 448.029 376.092 427.359 440.239 391.957 395.43 391.905 381.276
internal_weight=22395 21251 1144 675 279 250 15707 5544 214 72 396 142 97 62 469 165 1138 329 202 152 127 48 50 79 65 67 304 277 254 153
internal_count=22395 21251 1144 675 279 250 15707 5544 214 72 396 142 97 62 469 165 1138 329 202 152 127 48 50 79 65 67 304 277 254 153
is_linear=0
shrinkage=1


Tree=1
num_leaves=31
num_cat=0
split_feature=96 257 236 89 246 257 68 19 238 169 32 229 121 48 103 47 126 48 232 170 224 79 229 6 3 143 254 162 243 58
split_gain=4.63724e+08 1.65276e+08 8.12764e+07 1.01046e+08 5.57221e+07 3.329e+07 3.24401e+07 3.04928e+07 3.83478e+07 5.40983e+07 3.28014e+07 3.17269e+07 3.13434e+07 2.77994e+07 2.5723e+07 2.55403e+07 2.48704e+07 2.46986e+07 2.40354e+07 2.22114e+07 2.46245e+07 2.45548e+07 1.88404e+07 1.86622e+07 1.77224e+07 1.71435e+07 1.71286e+07 1.88124e+07 1.70991e+07 1.68093e+07
threshold=1486.5613403320315 801.54647827148449 1863.8374633789065 1563.7959594726565 -18.249999999999996 526.94595336914074 1971.2244262695315 2280.3024902343755 -1846.9999999999998 -1961.2499999999998 -12187.319824218748 2280.3024902343755 -5527.9999999999991 -2022.944396972656 1526.9197998046877 1439.9837036132815 -2874.4999999999995 -4458.1249999999991 2823.7500000000005 -4381.9999999999991 -538.24999999999989 -6603.9999999999991 735.37619018554699 152.19605255126956 4855.5000000000009 6472.7500000000009 -782.24999999999989 -70.749999999999986 2076.5380859375005 -9050.9999999999982
decision_type=2 2 2 2 2 2 2 2 2 2 2 2 2 2 2 2 2 2 2 2 2 2 2 2 2 2 2 2 2 2
left_child=1 5 14 -4 6 -1 -5 10 -9 11 -6 -10 -11 17 15 -2 18 -14 22 21 -21 -8 -3 -15 -25 26 27 -12 29 -24
right_child=2 16 3 4 7 -7 19 8 9 12 25 -13 13 23 -16 -17 -18 -19 -20 20 -22 -23 28 24 -26 -27 -28 -29 -30 -31
leaf_value=-7.4437703163166464 86.718094950136944 53.936452438354493 136.85292459770486 -48.457331566810609 -16.097221387665851 -2.6413988772272501 23.769521602507563 1.9879506184504583 76.266440457883093 4.0607438970495151 -4.7501905713762556 162.37363709211351 63.333888639722559 7.6344535164211109 12.141656068764112 25.411950742281402 3.8321083925204862 136.08383865356447 59.706783925569972 63.571998242634095 3.3698813339759561 -46.254858988807314 43.992852623398242 88.239356738726315 35.86809447697231 1.7989642105102541 58.868152658293184 46.625842817462228 -35.773281950950626 9.659540177684967
leaf_weight=5851 23 25 27 20 29 9416 31 26 23 27 28 20 28 23 505 65 4811 20 26 41 29 21 37 30 35 25 107 49 20 977
leaf_count=5851 23 25 27 20 29 9416 31 26 23 27 28 20 28 23 505 65 4811 20 26 41 29 21 37 30 35 25 107 49 20 977
internal_value=3.92688e-08 -1.73596 29.82 42.1915 38.0153 -4.48188 10.5671 46.3081 59.2074 66.4292 33.7341 116.316 53.2688 63.0381 16.4888 41.4351 5.37427 93.6464 12.2124 20.2433 38.6311 -4.50956 11.0463 46.3427 60.0394 40.6485 45.9269 27.9436 10.0093 10.9123
internal_weight=22395 21163 1232 639 612 15267 142 470 232 206 238 43 163 136 593 88 5896 48 1085 122 70 52 1059 88 65 209 184 77 1034 1014
internal_count=22395 21163 1232 639 612 15267 142 470 232 206 238 43 163 136 593 88 5896 48 1085 122 70 52 1059 88 65 209 184 77 1034 1014
is_linear=0
shrinkage=0.05


Tree=2
num_leaves=31
num_cat=0
split_feature=96 257 236 89 246 250 68 241 131 113 239 103 232 194 187 150 75 134 246 180 152 138 225 240 219 240 170 45 4 166
split_gain=4.1851e+08 1.4946e+08 7.3352e+07 9.1194e+07 5.06004e+07 3.31595e+07 3.27633e+07 3.86488e+07 2.66919e+07 2.41638e+07 2.91056e+07 2.3215e+07 2.40546e+07 2.222e+07 2.28939e+07 4.47891e+07 2.83457e+07 2.16009e+07 3.41329e+07 5.18289e+07 1.81778e+07 3.21643e+07 1.74698e+07 3.12975e+07 2.40006e+07 1.4524e+07 1.89216e+07 1.61894e+07 1.82896e+07 1.77593e+07
threshold=1486.5613403320315 819.09054565429699 1863.8374633789065 1563.7959594726565 -373.99999999999994 629.64791870117199 1971.2244262695315 2906.5000000000005 2077.6770019531255 -3451.7499999999995 -961.24999999999989 1526.9197998046877 -347.24999999999994 1971.4899902343752 2883.3869628906255 4963.7500000000009 2883.3869628906255 -4229.2499999999991 1120.0000000000002 988.90371704101574 1023.0884399414064 941.03616333007824 1917.2500000000002 45.250000000000007 837.25000000000011 -2759.9999999999995 -3663.4999999999995 -4799.7499999999991 -8080.9626464843741 2280.3024902343755
decision_type=2 2 2 2 2 2 2 2 2 2 2 2 2 2 2 2 2 2 2 2 2 2 2 2 2 2 2 2 2 2
left_child=1 5 11 -4 9 -1 8 13 -6 -5 -11 12 -2 -8 16 -16 22 18 20 -20 21 -3 25 24 -24 26 -15 28 -27 -29
right_child=2 17 3 4 6 -7 7 -9 -10 10 -12 -13 -14 14 15 -17 -18 -19 19 -21 -22 -23 23 -25 -26 27 -28 29 -30 -31
leaf_value=-5.9281690171670123 87.565651702880871 8.9899597331130217 130.01028049610281 40.281411616007489 35.782683367388593 -1.1976323210218971 -2.7953496932983399 100.96371366977692 -20.906988016764323 -49.225320619152441 16.868953029314678 11.534573124706156 25.186253738403323 33.843967382113142 -13.119900659414439 77.451200212751132 103.37096188354492 4.6527880921971558 103.12953893873429 7.6411151154836023 -25.608172975047946 66.575005729110146 116.82919710332698 31.009642053905289 48.451959446498329 31.449911330467046 98.833015514555427 41.666033192169976 87.5009572971951 -4.6747729864987466
leaf_weight=9722 20 238 27 30 56 5985 24 32 33 31 36 505 68 24 39 21 25 5103 27 30 31 27 33 38 21 43 21 39 22 44
leaf_count=9722 20 238 27 30 56 5985 24 32 33 31 36 505 68 24 39 21 25 5103 27 30 31 27 33 38 21 43 21 39 22 44
internal_value=1.1562e-07 -1.64917 28.329 40.0819 36.1145 -4.12564 42.3541 48.1184 14.7629 2.98701 -13.712 15.6643 39.3634 43.8264 46.8505 18.58 52.3222 5.48024 17.442 52.8725 10.6192 14.8571 47.8443 65.7741 90.238 39.2974 64.1722 31.7341 50.421 17.0998
internal_weight=22395 21163 1232 639 612 15707 515 426 89 97 67 593 88 394 370 60 310 5456 353 57 296 265 285 92 54 193 45 148 65 83
internal_count=22395 21163 1232 639 612 15707 515 426 89 97 67 593 88 394 370 60 310 5456 353 57 296 265 285 92 54 193 45 148 65 83
is_linear=0
shrinkage=0.05


Tree=3
num_leaves=31
num_cat=0
split_feature=96 257 253 208 40 257 215 4 155 122 225 256 170 12 246 52 234 238 217 246 23 20 4 127 190 245 207 243 97 253
split_gain=3.77706e+08 1.34976e+08 6.69544e+07 6.16761e+07 5.87818e+07 3.08602e+07 3.07044e+07 3.0904e+07 3.97057e+07 3.28412e+07 2.29466e+07 3.30545e+07 3.19506e+07 2.26597e+07 2.17519e+07 2.29692e+07 2.13923e+07 1.98764e+07 1.94482e+07 3.53294e+07 1.83444e+07 1.65077e+07 1.64658e+07 1.60282e+07 3.52851e+07 1.58613e+07 1.54952e+07 1.74416e+07 1.4829e+07 1.47189e+07
threshold=1486.5613403320315 822.62829589843761 672.75000000000011 2169.7580566406255 1610.0513305664065 524.63015747070324 2280.3024902343755 -8402.1220703124982 -2688.9999999999995 -3392.2499999999995 -133.24999999999997 2407.037475585938 -1537.2499999999998 2280.3024902343755 -373.99999999999994 601.50000000000011 -1969.4999999999998 -518.24999999999989 -2741.9999999999995 1120.0000000000002 -2189.9999999999995 7095.0004882812509 -5560.8925781249991 2430.7500000000005 3409.0000000000005 2018.2500000000002 732.70999145507824 1526.9197998046877 1169.687683105469 177.75000000000003
decision_type=2 2 2 2 2 2 2 2 2 2 2 2 2 2 2 2 2 2 2 2 2 2 2 2 2 2 2 2 2 2
left_child=1 5 10 16 -5 -1 13 9 -9 -8 11 22 -13 -6 15 -12 -4 20 19 -3 -18 -16 29 -10 -25 -19 27 -24 -27 -2
right_child=2 18 3 4 6 -7 7 8 23 -11 14 12 -14 -15 21 -17 17 25 -20 -21 -22 -23 26 24 -26 28 -28 -29 -30 -31
leaf_value=-6.8105058503598501 59.470825761364353 11.515069260199866 -14.73916836092549 138.95334278106688 51.558317234205163 -2.2194638619796665 41.224678513488257 117.71286087036134 16.865899540827826 -33.874951791763309 10.004849455573343 112.20235572814941 29.458367518016271 121.74396322499152 6.4773823824739374 -62.246621704101564 28.035401621172504 17.508852049066075 4.5377906514592423 65.531385331995352 83.359931709026469 38.077220033139604 25.034114303588868 101.13891939435688 31.281080844355564 79.241654031926942 35.453788703420891 -32.396317066290443 25.19655377705892 18.348149979277832
leaf_weight=5763 31 276 31 20 23 10032 37 21 39 24 22 20 28 23 264 22 31 232 5058 34 29 49 20 28 51 22 23 39 30 73
leaf_count=5763 31 276 31 20 23 10032 37 21 39 24 22 20 28 23 264 22 31 232 5058 34 29 49 20 28 51 22 23 39 30 73
internal_value=-3.13409e-09 -1.56671 26.9125 38.1048 56.5199 -3.89456 49.818 41.3464 54.3667 11.6773 14.7733 26.9425 63.935 86.6511 6.7969 -26.1209 25.0424 28.6273 5.28286 17.4394 54.7756 11.4243 17.3961 43.0932 56.0408 23.1031 0.642232 -12.9284 48.0618 30.6059
internal_weight=22395 21163 1232 641 266 15795 246 200 139 61 591 234 48 46 357 44 375 344 5368 310 60 313 186 118 79 284 82 59 52 104
internal_count=22395 21163 1232 641 266 15795 246 200 139 61 591 234 48 46 357 44 375 344 5368 310 60 313 186 118 79 284 82 59 52 104
is_linear=0
shrinkage=0.05


Tree=4
num_leaves=31
num_cat=0
split_feature=257 257 253 208 169 68 213 222 11 90 55 257 239 42 248 75 46 3 218 240 10 236 220 149 30 239 222 165 68 183
split_gain=3.43411e+08 1.26287e+08 5.04206e+07 4.75311e+07 5.08217e+07 2.87159e+07 2.82945e+07 2.70222e+07 3.30759e+07 2.69059e+07 4.53119e+07 2.54249e+07 2.18145e+07 2.32804e+07 1.9024e+07 1.82691e+07 3.22674e+07 1.82536e+07 1.73603e+07 1.62847e+07 2.03828e+07 1.46785e+07 1.66983e+07 1.59946e+07 1.40806e+07 1.40148e+07 1.36064e+07 1.64104e+07 1.26827e+07 1.79226e+07
threshold=1526.9197998046877 801.54647827148449 672.75000000000011 2169.7580566406255 -4910.7499999999991 1971.2244262695315 -1348.7499999999998 2280.3024902343755 -8837.9873046874982 1446.4262695312502 -4829.6289062499991 524.63015747070324 2529.0000000000005 -7625.7499999999991 597.00000000000011 2169.7580566406255 2850.1975097656255 -578.74999999999989 -3811.2499999999995 -1667.2499999999998 -1368.2499999999998 1563.7959594726565 1782.2500000000002 3108.7500000000005 -1249.9999999999998 2718.0000000000005 1323.400329589844 -5316.7700195312491 2280.3024902343755 -334.24999999999994
decision_type=2 2 2 2 2 2 2 2 2 2 2 2 2 2 2 2 2 2 2 2 2 2 2 2 2 2 2 2 2 2
left_child=1 11 15 12 -5 -6 18 14 -9 10 -10 -1 13 -4 -7 21 28 -14 -3 20 -15 24 -23 -24 -2 -11 -20 -28 -17 -30
right_child=2 6 3 4 5 7 -8 8 9 25 -12 -13 17 19 -16 16 -18 -19 26 -21 -22 22 23 -25 -26 -27 27 -29 29 -31
leaf_value=-6.4699805615139825 7.4517120067889877 52.840112274169918 -21.229004001617433 113.97180479723832 2.7310410425894793 117.1009036851966 3.0052558575375539 -0.78066501352522111 44.079692333622987 17.032411191860835 132.99676055908205 -2.2607892898000741 69.858626747131353 21.543329920087544 52.791823428610101 43.518989011013147 71.803345988216719 25.346737444634531 9.3358070978847163 16.085618316548544 81.369124619166058 -3.8732444923264637 52.265188493399791 -5.8568985247612 61.802244463833894 65.224946941028946 4.7967921330593528 52.574402902184467 25.951043984807768 -16.64633484552073
leaf_weight=5763 26 25 34 29 36 23 4792 36 38 48 23 9504 42 35 23 33 33 51 1094 206 24 210 29 20 22 22 32 41 58 43
leaf_count=5763 26 25 34 29 36 23 4792 36 38 48 23 9504 42 35 23 33 33 51 1094 206 24 210 29 20 22 22 32 41 58 43
internal_value=1.12654e-08 -1.43656 26.6857 35.5147 51.3287 44.033 4.72002 51.0136 41.6668 53.3317 77.6058 -3.84968 24.2997 17.7215 84.9464 14.2058 27.515 45.4489 11.6136 22.7189 45.8792 6.96601 2.25935 28.5419 32.3624 32.1786 10.7304 31.6308 16.6082 7.81553
internal_weight=22395 21251 1144 670 278 249 5984 213 167 131 61 15267 392 299 46 474 167 93 1192 265 59 307 259 49 48 70 1167 73 134 101
internal_count=22395 21251 1144 670 278 249 5984 213 167 131 61 15267 392 299 46 474 167 93 1192 265 59 307 259 49 48 70 1167 73 134 101
is_linear=0
shrinkage=0.05


Tree=5
num_leaves=31
num_cat=0
split_feature=96 257 201 103 68 254 103 253 250 226 194 166 243 68 135 165 30 191 24 134 187 233 233 3 12 240 254 74 194 159
split_gain=3.09942e+08 1.09938e+08 5.61645e+07 6.24558e+07 3.89393e+07 3.23431e+07 3.08349e+07 2.78918e+07 2.67693e+07 2.47716e+07 2.34577e+07 2.33406e+07 3.72822e+07 4.2182e+07 3.09148e+07 2.02682e+07 3.09899e+07 1.84309e+07 1.78672e+07 1.75159e+07 3.32001e+07 2.19657e+07 1.60816e+07 1.94218e+07 1.69827e+07 1.59869e+07 1.46327e+07 1.39284e+07 1.77092e+07 2.71697e+07
threshold=1486.5613403320315 822.62829589843761 1971.2244262695315 1749.311706542969 1971.2244262695315 -428.24999999999994 1526.9197998046877 1069.7500000000002 629.64791870117199 -919.24999999999989 2173.045288085938 2883.3869628906255 2472.5063476562505 2368.7424316406255 2904.2500000000005 3126.202514648438 1412.2500000000002 -1559.7499999999998 2932.0000000000005 -4229.2499999999991 725.65109252929699 97.250000000000014 -599.74999999999989 -11359.249999999998 2280.3024902343755 1425.7500000000002 -229.24999999999997 -5639.6000976562491 1015.1373291015626 909.16427612304699
decision_type=2 2 2 2 2 2 2 2 2 2 2 2 2 2 2 2 2 2 2 2 2 2 2 2 2 2 2 2 2 2
left_child=1 8 6 -4 10 11 7 -2 -1 -7 -5 12 15 -14 -13 16 22 -17 26 20 -3 27 23 -6 -24 -8 -11 28 29 -22
right_child=2 19 3 4 5 9 25 -9 -10 18 -12 14 13 -15 -16 17 -18 -19 -20 -21 21 -23 24 -25 -26 -27 -28 -29 -30 -31
leaf_value=-5.1469780343854667 25.411311829249065 75.016394355080351 120.36602572259449 26.276022582583963 62.384212048848475 33.385620669929345 7.4928844105092729 88.351273204969331 -0.91572854177645702 129.89578292846679 -31.209199466364726 -29.702232977923224 31.964821763472123 132.29510410308839 41.244148921966556 23.147905597686769 -36.603861560821535 86.991886432354278 42.957452652671122 4.0058847115130201 -4.4203390774592553 61.062244401659285 23.580389490994541 13.458299946966973 85.027949134163237 41.512748263333293 73.009300026526816 18.069193062724839 -26.497559889463275 61.55614107131958
leaf_weight=9722 75 22 21 36 24 49 518 23 6073 20 35 34 22 20 28 20 20 26 22 5016 71 21 22 131 23 37 26 166 52 20
leaf_count=9722 75 22 21 36 24 49 518 23 6073 20 35 34 22 20 28 20 20 26 22 5016 71 21 22 131 23 37 26 166 52 20
internal_value=-1.28606e-07 -1.41923 24.3791 35.7165 32.5308 37.574 14.3265 40.1829 -3.52011 60.4882 -2.06176 30.3282 35.9626 79.7411 2.33807 29.0501 22.7391 59.2336 80.018 4.7625 15.5442 11.5794 28.6733 21.0339 54.9869 9.76088 97.7426 8.21648 -3.22094 10.08
internal_weight=22395 21163 1232 579 558 487 653 98 15795 117 71 370 308 42 62 266 220 46 68 5368 352 330 200 155 45 555 46 309 143 91
internal_count=22395 21163 1232 579 558 487 653 98 15795 117 71 370 308 42 62 266 220 46 68 5368 352 330 200 155 45 555 46 309 143 91
is_linear=0
shrinkage=0.05


Tree=6
num_leaves=31
num_cat=0
split_feature=257 257 243 89 68 201 174 247 44 1 184 161 143 177 225 250 222 241 213 166 120 230 45 229 175 162 149 198 124 79
split_gain=2.81137e+08 1.02843e+08 4.37767e+07 8.02872e+07 3.73814e+07 2.96971e+07 3.84825e+07 2.88974e+07 3.97992e+07 2.72213e+07 5.04043e+07 3.43616e+07 2.69103e+07 4.94767e+07 2.47818e+07 2.42009e+07 2.26899e+07 2.3939e+07 2.1706e+07 1.97064e+07 1.86353e+07 2.33703e+07 1.82849e+07 1.76493e+07 1.7498e+07 1.50853e+07 1.38141e+07 1.88163e+07 1.28208e+07 1.37054e+07
threshold=1526.9197998046877 822.62829589843761 2472.5063476562505 1563.7959594726565 1971.2244262695315 1153.6043701171877 -3997.6003417968745 -448.24999999999994 341.25000000000006 -5388.7499999999991 -1606.9999999999998 5294.5000000000009 1114.7500000000002 1437.2500000000002 1746.7500000000002 635.24368286132824 1563.7959594726565 -528.74999999999989 -1348.7499999999998 1354.744079589844 -2398.2499999999995 -3635.925415039062 -4984.9999999999991 735.37619018554699 -896.74999999999989 3057.2500000000005 4232.0000000000009 14.750000000000002 1439.9837036132815 -602.24999999999989
decision_type=2 2 2 2 2 2 2 2 2 2 2 2 2 2 2 2 2 2 2 2 2 2 2 2 2 2 2 2 2 2
left_child=1 15 4 -4 5 -2 -7 12 14 20 -11 -12 22 -14 -9 -1 19 -18 23 -8 21 -5 -6 -3 -21 -26 27 -19 -25 -30
right_child=2 18 3 9 7 6 16 8 -10 10 11 -13 13 -15 -16 -17 17 26 -20 24 -22 -23 -24 28 25 -27 -28 -29 29 -31
leaf_value=-4.8547691622567193 70.974514217376722 48.636152481238049 136.43163420937279 -6.1272936116094172 31.869174920850334 -24.765587552932843 -9.2084152984619134 48.534660790516782 15.46442568617047 122.04926624298096 7.5394200426466931 82.122964046312418 94.155093315243732 2.249976115756565 102.95489761625018 -0.80848291898801694 -13.7088113627591 6.988577459183607 3.0092822929321161 78.185660372461598 -29.216732756296796 67.774850463867196 3.0227507327465304 8.5109104893793877 5.9648467063903814 59.786920655292015 -10.372579000054337 36.801760894849018 14.633155181672841 66.256163024902349
leaf_weight=9898 20 30 22 23 90 73 20 52 53 20 47 23 32 27 35 5897 91 110 4329 28 21 20 141 1041 30 23 41 102 36 20
leaf_count=9898 20 30 22 23 90 73 20 52 53 20 47 23 32 27 35 5897 91 110 4329 28 21 20 141 1041 30 23 41 102 36 20
internal_value=1.76613e-08 -1.2998 24.1452 47.0834 19.9746 11.1904 8.88211 30.9651 49.6203 34.3194 52.0463 32.0454 21.9591 52.0968 70.4279 -3.3441 14.4018 8.28414 4.61841 35.2384 9.3909 28.2458 14.2616 10.7993 46.2129 29.3216 16.1947 21.3327 9.76461 33.0699
internal_weight=22395 21251 1144 176 968 538 518 430 140 154 90 70 290 59 87 15795 445 344 5456 101 64 43 231 1127 81 53 253 212 1097 56
internal_count=22395 21251 1144 176 968 538 518 430 140 154 90 70 290 59 87 15795 445 344 5456 101 64 43 231 1127 81 53 253 212 1097 56
is_linear=0
shrinkage=0.05


Tree=7
num_leaves=31
num_cat=0
split_feature=257 194 257 164 60 246 229 68 94 167 220 245 253 124 204 36 232 246 80 154 239 185 198 218 33 257 187 194 181 190
split_gain=2.55571e+08 7.99992e+07 5.96301e+07 3.5823e+07 4.77052e+07 3.6588e+07 2.55507e+07 2.48218e+07 2.40684e+07 6.54503e+07 2.40386e+07 1.71663e+07 1.69192e+07 1.84669e+07 1.76303e+07 2.37999e+07 2.00478e+07 1.63347e+07 1.636e+07 1.69586e+07 1.50762e+07 1.50262e+07 1.50118e+07 1.37754e+07 1.48427e+07 1.23005e+07 1.19856e+07 1.28679e+07 1.19434e+07 1.15053e+07
threshold=1125.587829589844 1971.4899902343752 720.08538818359386 -7228.2499999999991 -10203.675292968748 -422.74999999999994 2169.7580566406255 1971.2244262695315 -2658.2499999999995 -1429.9787597656248 -3594.4999999999995 1398.2500000000002 1130.2500000000002 899.61660766601574 -3284.2499999999995 -5771.4999999999991 -227.74999999999997 1632.2500000000002 -5095.2499999999991 -3455.7499999999995 -1305.2499999999998 -3797.4999999999995 -3063.4999999999995 -404.74999999999994 1439.9837036132815 524.63015747070324 2169.7580566406255 2474.0510253906255 4736.9580078125009 -38.499999999999993
decision_type=2 2 2 2 2 2 2 2 2 2 2 2 2 2 2 2 2 2 2 2 2 2 2 2 2 2 2 2 2 2
left_child=2 12 25 4 -3 6 -5 26 11 -10 -4 17 13 21 -14 -16 -17 18 19 -9 -8 -2 -11 -12 28 -1 -7 -28 -25 -24
right_child=1 3 10 5 -6 7 20 8 9 22 23 -13 14 -15 15 16 -18 -19 -20 -21 -22 -23 29 24 -26 -27 27 -29 -30 -31
leaf_value=-5.6463943174498974 -2.9878530104955039 17.697859500703355 44.992173211276537 33.912817020416263 119.92169931030274 29.280514352879624 -56.756354904174806 18.156165460177832 121.26574073014436 -0.40325138785622339 5.5726053111101459 60.978271152662195 54.367763010660809 5.7645551023139872 -26.438614120483397 55.282382159762918 15.619452105102127 -23.018285830815636 0.26639535717847868 78.438653159141552 -2.5630478483257875 34.491336026558507 77.223556310480305 -0.10754400216889466 30.337387158231039 -2.5224016986222795 -23.386541966029579 26.888864374160768 21.962434210315831 38.871956867521462
leaf_weight=5763 36 21 32 30 25 47 21 28 27 22 1648 23 33 1333 30 36 277 24 41 20 33 104 22 5433 41 6952 35 20 62 176
leaf_count=5763 36 21 32 30 25 47 21 28 27 22 1648 23 33 1333 30 36 277 24 41 20 33 104 22 5433 41 6952 35 20 62 176
internal_value=-3.99447e-08 15.1913 -1.87804 30.8128 73.2543 27.3817 -3.08428 32.6582 38.4956 47.7963 1.7523 21.6039 9.99536 7.57888 19.4621 16.1038 20.1813 13.5896 23.4614 43.2739 -23.6382 24.8538 38.7796 1.5597 0.365104 -3.93833 10.7395 -5.10458 0.141471 43.1332
internal_weight=22395 2464 19931 615 46 569 84 485 383 247 7216 136 1849 1473 376 343 313 113 89 48 54 140 220 7184 5536 12715 102 55 5495 198
internal_count=22395 2464 19931 615 46 569 84 485 383 247 7216 136 1849 1473 376 343 313 113 89 48 54 140 220 7184 5536 12715 102 55 5495 198
is_linear=0
shrinkage=0.05


Tree=8
num_leaves=31
num_cat=0
split_feature=96 250 253 164 197 234 234 5 119 48 48 225 256 207 246 52 257 80 246 219 86 218 4 253 177 22 43 163 20 205
split_gain=2.31311e+08 8.15084e+07 4.49126e+07 4.23765e+07 7.87912e+07 3.65585e+07 2.02706e+07 2.62213e+07 2.02108e+07 2.05105e+07 3.18808e+07 1.87754e+07 2.67629e+07 2.77995e+07 1.84959e+07 1.9977e+07 1.80887e+07 1.67947e+07 2.03652e+07 6.06193e+07 1.43953e+07 1.43628e+07 1.42899e+07 1.39968e+07 1.62772e+07 1.29793e+07 1.55076e+07 1.2712e+07 1.26647e+07 1.25813e+07
threshold=1486.5613403320315 801.54647827148449 672.75000000000011 -4383.2499999999991 -313.24999999999994 -1969.4999999999998 -2098.7499999999995 2169.7580566406255 -2286.7499999999995 -1821.2318115234373 -4458.1249999999991 -143.24999999999997 2407.037475585938 5426.3349609375009 -373.99999999999994 601.50000000000011 526.94595336914074 -858.74999999999989 1120.0000000000002 -3680.2499999999995 877.75000000000011 3534.5000000000005 -5560.8925781249991 177.75000000000003 -3661.9999999999995 -8260.2499999999982 -7865.4999999999991 -5784.9999999999991 7712.0170898437509 -4509.4999999999991
decision_type=2 2 2 2 2 2 2 2 2 2 2 2 2 2 2 2 2 2 2 2 2 2 2 2 2 2 2 2 2 2
left_child=1 16 11 4 5 -4 -5 -8 -9 10 -10 12 22 -14 15 -13 -1 18 25 -20 -16 -21 23 -2 -25 27 -27 -3 -19 -7
right_child=2 17 3 6 -6 29 7 8 9 -11 -12 14 13 -15 20 -17 -18 28 19 21 -22 -23 -24 24 -26 26 -28 -29 -30 -31
leaf_value=-5.3377090605139133 54.684590148925786 7.5599381828308116 -8.2829569604661728 -14.838727436065675 149.75960823059083 95.057736940383919 18.81051892212459 19.445237549146018 39.596131992340091 39.365833789248796 125.72477816627139 7.2593959916721689 96.799096194180578 20.431172895431519 -1.3579282136644637 -60.121829466386274 -1.7977132726527263 1.2170972023927233 98.152820665186113 9.9900076402916227 20.195642108711411 50.843453929735269 -2.0406198873752501 -7.9278565639104599 39.403537570728979 45.522287897268939 5.0902096990134744 -46.413832292954133 31.884627594667325 38.974525747299197
leaf_weight=5851 30 20 27 30 20 20 329 66 22 86 21 22 22 26 175 22 9416 3415 22 333 139 23 82 39 34 24 2001 24 34 20
leaf_count=5851 30 20 27 30 20 20 329 66 22 86 21 22 22 26 175 22 9416 3415 22 333 139 23 82 39 34 24 2001 24 34 20
internal_value=-2.28059e-08 -1.22605 21.0609 30.2276 62.6689 36.6717 25.133 27.4215 41.9497 53.4635 81.659 11.1186 22.1654 55.4331 3.929 -26.4312 -3.1544 3.76717 6.93533 17.607 8.1833 12.6294 13.5337 25.9327 14.1169 4.98565 5.5694 -21.8803 1.51942 67.0161
internal_weight=22395 21163 1232 641 87 67 554 524 195 129 43 591 233 48 358 44 15267 5896 2447 378 314 356 185 103 73 2069 2025 44 3449 40
internal_count=22395 21163 1232 641 87 67 554 524 195 129 43 591 233 48 358 44 15267 5896 2447 378 314 356 185 103 73 2069 2025 44 3449 40
is_linear=0
shrinkage=0.05


Tree=9
num_leaves=31
num_cat=0
split_feature=257 194 243 164 60 246 220 229 68 94 167 110 251 191 245 80 124 191 167 201 233 231 220 239 198 190 48 227 33 163
split_gain=2.09284e+08 6.64611e+07 4.94548e+07 3.08176e+07 4.38734e+07 3.12201e+07 2.40963e+07 2.25056e+07 2.13122e+07 2.06886e+07 5.81304e+07 1.61618e+07 1.77896e+07 1.51764e+07 1.48634e+07 2.83441e+07 1.60369e+07 1.71748e+07 1.39167e+07 1.98604e+07 1.35893e+07 2.10923e+07 1.35385e+07 1.33902e+07 1.30257e+07 1.30155e+07 1.28633e+07 1.31553e+07 1.21371e+07 1.15767e+07
threshold=1125.587829589844 1971.4899902343752 638.14746093750011 -7228.2499999999991 -10203.675292968748 -422.74999999999994 -3594.4999999999995 2169.7580566406255 1971.2244262695315 -2658.2499999999995 -1429.9787597656248 2280.3024902343755 -2465.943481445312 -1442.2499999999998 1662.2500000000002 -743.74999999999989 894.29067993164074 -19.249999999999996 -3957.841430664062 1063.2380981445315 -2851.9999999999995 -2560.4999999999995 -1322.7499999999998 -1305.2499999999998 -3063.4999999999995 -252.74999999999997 -5573.9382324218741 -1096.7499999999998 1439.9837036132815 -3794.9999999999995
decision_type=2 2 2 2 2 2 2 2 2 2 2 2 2 2 2 2 2 2 2 2 2 2 2 2 2 2 2 2 2 2
left_child=2 14 -1 4 -3 7 -4 -5 -7 11 -11 12 -10 29 16 25 17 -2 19 -18 21 -20 -8 -9 -12 -16 -21 -28 -24 -13
right_child=1 3 6 5 -6 8 22 23 9 10 24 13 -14 -15 15 -17 18 -19 20 26 -22 -23 28 -25 -26 -27 27 -29 -30 -31
leaf_value=-4.1847542362967465 16.460203831956004 14.07187474568685 44.810081451554453 31.383132514953616 112.10429327392579 9.3671216861290088 5.9350472123994189 -53.841220201764799 8.693336596855751 112.94846295957211 -1.2873061873696068 1.2453406640461513 64.374112844467163 -23.335501187642418 82.689314233689089 8.3425262375215521 35.7460141658783 66.03825329065323 12.058246612548828 -24.886546698620446 6.4692713057966422 68.001456982156512 -0.12671362541793296 -2.7678523901737098 39.267060045762499 33.64097899386757 19.935039346868344 -25.485171020507813 24.827115214600855 51.052162280082705
leaf_weight=9987 138 21 31 30 25 102 1083 21 26 27 22 28 32 30 21 113 24 20 63 95 1245 23 8781 33 198 38 44 25 49 20
leaf_count=9987 138 21 31 30 25 102 1083 21 26 27 22 28 32 30 21 113 24 20 63 95 1245 23 8781 33 198 38 44 25 49 20
internal_value=2.86238e-08 13.747 -1.69949 27.9855 67.3504 24.8031 0.796523 -3.33941 29.6772 35.0862 43.7092 19.4253 39.4138 4.56215 9.01106 23.0089 7.57538 22.7359 5.99845 -6.73567 7.7971 27.0198 0.658884 -22.6297 35.2116 51.0989 -12.9525 3.47844 0.0117618 21.9982
internal_weight=22395 2464 19931 615 46 569 9944 84 485 383 247 136 58 78 1849 172 1677 158 1519 188 1331 86 9913 54 220 59 164 69 8830 48
internal_count=22395 2464 19931 615 46 569 9944 84 485 383 247 136 58 78 1849 172 1677 158 1519 188 1331 86 9913 54 220 59 164 69 8830 48
is_linear=0
shrinkage=0.05


Tree=10
num_leaves=31
num_cat=0
split_feature=257 250 246 241 192 196 4 9 199 163 256 239 238 218 142 257 19 116 221 85 246 27 85 151 245 216 97 23 234 234
split_gain=1.90413e+08 7.02327e+07 3.3437e+07 2.41078e+07 1.91056e+07 2.08613e+07 1.97476e+07 2.46215e+07 1.93103e+07 1.88206e+07 4.44539e+07 2.14236e+07 4.42446e+07 1.81196e+07 1.77702e+07 1.66802e+07 1.46548e+07 1.55079e+07 2.09741e+07 3.0369e+07 2.09129e+07 2.33915e+07 1.43937e+07 1.69444e+07 1.40081e+07 1.37785e+07 1.34429e+07 1.27899e+07 2.37519e+07 1.81261e+07
threshold=1526.9197998046877 826.10955810546886 368.75000000000006 2906.5000000000005 797.75000000000011 1756.2500000000002 -14623.510253906248 -12275.999999999998 734.75000000000011 -8023.4999999999991 -7542.6022949218741 -410.24999999999994 -1965.2499999999998 -3811.2499999999995 194.75000000000003 524.63015747070324 2280.3024902343755 -5987.6923828124991 112.38000106811525 1796.2500000000002 2589.0000000000005 7587.9145507812509 3286.0000000000005 1101.309997558594 1479.2500000000002 2072.0332031250005 -2923.4389648437495 -947.74999999999989 -183.74999999999997 783.75000000000011
decision_type=2 2 2 2 2 2 2 2 2 2 2 2 2 2 2 2 2 2 2 2 2 2 2 2 2 2 2 2 2 2
left_child=1 15 4 9 6 -6 -2 -8 14 10 -4 12 -11 -3 22 -1 17 -13 19 26 21 -20 23 -9 27 -5 -19 28 -18 -30
right_child=2 13 3 25 5 -7 7 8 -10 11 -12 16 -14 -15 -16 -17 24 18 20 -21 -22 -23 -24 -25 -26 -27 -28 -29 29 -31
leaf_value=-4.8879512300626615 -22.479069920742152 47.222337500254319 4.257956168765114 81.045275615823684 -49.4718355567367 3.3162047112574342 69.186732413552022 0.92428050484768187 57.153324931600821 6.8558743997053675 107.13780407678514 -3.0976836823000768 109.60982385635376 3.6799736391824065 44.282916242281601 -1.5180085604464573 -0.35448907654860928 37.273370644084196 -2.0625296912350497 62.184022121609388 -42.513710317611697 42.687795889654829 -37.297638826370239 48.399351310729983 55.983430828050125 32.713024754524234 6.4356004432965355 4.1049320706781351 86.717620422363282 27.089580777975232
leaf_weight=5763 33 24 21 29 27 61 22 129 23 22 21 101 20 5344 30 10120 29 57 91 53 20 43 20 22 43 30 93 53 25 26
leaf_count=5763 33 24 21 29 27 61 22 129 23 22 21 101 20 5344 30 10120 29 57 91 53 20 43 20 22 43 30 93 53 25 26
internal_value=9.64228e-08 -1.06971 19.871 25.7458 7.43304 -12.8801 13.8401 18.7121 13.7548 23.2211 55.6979 21.2033 55.7863 3.87465 8.78882 -2.74076 18.9123 14.2 19.0937 29.6495 5.17929 12.2976 2.56178 7.84118 31.1752 56.4696 18.154 23.1545 35.7749 56.319
internal_weight=22395 21251 1144 777 367 88 279 246 224 718 42 676 42 5368 201 15883 634 458 357 203 154 134 171 151 176 59 150 133 80 51
internal_count=22395 21251 1144 777 367 88 279 246 224 718 42 676 42 5368 201 15883 634 458 357 203 154 134 171 151 176 59 150 133 80 51
is_linear=0
shrinkage=0.05


Tree=11
num_leaves=31
num_cat=0
split_feature=96 257 253 164 197 234 234 5 119 48 48 225 207 4 171 176 229 240 126 246 219 172 229 243 253 177 185 127 168 191
split_gain=1.73024e+08 6.14445e+07 3.57476e+07 3.45021e+07 7.0692e+07 3.18526e+07 1.73645e+07 2.03773e+07 1.7289e+07 1.78219e+07 2.74134e+07 1.64977e+07 2.36227e+07 2.20038e+07 1.79883e+07 1.80984e+07 1.62093e+07 1.59304e+07 1.59274e+07 1.8136e+07 5.07264e+07 1.29531e+07 1.288e+07 2.1547e+07 1.26188e+07 1.40306e+07 1.24054e+07 1.22529e+07 2.36566e+07 2.1303e+07
threshold=1486.5613403320315 720.08538818359386 672.75000000000011 -4383.2499999999991 -313.24999999999994 -1969.4999999999998 -2098.7499999999995 2169.7580566406255 -2286.7499999999995 -1821.2318115234373 -4458.1249999999991 -143.24999999999997 763.26998901367199 -5560.8925781249991 121.75000000000001 -1001.2499999999999 1610.0513305664065 -492.24999999999994 -2959.9999999999995 1120.0000000000002 -3680.2499999999995 -6566.9150390624991 1063.2380981445315 941.03616333007824 177.75000000000003 -3661.9999999999995 -4100.4999999999991 1140.5000000000002 -715.24999999999989 833.75000000000011
decision_type=2 2 2 2 2 2 2 2 2 2 2 2 2 2 2 2 2 2 2 2 2 2 2 2 2 2 2 2 2 2
left_child=1 -1 11 4 5 -4 -5 27 -9 10 -10 12 13 24 15 -14 -15 -13 19 21 -21 22 23 -3 -2 -26 -22 28 -8 -30
right_child=2 18 3 6 -6 -7 7 8 9 -11 -12 17 14 16 -16 -17 -18 -19 -20 20 26 -23 -24 -25 25 -27 -28 -29 29 -31
leaf_value=-3.2564345809048287 50.767734934488935 -12.875743155777455 -10.920841686813921 -15.199455812772115 138.1588256072998 59.364963841438296 6.3946460068225868 15.907417087843925 34.648779003457591 34.229552636590114 114.5152727808271 -6.0463691437355829 31.420698564702818 14.498046493530275 10.376082153320313 95.555541855774152 -37.39344632765826 15.463480404350491 1.3674957368550584 97.713957252502439 -23.838399372100831 8.5483131879893506 -16.709817148681381 24.301183307798286 -8.2183601905138062 35.725524475995236 18.64545187559284 9.2971060250526261 74.784227969195385 11.73296610514323
leaf_weight=12715 30 80 27 30 20 40 56 66 22 86 21 214 22 27 25 22 34 144 7262 20 20 751 117 76 39 34 122 215 37 21
leaf_count=12715 30 80 27 30 20 40 56 66 22 86 21 214 22 27 25 22 34 144 7262 20 20 751 117 76 39 34 122 215 37 21
internal_value=6.37301e-08 -1.06039 18.2151 26.3932 55.6657 31.0408 21.7963 23.9143 36.7217 47.3708 73.6533 9.3451 19.7001 9.3735 44.2446 63.4881 -14.4251 2.60564 2.24486 7.61705 23.1621 5.15778 -4.1693 5.23609 23.4678 12.2487 12.6618 16.3234 29.5746 51.9553
internal_weight=22395 21163 1232 641 87 67 554 524 195 129 43 591 233 164 69 44 61 358 8448 1186 162 1024 273 156 103 73 142 329 114 58
internal_count=22395 21163 1232 641 87 67 554 524 195 129 43 591 233 164 69 44 61 358 8448 1186 162 1024 273 156 103 73 142 329 114 58
is_linear=0
shrinkage=0.05


Tree=12
num_leaves=31
num_cat=0
split_feature=257 194 250 176 241 68 220 232 170 194 72 193 23 77 127 199 87 184 27 180 251 257 233 236 1 82 197 237 194 226
split_gain=1.58392e+08 4.97253e+07 3.74796e+07 2.63683e+07 2.72615e+07 2.80752e+07 1.75124e+07 1.59371e+07 1.86739e+07 1.98537e+07 1.59281e+07 2.37869e+07 1.99251e+07 2.95363e+07 1.89362e+07 2.63944e+07 1.62907e+07 1.38979e+07 1.81759e+07 1.36407e+07 1.66259e+07 2.33965e+07 1.43045e+07 1.92968e+07 1.74633e+07 1.40984e+07 1.27312e+07 1.28351e+07 1.26243e+07 1.19029e+07
threshold=1125.587829589844 1971.4899902343752 635.24368286132824 -5827.7499999999991 -367.74999999999994 1971.2244262695315 -3594.4999999999995 1947.7500000000002 -4619.7499999999991 2370.3945312500005 7013.7500000000009 -4326.7749023437491 -1027.7499999999998 -1936.2499999999998 104.25000000000001 1499.7500000000002 2154.2500000000005 -989.24999999999989 -4081.935913085937 988.90371704101574 -3155.0739746093745 2076.5380859375005 -2851.9999999999995 1563.7959594726565 -98.249999999999986 989.00665283203136 167.25000000000003 -3037.7092285156245 930.53540039062511 -1025.2499999999998
decision_type=2 2 2 2 2 2 2 2 2 2 2 2 2 2 2 2 2 2 2 2 2 2 2 2 2 2 2 2 2 2
left_child=2 19 -1 -3 5 -5 -4 8 -7 17 11 14 13 -13 15 26 -14 18 -10 28 25 22 23 24 -22 -21 27 -6 -2 -16
right_child=1 3 6 4 10 7 -8 -9 9 -11 -12 12 16 -15 29 -17 -18 -19 -20 20 21 -23 -24 -25 -26 -27 -28 -29 -30 -31
leaf_value=-3.6612204798290371 7.9333199543423127 64.063328698965222 37.03925614790483 -36.222240254186815 13.38384197069251 -16.015612556457523 0.55529985080253963 53.166923364003509 53.361857816447383 -1.6318456723473291 -0.77514435415332383 25.396502586033037 7.5870760453713917 97.185343230398075 -33.819775333404543 84.738513231277466 50.192619885896384 72.672312672932946 -11.811948654651642 -51.460943336486821 21.359453901563374 52.151601893326337 5.6836002300142434 -8.677722241328313 78.208690435236164 -3.860445126124791 -0.048067074097119848 67.449633643740697 34.643678267248752 14.056328469353753
leaf_weight=9899 90 39 33 31 23 50 9999 24 23 55 37 23 37 38 20 20 57 21 20 20 35 29 1470 26 22 70 39 21 87 37
leaf_count=9899 90 39 33 31 23 50 9999 24 23 55 37 23 37 38 20 20 57 21 20 20 35 29 1470 26 22 70 39 21 87 37
internal_value=4.87791e-08 11.9593 -1.47848 24.2753 21.5813 7.94548 0.675313 15.0398 9.62527 20.3987 30.2586 33.9039 47.8636 70.1174 20.3803 33.1764 33.4224 39.3313 23.0485 7.86284 6.46554 7.65477 6.82385 27.0187 43.3013 -14.4383 20.7518 39.188 21.0621 -2.7423
internal_weight=22395 2464 19931 615 576 224 10032 193 169 119 352 315 155 61 160 103 94 64 43 1849 1672 1582 1553 83 57 90 83 44 177 57
internal_count=22395 2464 19931 615 576 224 10032 193 169 119 352 315 155 61 160 103 94 64 43 1849 1672 1582 1553 83 57 90 83 44 177 57
is_linear=0
shrinkage=0.05


Tree=13
num_leaves=31
num_cat=0
split_feature=257 250 253 243 54 41 219 231 12 206 44 213 246 208 227 227 186 214 229 185 15 224 176 246 170 219 79 150 43 239
split_gain=1.42959e+08 5.57779e+07 3.17682e+07 2.20533e+07 5.44336e+07 3.80362e+07 4.61723e+07 2.01348e+07 1.81988e+07 1.66334e+07 1.39508e+07 1.49225e+07 1.63859e+07 3.61249e+07 1.3755e+07 2.04146e+07 1.62769e+07 1.43697e+07 1.35184e+07 1.29161e+07 1.19509e+07 1.17875e+07 1.71398e+07 1.76046e+07 1.5122e+07 2.82399e+07 1.41757e+07 1.32818e+07 1.29486e+07 1.22432e+07
threshold=1563.7959594726565 826.10955810546886 672.75000000000011 2472.5063476562505 1610.0513305664065 -6631.1970214843741 -1107.7499999999998 160.25000000000003 1971.2244262695315 1333.7500000000002 4813.5000000000009 -1348.7499999999998 1042.7500000000002 841.28448486328136 -344.24999999999994 -740.74999999999989 -7990.2851562499991 -5056.8950195312491 477.15782165527349 2743.2500000000005 -4962.4999999999991 1857.2500000000002 1459.0000000000002 -422.74999999999994 -3965.7499999999995 -2906.2499999999995 -6603.9999999999991 2548.5000000000005 -3310.2499999999995 -550.74999999999989
decision_type=2 2 2 2 2 2 2 2 2 2 2 2 2 2 2 2 2 2 2 2 2 2 2 2 2 2 2 2 2 2
left_child=1 18 21 7 -5 -6 -7 9 -9 14 11 12 -3 -14 15 16 -4 -18 -1 -10 -15 22 24 -24 26 -26 -2 -23 -27 -28
right_child=2 10 3 4 5 6 -8 8 19 -11 -12 -13 13 20 -16 -17 17 -19 -20 -21 -22 27 23 -25 25 28 29 -29 -30 -31
leaf_value=-4.8998719537761897 16.815438504138235 6.1154243179321055 -12.84793766410578 117.51307623726983 -8.898899259567262 116.1669146347046 23.86371787687143 19.105235932063472 36.351264247894292 -28.175050076154562 15.470352463392093 1.56310989145287 87.306765751838682 -19.069683470238342 -14.050088757106236 63.076934083302824 57.071443313598643 12.992609000205995 -1.5401909869446604 77.888147735595709 23.564813310916609 51.746754582722986 -53.047204780578618 -2.5077544825772446 59.657216654325786 39.545450198173526 -37.805283813967428 5.779313406077299 -2.3748262984412061 5.284614780545235
leaf_weight=4003 59 989 42 21 40 20 42 163 85 26 232 4128 20 22 35 24 25 71 11880 24 65 30 21 96 38 25 34 33 70 32
leaf_count=4003 59 989 42 21 40 20 42 163 85 26 232 4128 20 22 35 24 25 71 11880 24 65 30 21 96 38 25 34 33 70 32
internal_value=-8.39345e-08 -0.88868 17.9579 25.2588 44.2068 29.1143 53.6389 20.5505 29.6813 9.41341 3.47289 2.94008 8.12634 26.7132 14.3743 20.5154 13.1134 24.4715 -2.38693 45.497 12.7837 7.65661 4.2946 -11.5789 11.4931 23.2284 -0.993289 27.6686 8.65683 -16.9132
internal_weight=22395 21339 1056 618 123 102 62 495 272 223 5456 5224 1096 107 197 162 138 96 15883 109 87 438 375 117 258 133 125 63 95 66
internal_count=22395 21339 1056 618 123 102 62 495 272 223 5456 5224 1096 107 197 162 138 96 15883 109 87 438 375 117 258 133 125 63 95 66
is_linear=0
shrinkage=0.05


Tree=14
num_leaves=31
num_cat=0
split_feature=257 194 208 220 180 68 12 238 124 5 162 254 226 254 93 121 246 180 251 257 233 236 224 82 135 183 182 194 129 253
split_gain=1.30686e+08 4.03421e+07 3.14988e+07 3.71922e+07 2.33982e+07 2.23794e+07 1.88464e+07 1.8018e+07 2.10153e+07 1.78569e+07 1.5848e+07 1.90173e+07 1.54538e+07 1.68067e+07 1.35534e+07 2.27244e+07 1.27636e+07 1.23066e+07 1.5074e+07 2.05102e+07 1.27213e+07 1.71691e+07 1.65294e+07 1.2412e+07 1.15405e+07 3.69498e+07 1.42897e+07 1.15142e+07 1.13407e+07 1.10575e+07
threshold=1125.587829589844 1971.4899902343752 680.99441528320324 -3594.4999999999995 1971.2244262695315 1971.2244262695315 1526.9197998046877 -1965.2499999999998 2472.5063476562505 996.74398803710949 -3914.7499999999995 -407.24999999999994 -585.74999999999989 -177.24999999999997 -3140.7499999999995 -2642.7499999999995 777.75000000000011 988.90371704101574 -3155.0739746093745 2076.5380859375005 -2851.9999999999995 1563.7959594726565 -2851.2499999999995 989.00665283203136 789.75000000000011 3393.7500000000005 4887.2500000000009 930.53540039062511 -1821.2499999999998 811.75000000000011
decision_type=2 2 2 2 2 2 2 2 2 2 2 2 2 2 2 2 2 2 2 2 2 2 2 2 2 2 2 2 2 2
left_child=2 17 -1 -4 -3 6 9 8 -7 -6 -9 14 -13 -14 28 -16 -8 27 23 20 21 22 -20 -19 -17 -26 -27 -2 -12 -22
right_child=1 4 3 -5 5 7 16 10 -10 -11 11 12 13 -15 15 24 -18 18 19 -21 29 -23 -24 -25 25 26 -28 -29 -30 -31
leaf_value=-3.0638644336222796 7.1722614622116083 63.58406887948513 65.879756827787929 0.78520330173905262 -4.0392247142213762 18.668267235389123 -54.657173671722411 66.547400390184848 -36.079969477653506 54.94055684407553 16.197818358048149 23.872332587449449 93.198174285888683 36.304852612813313 69.086981698444916 2.7028056549614874 -2.7365424353500893 -48.796184310913091 11.203145804772012 48.640346564917735 2.0117593065123121 -8.4259495295011089 65.262161331792029 -4.1331144796098984 79.604485790817833 -14.990265865325927 37.393272209167485 32.681202904588872 -19.814449427649379 11.165240836665035
leaf_weight=11392 90 32 22 8517 33 65 20 26 24 21 69 46 25 27 28 58 29 20 26 29 970 26 31 70 27 30 23 87 32 500
leaf_count=11392 90 32 22 8517 33 65 20 26 24 21 69 46 25 27 28 58 29 20 26 29 970 26 31 70 27 30 23 87 32 500
internal_value=-1.65305e-07 10.8631 -1.34296 0.952914 21.9563 19.6715 -1.47617 24.2094 3.9047 18.8974 28.8312 26.1445 44.9828 63.6574 19.2301 28.0172 -23.9286 7.17331 5.84611 6.97846 6.20049 25.245 40.6037 -14.0582 19.6842 31.9957 7.74221 19.7106 4.78799 5.12519
internal_weight=22395 2464 19931 8539 615 583 103 480 89 54 391 365 98 52 267 166 49 1849 1672 1582 1553 83 57 90 138 80 53 177 101 1470
internal_count=22395 2464 19931 8539 615 583 103 480 89 54 391 365 98 52 267 166 49 1849 1672 1582 1553 83 57 90 138 80 53 177 101 1470
is_linear=0
shrinkage=0.05


Tree=15
num_leaves=31
num_cat=0
split_feature=96 257 253 164 172 234 225 22 234 5 12 240 17 5 119 48 48 68 103 240 233 73 252 163 177 135 136 233 250 68
split_gain=1.18604e+08 4.26857e+07 2.54834e+07 2.7419e+07 6.10702e+07 2.00662e+07 1.43707e+07 2.01983e+07 1.43705e+07 1.4365e+07 2.10668e+07 1.39722e+07 1.38545e+07 1.37594e+07 1.33283e+07 1.59605e+07 2.17777e+07 1.19336e+07 1.17479e+07 1.17005e+07 1.67302e+07 1.24175e+07 1.05592e+07 1.12457e+07 1.3475e+07 1.04413e+07 4.30628e+07 2.2422e+07 1.31576e+07 1.0517e+07
threshold=1486.5613403320315 822.62829589843761 672.75000000000011 -4383.2499999999991 -6274.8674316406241 -1969.4999999999998 -143.24999999999997 289.25000000000006 -2098.7499999999995 2076.5380859375005 1610.0513305664065 -492.24999999999994 -3284.2499999999995 2169.7580566406255 -2286.7499999999995 -1821.2318115234373 -4458.1249999999991 536.50659179687511 1526.9197998046877 -120.74999999999999 1094.5000000000002 4774.2500000000009 -1550.2499999999998 422.75000000000006 -237.74999999999997 -5580.9999999999991 -4984.4999999999991 -329.74999999999994 1971.2244262695315 1023.0884399414064
decision_type=2 2 2 2 2 2 2 2 2 2 2 2 2 2 2 2 2 2 2 2 2 2 2 2 2 2 2 2 2 2
left_child=1 17 6 4 5 -4 7 12 -5 10 -9 22 -2 18 -15 16 -16 -1 -10 21 -21 -17 -8 24 -24 26 27 28 29 -3
right_child=2 25 3 8 -6 -7 11 9 13 -11 -12 -13 -14 14 15 19 -18 -19 -20 20 -22 -23 23 -25 -26 -27 -28 -29 -30 -31
leaf_value=-3.9053885107664552 16.651999184056933 8.7053542065914282 -19.161412941325796 -15.767639541625977 107.32446201916399 41.449868128034808 -40.47140205019997 50.426050262451177 41.407634207781626 63.535799546077328 -2.6912817335128789 13.343454656336043 -17.247743078072869 12.06352155642076 29.796210562099112 67.234899513538068 100.98130988620576 -1.0878197281483819 10.369375437639528 -24.86109594345093 39.811591117382051 14.830928236246109 -2.8672431191245278 12.508908528089524 -41.508034788767503 2.4835457655686235 72.569864930046933 50.415385490417485 -38.279404399394991 -29.73853479862213
leaf_weight=6162 81 161 22 30 29 36 21 35 34 29 40 144 48 66 22 26 21 9633 295 20 20 20 91 72 30 5115 27 25 20 20
leaf_count=6162 81 161 22 30 29 36 21 35 34 29 40 144 48 66 22 26 21 9633 295 20 20 20 91 72 30 5115 27 25 20 20
internal_value=-1.28417e-08 -0.877931 15.0809 21.9858 48.0811 18.4594 7.59181 17.2563 17.8878 33.6519 22.0968 1.30179 4.03814 19.8147 30.3387 39.6888 64.561 -2.18702 13.577 27.2527 7.47525 44.4506 -6.80102 -3.1374 -12.4476 2.97398 12.8892 5.75924 0.204991 4.45741
internal_weight=22395 21163 1232 641 87 58 591 233 554 104 75 358 129 524 195 129 43 15795 329 86 40 46 214 193 121 5368 253 226 201 181
internal_count=22395 21163 1232 641 87 58 591 233 554 104 75 358 129 524 195 129 43 15795 329 86 40 46 214 193 121 5368 253 226 201 181
is_linear=0
shrinkage=0.05


Tree=16
num_leaves=31
num_cat=0
split_feature=180 257 243 89 180 40 155 68 174 218 234 45 0 38 72 145 240 201 4 106 197 196 13 34 157 222 254 56 46 127
split_gain=1.07896e+08 3.43993e+07 2.69175e+07 6.41418e+07 2.10774e+07 3.58314e+07 3.48886e+07 2.04411e+07 2.17289e+07 1.56477e+07 1.50788e+07 1.6145e+07 1.40535e+07 3.04651e+07 3.00289e+07 1.39286e+07 1.71289e+07 1.35214e+07 1.34227e+07 1.23921e+07 1.24439e+07 1.22155e+07 1.89458e+07 1.87954e+07 1.52731e+07 1.2034e+07 1.18576e+07 1.16721e+07 2.37177e+07 1.13659e+07
threshold=1323.400329589844 720.08538818359386 2472.5063476562505 1563.7959594726565 2883.3869628906255 2472.5063476562505 6238.7500000000009 1971.2244262695315 -3849.320678710937 -404.74999999999994 1493.0000000000002 -1694.7499999999998 9200.7500000000018 3787.7500000000005 1094.0000000000002 1610.0513305664065 -2556.4999999999995 1394.453308105469 -7163.3698730468741 -5976.2499999999991 2837.0000000000005 -471.24999999999994 706.01852416992199 -435.51623535156244 2113.0000000000005 2169.7580566406255 -1778.9999999999998 1272.7500000000002 2339.802612304688 3679.2500000000005
decision_type=2 2 2 2 2 2 2 2 2 2 2 2 2 2 2 2 2 2 2 2 2 2 2 2 2 2 2 2 2 2
left_child=1 -1 7 -4 5 -5 -6 8 -2 -3 12 -12 13 14 27 16 -10 19 -18 -11 -21 -20 23 -23 -25 -15 -17 28 -9 -13
right_child=2 9 3 4 6 -7 -8 10 15 17 11 29 -14 25 -16 26 18 -19 21 20 -22 22 -24 24 -26 -27 -28 -29 -30 -31
leaf_value=-2.5795690533673783 -20.611922265274426 5.4598604522234275 113.04754333496095 14.311551787409673 -21.104571145110661 91.628705654973572 43.552583003044134 11.931919985551101 48.601176500320435 30.16372541972569 75.225859069824224 4.6526502793835061 49.667778297706889 -2.8952367782592776 72.630890887716546 -36.321604610624767 -15.840536013314889 -34.963856131942187 0.4589071767020772 -0.38517097018652363 7.5412366922424345 20.246768495241803 5.4056423511505134 87.334604055231281 28.418078283830127 -55.409895095825199 2.5217696263360199 -20.080282179514569 64.904194732334304 51.042685400921364
leaf_weight=12715 71 1975 21 43 54 23 34 260 32 35 22 31 27 24 23 21 43 27 131 5515 544 135 150 22 22 20 305 24 23 23
leaf_count=12715 71 1975 21 43 54 23 34 260 32 35 22 31 27 24 23 21 43 27 131 5515 544 135 150 22 22 20 305 24 23 23
internal_value=5.13225e-09 -0.957478 12.5796 31.0743 19.8961 41.2554 3.8766 10.2825 5.97411 1.59006 18.7006 39.1208 14.8305 12.3155 17.5263 8.16645 13.1307 0.341435 10.8741 0.497858 0.326492 13.3714 18.5128 29.4965 57.8763 -26.7655 0.0195891 13.3979 16.2371 24.4114
internal_weight=22395 20811 1584 175 154 66 88 1409 932 8096 477 76 401 374 330 861 535 6121 503 6094 6059 460 329 179 44 44 326 307 283 54
internal_count=22395 20811 1584 175 154 66 88 1409 932 8096 477 76 401 374 330 861 535 6121 503 6094 6059 460 329 179 44 44 326 307 283 54
is_linear=0
shrinkage=0.05


Tree=17
num_leaves=31
num_cat=0
split_feature=257 243 75 243 68 227 185 220 240 161 138 238 1 38 72 254 194 247 0 205 59 251 180 161 110 23 54 222 68 227
split_gain=9.84049e+07 3.06814e+07 5.58604e+07 2.41727e+07 2.3562e+07 2.16756e+07 3.31869e+07 1.5621e+07 1.4048e+07 1.40043e+07 1.31284e+07 1.5719e+07 1.29706e+07 2.32973e+07 2.74939e+07 1.59382e+07 1.40019e+07 2.35939e+07 1.22629e+07 1.34637e+07 1.1676e+07 1.39725e+07 1.35006e+07 1.69076e+07 1.16711e+07 1.13869e+07 1.1359e+07 1.05774e+07 1.12543e+07 1.04077e+07
threshold=1125.587829589844 2472.5063476562505 1563.7959594726565 638.14746093750011 1971.2244262695315 -2096.4999999999995 -1646.2499999999998 -3594.4999999999995 1425.7500000000002 5294.5000000000009 2076.5380859375005 387.75000000000006 10320.500000000002 3787.7500000000005 1094.0000000000002 -863.24999999999989 2077.6770019531255 -567.24999999999989 -4149.7499999999991 -2818.7499999999995 6250.2500000000009 1881.235046386719 988.90371704101574 -5234.9999999999991 2368.7424316406255 -1445.4999999999998 2368.7424316406255 2076.5380859375005 2280.3024902343755 -1252.7499999999998
decision_type=2 2 2 2 2 2 2 2 2 2 2 2 2 2 2 2 2 2 2 2 2 2 2 2 2 2 2 2 2 2
left_child=3 4 -3 -1 10 -4 -7 -5 12 26 20 -12 13 14 16 -15 18 27 -6 -20 22 -22 -2 -24 -19 -21 -8 -18 -29 -25
right_child=1 2 5 7 8 6 9 -9 -10 -11 11 -13 -14 15 -16 -17 17 24 19 25 21 -23 23 29 -26 -27 -28 28 -30 -31
leaf_value=-2.9028820379808957 18.08556742702018 100.43269443511963 -27.547916750474414 36.017346480584919 -19.40893676021825 85.364068908691422 30.088135687510174 0.46886230129044898 55.888192616338316 47.412336598909825 -54.420058436393745 7.5168425968715127 47.606285069783532 -50.770632752918061 66.76904186672634 4.0400951888826162 42.342589342117314 69.281685453472718 45.287970385344131 22.234136749136038 60.325182685852056 12.93768730401993 -22.557623615264895 13.146988137985799 21.599478244781494 -22.074592813952219 -8.2846227910783554 23.757073702937678 -5.5517491154856495 2.4391214736395881
leaf_weight=9987 176 24 22 31 46 20 30 9913 23 26 20 21 30 21 27 36 25 33 23 29 20 70 60 282 21 29 54 57 77 1162
leaf_count=9987 176 24 22 31 46 20 30 9913 23 26 20 21 30 21 27 36 25 33 23 29 20 70 60 282 21 29 54 57 77 1162
internal_value=-6.22598e-08 9.42643 29.5432 -1.16536 7.87898 18.3501 26.1175 0.579683 17.7656 15.3454 5.27493 -22.6963 15.8343 13.5863 18.2052 -16.1533 14.3487 22.1837 1.20818 12.9167 5.92286 23.4682 4.98292 3.44964 50.7386 0.079772 5.41993 12.4857 6.91544 4.53027
internal_weight=22395 2464 176 19931 2288 152 130 9944 477 110 1811 41 454 424 367 57 340 213 127 81 1770 90 1680 1504 54 58 84 159 134 1444
internal_count=22395 2464 176 19931 2288 152 130 9944 477 110 1811 41 454 424 367 57 340 213 127 81 1770 90 1680 1504 54 58 84 159 134 1444
is_linear=0
shrinkage=0.05


Tree=18
num_leaves=31
num_cat=0
split_feature=257 250 226 253 165 108 241 194 257 108 243 218 138 28 125 190 220 22 100 128 38 80 64 11 51 257 71 82 251 3
split_gain=8.96607e+07 3.36146e+07 2.40176e+07 1.58254e+07 1.71238e+07 7.75237e+07 1.85394e+07 1.76096e+07 1.75737e+07 1.52234e+07 1.40091e+07 1.26432e+07 1.25153e+07 1.08498e+07 3.59568e+07 1.22005e+07 1.43268e+07 1.46878e+07 1.0584e+07 1.62977e+07 1.02789e+07 1.085e+07 1.27252e+07 1.03897e+07 2.4279e+07 1.41365e+07 1.41482e+07 1.1138e+07 1.35901e+07 1.01483e+07
threshold=1526.9197998046877 826.10955810546886 2982.2500000000005 666.75000000000011 -5194.1726074218741 -5549.7499999999991 1399.0000000000002 2077.6770019531255 2883.3869628906255 6148.7500000000009 2368.7424316406255 -3811.2499999999995 2472.5063476562505 2824.7500000000005 1298.0000000000002 1986.7500000000002 904.25000000000011 -441.24999999999994 -4155.9999999999991 -2800.9999999999995 4269.2500000000009 -858.74999999999989 1267.5000000000002 -6234.5500488281241 207.25000000000003 1354.744079589844 1336.2500000000002 1564.216491699219 787.30160522460949 -8151.4999999999991
decision_type=2 2 2 2 2 2 2 2 2 2 2 2 2 2 2 2 2 2 2 2 2 2 2 2 2 2 2 2 2 2
left_child=1 -1 3 -2 6 -6 7 29 13 -4 -8 -3 -9 14 15 18 -17 -18 -7 -20 21 22 -13 24 -23 27 -27 -25 -29 -5
right_child=2 11 9 4 5 8 10 12 -10 -11 -12 20 -14 -15 -16 16 17 -19 19 -21 -22 23 -24 25 -26 26 -28 28 -30 -31
leaf_value=-1.8901087083206496 5.1242952031748636 38.895807615170881 80.527746146065851 -52.046556797027591 108.72833868408205 -23.54386061859131 53.034712421894078 21.992522471845149 56.743307553397294 22.234636424978575 1.8761931129123857 4.1025679112184426 -14.217006454467773 4.4344368442280659 85.950643081665049 4.3933156394958495 80.938053703308114 23.451068798065187 43.32145309527715 -1.8140027888615926 9.5044489931811906 1.5666438916834391 44.171148319244388 -0.70031854336205457 57.016893504216128 7.7439164876937872 -32.768343974243514 0.70852965887855079 49.270706634521488 -9.0914394335313276
leaf_weight=15883 462 24 21 20 25 25 32 75 27 24 23 2144 35 146 20 30 20 25 30 60 480 82 20 2435 26 32 66 34 25 44
leaf_count=15883 462 24 21 20 25 25 32 75 27 24 23 2144 35 146 20 30 20 25 30 60 480 82 20 2435 26 32 66 34 25 44
internal_value=5.22384e-08 -0.734039 13.6355 12.1696 17.2793 23.421 6.33691 -1.66155 17.8526 49.4381 31.6411 2.68658 10.4713 14.903 22.1812 15.4687 31.1578 49.0008 5.23658 13.2311 2.52396 1.8351 4.47289 -0.279044 14.9158 -0.912162 -19.5399 -0.1802 21.2857 -22.5149
internal_weight=22395 21251 1144 1099 637 408 229 174 383 45 55 5368 110 356 210 190 75 45 115 90 5344 4864 2164 2700 108 2592 98 2494 59 64
internal_count=22395 21251 1144 1099 637 408 229 174 383 45 55 5368 110 356 210 190 75 45 115 90 5344 4864 2164 2700 108 2592 98 2494 59 64
is_linear=0
shrinkage=0.05


Tree=19
num_leaves=31
num_cat=0
split_feature=257 250 226 253 52 216 92 257 143 145 159 213 229 38 176 246 155 177 142 190 157 169 122 127 185 241 113 182 245 233
split_gain=8.10706e+07 3.16435e+07 2.4873e+07 1.77096e+07 1.7274e+07 5.39779e+07 1.35197e+07 1.32988e+07 1.4115e+07 1.27056e+07 2.18348e+07 1.16264e+07 1.78007e+07 1.13293e+07 1.11364e+07 2.14743e+07 1.57599e+07 2.62202e+07 1.48935e+07 1.30581e+07 1.22168e+07 1.35902e+07 1.09993e+07 1.6755e+07 1.09984e+07 1.08495e+07 1.64734e+07 1.01001e+07 1.00662e+07 9.58748e+06
threshold=1563.7959594726565 801.54647827148449 2982.2500000000005 672.75000000000011 -10470.249999999998 -6323.3217773437491 7252.7500000000009 2883.3869628906255 5631.0000000000009 1486.5613403320315 1610.0513305664065 -1348.7499999999998 732.71768188476574 4269.2500000000009 1856.0000000000002 -422.74999999999994 901.75000000000011 -1207.2499999999998 -1999.2499999999998 1540.7500000000002 -3836.9999999999995 -6169.4999999999991 -3392.2499999999995 -565.74999999999989 966.25000000000011 1399.0000000000002 676.25000000000011 2673.0000000000005 730.25000000000011 -3879.2499999999995
decision_type=2 2 2 2 2 2 2 2 2 2 2 2 2 2 2 2 2 2 2 2 2 2 2 2 2 2 2 2 2 2
left_child=1 -1 3 14 -5 -6 -4 8 9 24 -11 12 -3 -13 16 -16 18 -18 20 -17 21 -2 -22 -24 -7 -12 -27 -21 29 -14
right_child=2 11 6 4 5 7 -8 -9 -10 10 25 13 28 -15 15 19 17 -19 -20 27 22 -23 23 -25 -26 26 -28 -29 -30 -31
leaf_value=-1.8834906169207315 29.668195406595871 46.237159415653778 78.27582792802292 -7.7671881739298501 101.11377223014831 -17.748380585603936 21.475416417121888 47.08420161587852 -17.470447368006553 57.001023985210217 11.535825882011972 0.46736306868483735 -16.768802974662005 8.1641752534516474 -47.984504000957202 -25.662974810600282 79.985925598144547 6.076857452392578 -27.569865479007845 33.599230850104128 3.0924072961915625 -13.702999196640434 69.329343878704577 14.073709861671226 23.956302383422852 62.105617860654995 16.467454811622357 -0.73869360956500785 26.961188343056929 5.860686671606234
leaf_weight=15267 24 28 22 60 20 43 20 35 31 38 243 4359 49 537 26 32 20 30 31 33 44 73 23 34 25 30 58 61 54 1045
leaf_count=15267 24 28 22 60 20 43 20 35 31 38 243 4359 49 537 26 32 20 30 31 33 44 73 23 34 25 30 58 61 54 1045
internal_value=-4.18005e-08 -0.669224 13.5233 11.9615 17.643 20.5581 51.228 17.3551 15.1318 17.4445 21.1044 2.38384 6.84804 1.31156 4.27639 -6.61249 10.2087 35.6405 4.65589 1.9246 9.70134 -2.97198 21.8727 36.3698 -2.41578 16.9833 32.0259 11.3161 5.88733 4.84712
internal_weight=22395 21339 1056 1014 583 523 42 503 468 437 369 6072 1176 4896 431 152 279 50 229 126 198 97 101 57 68 331 88 94 1148 1094
internal_count=22395 21339 1056 1014 583 523 42 503 468 437 369 6072 1176 4896 431 152 279 50 229 126 198 97 101 57 68 331 88 94 1148 1094
is_linear=0
shrinkage=0.05


end of trees

feature_importances:
Column_257=34
Column_68=17
Column_246=17
Column_253=15
Column_194=14
Column_243=11
Column_250=11
Column_234=10
Column_48=9
Column_229=9
Column_233=9
Column_240=9
Column_220=8
Column_254=8
Column_4=7
Column_96=7
Column_180=7
Column_218=7
Column_239=7
Column_225=6
Column_236=6
Column_238=6
Column_241=6
Column_245=6
Column_5=5
Column_12=5
Column_23=5
Column_103=5
Column_127=5
Column_164=5
Column_170=5
Column_177=5
Column_185=5
Column_190=5
Column_197=5
Column_208=5
Column_213=5
Column_219=5
Column_222=5
Column_226=5
Column_227=5
Column_232=5
Column_251=5
Column_1=4
Column_3=4
Column_38=4
Column_75=4
Column_80=4
Column_89=4
Column_124=4
Column_163=4
Column_169=4
Column_176=4
Column_191=4
Column_201=4
Column_0=3
Column_22=3
Column_33=3
Column_45=3
Column_52=3
Column_72=3
Column_79=3
Column_82=3
Column_119=3
Column_126=3
Column_135=3
Column_138=3
Column_143=3
Column_155=3
Column_161=3
Column_162=3
Column_165=3
Column_166=3
Column_167=3
Column_187=3
Column_198=3
Column_207=3
Column_224=3
Column_256=3
Column_11=2
Column_19=2
Column_20=2
Column_27=2
Column_30=2
Column_40=2
Column_43=2
Column_44=2
Column_46=2
Column_51=2
Column_54=2
Column_60=2
Column_85=2
Column_94=2
Column_97=2
Column_108=2
Column_110=2
Column_113=2
Column_121=2
Column_122=2
Column_131=2
Column_134=2
Column_142=2
Column_145=2
Column_149=2
Column_150=2
Column_157=2
Column_159=2
Column_171=2
Column_172=2
Column_174=2
Column_182=2
Column_183=2
Column_184=2
Column_192=2
Column_196=2
Column_199=2
Column_205=2
Column_216=2
Column_231=2
Column_247=2
Column_6=1
Column_9=1
Column_10=1
Column_13=1
Column_15=1
Column_17=1
Column_21=1
Column_24=1
Column_28=1
Column_32=1
Column_34=1
Column_36=1
Column_41=1
Column_42=1
Column_47=1
Column_53=1
Column_55=1
Column_56=1
Column_58=1
Column_59=1
Column_64=1
Column_71=1
Column_73=1
Column_74=1
Column_77=1
Column_83=1
Column_86=1
Column_87=1
Column_90=1
Column_92=1
Column_93=1
Column_100=1
Column_106=1
Column_116=1
Column_120=1
Column_125=1
Column_128=1
Column_129=1
Column_136=1
Column_151=1
Column_152=1
Column_154=1
Column_168=1
Column_175=1
Column_181=1
Column_186=1
Column_193=1
Column_204=1
Column_206=1
Column_214=1
Column_215=1
Column_217=1
Column_221=1
Column_230=1
Column_237=1
Column_248=1
Column_252=1

parameters:
[boosting: gbdt]
[objective: regression]
[metric: l2]
[tree_learner: serial]
[device_type: cpu]
[data_sample_strategy: bagging]
[data: ]
[valid: ]
[num_iterations: 1000]
[learning_rate: 0.05]
[num_leaves: 31]
[num_threads: 0]
[seed: 42]
[deterministic: 1]
[force_col_wise: 0]
[force_row_wise: 0]
[histogram_pool_size: -1]
[max_depth: -1]
[min_data_in_leaf: 20]
[min_sum_hessian_in_leaf: 0.001]
[bagging_fraction: 1]
[pos_bagging_fraction: 1]
[neg_bagging_fraction: 1]
[bagging_freq: 0]
[bagging_seed: 400]
[bagging_by_query: 0]
[feature_fraction: 1]
[feature_fraction_bynode: 1]
[feature_fraction_seed: 30056]
[extra_trees: 0]
[extra_seed: 12879]
[early_stopping_round: 0]
[early_stopping_min_delta: 0]
[first_metric_only: 0]
[max_delta_step: 0]
[lambda_l1: 0]
[lambda_l2: 0]
[linear_lambda: 0]
[min_gain_to_split: 0]
[drop_rate: 0.1]
[max_drop: 50]
[skip_drop: 0.5]
[xgboost_dart_mode: 0]
[uniform_drop: 0]
[drop_seed: 17869]
[top_rate: 0.2]
[other_rate: 0.1]
[min_data_per_group: 100]
[max_cat_threshold: 32]
[cat_l2: 10]
[cat_smooth: 10]
[max_cat_to_onehot: 4]
[top_k: 20]
[monotone_constraints: ]
[monotone_constraints_method: basic]
[monotone_penalty: 0]
[feature_contri: ]
[forcedsplits_filename: ]
[refit_decay_rate: 0.9]
[cegb_tradeoff: 1]
[cegb_penalty_split: 0]
[cegb_penalty_feature_lazy: ]
[cegb_penalty_feature_coupled: ]
[path_smooth: 0]
[interaction_constraints: ]
[verbosity: -1]
[saved_feature_importance_type: 0]
[use_quantized_grad: 0]
[num_grad_quant_bins: 4]
[quant_train_renew_leaf: 0]
[stochastic_rounding: 1]
[linear_tree: 0]
[max_bin: 255]
[max_bin_by_feature: ]
[min_data_in_bin: 3]
[bin_construct_sample_cnt: 200000]
[data_random_seed: 175]
[is_enable_sparse: 1]
[enable_bundle: 1]
[use_missing: 1]
[zero_as_missing: 0]
[feature_pre_filter: 1]
[pre_partition: 0]
[two_round: 0]
[header: 0]
[label_column: ]
[weight_column: ]
[group_column: ]
[ignore_column: ]
[categorical_feature: ]
[forcedbins_filename: ]
[precise_float_parser: 0]
[parser_config_file: ]
[objective_seed: 16083]
[num_class: 1]
[is_unbalance: 0]
[scale_pos_weight: 1]
[sigmoid: 1]
[boost_from_average: 1]
[reg_sqrt: 0]
[alpha: 0.9]
[fair_c: 1]
[poisson_max_delta_step: 0.7]
[tweedie_variance_power: 1.5]
[lambdarank_truncation_level: 30]
[lambdarank_norm: 1]
[label_gain: ]
[lambdarank_position_bias_regularization: 0]
[eval_at: ]
[multi_error_top_k: 1]
[auc_mu_weights: ]
[num_machines: 1]
[local_listen_port: 12400]
[time_out: 120]
[machine_list_filename: ]
[machines: ]
[gpu_platform_id: -1]
[gpu_device_id: -1]
[gpu_device_id_list: ]
[gpu_use_dp: 0]
[num_gpu: 1]

end of parameters

pandas_categorical:null
