tree
version=v4
num_class=1
num_tree_per_iteration=1
label_index=0
max_feature_idx=258
objective=regression
feature_names=Column_0 Column_1 Column_2 Column_3 Column_4 Column_5 Column_6 Column_7 Column_8 Column_9 Column_10 Column_11 Column_12 Column_13 Column_14 Column_15 Column_16 Column_17 Column_18 Column_19 Column_20 Column_21 Column_22 Column_23 Column_24 Column_25 Column_26 Column_27 Column_28 Column_29 Column_30 Column_31 Column_32 Column_33 Column_34 Column_35 Column_36 Column_37 Column_38 Column_39 Column_40 Column_41 Column_42 Column_43 Column_44 Column_45 Column_46 Column_47 Column_48 Column_49 Column_50 Column_51 Column_52 Column_53 Column_54 Column_55 Column_56 Column_57 Column_58 Column_59 Column_60 Column_61 Column_62 Column_63 Column_64 Column_65 Column_66 Column_67 Column_68 Column_69 Column_70 Column_71 Column_72 Column_73 Column_74 Column_75 Column_76 Column_77 Column_78 Column_79 Column_80 Column_81 Column_82 Column_83 Column_84 Column_85 Column_86 Column_87 Column_88 Column_89 Column_90 Column_91 Column_92 Column_93 Column_94 Column_95 Column_96 Column_97 Column_98 Column_99 Column_100 Column_101 Column_102 Column_103 Column_104 Column_105 Column_106 Column_107 Column_108 Column_109 Column_110 Column_111 Column_112 Column_113 Column_114 Column_115 Column_116 Column_117 Column_118 Column_119 Column_120 Column_121 Column_122 Column_123 Column_124 Column_125 Column_126 Column_127 Column_128 Column_129 Column_130 Column_131 Column_132 Column_133 Column_134 Column_135 Column_136 Column_137 Column_138 Column_139 Column_140 Column_141 Column_142 Column_143 Column_144 Column_145 Column_146 Column_147 Column_148 Column_149 Column_150 Column_151 Column_152 Column_153 Column_154 Column_155 Column_156 Column_157 Column_158 Column_159 Column_160 Column_161 Column_162 Column_163 Column_164 Column_165 Column_166 Column_167 Column_168 Column_169 Column_170 Column_171 Column_172 Column_173 Column_174 Column_175 Column_176 Column_177 Column_178 Column_179 Column_180 Column_181 Column_182 Column_183 Column_184 Column_185 Column_186 Column_187 Column_188 Column_189 Column_190 Column_191 Column_192 Column_193 Column_194 Column_195 Column_196 Column_197 Column_198 Column_199 Column_200 Column_201 Column_202 Column_203 Column_204 Column_205 Column_206 Column_207 Column_208 Column_209 Column_210 Column_211 Column_212 Column_213 Column_214 Column_215 Column_216 Column_217 Column_218 Column_219 Column_220 Column_221 Column_222 Column_223 Column_224 Column_225 Column_226 Column_227 Column_228 Column_229 Column_230 Column_231 Column_232 Column_233 Column_234 Column_235 Column_236 Column_237 Column_238 Column_239 Column_240 Column_241 Column_242 Column_243 Column_244 Column_245 Column_246 Column_247 Column_248 Column_249 Column_250 Column_251 Column_252 Column_253 Column_254 Column_255 Column_256 Column_257 Column_258
feature_infos=[-20799.5:18253.5] [-20519.5:19273.5] [-22049.5:17019.5] [-21776.5:18282.5] [-22899.6953125:18000.140625] [231.24867248535156:4343.349609375] [-19480.189453125:17949.576171875] [-21771.5:18281.5] [-20852.5:18936.5] [-22746.5:16164] [-21087.5:18396.5] [-22832.9453125:17830.0390625] [231.24867248535156:4343.349609375] [-19626.30859375:17828.16015625] [-21092:18470.5] [-19368.5:19393] [-21481:17487] [-19912:18614.5] [-22757.080078125:17662.794921875] [231.24867248535156:4343.349609375] [-19652.28125:17681.19140625] [-19906:18679.5] [-19146:19602] [-20309.5:17696] [-20309.5:19051.5] [-22671.46484375:17564.880859375] [231.24867248535156:4343.349609375] [-19691.4375:17805.763671875] [-20316:19125.5] [-19339:20048] [-20801.5:18142] [-20677:19269.5] [-22579.044921875:17500.865234375] [231.24867248535156:4343.349609375] [-19781.033203125:17938.83203125] [-20676:19206] [-20393.5:20032] [-21922:17917] [-20673.5:19041] [-22479.615234375:17425.634765625] [231.24867248535156:4343.349609375] [-19862.166015625:17942.57421875] [-20661.5:19040] [-20225:19934.5] [-21165:17624.5] [-20512.5:18590] [-22377.400390625:17349.67578125] [231.24867248535156:4343.349609375] [-19921.287109375:18001.4296875] [-20540.5:18572] [-20431.5:20163.5] [-22293.5:17064] [-20965.5:18297.5] [-22284.55078125:17251.994140625] [231.24867248535156:4343.349609375] [-20016.216796875:17948.845703125] [-20947:18279.5] [-20136:19870.5] [-22380.5:16771.5] [-21134:17343.5] [-22193.455078125:17155.310546875] [231.24867248535156:4343.349609375] [-20117.83203125:17860.451171875] [-21141:17325.5] [-20995.5:21460] [-21803.5:16059] [-21535:16684] [-22097.89453125:17031.58984375] [231.24867248535156:4343.349609375] [-20246.666015625:17696.91015625] [-21535:16709.5] [-21051:21974] [-23343:15766.5] [-21227:15769] [-21997.8359375:16974.330078125] [231.24867248535156:4343.349609375] [-20335.787109375:17404.41015625] [-21273:15755.5] [-20227.5:21939] [-22005:14812.5] [-20368:16320] [-21893.505859375:16974.015625] [231.24867248535156:4343.349609375] [-20338.716796875:16883.009765625] [-20382:16319.5] [-18785.5:21687.5] [-20725:13312] [-20613:16039.5] [-21785.939453125:17003.6640625] [231.24867248535156:4343.349609375] [-20363.650390625:16559.140625] [-20630.5:16039] [-18933.5:20462.5] [-20672.5:13031.5] [-19428.5:15512.5] [-21670.6796875:17008.4453125] [231.24867248535156:4343.349609375] [-20278.63671875:16266.6396484375] [-19413.5:14764.5] [-18138:20586] [-19693:13647.5] [-18913:15423.5] [-21565.91015625:17034.775390625] [231.24867248535156:4343.349609375] [-19701.533203125:15981.2314453125] [-19006:15423] [-18344.5:21322.5] [-20206.5:13694.5] [-19283:17056] [-21460.720703125:17051.740234375] [231.24867248535156:4343.349609375] [-19516.66796875:15828.8466796875] [-19376:17055.5] [-18577:21487.5] [-20293.5:14140.5] [-19239:14809] [-21341.234375:17087.904296875] [231.24867248535156:4343.349609375] [-19210.2421875:15723.0419921875] [-19239:14665] [-18908.5:20901.5] [-20021:13848] [-19448:15255] [-21216.880859375:17130] [231.24867248535156:4343.349609375] [-18816.765625:15680.4931640625] [-19448:15095] [-18964:21484.5] [-21256:12894] [-19140:14962.5] [-21087.67578125:17123.240234375] [231.24867248535156:4343.349609375] [-18581.60546875:15507.4482421875] [-19186:14802.5] [-18723:19938.5] [-19918:13353] [-19262.5:14313.5] [-20957.92578125:17132.8203125] [231.24867248535156:4343.349609375] [-18295.77734375:15356.0439453125] [-19262.5:14269] [-18778.5:20555.5] [-21070.5:13562] [-18954.5:14759.5] [-20820.57421875:17149.8359375] [231.24867248535156:4343.349609375] [-18276.650390625:15301.8125] [-19000.5:14715] [-17955:19147] [-19732.5:14008] [-18095.5:14467] [-20679.91015625:17160.744140625] [231.24867248535156:4343.349609375] [-18191.63671875:15210.9658203125] [-18109.5:14422.5] [-16513:19073.5] [-18452.5:13715.5] [-18340.5:14010] [-20527.724609375:17151.794921875] [231.24867248535156:4343.349609375] [-18091.150390625:14936.7421875] [-18358:14095] [-16661:18768] [-18400:12761.5] [-17156:13056] [-20359.4609375:17117.91015625] [231.24867248535156:4343.349609375] [-18006.13671875:14644.2421875] [-17141:13141] [-14312:17719] [-17420.5:10948] [-14807:11606] [-20182.89453125:17066.30078125] [231.24867248535156:4343.349609375] [-17429.033203125:14208.810546875] [-14792:11605] [-12533:19341] [-15846.5:9964.5] [-15395.5:11940.5] [-20010.8359375:17010.759765625] [231.24867248535156:4343.349609375] [-17244.16796875:13910.9638671875] [-15369.5:11939.5] [-12694.5:17738] [-16343.5:9010.5] [-14220.5:12113.5] [-19838.970703125:16927.720703125] [231.24867248535156:4343.349609375] [-16937.7421875:13555.0126953125] [-14156.5:12088] [-11423.5:17790.5] [-14497:9045] [-13350.5:12559.5] [-19659.904296875:16868.970703125] [231.24867248535156:4343.349609375] [-16544.265625:13351.8662109375] [-13299.5:12534] [-12509:16434] [-15858.5:9087.5] [-13957.5:12267] [-19470.5:16766.6796875] [231.24867248535156:4343.349609375] [-16309.10546875:13059.3662109375] [-13971:12241.5] [-11221.5:17689] [-14370:7795.5] [-13165:11313] [-19227.544921875:16625.23046875] [231.24867248535156:4343.349609375] [-16023.2783203125:12589.96875] [-13114:11287.5] [-11472:20011] [-13865:6692] [-12621:7477] [-18994.990234375:16486.689453125] [231.24867248535156:4343.349609375] [-15713.9794921875:11866.1533203125] [-12733:7476] [-9123:18923] [-12946:6441] [-10272:8059] [-18723.5390625:16361.8095703125] [231.24867248535156:4343.349609375] [-15101.390625:11212.00390625] [-10384:8148.5] [-9182.5:18290.5] [-11028:5839] [-9704.5:6891] [-18453.890625:16228.1904296875] [231.24867248535156:4343.349609375] [-14601.9462890625:10683.23046875] [-9581.5:6846] [-9301:17813] [-11715:5102.5] [-10849:7596.5] [-18200.55078125:16104.96484375] [231.24867248535156:4343.349609375] [-14155.451171875:10168.80078125] [-10726:7571] [-8052:15855.5] [-11010.5:4991.5] [-9338:7639] [-17963.685546875:15937.6103515625] [231.24867248535156:4343.349609375] [-13250.1826171875:9681.455078125] [-9535:7613.5] [-6333:16360] [-11118:4229] [-8546.5:4512] [-17689.669921875:15760.650390625] [231.24867248535156:4343.349609375] [-12259.166015625:8888.0498046875] [-8679.5:4437] [0:17026.5] [-9060.5:0] none [-17410.345703125:15558.2802734375] [231.24867248535156:4343.349609375] [-11144.6962890625:8080.04541015625]
tree_sizes=2818 2813 2837 2822 2800 2834 2826 2816 2825 2854 2851

Tree=0
num_leaves=31
num_cat=0
split_feature=252 96 187 168 239 141 171 256 110 243 166 143 93 236 73 64 218 51 241 5 158 57 166 101 148 182 246 167 56 100
split_gain=4.97002e+07 4.54003e+07 6.92619e+07 7.9993e+07 5.71031e+07 6.06511e+07 4.79145e+07 4.15889e+07 4.01465e+07 4.1414e+07 3.51373e+07 3.1475e+07 3.02747e+07 2.82175e+07 2.77637e+07 2.72877e+07 2.27973e+07 2.25851e+07 1.94545e+07 1.93799e+07 3.6491e+07 1.59238e+07 2.53058e+07 2.13654e+07 2.09945e+07 2.32935e+07 1.8061e+07 2.09404e+07 3.28412e+07 1.93564e+07
threshold=-2261.9999999999995 2169.7580566406255 2883.3869628906255 4628.5000000000009 1385.7500000000002 -4399.4999999999991 -3190.2499999999995 2112.255004882813 2076.5380859375005 2472.5063476562505 2280.3024902343755 -3869.7499999999995 1580.2500000000002 2368.7424316406255 -1738.9999999999998 -9548.7499999999982 1175.2500000000002 -1265.2499999999998 631.25000000000011 2280.3024902343755 -6007.0876464843741 6440.0000000000009 1610.0513305664065 3406.0000000000005 1030.0000000000002 888.75000000000011 236.75000000000003 1721.0028076171877 3281.7500000000005 -584.24999999999989
decision_type=2 2 2 2 2 2 2 2 2 2 2 2 2 2 2 2 2 2 2 2 2 2 2 2 2 2 2 2 2 2
left_child=10 8 4 12 5 -3 -6 11 9 15 -1 -7 -4 18 -8 -2 -9 -16 -10 21 -21 22 -17 -23 25 -24 -26 29 -29 -28
right_child=1 2 3 -5 6 7 14 16 13 -11 -12 -13 -14 -15 17 19 -18 -19 -20 20 -22 23 24 -25 26 -27 27 28 -30 -31
leaf_value=-20.104117633289331 -54.182549835511637 -46.804040478933445 -105.28838291429341 36.859950777621485 120.44207145915298 66.97161646200361 -4.3339376146503383 99.356399291702928 -36.12365226898477 56.935326625796861 -92.799974515578469 -0.94540788742536841 -24.865882053515627 -72.901770160702171 97.239798454447737 -0.84117117883300985 27.301380260944356 35.423839903869315 23.250026845574883 -11.19794704996924 79.964474327382575 52.22075499122208 -20.321681133138487 6.3826614029665549 -35.838517269168293 -74.448382395494576 -0.86684346722422712 -69.993858379250497 8.2918882084070642 46.827868066295736
leaf_weight=68 24 38 25 30 22 20 27 23 37 31 22 116 22 31 22 21165 21 45 22 23 21 29 97 206 37 25 52 21 37 36
leaf_count=68 24 38 25 30 22 20 27 23 37 31 22 116 22 31 22 21165 21 45 22 23 21 29 97 206 37 25 52 21 37 36
internal_value=-0.793034 -0.643413 15.8208 -26.9281 25.676 10.5951 54.0177 22.7127 -0.952483 -0.814925 -37.8742 9.04239 -67.6438 -34.2781 38.4716 -0.897149 64.9665 55.7216 -13.9843 -0.838348 32.3114 -0.905549 -1.04724 12.0393 -15.3468 -31.4132 -4.6359 3.27162 -20.053 18.6446
internal_weight=22395 22305 411 77 334 218 116 180 21894 21804 90 136 47 90 94 21773 44 67 59 21749 44 21705 21470 235 305 122 183 146 58 88
internal_count=22395 22305 411 77 334 218 116 180 21894 21804 90 136 47 90 94 21773 44 67 59 21749 44 21705 21470 235 305 122 183 146 58 88
is_linear=0
shrinkage=1


Tree=1
num_leaves=31
num_cat=0
split_feature=233 82 187 148 243 148 82 207 247 130 208 79 117 225 236 239 26 83 127 155 79 252 111 197 246 233 246 253 29 245
split_gain=4.51432e+07 4.69192e+07 4.76349e+07 5.55738e+07 5.23984e+07 5.14292e+07 4.06378e+07 3.90918e+07 3.18998e+07 3.04925e+07 5.17059e+07 2.59752e+07 2.38641e+07 2.37854e+07 2.52739e+07 4.62235e+07 2.04632e+07 1.93672e+07 3.46276e+07 3.25106e+07 2.20149e+07 1.83476e+07 1.8067e+07 1.62879e+07 1.62822e+07 2.12534e+07 1.98099e+07 2.40653e+07 1.85102e+07 1.6652e+07
threshold=-3879.2499999999995 2173.045288085938 2883.3869628906255 7704.7500000000009 2472.5063476562505 -4939.9999999999991 2474.0510253906255 4305.9924316406259 -201.24999999999997 -4633.4824218749991 1971.2244262695315 -36.749999999999993 2370.3945312500005 4986.2500000000009 1749.311706542969 -961.24999999999989 2169.7580566406255 -5767.4374999999991 -258.24999999999994 1140.2500000000002 -7101.2499999999991 -820.74999999999989 2972.3378906250005 -386.24999999999994 1835.2500000000002 1094.5000000000002 652.25000000000011 462.75000000000006 2480.2500000000005 632.75000000000011
decision_type=2 2 2 2 2 2 2 2 2 2 2 2 2 2 2 2 2 2 2 2 2 2 2 2 2 2 2 2 2 2
left_child=6 12 4 22 5 -3 9 8 17 21 -11 -10 13 14 16 -16 -2 20 23 -20 -7 -1 -4 -19 26 28 -17 -28 -26 -29
right_child=1 2 3 -5 -6 7 -8 -9 11 10 -12 -13 -14 -15 15 24 -18 18 19 -21 -22 -23 -24 -25 25 -27 27 29 -30 -31
leaf_value=-18.485841311541474 0.02152313887801886 -50.023022810618087 -79.170225938161224 44.66128768920899 92.897542995876734 3.1010744640514964 -92.228592128753675 85.916635856628432 74.65079036593437 -21.044391171137491 71.522827321832835 4.8629126644134528 -47.079931562918205 33.098853429158531 -79.719856124877936 -17.346681981140307 46.216415611902875 -0.61144056627827315 76.369712230137424 0.47205507810725722 76.399595150947576 -65.644638905380717 -19.547740173339847 -51.083994582205108 -17.695892149826577 7.7374303817749031 -24.619591783594203 51.974290602207184 -75.79525165557861 2.2122041821479796
leaf_weight=55 21438 24 24 24 27 21 20 25 40 48 22 20 27 54 25 89 24 31 21 43 20 33 27 33 29 29 27 40 26 29
leaf_count=55 21438 24 24 24 27 21 20 25 40 48 22 20 27 54 25 89 24 31 21 43 20 33 27 33 29 29 27 40 26 29
internal_value=-2.64806e-08 0.200936 17.6193 -18.08 26.3978 19.9392 -25.0797 26.5498 20.0687 -16.5799 8.04816 51.3882 -0.102172 -0.0440157 -0.126279 -14.6868 0.0731808 8.94941 -0.630189 25.376 38.8565 -36.1704 -47.6054 -26.6364 -8.64286 -26.8985 -0.353828 15.4 -45.161 31.0598
internal_weight=22395 22217 380 75 305 278 178 254 229 158 70 60 21837 21810 21756 294 21462 169 128 64 41 88 51 64 269 84 185 96 55 69
internal_count=22395 22217 380 75 305 278 178 254 229 158 70 60 21837 21810 21756 294 21462 169 128 64 41 88 51 64 269 84 185 96 55 69
is_linear=0
shrinkage=0.05


Tree=2
num_leaves=31
num_cat=0
split_feature=252 68 246 22 233 52 187 168 208 169 243 166 232 147 245 135 134 157 6 172 240 110 53 94 57 86 247 257 236 197
split_gain=4.26613e+07 3.85289e+07 5.44269e+07 4.12637e+07 4.11683e+07 3.62281e+07 3.37417e+07 5.15264e+07 3.831e+07 3.34753e+07 3.63186e+07 3.09069e+07 2.72167e+07 3.78023e+07 2.87224e+07 2.68127e+07 2.00335e+07 3.34964e+07 2.41095e+07 2.05687e+07 1.9596e+07 1.621e+07 2.30035e+07 1.49552e+07 1.46199e+07 2.16642e+07 2.36632e+07 1.53042e+07 1.80621e+07 2.26215e+07
threshold=-2261.9999999999995 2076.5380859375005 16.250000000000004 -8260.2499999999982 -227.74999999999997 -8412.7499999999982 2883.3869628906255 4628.5000000000009 2472.5063476562505 -2917.2499999999995 2280.3024902343755 2280.3024902343755 1692.2500000000002 -1535.2499999999998 1330.7500000000002 -1907.2499999999998 894.75000000000011 1672.5000000000002 -2643.4482421874995 -8161.5024414062491 -4257.7499999999991 2076.5380859375005 -6208.6874999999991 -4881.4999999999991 6440.0000000000009 3669.2500000000005 -1174.7499999999998 2280.3024902343755 1749.311706542969 1847.2500000000002
decision_type=2 2 2 2 2 2 2 2 2 2 2 2 2 2 2 2 2 2 2 2 2 2 2 2 2 2 2 2 2 2
left_child=11 3 9 4 -2 -5 8 -8 12 -3 15 23 14 -14 16 -11 18 -18 19 -4 -7 24 -23 -1 27 -26 -27 28 -22 -30
right_child=1 2 6 5 -6 20 7 -9 -10 10 -12 -13 13 -15 -16 -17 17 -19 -20 -21 21 22 -24 -25 25 26 -28 -29 29 -31
leaf_value=7.1816993832588203 -53.33178600482087 -63.15951085583918 -3.8407336424378791 56.800844015393949 28.412729072570801 -49.579473571777349 -49.960170830620662 39.595127210945918 79.686352067835202 -9.0514960606892902 -39.921901203604307 -85.868391461805871 88.514586685643053 22.632406990230084 67.548816281273261 66.49589272374692 68.074213656357358 -16.647694606781005 -32.864059023310737 55.986966705322267 -0.062747909660293893 -70.03691036224366 -0.80984205245971685 -39.796340043014951 51.391445759804014 -42.450228222933681 12.499640822710273 39.771072332064314 -40.61868822343888 0.45277125508817911
leaf_weight=32 67 29 51 28 20 20 36 29 34 24 34 22 33 64 21 23 28 20 48 20 21235 20 30 36 31 22 179 24 62 73
leaf_count=32 67 29 51 28 20 20 36 29 34 24 34 22 33 64 21 23 28 20 48 20 21235 20 30 36 31 22 179 24 62 73
internal_value=-1.98607e-08 0.138622 13.9468 -0.174121 -34.5399 -0.0364936 22.8295 -10.0047 29.5198 -17.0618 -0.557716 -34.3551 23.5351 45.0459 12.4364 27.9185 5.50605 32.7734 -5.49255 13.0121 -0.109846 -0.064201 -28.5007 -17.689 0.00154504 12.4856 6.48523 -0.133834 -0.17865 -18.4097
internal_weight=22395 22305 494 21811 87 21724 384 65 319 110 81 90 285 97 188 47 167 48 119 71 21696 21676 50 68 21626 232 201 21394 21370 135
internal_count=22395 22305 494 21811 87 21724 384 65 319 110 81 90 285 97 188 47 167 48 119 71 21696 21676 50 68 21626 232 201 21394 21370 135
is_linear=0
shrinkage=0.05


Tree=3
num_leaves=31
num_cat=0
split_feature=252 96 180 171 239 140 171 110 243 256 166 239 168 142 64 225 73 236 51 5 158 149 61 243 124 115 104 246 44 12
split_gain=3.85018e+07 3.54984e+07 5.46974e+07 7.18553e+07 4.42963e+07 4.72643e+07 4.03322e+07 3.51134e+07 3.59872e+07 3.0684e+07 2.78934e+07 2.44517e+07 2.3859e+07 2.14333e+07 2.10273e+07 1.95775e+07 1.92232e+07 1.87935e+07 1.67057e+07 1.58751e+07 3.12223e+07 1.36135e+07 1.7154e+07 2.28262e+07 1.80314e+07 1.48985e+07 2.15592e+07 2.25677e+07 1.83257e+07 1.83216e+07
threshold=-2261.9999999999995 2169.7580566406255 2883.3869628906255 1841.2500000000002 1493.7500000000002 -5312.9999999999991 -3190.2499999999995 2076.5380859375005 2472.5063476562505 2112.255004882813 2280.3024902343755 2241.7500000000005 4628.5000000000009 -5189.2499999999991 -9548.7499999999982 369.25000000000006 -1738.9999999999998 2368.7424316406255 -1101.2499999999998 2280.3024902343755 -6007.0876464843741 5698.7500000000009 1667.0932617187502 1247.728698730469 1971.2244262695315 3770.5000000000005 -791.91690063476551 826.50000000000011 1793.0000000000002 1863.8374633789065
decision_type=2 2 2 2 2 2 2 2 2 2 2 2 2 2 2 2 2 2 2 2 2 2 2 2 2 2 2 2 2 2
left_child=10 7 4 -4 5 -3 -6 8 14 13 -1 17 -5 -7 -2 -11 -8 -9 -18 21 -21 22 -16 -24 25 26 27 -25 -28 -27
right_child=1 2 3 12 6 9 16 11 -10 15 -12 -13 -14 -15 19 -17 18 -19 -20 20 -22 -23 23 24 -26 29 28 -29 -30 -31
leaf_value=-16.804576286147622 -46.86490354537964 -38.336840963363649 -92.872948336601269 -29.860888631777328 112.1427254813058 58.246597080230714 -3.1430556009213131 -27.953867553628012 53.820764775430007 91.408657871593135 -81.574971974979746 14.510794691606002 38.222615414281044 2.4042075914926215 0.0036070582947269774 24.704544535550205 87.170449986457825 -84.141190196167344 31.649284275372821 -10.28108135720958 74.043749564034599 26.781608346168031 35.238395682625153 -33.636876329155854 13.191674299467179 -27.534172084413729 -70.443414260065836 22.867248722712201 -24.281744482350906 30.268459921616774
leaf_weight=68 24 40 25 22 21 20 24 46 31 22 22 22 31 122 21379 22 20 22 42 23 21 47 23 43 42 29 43 30 43 26
leaf_count=68 24 40 25 22 21 20 24 46 31 22 22 22 31 122 21379 22 20 22 42 23 21 47 23 43 42 29 43 30 43 26
internal_value=-5.8551e-08 0.131691 14.6901 -22.9982 23.518 10.9702 50.021 -0.141604 -0.012958 21.5738 -32.6373 -31.3083 9.96154 10.2693 -0.0896055 58.0566 34.8517 -46.1321 49.5593 -0.037989 29.9649 -0.0988103 -0.157143 -12.475 -16.7618 -22.6405 -30.3997 -10.416 -47.3626 -0.209291
internal_weight=22395 22305 411 78 333 226 107 21894 21804 186 90 90 53 142 21773 44 86 68 62 21749 44 21705 21658 279 256 214 159 73 86 55
internal_count=22395 22305 411 78 333 226 107 21894 21804 186 90 90 53 142 21773 44 86 68 62 21749 44 21705 21658 279 256 214 159 73 86 55
is_linear=0
shrinkage=0.05


Tree=4
num_leaves=31
num_cat=0
split_feature=233 40 226 254 124 208 229 254 61 73 65 52 225 225 236 246 246 74 236 68 199 120 68 89 71 226 102 61 243 1
split_gain=3.58909e+07 3.75418e+07 4.62745e+07 3.66613e+07 3.50027e+07 3.05736e+07 2.83235e+07 2.73796e+07 2.61616e+07 2.59997e+07 2.54033e+07 2.50564e+07 2.05058e+07 1.93288e+07 1.95103e+07 4.03739e+07 3.40059e+07 2.32112e+07 3.02539e+07 1.85698e+07 1.75983e+07 2.33546e+07 1.70979e+07 1.62362e+07 1.97022e+07 1.5553e+07 1.7956e+07 1.55373e+07 2.81949e+07 1.5291e+07
threshold=-3879.2499999999995 2280.3024902343755 -3681.9999999999995 -423.74999999999994 2472.5063476562505 2280.3024902343755 2169.7580566406255 -1038.2499999999998 2368.7424316406255 1961.7500000000002 3559.7500000000005 -198.74999999999997 2007.2500000000002 4986.2500000000009 1749.311706542969 -163.74999999999997 1835.2500000000002 -5947.7150878906241 1863.8374633789065 1971.2244262695315 -1163.9999999999998 3054.5000000000005 2368.7424316406255 2280.3024902343755 -4024.2499999999995 -1400.9999999999998 -1878.2274780273435 2280.3024902343755 1749.311706542969 2151.7500000000005
decision_type=2 2 2 2 2 2 2 2 2 2 2 2 2 2 2 2 2 2 2 2 2 2 2 2 2 2 2 2 2 2
left_child=4 13 -3 6 5 27 7 -4 -5 11 -11 22 -10 14 -2 19 17 23 -19 -16 -20 -22 -8 24 -17 -18 -27 28 -1 -15
right_child=1 2 3 8 -6 -7 9 -9 12 10 -12 -13 -14 29 15 16 25 18 20 -21 21 -23 -24 -25 -26 26 -28 -29 -30 -31
leaf_value=-18.815096681062567 0.059571748803308261 89.160848415749413 63.272538057963054 86.165566353175961 -82.987347280411498 33.106322513307845 22.345729262720454 0.083439683914184576 -9.6717915094815776 51.879584320068368 -15.862403048238447 -74.084856481137479 50.995549100240076 62.838636175791422 -71.955035563877658 -6.2634374178372898 -57.208509909722117 -20.791841473298916 75.739316120147706 -18.346308652559916 2.2259418330192569 57.463352055703446 -33.315811418842621 22.121533954661828 -66.333854784284327 10.203326993518406 -39.397010066058186 15.976822929382326 -81.139089833135188 9.4201866665401983
leaf_weight=86 21464 21 30 23 21 28 22 40 26 25 31 23 30 21 35 39 31 34 20 30 50 31 37 23 21 36 37 20 23 37
leaf_count=86 21464 21 30 23 21 28 22 40 26 25 31 23 30 21 35 39 31 34 20 30 50 31 37 23 21 36 37 20 23 37
internal_value=-8.59063e-08 0.179165 17.514 12.2716 -22.3625 -14.2534 1.25836 27.1645 41.2685 -11.8824 14.3796 -29.8174 22.8286 -0.0645309 -0.141045 -11.2677 -4.0118 7.21117 20.0039 -47.2125 33.7371 23.3662 -12.5607 -13.5963 -27.2881 -27.5369 -14.9366 -24.533 -31.966 28.7613
internal_weight=22395 22217 308 287 178 157 208 70 79 138 56 82 56 21909 21851 387 322 218 135 65 101 81 59 83 60 104 73 129 109 58
internal_count=22395 22217 308 287 178 157 208 70 79 138 56 82 56 21909 21851 387 322 218 135 65 101 81 59 83 60 104 73 129 109 58
is_linear=0
shrinkage=0.05


Tree=5
num_leaves=31
num_cat=0
split_feature=252 96 44 246 248 254 110 243 160 245 248 57 236 22 19 15 198 112 57 215 247 49 241 33 57 114 247 110 163 214
split_gain=3.31207e+07 2.9991e+07 4.9732e+07 3.3982e+07 3.81427e+07 3.27064e+07 3.03607e+07 3.05396e+07 2.86266e+07 2.69799e+07 2.23533e+07 2.20878e+07 2.18308e+07 1.88543e+07 1.78906e+07 1.77694e+07 2.10627e+07 3.43268e+07 2.8783e+07 2.01665e+07 1.61497e+07 1.56599e+07 1.51787e+07 1.42584e+07 1.38853e+07 1.80172e+07 1.95299e+07 1.40341e+07 2.77991e+07 1.48108e+07
threshold=-2261.9999999999995 2169.7580566406255 -12051.999999999998 16.250000000000004 -1555.9999999999998 -1629.4999999999998 2076.5380859375005 2472.5063476562505 685.00054931640636 -2439.9999999999995 -45.249999999999993 -1378.7499999999998 2368.7424316406255 -8260.2499999999982 890.34750366210949 5589.5000000000009 1391.7500000000002 -1208.4999999999998 -5195.9999999999991 2169.7580566406255 40.250000000000007 -8551.7499999999982 631.25000000000011 2368.7424316406255 6440.0000000000009 1440.2500000000002 -1174.7499999999998 913.52236938476574 -5301.7499999999991 7553.1350097656259
decision_type=2 2 2 2 2 2 2 2 2 2 2 2 2 2 2 2 2 2 2 2 2 2 2 2 2 2 2 2 2 2
left_child=9 6 -3 4 -4 -5 7 13 -6 11 23 -1 22 14 -2 16 17 18 -12 -19 -20 -15 -8 -7 27 -26 -27 -23 -29 -30
right_child=1 2 3 5 8 10 12 -9 -10 -11 15 -13 -14 21 -16 -17 -18 19 20 -21 -22 24 -24 -25 25 26 -28 28 29 -31
leaf_value=8.7204091571626208 -51.254468418530053 -46.352886497974396 45.593307495117188 74.662762623448529 -61.742310793259563 21.210390973772324 -30.815425657581638 49.582588414222968 13.644816341400148 -71.007460876873566 74.091204209761187 -55.121034412384034 -63.082453407779816 42.163573195717554 1.3647311401367188 4.3822547839238091 0.40210268744106953 45.704849967956548 -18.589562008298678 113.68635841210683 39.813659486770632 0.42021432327477726 21.629212708906696 -22.000374843960717 53.07968217929205 -35.102964210510258 12.793514772837467 -34.606224367899053 -1.9413003575162826 -26.58368070048671
leaf_weight=42 35 32 21 31 34 35 37 31 20 28 22 20 31 22 30 52 29 20 29 24 20 17631 22 42 24 24 188 68 3689 62
leaf_count=42 35 32 21 31 34 35 37 31 20 28 22 20 31 22 30 52 29 20 29 24 20 17631 22 42 24 24 188 68 3689 62
internal_value=-5.52201e-08 0.122142 13.5037 18.5575 -11.5851 25.994 -0.12906 -0.0094365 -33.8212 -30.2708 20.4675 -11.8736 -29.1098 -0.0800447 -26.9687 29.4352 38.482 48.0848 26.58 82.7857 5.24849 0.00046761 -11.2598 -2.35912 -0.042306 12.0196 7.37127 -0.175015 -2.92298 -2.34861
internal_weight=22395 22305 411 379 75 304 21894 21804 54 90 273 62 90 21773 65 196 144 115 71 44 49 21708 59 77 21686 236 212 21450 3819 3751
internal_count=22395 22305 411 379 75 304 21894 21804 54 90 273 62 90 21773 65 196 144 115 71 44 49 21708 59 77 21686 236 212 21450 3819 3751
is_linear=0
shrinkage=0.05


Tree=6
num_leaves=31
num_cat=0
split_feature=173 251 243 6 135 233 89 129 245 204 236 248 233 233 241 257 151 150 227 36 136 65 75 197 88 202 148 149 51 227
split_gain=3.08044e+07 8.64124e+07 4.686e+07 6.22025e+07 2.48967e+07 2.31698e+07 3.10209e+07 3.37174e+07 3.12283e+07 2.08421e+07 2.01805e+07 4.68123e+07 3.15706e+07 2.94495e+07 2.76588e+07 2.24627e+07 1.92089e+07 2.18233e+07 3.28947e+07 1.78709e+07 1.63426e+07 1.68555e+07 2.17113e+07 2.18825e+07 1.62768e+07 1.48668e+07 1.71977e+07 1.87664e+07 1.4537e+07 1.38913e+07
threshold=2883.3869628906255 313.53025817871099 2472.5063476562505 -6483.9956054687491 3027.7500000000005 -3879.2499999999995 2169.7580566406255 -1254.2499999999998 1398.2500000000002 1113.2500000000002 1749.311706542969 -452.74999999999994 1144.5000000000002 604.25000000000011 -1422.4999999999998 2076.5380859375005 4776.5800781250009 1094.7500000000002 361.25000000000006 -780.74999999999989 5798.2500000000009 3191.7500000000005 1971.2244262695315 238.75000000000003 1148.0400390625002 -2031.4554443359373 -4537.2499999999991 -4578.4999999999991 -9101.2499999999982 -1374.2499999999998
decision_type=2 2 2 2 2 2 2 2 2 2 2 2 2 2 2 2 2 2 2 2 2 2 2 2 2 2 2 2 2 2
left_child=2 -2 5 9 -3 24 10 8 25 -4 28 14 13 20 -12 -14 17 19 -19 -9 21 22 23 -13 -1 26 -8 -28 -7 -30
right_child=1 4 3 -5 -6 6 7 16 -10 -11 11 12 15 -15 -16 -17 -18 18 -20 -21 -22 -23 -24 -25 -26 -27 27 -29 29 -31
leaf_value=-27.220606512945842 -115.34210579612039 -36.693540069035123 -28.398687860700818 88.260021674292432 25.442240383750516 41.653662291027253 -30.341425841195242 87.402205848693853 56.586849748520628 34.321897370998677 -89.413483174641939 -63.071540251232335 1.7347166509628296 -66.088084447951545 -26.472704692184927 69.455754288037625 76.43752302916154 -34.969691142329467 38.952767663843495 25.965636069199135 -44.84899985313416 45.914741144180304 26.998426548210354 -2.2506785774230957 17.034378082275392 -35.4072646530051 52.581533664205807 -4.9322445044646397 5.0404478394382739 -0.29021629693910128
leaf_weight=123 22 28 27 35 38 21 28 20 21 26 24 21 25 21 64 24 23 27 34 29 20 20 37 50 25 38 23 37 1301 20163
leaf_count=123 22 28 27 35 38 21 28 20 21 26 24 21 25 21 64 24 23 27 34 29 20 20 37 50 25 38 23 37 1301 20163
internal_value=6.31272e-08 -29.5243 0.116472 36.5307 -0.918394 -0.0277494 0.104468 16.641 0.137212 2.3699 -0.108016 -12.8578 -0.432676 -10.6783 -43.6384 34.9042 34.8821 26.1933 6.23299 51.0418 -2.81608 3.75157 -4.05643 -20.2399 -19.7451 -9.27106 2.01503 17.1147 0.0735731 0.0328919
internal_weight=22395 88 22307 88 66 22219 22071 280 147 53 21791 306 218 169 88 49 133 110 61 49 148 128 108 71 148 126 88 60 21485 21464
internal_count=22395 88 22307 88 66 22219 22071 280 147 53 21791 306 218 169 88 49 133 110 61 49 148 128 108 71 148 126 88 60 21485 21464
is_linear=0
shrinkage=0.05


Tree=7
num_leaves=31
num_cat=0
split_feature=233 40 12 253 185 185 208 155 128 215 130 201 128 214 233 229 110 89 236 252 257 109 229 188 241 116 32 19 31 246
split_gain=2.80553e+07 3.17432e+07 3.02176e+07 4.09949e+07 4.12304e+07 4.411e+07 3.78539e+07 2.72463e+07 3.22523e+07 2.47014e+07 2.32337e+07 4.34997e+07 2.1834e+07 1.92112e+07 1.66548e+07 2.31594e+07 2.71975e+07 2.5173e+07 3.27184e+07 2.45418e+07 2.38948e+07 2.59444e+07 1.83154e+07 1.80019e+07 1.69186e+07 1.66663e+07 2.16706e+07 2.04116e+07 2.25055e+07 1.51732e+07
threshold=-3879.2499999999995 2472.5063476562505 2280.3024902343755 672.75000000000011 -1490.2499999999998 241.25000000000003 2169.7580566406255 3429.7500000000005 -2932.4999999999995 2280.3024902343755 -4633.4824218749991 1971.2244262695315 -3598.9999999999995 -2390.192504882812 1862.2500000000002 2472.5063476562505 2280.3024902343755 2169.7580566406255 1749.311706542969 -820.74999999999989 2076.5380859375005 -7802.0200195312491 1170.244323730469 216.46417236328128 -1228.9999999999998 -5835.5227050781241 -5202.2075195312491 1526.9197998046877 3325.7500000000005 -422.74999999999994
decision_type=2 2 2 2 2 2 2 2 2 2 2 2 2 2 2 2 2 2 2 2 2 2 2 2 2 2 2 2 2 2
left_child=1 10 14 7 6 12 -5 8 -4 -7 29 -12 -6 -11 15 17 -17 18 -2 24 -19 -22 -16 -24 -20 -21 -27 -28 -29 -1
right_child=2 -3 3 4 5 9 -8 -9 -10 13 11 -13 -14 -15 22 16 -18 20 19 25 21 -23 23 -25 -26 26 27 28 -30 -31
leaf_value=-10.060935731480519 -0.033315061309061804 -79.118287668228163 -20.760349013758642 25.979546614616147 -64.66327438354493 84.124715487957005 105.45278774129935 -52.695187231210561 39.642089555202389 54.68014765930176 -15.846621864669178 71.656720695495608 5.42707780456543 -1.4679754000443679 0.68188630126592686 1.1688441514968873 -75.796781089089137 2.4085951336643152 -85.640524644851695 -34.190773253007372 11.964519052920135 85.547683296203616 71.665133361816402 18.758896585208614 -24.966225489863646 33.077859204656939 23.816924055691423 -57.873242390155795 -4.7712133543671298 -51.479144610428229
leaf_weight=48 21282 20 51 31 20 20 29 26 39 25 49 20 25 39 127 24 22 57 20 55 23 25 20 82 27 34 29 32 53 41
leaf_count=48 21282 20 51 31 20 20 29 26 39 25 49 20 25 39 127 24 22 57 20 55 23 25 20 82 27 34 29 32 53 41
internal_value=-1.40857e-07 -19.7713 0.158405 15.788 30.149 14.2222 64.3916 -7.61044 5.41404 35.622 -12.259 9.51667 -25.7242 20.4649 -0.0591485 -0.200811 -35.6408 -0.125466 -0.244561 -18.2275 24.2968 50.2891 13.3543 29.1327 -50.7851 -10.6895 -1.95595 -12.4046 -24.7626 -29.1412
internal_weight=22395 178 22217 305 189 129 60 116 90 84 158 69 45 64 21912 21683 46 21637 21532 250 105 48 229 102 47 203 148 114 85 89
internal_count=22395 178 22217 305 189 129 60 116 90 84 158 69 45 64 21912 21683 46 21637 21532 250 105 48 229 102 47 203 148 114 85 89
is_linear=0
shrinkage=0.05


Tree=8
num_leaves=31
num_cat=0
split_feature=252 245 68 246 22 233 58 243 135 252 241 187 195 232 240 149 245 57 159 241 110 137 131 57 86 247 4 233 110 174
split_gain=2.67515e+07 2.36519e+07 2.35622e+07 3.86702e+07 2.94047e+07 3.23432e+07 3.02164e+07 2.63308e+07 3.8948e+07 2.44578e+07 2.42129e+07 2.86567e+07 2.71743e+07 1.92607e+07 2.22205e+07 2.0584e+07 2.02797e+07 1.90136e+07 1.71328e+07 1.69771e+07 1.61768e+07 1.80057e+07 1.32551e+07 1.18105e+07 1.85355e+07 1.81424e+07 1.35119e+07 1.5987e+07 1.20201e+07 2.17073e+07
threshold=-2261.9999999999995 -2439.9999999999995 2076.5380859375005 16.250000000000004 -8260.2499999999982 -227.74999999999997 -9050.9999999999982 2280.3024902343755 -1907.2499999999998 -957.74999999999989 2906.5000000000005 2883.3869628906255 4522.5092773437509 1692.2500000000002 45.250000000000007 -2607.2499999999995 1268.7500000000002 -1378.7499999999998 2280.3024902343755 -1131.4999999999998 2076.5380859375005 -5109.4824218749991 2474.0510253906255 6440.0000000000009 3669.2500000000005 -1174.7499999999998 7899.1650390625009 735.75000000000011 913.52236938476574 -4640.7492675781241
decision_type=2 2 2 2 2 2 2 2 2 2 2 2 2 2 2 2 2 2 2 2 2 2 2 2 2 2 2 2 2 2
left_child=1 17 4 7 5 -2 -6 8 -4 -5 11 13 -13 16 15 -15 19 -1 -16 -11 23 -22 -9 28 -25 -26 -27 -28 -8 -30
right_child=2 -3 3 9 6 -7 20 22 -10 10 -12 12 -14 14 18 -17 -18 -19 -20 -21 21 -23 -24 24 25 26 27 -29 29 -31
leaf_value=9.1274538993835446 -45.801366813858948 -65.346579715183807 -24.387351086265163 68.387517825416907 59.928934182439541 26.653714790344239 0.41749779350047511 -20.00250954627991 58.049551043303126 33.908676074532899 62.682368484497069 -55.884961441584998 20.42409961819649 99.539137601852417 -14.902196385310248 30.85748778978984 51.489265859127045 -50.104823794364933 42.497874226936929 -5.6521218327443989 -65.147333431243894 -4.6707737207412725 -72.552315339587992 47.198008323484856 -37.18761638294567 2.2557920521125197 61.238853057861334 5.2396027088165287 -30.68295613457175 -2.1757409504561904
leaf_weight=42 67 28 38 23 21 20 17634 28 23 34 25 28 20 20 26 24 24 20 26 134 20 32 21 31 22 128 25 26 68 3717
leaf_count=42 67 28 38 23 21 20 17634 28 23 34 25 28 20 20 26 24 24 20 26 134 20 32 21 31 22 128 25 26 68 3717
internal_value=2.89573e-09 -27.205 0.109771 10.908 -0.134798 -29.145 -0.0186183 -15.2295 6.69542 18.3953 15.2102 11.678 -24.0895 17.6392 35.9255 62.0764 8.49611 -9.97973 13.7978 2.35423 -0.0766241 -27.931 -42.5239 -0.00972523 11.211 5.66077 10.9271 32.6902 -0.131263 -2.68789
internal_weight=22395 90 22305 494 21811 87 21724 110 61 384 361 336 48 288 96 44 192 62 52 168 21703 52 49 21651 232 201 179 51 21419 3785
internal_count=22395 90 22305 494 21811 87 21724 110 61 384 361 336 48 288 96 44 192 62 52 168 21703 52 49 21651 232 201 179 51 21419 3785
is_linear=0
shrinkage=0.05


Tree=9
num_leaves=31
num_cat=0
split_feature=173 251 257 240 96 115 239 170 93 220 169 103 136 135 250 68 22 241 199 135 86 75 122 149 5 61 252 243 110 124
split_gain=2.57092e+07 7.15307e+07 4.32451e+07 2.30651e+07 3.3174e+07 2.61968e+07 3.50158e+07 3.04522e+07 2.67884e+07 2.43855e+07 2.28131e+07 2.18629e+07 2.43395e+07 2.14624e+07 1.91536e+07 1.90517e+07 1.58495e+07 1.51388e+07 1.46956e+07 1.44297e+07 1.42691e+07 1.2781e+07 1.26687e+07 1.18623e+07 1.32388e+07 1.80101e+07 2.37552e+07 1.75444e+07 1.5609e+07 1.45121e+07
threshold=2883.3869628906255 313.53025817871099 2883.3869628906255 -4257.7499999999991 2169.7580566406255 4698.2500000000009 1243.2500000000002 -4619.7499999999991 -37.249999999999993 -1985.7499999999998 -1460.7499999999998 2076.5380859375005 -1117.7499999999998 3027.7500000000005 2472.5063476562505 2368.7424316406255 -8260.2499999999982 645.75000000000011 -2844.2499999999995 -120.74999999999999 -8509.7499999999982 2368.7424316406255 -3301.4999999999995 5698.7500000000009 2280.3024902343755 1667.0932617187502 -1244.2499999999998 1247.728698730469 1749.311706542969 1971.2244262695315
decision_type=2 2 2 2 2 2 2 2 2 2 2 2 2 2 2 2 2 2 2 2 2 2 2 2 2 2 2 2 2 2
left_child=2 -2 3 20 11 6 7 15 9 -9 -8 14 -13 -3 16 -6 18 -14 -5 21 -1 -12 -11 24 25 28 -27 -28 -18 -29
right_child=1 13 -4 4 5 -7 10 8 -10 22 19 12 17 -15 -16 -17 23 -19 -20 -21 -22 -23 -24 -25 -26 26 27 29 -30 -31
leaf_value=-0.93648313601811728 -105.05155937888406 -34.162095066479274 67.187336111068731 8.1376526451110838 -3.2234527587890627 63.311991101724132 69.660335528850553 72.539568252563484 -28.792500790682706 -21.493643656643954 -14.864160063862801 8.7756651278465032 -72.001608078820368 23.529218079541863 40.599367852046576 -67.640240931510931 0.0067642007536302369 -16.576000352339314 -45.059073994610763 52.596786830736249 -45.45411619332102 34.642518214745955 22.963484077534435 24.580189381083667 29.834090299864073 -56.319457530975342 35.973241913318638 -17.2348519009382 30.518083682514373 16.148123860970525
leaf_weight=30 22 28 24 20 22 27 32 20 33 22 32 31 28 38 29 24 21312 22 37 23 45 22 59 49 37 28 21 197 42 39
leaf_count=30 22 28 24 20 22 27 32 20 33 22 32 31 28 38 29 24 21312 22 37 23 45 22 59 49 37 28 21 197 42 39
internal_value=-1.53462e-08 -26.9723 0.106404 0.0341546 0.127639 16.2124 11.812 -1.73143 10.3181 23.0968 34.1774 -0.104536 -26.033 -0.945884 -0.00824529 -36.8322 -0.0623092 -47.6143 -26.3936 19.4313 -27.6471 5.30523 10.8887 0.00677621 -0.0487736 -0.0998696 -12.5859 -7.82121 0.0667752 -11.7182
internal_weight=22395 88 22307 22283 22208 316 289 180 134 101 109 21892 81 66 21811 46 21782 50 57 77 75 54 81 21725 21676 21639 285 257 21354 236
internal_count=22395 88 22307 22283 22208 316 289 180 134 101 109 21892 81 66 21811 46 21782 50 57 77 75 54 81 21725 21676 21639 285 257 21354 236
is_linear=0
shrinkage=0.05


Tree=10
num_leaves=31
num_cat=0
split_feature=173 251 257 240 96 115 252 232 218 227 169 103 136 135 250 22 239 29 184 185 199 177 109 57 101 135 135 225 233 247
split_gain=2.32026e+07 6.45565e+07 3.90287e+07 2.08163e+07 2.99396e+07 2.36426e+07 3.18119e+07 2.56581e+07 3.72811e+07 2.10506e+07 2.04802e+07 1.97313e+07 2.19664e+07 1.93698e+07 1.72861e+07 1.43042e+07 1.38766e+07 1.38299e+07 1.35844e+07 1.62622e+07 1.32628e+07 1.29716e+07 1.26118e+07 1.08434e+07 1.57162e+07 1.43174e+07 1.70107e+07 1.20755e+07 2.18404e+07 1.77871e+07
threshold=2883.3869628906255 313.53025817871099 2883.3869628906255 -4257.7499999999991 2169.7580566406255 4698.2500000000009 -235.24999999999997 1692.2500000000002 2189.7500000000005 -1681.9999999999998 -2917.2499999999995 2076.5380859375005 -1117.7499999999998 3027.7500000000005 2472.5063476562505 -8260.2499999999982 1859.2500000000002 -5048.7499999999991 -234.74999999999997 -685.74999999999989 -2844.2499999999995 -7601.4999999999991 -7802.0200195312491 6440.0000000000009 3406.0000000000005 3320.2500000000005 2488.5000000000005 -619.24999999999989 -2138.4999999999995 -1143.2499999999998
decision_type=2 2 2 2 2 2 2 2 2 2 2 2 2 2 2 2 2 2 2 2 2 2 2 2 2 2 2 2 2 2
left_child=2 -2 3 21 11 6 10 9 -9 -8 -6 14 -13 -3 15 20 -14 -12 19 -11 -5 -1 -19 27 -25 26 -26 -17 29 -29
right_child=1 13 -4 4 5 -7 7 8 -10 18 17 12 16 -15 -16 23 -18 22 -20 -21 -22 -23 -24 24 25 -27 -28 28 -30 -31
leaf_value=6.0100591507824994 -99.79898276762529 -32.45399084772383 63.827967552344006 7.7307689094543468 -48.924385925292967 60.14639084427445 55.607728038515361 93.445604038238528 15.004547598867706 5.3677753300893878 36.689987494728783 8.3368822086241945 -66.740691143671683 22.35275690430089 38.569398577459935 3.0564337651789981 -12.973022642135621 -41.197916630336216 30.36147072131817 -48.5206485021682 -42.806120859610076 -39.661783731208658 4.9756653785705574 45.138253369824639 5.9528854066675363 15.13440073598986 -45.695780921936034 -53.661207517896379 -0.45883396465067633 2.2255694199974339
leaf_weight=22 22 28 24 20 25 27 21 28 33 42 22 31 30 38 29 2640 20 21 26 21 37 53 50 29 44 138 25 35 18790 24
leaf_count=22 22 28 24 20 25 27 21 28 33 42 22 31 30 38 29 2640 20 21 26 21 37 53 50 29 44 138 25 35 18790 24
internal_value=1.13701e-07 -25.6237 0.101084 0.032447 0.121257 15.4017 11.2214 25.0018 51.0103 10.5788 -8.74833 -0.0993094 -24.7313 -0.898591 -0.00783289 -0.0591936 -45.2336 2.05169 -0.0459418 -12.595 -25.0739 -26.2647 -8.68131 0.00643753 10.6656 5.83613 -12.7604 -0.110626 -0.554205 -30.9276
internal_weight=22395 88 22307 22283 22208 316 289 171 61 110 118 21892 81 66 21811 21782 50 93 89 63 57 75 71 21725 236 207 69 21489 18849 59
internal_count=22395 88 22307 22283 22208 316 289 171 61 110 118 21892 81 66 21811 21782 50 93 89 63 57 75 71 21725 236 207 69 21489 18849 59
is_linear=0
shrinkage=0.05


end of trees

feature_importances:
Column_233=12
Column_243=10
Column_246=10
Column_252=10
Column_110=9
Column_236=9
Column_57=8
Column_135=8
Column_241=7
Column_239=6
Column_245=6
Column_247=6
Column_22=5
Column_68=5
Column_96=5
Column_225=5
Column_257=5
Column_61=4
Column_148=4
Column_149=4
Column_166=4
Column_187=4
Column_208=4
Column_240=4
Column_5=3
Column_51=3
Column_73=3
Column_86=3
Column_89=3
Column_115=3
Column_124=3
Column_136=3
Column_168=3
Column_169=3
Column_171=3
Column_173=3
Column_185=3
Column_197=3
Column_199=3
Column_227=3
Column_229=3
Column_232=3
Column_248=3
Column_251=3
Column_254=3
Column_6=2
Column_12=2
Column_19=2
Column_29=2
Column_40=2
Column_44=2
Column_52=2
Column_64=2
Column_65=2
Column_75=2
Column_79=2
Column_82=2
Column_93=2
Column_101=2
Column_103=2
Column_109=2
Column_128=2
Column_130=2
Column_155=2
Column_158=2
Column_214=2
Column_215=2
Column_218=2
Column_226=2
Column_250=2
Column_253=2
Column_256=2
Column_1=1
Column_4=1
Column_15=1
Column_26=1
Column_31=1
Column_32=1
Column_33=1
Column_36=1
Column_49=1
Column_53=1
Column_56=1
Column_58=1
Column_71=1
Column_74=1
Column_83=1
Column_88=1
Column_94=1
Column_100=1
Column_102=1
Column_104=1
Column_111=1
Column_112=1
Column_114=1
Column_116=1
Column_117=1
Column_120=1
Column_122=1
Column_127=1
Column_129=1
Column_131=1
Column_134=1
Column_137=1
Column_140=1
Column_141=1
Column_142=1
Column_143=1
Column_147=1
Column_150=1
Column_151=1
Column_157=1
Column_159=1
Column_160=1
Column_163=1
Column_167=1
Column_170=1
Column_172=1
Column_174=1
Column_177=1
Column_180=1
Column_182=1
Column_184=1
Column_188=1
Column_195=1
Column_198=1
Column_201=1
Column_202=1
Column_204=1
Column_207=1
Column_220=1

parameters:
[boosting: gbdt]
[objective: regression]
[metric: l2]
[tree_learner: serial]
[device_type: cpu]
[data_sample_strategy: bagging]
[data: ]
[valid: ]
[num_iterations: 1000]
[learning_rate: 0.05]
[num_leaves: 31]
[num_threads: 0]
[seed: 42]
[deterministic: 1]
[force_col_wise: 0]
[force_row_wise: 0]
[histogram_pool_size: -1]
[max_depth: -1]
[min_data_in_leaf: 20]
[min_sum_hessian_in_leaf: 0.001]
[bagging_fraction: 1]
[pos_bagging_fraction: 1]
[neg_bagging_fraction: 1]
[bagging_freq: 0]
[bagging_seed: 400]
[bagging_by_query: 0]
[feature_fraction: 1]
[feature_fraction_bynode: 1]
[feature_fraction_seed: 30056]
[extra_trees: 0]
[extra_seed: 12879]
[early_stopping_round: 0]
[early_stopping_min_delta: 0]
[first_metric_only: 0]
[max_delta_step: 0]
[lambda_l1: 0]
[lambda_l2: 0]
[linear_lambda: 0]
[min_gain_to_split: 0]
[drop_rate: 0.1]
[max_drop: 50]
[skip_drop: 0.5]
[xgboost_dart_mode: 0]
[uniform_drop: 0]
[drop_seed: 17869]
[top_rate: 0.2]
[other_rate: 0.1]
[min_data_per_group: 100]
[max_cat_threshold: 32]
[cat_l2: 10]
[cat_smooth: 10]
[max_cat_to_onehot: 4]
[top_k: 20]
[monotone_constraints: ]
[monotone_constraints_method: basic]
[monotone_penalty: 0]
[feature_contri: ]
[forcedsplits_filename: ]
[refit_decay_rate: 0.9]
[cegb_tradeoff: 1]
[cegb_penalty_split: 0]
[cegb_penalty_feature_lazy: ]
[cegb_penalty_feature_coupled: ]
[path_smooth: 0]
[interaction_constraints: ]
[verbosity: -1]
[saved_feature_importance_type: 0]
[use_quantized_grad: 0]
[num_grad_quant_bins: 4]
[quant_train_renew_leaf: 0]
[stochastic_rounding: 1]
[linear_tree: 0]
[max_bin: 255]
[max_bin_by_feature: ]
[min_data_in_bin: 3]
[bin_construct_sample_cnt: 200000]
[data_random_seed: 175]
[is_enable_sparse: 1]
[enable_bundle: 1]
[use_missing: 1]
[zero_as_missing: 0]
[feature_pre_filter: 1]
[pre_partition: 0]
[two_round: 0]
[header: 0]
[label_column: ]
[weight_column: ]
[group_column: ]
[ignore_column: ]
[categorical_feature: ]
[forcedbins_filename: ]
[precise_float_parser: 0]
[parser_config_file: ]
[objective_seed: 16083]
[num_class: 1]
[is_unbalance: 0]
[scale_pos_weight: 1]
[sigmoid: 1]
[boost_from_average: 1]
[reg_sqrt: 0]
[alpha: 0.9]
[fair_c: 1]
[poisson_max_delta_step: 0.7]
[tweedie_variance_power: 1.5]
[lambdarank_truncation_level: 30]
[lambdarank_norm: 1]
[label_gain: ]
[lambdarank_position_bias_regularization: 0]
[eval_at: ]
[multi_error_top_k: 1]
[auc_mu_weights: ]
[num_machines: 1]
[local_listen_port: 12400]
[time_out: 120]
[machine_list_filename: ]
[machines: ]
[gpu_platform_id: -1]
[gpu_device_id: -1]
[gpu_device_id_list: ]
[gpu_use_dp: 0]
[num_gpu: 1]

end of parameters

pandas_categorical:null
