tree
version=v4
num_class=1
num_tree_per_iteration=1
label_index=0
max_feature_idx=146
objective=regression
feature_names=Column_0 Column_1 Column_2 Column_3 Column_4 Column_5 Column_6 Column_7 Column_8 Column_9 Column_10 Column_11 Column_12 Column_13 Column_14 Column_15 Column_16 Column_17 Column_18 Column_19 Column_20 Column_21 Column_22 Column_23 Column_24 Column_25 Column_26 Column_27 Column_28 Column_29 Column_30 Column_31 Column_32 Column_33 Column_34 Column_35 Column_36 Column_37 Column_38 Column_39 Column_40 Column_41 Column_42 Column_43 Column_44 Column_45 Column_46 Column_47 Column_48 Column_49 Column_50 Column_51 Column_52 Column_53 Column_54 Column_55 Column_56 Column_57 Column_58 Column_59 Column_60 Column_61 Column_62 Column_63 Column_64 Column_65 Column_66 Column_67 Column_68 Column_69 Column_70 Column_71 Column_72 Column_73 Column_74 Column_75 Column_76 Column_77 Column_78 Column_79 Column_80 Column_81 Column_82 Column_83 Column_84 Column_85 Column_86 Column_87 Column_88 Column_89 Column_90 Column_91 Column_92 Column_93 Column_94 Column_95 Column_96 Column_97 Column_98 Column_99 Column_100 Column_101 Column_102 Column_103 Column_104 Column_105 Column_106 Column_107 Column_108 Column_109 Column_110 Column_111 Column_112 Column_113 Column_114 Column_115 Column_116 Column_117 Column_118 Column_119 Column_120 Column_121 Column_122 Column_123 Column_124 Column_125 Column_126 Column_127 Column_128 Column_129 Column_130 Column_131 Column_132 Column_133 Column_134 Column_135 Column_136 Column_137 Column_138 Column_139 Column_140 Column_141 Column_142 Column_143 Column_144 Column_145 Column_146
feature_infos=[-3260:3291] [-3240.5:3408.5] [-3305:3155.5] [-3270:3159] [-2931.784912109375:4277.43994140625] [4.3059353828430176:443.019775390625] [-3144.97021484375:3522.32958984375] [-3269:3157.5] [-3200.5:3225] [-3288:2896.5] [-3209.5:2900] [-2936.2451171875:4262.22509765625] [4.1769399642944336:441.44692993164062] [-3150.836669921875:3463.254150390625] [-3210:2898.5] [-3178:3032] [-3254:2675.5] [-3200:2709] [-2940.6201171875:4245.4150390625] [4.3059353828430176:445.35134887695312] [-3155.305908203125:3394.685546875] [-3200:2717.5] [-3160.5:2857.5] [-3210.5:2501.5] [-3196.5:2537] [-2945.050048828125:4227.52978515625] [4.1769399642944336:452.79052734375] [-3159.051025390625:3316.714111328125] [-3196:2538] [-3148:2598.5] [-3260.5:2242.5] [-3237.5:2364] [-2949.89501953125:4208.10009765625] [4.1769399642944336:452.79052734375] [-3166.1826171875:3230.103759765625] [-3237:2365.5] [-3197:2868.5] [-3266:2195.5] [-3226:2474] [-2954.554931640625:4190.10009765625] [4.1769399642944336:452.79052734375] [-3171.62060546875:3161.366943359375] [-3226:2456.5] [-2579.5:2609.5] [-3281:2038.5] [-2770.5:2215] [-2954.8701171875:4167.4150390625] [4.3679304122924805:452.79052734375] [-3135.155029296875:3060.15185546875] [-2768.5:2197.5] [-2435.5:2388.5] [-2802:2006] [-2786.5:2030.5] [-2955.219970703125:4137.60986328125] [4.3059353828430176:452.79052734375] [-3103.459228515625:2906.72900390625] [-2775:2071] [-2484.5:2135] [-3469.5:2009] [-2513.5:2035.5] [-2950.669921875:4113.5751953125] [4.1769399642944336:443.019775390625] [-3030.326416015625:2819.935302734375] [-2513.5:2034.5] [-2082:2182.5] [-2568.5:2027] [-2181:2046] [-2944.830078125:4083.52490234375] [4.1769399642944336:445.35134887695312] [-2953.114990234375:2685.44140625] [-2179.5:2045.5] [-1962.5:2073.5] [-2192:2003] [-2074:2003.5] [-2937.465087890625:4051.530029296875] [4.7467460632324219:452.79052734375] [-2870.377197265625:2544.62841796875] [-2062.5:2003] [-1854:2142.5] [-2757:2001] [-1968:2141] [-2927.469970703125:4019.35498046875] [4.621978759765625:452.79052734375] [-2771.479248046875:2413.162109375] [-1970:2135] [-1882:2172.5] [-2149:2013.5] [-2147.5:2094.5] [-2916.139892578125:3987.340087890625] [4.4346942901611328:452.79052734375] [-2668.29931640625:2298.556640625] [-2149:1652] [-1882.5:1656] [-2156:1572.5] [-1992:1656] [-2908.43994140625:3956.31494140625] [4.3679304122924805:452.79052734375] [-2606.817626953125:2204.82421875] [-1991:1751.5] [-1804:1809.5] [-1999.5:1554] [-1988:1578.5] [-2900.554931640625:3922.2451171875] [4.3059353828430176:443.019775390625] [-2550.5615234375:2088.9765625] [-1984:1578] [-1947.5:1598] [-2137:1557] [-2136.5:1583.5] [-2894.179931640625:3887.6201171875] [4.1769399642944336:441.44692993164062] [-2512.91943359375:1979.2059326171875] [-2137:1582.5] [-2007.5:1609.5] [-2154:1575] [-2026.5:1594] [-2886.64501953125:3852.364990234375] [4.3679304122924805:441.63720703125] [-2468.699462890625:1873.05078125] [-2027:1593.5] [-1091.5:1601.5] [-2236:1551] [-1275.5:1551.5] [-2866.169921875:3817.5048828125] [4.3059353828430176:441.63720703125] [-2309.045166015625:1778.0916748046875] [-1271.5:1551] [-1235:1690.5] [-1483.5:1549] [-1424:1689] [-2845.77001953125:3779.264892578125] [4.1769399642944336:441.63720703125] [-2165.67724609375:1660.0833740234375] [-1424.5:1683] [-1295:1720.5] [-1441.5:1561.5] [-1314:1642.5] [-2816.260009765625:3739.35009765625] [4.621978759765625:441.63720703125] [-1950.6612548828125:1615.2855224609375] [-1314.5:1049] [0:1072.5] [-1523.5:0] none [-2788.669921875:3696.574951171875] [4.4346942901611328:441.63720703125] [-1773.328369140625:1468.44140625]
tree_sizes=2763 2736 2755 2768 2742 2775 2775 2770 2778 2769 2746 2718 2735 2738 2748 2735 2796 2805 2726 2770 2760 2790

Tree=0
num_leaves=31
num_cat=0
split_feature=135 78 134 127 141 135 134 142 0 86 127 22 12 141 23 107 55 113 29 23 0 136 113 141 89 129 96 141 57 131
split_gain=689256 368670 406397 551780 481042 363171 243101 299157 440106 236216 413221 473947 391969 324484 186716 248230 185324 161875 297567 128061 418210 449016 241679 173321 377963 163868 159217 156297 136057 127465
threshold=-16.249999999999996 540.75000000000011 238.75000000000003 354.75000000000006 101.25000000000001 -159.74999999999997 -54.249999999999993 -259.24999999999994 40.250000000000007 72.250000000000014 354.75000000000006 -512.49999999999989 71.213165283203139 297.25000000000006 -67.249999999999986 -98.749999999999986 166.58522796630862 181.25000000000003 -93.749999999999986 -376.24999999999994 -240.24999999999997 -168.74999999999997 -9.2499999999999982 121.25000000000001 46.473947525024421 -168.24999999999997 71.203926086425795 184.75000000000003 -1.7499999999999998 156.54862976074222
decision_type=2 2 2 2 2 2 2 2 2 2 2 2 2 2 2 2 2 2 2 2 2 2 2 2 2 2 2 2 2 2
left_child=1 6 3 14 -4 -5 17 8 -8 10 13 -12 -13 -2 -3 -16 -17 19 -19 20 22 -22 27 -21 -25 -24 -26 28 -1 -11
right_child=9 2 4 5 -6 -7 7 -9 -10 29 11 12 -14 -15 15 16 -18 18 -20 23 21 -23 25 24 26 -27 -28 -29 -30 -31
leaf_value=-0.59153213699948692 -0.023715630429877288 2.7010992473040307 -1.241989379620615 -12.207882173071653 8.9108676934139428 -2.7934774606671287 0.0043399606707865621 -0.10469028934714453 8.8587481779534745 0.12124185227846107 8.9859639939792242 -3.0452260163529212 4.2275723526591751 -6.0962914104997976 -4.5699655071997141 -5.7891322422130402 -0.84235407417277774 -7.8866323065860566 -0.81400296834008878 -0.28105453716893658 -9.746382150183468 -1.8781095114001578 5.3602427807487185 -3.721632263670712 7.8646176765756319 0.68764097748812281 2.2424118559397939 -4.9076550663704088 -4.2428822754082418 -0.87952555367422403
leaf_weight=1361 275262 27 28 20 20 21 36 269223 23 36127 26 32 44 22 60 20 355 20 58 7921 25 66 24 20 20 86 34 22 26 321
leaf_count=1361 275262 27 28 20 20 21 36 269223 23 36127 26 32 44 22 60 20 355 20 58 7921 25 66 24 20 20 86 34 22 26 321
internal_value=-0.0582971 -0.115313 -1.40738 -1.82685 2.98837 -7.38587 -0.112761 -0.10391 3.45606 -0.00719021 -0.023022 3.15883 1.16534 -0.0242009 -1.33352 -1.58395 -1.10618 -0.358904 -2.6275 -0.340481 -0.747323 -4.03972 -0.550083 -0.258553 2.15002 1.70712 4.32471 -0.726301 -0.659978 0.112428
internal_weight=591350 279516 551 503 48 41 278965 269282 59 311834 275386 102 76 275284 462 435 375 9683 78 9605 1610 91 1519 7995 74 110 54 1409 1387 36448
internal_count=591350 279516 551 503 48 41 278965 269282 59 311834 275386 102 76 275284 462 435 375 9683 78 9605 1610 91 1519 7995 74 110 54 1409 1387 36448
is_linear=0
shrinkage=1


Tree=1
num_leaves=31
num_cat=0
split_feature=135 78 134 127 141 135 134 142 0 23 0 2 85 141 16 92 36 6 142 83 26 12 13 57 122 46 9 107 5 32
split_gain=628517 312664 347029 526200 450350 321762 243807 414628 580720 238810 306428 533252 265196 216871 277348 440770 231755 255210 329298 362225 280147 302969 253500 286377 236893 334108 215083 241415 207932 206760
threshold=-9.7499999999999982 540.75000000000011 238.75000000000003 354.75000000000006 89.250000000000014 -159.74999999999997 -23.249999999999996 -259.24999999999994 40.250000000000007 -376.24999999999994 -240.24999999999997 -345.74999999999994 316.25000000000006 164.25000000000003 -617.49999999999989 85.250000000000014 -135.74999999999997 176.59324645996097 -72.749999999999986 105.50218963623048 44.624973297119148 156.0434265136719 619.90637207031261 597.00000000000011 202.25000000000003 874.07751464843761 -204.24999999999997 -98.749999999999986 39.627357482910163 284.99499511718756
decision_type=2 2 2 2 2 2 2 2 2 2 2 2 2 2 2 2 2 2 2 2 2 2 2 2 2 2 2 2 2 2
left_child=1 6 3 26 -4 -5 9 8 -8 10 -1 -12 -11 -2 15 -15 -16 18 19 -18 28 24 -23 -24 -22 29 -3 -28 -19 -26
right_child=13 2 4 5 -6 -7 7 -9 -10 12 11 -13 -14 14 16 -17 17 20 -20 -21 21 22 23 -25 25 -27 27 -29 -30 -31
leaf_value=-0.49458379207183545 0.05691497170847111 3.831338764372326 -2.9563085079193119 -11.542105731964112 6.7964836778311897 -2.7794505249370229 0.017283158302307127 -0.027482446559259049 10.858253088451569 -0.11663941071255218 -10.050149230523544 -1.5653899252287342 -1.9514948453678931 1.1231351948302726 -1.6313352493012054 10.014207553863526 1.8201522629994615 -0.39587418463081125 1.0973890963189505 9.3540025759626317 -0.27865165548237492 1.9869957962761757 -8.9901310634613036 -1.2660275946060817 3.1914666925808963 4.7265321341427891 -4.3012443819642066 -0.90174916639517333 -3.8066316503190225 0.32797054742142318
leaf_weight=2434 246387 21 20 20 29 22 30 303680 21 36306 22 117 198 46 117 20 39 160 411 27 219 23 20 30 85 77 60 403 62 244
leaf_count=2434 246387 21 20 20 29 22 30 303680 21 36306 22 117 198 46 117 20 39 160 411 27 219 23 20 30 85 77 60 403 62 244
internal_value=3.21317e-09 -0.043804 -1.20876 -1.58367 2.81575 -6.95214 -0.04185 -0.0267254 4.48121 -0.159408 -0.624979 -2.9083 -0.126592 0.0606595 0.644581 3.8174 0.506267 0.685294 1.62384 4.90218 0.198678 0.690738 -2.3573 -4.35567 1.04675 1.76168 -1.11781 -1.34229 -1.34843 1.06778
internal_weight=591350 343383 575 526 49 42 342808 303731 51 39077 2573 139 36504 247967 1580 66 1514 1397 477 66 920 698 73 50 625 406 484 463 222 329
internal_count=591350 343383 575 526 49 42 342808 303731 51 39077 2573 139 36504 247967 1580 66 1514 1397 477 66 920 698 73 50 625 406 484 463 222 329
is_linear=0
shrinkage=0.05


Tree=2
num_leaves=31
num_cat=0
split_feature=135 78 134 127 141 135 120 26 134 142 141 141 134 82 8 106 45 5 6 136 86 124 141 141 128 114 75 140 92 79
split_gain=568755 301766 338844 383060 291477 236625 210845 246981 207154 302198 632076 315581 248967 268929 347783 193812 191627 243590 249238 170710 164546 192432 361331 165369 157644 155925 235084 194903 417866 658816
threshold=-16.249999999999996 540.75000000000011 184.25000000000003 354.75000000000006 58.750000000000007 -62.249999999999993 312.25000000000006 101.98003387451173 -69.749999999999986 -178.24999999999997 118.25000000000001 1.2500000000000002 25.750000000000004 66.341423034667983 146.25000000000003 280.25000000000006 -117.74999999999999 156.33010101318362 634.09350585937511 72.750000000000014 53.250000000000007 156.82493591308597 341.25000000000006 270.00000000000006 -35.749999999999993 283.50000000000006 123.93009185791017 129.25000000000003 226.25000000000003 182.25000000000003
decision_type=2 2 2 2 2 2 2 2 2 2 2 2 2 2 2 2 2 2 2 2 2 2 2 2 2 2 2 2 2 2
left_child=1 8 3 19 -4 -6 20 25 15 10 11 -10 -13 -14 -15 -1 -9 18 -18 -3 23 22 -22 -2 -23 26 27 -8 -29 -30
right_child=6 2 4 -5 5 -7 7 16 9 -11 -12 12 13 14 -16 -17 17 -19 -20 -21 21 24 -24 -25 -26 -27 -28 28 29 -31
leaf_value=-0.32607364441321257 0.027956415001334542 -1.1092882212520834 -2.3400351577468457 -6.9592171820275714 6.178999873002371 -0.31348962161851968 0.46291874391131832 5.4490531451774373 5.9598675061876962 -0.045036166159594389 7.9570968561312725 -1.0991049596269926 -0.92455600708723074 7.5620867170393469 -0.74726018190383914 -4.1124952807145965 1.1951097816228866 -0.66550135548177525 4.8498917181422749 -5.2166900374271252 0.12956836838611516 1.2718564111132955 6.8514953553676605 -4.1226447512706121 -2.14048071205616 -0.23263907911848755 -3.3660509372579641 -0.77973918425185351 12.257565667412498 2.4742074769697613
leaf_weight=5629 259722 401 31 33 36 23 266 33 26 272998 34 150 40 34 20 34 144 95 69 27 50454 43 20 24 159 619 29 56 22 79
leaf_count=5629 259722 401 31 33 36 23 266 33 26 272998 34 150 40 34 20 34 144 95 69 27 50454 43 20 24 159 619 29 56 22 79
internal_value=-7.22404e-09 -0.0517927 -1.22076 -1.76861 1.58547 3.64803 0.046425 0.656031 -0.0494838 -0.0432817 1.53229 0.723238 0.165237 2.1828 4.48455 -0.348807 1.82796 1.43999 2.37905 -1.3684 0.0436521 0.126068 0.132232 0.0275729 -1.41409 0.282895 0.988903 1.28747 2.68448 4.60524
internal_weight=591350 279516 551 461 90 59 311834 1412 278965 273302 304 270 244 94 54 5663 341 308 213 428 310422 50676 50474 259746 202 1071 452 423 157 101
internal_count=591350 279516 551 461 90 59 311834 1412 278965 273302 304 270 244 94 54 5663 341 308 213 428 310422 50676 50474 259746 202 1071 452 423 157 101
is_linear=0
shrinkage=0.05


Tree=3
num_leaves=31
num_cat=0
split_feature=134 129 120 134 136 135 136 141 113 78 16 128 58 24 44 54 142 128 61 120 26 6 138 67 128 145 61 114 108 138
split_gain=530759 238498 200353 383536 533788 345040 192168 596373 524091 162374 334125 338772 161762 241528 332828 170478 168014 154984 153270 148648 224714 203005 300468 279197 207123 187745 318680 405770 210990 184920
threshold=13.250000000000002 -85.749999999999986 -197.74999999999997 177.25000000000003 100.75000000000001 -216.24999999999997 31.750000000000004 179.25000000000003 139.25000000000003 310.25000000000006 322.25000000000006 -239.24999999999997 -516.74999999999989 -550.74999999999989 -554.24999999999989 82.516567230224624 -60.749999999999993 -188.24999999999997 64.640270233154311 312.25000000000006 101.98003387451173 -657.00366210937489 156.81184387207034 844.47747802734386 139.75000000000003 135.08937835693362 88.94632720947267 -65.249999999999986 -309.24999999999994 134.78519439697268
decision_type=2 2 2 2 2 2 2 2 2 2 2 2 2 2 2 2 2 2 2 2 2 2 2 2 2 2 2 2 2 2
left_child=1 9 3 12 5 -5 7 -4 -9 -1 11 -11 13 15 -15 18 -14 -3 -2 25 21 -21 -23 24 -24 -8 27 -27 -28 -30
right_child=2 17 6 4 -6 -7 19 8 -10 10 -12 -13 16 14 -16 -17 -18 -19 -20 20 -22 22 23 -25 -26 26 28 -29 29 -31
leaf_value=-0.21365637058609821 0.15551575772902546 -1.0313080238539498 0.024568033555431367 12.35991324077953 0.010152521366026344 3.3997063250768758 0.12186352339838538 -0.47123334191062238 -11.514223739079068 -7.9836443901062015 0.060281649249650182 -1.8965087150533995 -1.5541335630416873 8.9281933605670929 0.3089159238906134 -1.8819617204887924 0.6777227213070729 -0.036389582851823907 5.4403729915618904 5.1311572006770545 1.7116505312902921 0.41362284475512673 -8.8585531847817567 0.84862125136635536 -2.3383631262285958 -0.42660744471549994 3.5214191160703963 -4.8586449918421835 -3.4820699092953706 -0.13098918217934252
leaf_weight=15952 34 392 241504 22 41 21 61306 22 21 30 168 96 130 24 21 43 240 268570 23 21 357 969 21 33 29 125 38 88 43 966
leaf_count=15952 34 392 241504 22 41 21 61306 22 21 30 168 96 130 24 21 43 240 268570 23 21 357 969 21 33 29 125 38 88 43 966
internal_value=7.39296e-10 -0.0490769 0.045721 0.959265 4.092 7.984 0.04393 0.0235197 -5.86432 -0.235116 -1.39948 -3.34583 0.448295 1.86383 4.90586 0.494918 -0.106443 -0.0378396 2.288 0.120967 0.625018 0.263483 0.166315 -2.72094 -5.07684 0.109446 -0.494712 -2.25768 -0.136056 -0.2738
internal_weight=591350 285208 306142 599 84 43 305543 241547 43 16246 294 126 515 145 45 100 370 268962 57 63996 1430 1073 1052 83 50 62566 1260 213 1047 1009
internal_count=591350 285208 306142 599 84 43 305543 241547 43 16246 294 126 515 145 45 100 370 268962 57 63996 1430 1073 1052 83 50 62566 1260 213 1047 1009
is_linear=0
shrinkage=0.05


Tree=4
num_leaves=31
num_cat=0
split_feature=135 78 134 127 141 135 134 142 0 29 9 101 142 141 16 121 96 103 142 75 145 52 107 19 128 123 6 83 34 79
split_gain=488531 246540 283472 433769 401138 277566 197587 409991 479409 216766 196207 222814 197695 178217 240731 392746 205577 354271 581473 501398 394963 299816 232751 225421 187333 188134 182653 191593 162322 202209
threshold=-9.7499999999999982 540.75000000000011 238.75000000000003 354.75000000000006 101.25000000000001 -159.74999999999997 -8.7499999999999982 -259.24999999999994 40.250000000000007 -243.24999999999997 -204.24999999999997 132.25000000000003 -112.24999999999999 164.25000000000003 -617.49999999999989 71.750000000000014 105.54483032226564 59.963415145874031 -78.749999999999986 68.948814392089858 123.42845535278322 -266.24999999999994 -119.74999999999999 81.346294403076186 104.75000000000001 534.56997680664074 126.94699859619142 116.27342605590822 152.3720626831055 341.75000000000006
decision_type=2 2 2 2 2 2 2 2 2 2 2 2 2 2 2 2 2 2 2 2 2 2 2 2 2 2 2 2 2 2
left_child=1 6 3 10 -4 -5 9 8 -8 -1 -3 12 -12 -2 15 -15 17 20 19 -19 26 -18 -23 24 -24 -26 27 -16 -13 -30
right_child=13 2 4 5 -6 -7 7 -9 -10 -11 11 28 -14 14 16 -17 21 18 -20 -21 -22 22 23 -25 25 -27 -28 -29 29 -31
leaf_value=-0.42323946397509549 0.050084917977858967 3.7380382730847317 -1.1926672771059235 -10.549227452278139 8.011845821142197 -2.4105990865013815 0.38281738587788178 -0.015454557671948692 10.518427007198333 -0.082350577162324121 -7.7013667225837708 -4.8743704296293719 -2.1762985864106348 0.99551180277181717 0.94467730890679114 9.3882580900192263 -4.9473598318941461 12.496828644616265 1.1131851317793131 3.1064759763804353 -5.3442951875574458 4.2559250371209512 -6.5644453992014355 0.21566853072447115 -3.6682591084277991 2.1498016019662223 -0.34250223288202991 6.0413171166959021 4.290903342853893 -0.66723575115676914
leaf_weight=4941 246387 21 29 20 20 22 28 254808 20 83011 20 21 85 46 93 20 34 21 500 44 34 29 23 316 33 24 340 23 22 315
leaf_count=4941 246387 21 29 20 20 22 28 254808 20 83011 20 21 85 46 93 20 34 21 500 44 34 29 23 316 33 24 340 23 22 315
internal_value=5.71929e-09 -0.038619 -1.07308 -1.41193 2.56428 -6.28614 -0.0368839 -0.0145841 4.60599 -0.101501 -0.988957 -1.20336 -3.22869 0.0534794 0.582811 3.53877 0.453952 0.838255 1.69152 6.14028 -0.145615 -0.429361 -0.0679211 -0.384566 -2.75549 -1.21855 0.242006 1.95522 -0.609333 -0.343559
internal_weight=591350 343383 575 526 49 42 342808 254856 48 87952 484 463 105 247967 1580 66 1514 1055 565 65 490 459 425 396 80 57 456 116 358 337
internal_count=591350 343383 575 526 49 42 342808 254856 48 87952 484 463 105 247967 1580 66 1514 1055 565 65 490 459 425 396 80 57 456 116 358 337
is_linear=0
shrinkage=0.05


Tree=5
num_leaves=31
num_cat=0
split_feature=134 113 29 127 141 113 2 121 75 142 110 2 134 136 129 29 136 141 141 5 77 120 103 47 142 2 142 82 50 26
split_gain=447936 215449 196531 219717 185361 182463 340806 196228 287455 283577 245874 268341 177351 321278 238314 172501 168940 530528 161182 267902 182636 150116 220848 237274 235589 275701 230870 206155 159904 150546
threshold=13.250000000000002 -37.249999999999993 -243.24999999999997 101.25000000000001 184.75000000000003 -235.74999999999997 237.75000000000003 -327.24999999999994 81.219623565673842 -62.749999999999993 77.590263366699233 -222.24999999999997 170.25000000000003 94.750000000000014 55.250000000000007 -290.74999999999994 31.750000000000004 179.25000000000003 109.25000000000001 88.844802856445327 279.75000000000006 312.25000000000006 59.963415145874031 37.888986587524421 -18.249999999999996 -449.24999999999994 -150.74999999999997 58.589281082153327 2.2500000000000004 58.143852233886726
decision_type=2 2 2 2 2 2 2 2 2 2 2 2 2 2 2 2 2 2 2 2 2 2 2 2 2 2 2 2 2 2
left_child=1 2 3 4 -1 6 12 8 10 -10 11 -7 -2 14 -14 -11 17 -9 20 -20 -3 -18 27 -24 26 -26 -25 29 -27 -23
right_child=5 18 -4 -5 -6 7 -8 16 9 15 -12 -13 13 -15 -16 -17 21 -19 19 -21 -22 22 23 24 25 28 -28 -29 -30 -31
leaf_value=-0.44198398981975251 0.29615118153503739 -0.022902506408290564 -0.10596913146924454 3.7578021111026887 -4.5963002460974236 -5.4032378873825078 6.8164409181346066 0.022852820826403761 -6.7409701669216169 -4.5439422147614614 3.9123174626380206 1.7236931981784958 8.3526272379118822 -0.031429714090190831 1.5373483668202939 1.4063948866622202 0.10178388742983098 -5.8855025065572644 0.48054476299801396 6.4672804489135745 -0.75888059595753887 -0.34675297953563033 6.270491296904428 4.4116184469425326 7.6437467241287242 -2.4230197105718698 0.11929267106704343 -5.0782971902327105 1.8983974279166718 3.914566024325111
leaf_weight=4861 607 232873 46471 31 27 25 23 241311 40 21 32 28 29 60 23 29 62450 38 74 25 846 358 21 33 20 23 618 22 309 22
leaf_count=4861 607 232873 46471 31 27 25 23 241311 40 21 32 28 29 60 23 29 62450 38 74 25 846 358 21 33 20 23 618 22 309 22
internal_value=1.35265e-09 -0.0450854 -0.137781 -0.438319 -0.464931 0.0420025 0.825123 0.0400998 -1.63371 -3.60307 0.45149 -1.63807 0.633468 2.4616 5.33818 -1.09275 0.0410595 0.0219226 -0.0247122 1.99235 -0.0255665 0.113367 0.620615 1.01049 0.900355 1.94247 0.336876 -0.372487 1.59902 -0.100045
internal_weight=591350 285208 51390 4919 4888 306142 742 305400 175 90 85 53 719 112 52 50 305225 241349 233818 99 233719 63876 1426 1024 1003 352 651 402 332 380
internal_count=591350 285208 51390 4919 4888 306142 742 305400 175 90 85 53 719 112 52 50 305225 241349 233818 99 233719 63876 1426 1024 1003 352 651 402 332 380
is_linear=0
shrinkage=0.05


Tree=6
num_leaves=31
num_cat=0
split_feature=135 78 134 127 141 135 121 118 115 136 134 142 141 141 134 82 8 78 16 87 127 26 141 100 21 103 99 43 50 106
split_gain=416301 235617 285164 287506 249493 210996 205436 229162 368711 151182 142937 260073 533737 282919 211078 243837 313336 171314 260679 159624 139383 288099 194999 187327 149851 164246 124779 147814 145665 135884
threshold=-24.749999999999996 540.75000000000011 184.25000000000003 354.75000000000006 58.750000000000007 -62.249999999999993 10.750000000000002 -403.68386840820307 154.25000000000003 72.750000000000014 -69.749999999999986 -178.24999999999997 118.25000000000001 1.2500000000000002 25.750000000000004 66.341423034667983 146.25000000000003 330.25000000000006 300.25000000000006 213.25000000000003 354.75000000000006 63.977697372436531 230.50000000000003 -158.24999999999997 -564.74999999999989 134.79282379150393 212.25000000000003 505.25000000000006 351.75000000000006 54.250000000000007
decision_type=2 2 2 2 2 2 2 2 2 2 2 2 2 2 2 2 2 2 2 2 2 2 2 2 2 2 2 2 2 2
left_child=1 10 3 9 -4 -6 20 8 -8 -3 17 12 13 -12 -15 -16 -17 19 -19 26 22 -22 24 -24 25 -2 27 28 29 -1
right_child=6 2 4 -5 5 -7 7 -9 -10 -11 11 -13 -14 14 15 16 -18 18 -20 -21 21 -23 23 -25 -26 -27 -28 -29 -30 -31
leaf_value=-0.32231926495135882 -0.3639958617457173 -1.0192581981113278 -2.1408204693948067 -6.1856930628418922 5.7731602138943146 -0.4420817012136633 -0.029570412093942816 0.084836557917385674 8.3269616164944402 -4.9576367722107815 5.6296849250793457 -0.048624362613243183 7.3188057212268607 -1.0210562631090483 -0.95802474170923235 7.1137109230546391 -0.77339841604232795 -7.4579982984633677 -0.3727466290487963 3.2474397093057634 -1.7528352785110475 6.2292840700883136 0.10181633532047273 -6.5842211029746309 0.0081260238144721334 -2.8865607763495711 -3.5652829449752286 3.8133191325447777 -3.6052443273139723 0.9896932372087387
leaf_weight=5287 228 388 31 32 36 22 33 117543 22 26 26 206581 34 150 40 34 20 21 34 32 20 26 20 22 260263 90 29 22 33 205
leaf_count=5287 228 388 31 32 36 22 33 117543 22 26 26 206581 34 150 40 34 20 21 34 32 20 26 20 22 260263 90 29 22 33 205
internal_value=-6.94239e-10 -0.0558955 -1.10387 -1.61954 1.48025 3.41565 0.0314867 0.0863464 3.31304 -1.2666 -0.0532576 -0.0464738 1.4149 0.671447 0.14311 2.00082 4.19256 -0.301088 -3.07802 -0.273853 0.00673732 2.7588 0.00625158 -3.40039 0.00680066 -1.07793 -0.294062 -0.27696 -0.293247 -0.273346
internal_weight=591350 213083 535 446 89 58 378267 117598 55 414 212548 206885 304 270 244 94 54 5663 55 5608 260669 46 260623 42 260581 318 5576 5547 5525 5492
internal_count=591350 213083 535 446 89 58 378267 117598 55 414 212548 206885 304 270 244 94 54 5663 55 5608 260669 46 260623 42 260581 318 5576 5547 5525 5492
is_linear=0
shrinkage=0.05


Tree=7
num_leaves=31
num_cat=0
split_feature=135 78 134 127 141 135 9 107 62 134 142 26 78 23 0 142 128 34 80 120 126 91 12 68 12 99 109 82 12 141
split_gain=380856 198136 234222 360222 356450 239999 176900 203116 177314 157309 261715 523998 186445 177965 280920 489112 162417 438774 157939 273457 290049 211733 319360 289020 435160 212650 163720 204561 179230 151820
threshold=-9.7499999999999982 540.75000000000011 238.75000000000003 354.75000000000006 89.250000000000014 -159.74999999999997 -204.24999999999997 -119.74999999999999 161.24384307861331 -23.249999999999996 -259.24999999999994 56.085142135620124 310.25000000000006 -376.24999999999994 -240.24999999999997 -161.74999999999997 -207.74999999999997 415.97978210449224 -405.24999999999994 274.25000000000006 93.250000000000014 -107.74999999999999 135.54453277587893 123.89466476440431 98.338066101074233 -119.24999999999999 -554.29748535156239 110.24975585937501 32.509262084960945 164.25000000000003
decision_type=2 2 2 2 2 2 2 2 2 2 2 2 2 2 2 2 2 2 2 2 2 2 2 2 2 2 2 2 2 2
left_child=1 9 3 6 -4 -5 -3 -8 -9 12 11 -11 13 14 -1 -16 17 -14 19 20 21 22 23 26 -25 -24 28 -28 -12 -2
right_child=29 2 4 5 -6 -7 7 8 -10 10 18 -13 16 -15 15 -17 -18 -19 -20 -21 -22 -23 25 24 -26 -27 27 -29 -30 -31
leaf_value=-0.39616837481924749 0.044086444875417602 3.6043775620914644 -2.7903212308883667 -9.6754031717777256 5.8863491452973467 -2.1075428334149446 -4.0318325278850704 -5.3070126011967664 -0.4802200877129712 -2.03087912020476 3.5859743138154352 8.1544924770082741 -8.9573450540502861 -0.08947211946772371 -8.135021049529314 -1.0740454248587292 -0.80071685899478884 -0.072183780688228033 -0.023240946593892475 5.0451184088533578 -3.7541605493426324 5.6778574830293662 -1.0310209124618106 8.8461022412335435 0.34376959415043107 -6.7308619594573971 0.94195920445092085 5.4244418400305285 -0.41828378019671819 0.53577897430651766
leaf_weight=2427 246387 21 20 20 29 22 52 20 391 23 30 28 24 36248 32 105 208 33 302507 33 40 20 90 27 34 20 444 27 408 1580
leaf_count=2427 246387 21 20 20 29 22 52 20 391 23 30 28 24 36248 32 105 208 33 302507 33 40 20 90 27 34 20 444 27 408 1580
internal_value=3.40433e-09 -0.0340985 -0.961471 -1.26947 2.34485 -5.71129 -0.884028 -1.08761 -0.715101 -0.032543 -0.0203941 3.56109 -0.126972 -0.117948 -0.520513 -2.72332 -1.44871 -3.8133 -0.0209956 0.558067 0.428179 0.580264 0.485864 0.775404 4.1071 -2.06736 0.551825 1.19892 -0.14402 0.0472194
internal_weight=591350 343383 575 526 49 42 484 463 411 342808 303731 51 39077 38812 2564 137 265 57 303680 1173 1140 1100 1080 970 61 110 909 471 438 247967
internal_count=591350 343383 575 526 49 42 484 463 411 342808 303731 51 39077 38812 2564 137 265 57 303680 1173 1140 1100 1080 970 61 110 909 471 438 247967
is_linear=0
shrinkage=0.05


Tree=8
num_leaves=31
num_cat=0
split_feature=134 113 15 0 9 106 120 134 136 135 4 45 141 5 77 50 142 67 136 141 113 4 145 13 142 141 122 57 0 115
split_gain=356913 176108 169850 402310 392389 430599 162689 297803 436195 298341 145874 237986 144162 242191 146659 143829 165752 162604 141223 476201 448585 124935 313175 120510 119395 133072 114463 106892 105731 106390
threshold=13.250000000000002 -37.249999999999993 -349.24999999999994 -240.24999999999997 -633.24999999999989 -135.24999999999997 -197.74999999999997 177.25000000000003 100.75000000000001 -216.24999999999997 -184.52999877929685 -499.74999999999994 109.25000000000001 88.844802856445327 279.75000000000006 -440.74999999999994 -60.749999999999993 -411.58500671386713 31.750000000000004 179.25000000000003 139.25000000000003 105.32249832153322 123.42845535278322 13.367077827453615 -135.74999999999997 81.750000000000014 -251.74999999999997 597.00000000000011 138.75000000000003 -79.249999999999986
decision_type=2 2 2 2 2 2 2 2 2 2 2 2 2 2 2 2 2 2 2 2 2 2 2 2 2 2 2 2 2 2
left_child=1 2 3 10 5 -4 7 15 9 -9 -1 26 14 23 27 17 24 -2 19 -8 -21 22 -16 -14 -17 -26 -12 -3 -23 -30
right_child=6 12 4 -5 -6 -7 18 8 -10 -11 11 -13 13 -15 21 16 -18 -19 -20 20 -22 28 -24 -25 25 -27 -28 -29 29 -31
leaf_value=-0.34224432168492264 0.90419816843100964 -0.020649271016888543 9.3418726340584133 -6.9787196839849166 -0.10833464680528598 -0.56095434824625656 0.019318829799039011 11.208473939787259 -0.068699937913475978 2.8766566004071916 -6.9621195563903235 -0.77358947317490634 2.4122695753448888 6.1405469741821292 -0.29172711445243804 1.782671707326716 0.67163173198833592 5.0362753555692485 0.10191957461705475 -0.25341986309398307 -10.469996802012126 2.7211116524843071 -5.2174199640750887 -1.6246889995204079 -1.3962539337832354 -5.830873987220583 -2.3549638824803489 2.8252307932033687 -2.9054968557574536 -0.36310128815237463
leaf_weight=2111 133 232840 23 24 48983 21 241504 22 41 21 26 174 38 25 91 22 223 29 63996 22 21 26 50 36 87 21 28 33 44 635
leaf_count=2111 133 232840 23 24 48983 21 241504 22 41 21 26 174 38 25 91 22 223 29 63996 22 21 26 50 36 87 21 28 33 44 635
internal_value=5.09829e-09 -0.0402448 -0.124051 -0.538098 -0.104095 4.61552 0.0374928 0.860701 3.62118 7.13945 -0.472012 -1.6735 -0.0218252 1.88577 -0.0226333 0.410448 -0.155608 1.64389 0.035879 0.0183821 -5.24291 -0.679764 -2.03843 0.448344 -1.57464 -2.25854 -4.57322 -0.020246 -0.408032 -0.527852
internal_weight=591350 285208 51390 2363 49027 44 306142 599 84 43 2339 228 233818 99 233719 515 353 162 305543 241547 43 846 141 74 130 108 54 232873 705 679
internal_count=591350 285208 51390 2363 49027 44 306142 599 84 43 2339 228 233818 99 233719 515 353 162 305543 241547 43 846 141 74 130 108 54 232873 705 679
is_linear=0
shrinkage=0.05


Tree=9
num_leaves=31
num_cat=0
split_feature=135 78 134 127 141 134 127 141 135 114 118 107 41 103 134 142 141 141 140 0 50 141 106 128 138 52 135 121 100 141
split_gain=326015 188526 237589 264374 427170 244111 217809 207350 191151 174348 301699 153635 132182 149425 112122 220975 459068 258956 189214 211148 274260 162215 154699 122827 116968 171583 111207 102818 101141 394069
threshold=-24.749999999999996 540.75000000000011 184.25000000000003 177.75000000000003 113.25000000000001 114.25000000000001 155.75000000000003 58.750000000000007 -62.249999999999993 11.750000000000002 -403.68386840820307 -119.74999999999999 165.93989562988284 156.87112426757815 -69.749999999999986 -178.24999999999997 118.25000000000001 1.2500000000000002 -168.24999999999997 130.75000000000003 50.250000000000007 14.750000000000002 280.25000000000006 -188.24999999999997 134.78519439697268 -186.74999999999997 157.75000000000003 241.75000000000003 168.75000000000003 341.25000000000006
decision_type=2 2 2 2 2 2 2 2 2 2 2 2 2 2 2 2 2 2 2 2 2 2 2 2 2 2 2 2 2 2
left_child=1 14 3 6 5 27 11 -4 -9 26 -11 -3 -13 -14 22 16 17 -16 21 20 24 -19 -1 -23 25 -20 -2 -5 29 -12
right_child=9 2 7 4 -6 -7 -8 8 -10 10 28 12 13 -15 15 -17 -18 18 19 -21 -22 23 -24 -25 -26 -27 -28 -29 -30 -31
leaf_value=-0.24629155120748325 0.0042406762342995178 -3.5615153253662819 -1.9292567560749672 -1.6370106692115467 -9.7165824239904239 -5.4062873827086557 3.7945569286569958 5.3801428635915123 -0.53561241626739509 5.0908371829986576 0.064324372577425168 -4.1477132797241216 -0.82736238662538852 2.4050228638119169 5.3600755122991712 -0.043078727585110846 6.7813391195500605 1.8659964773965918 -2.2189005600081551 -1.5216064126491549 7.6940403628349303 -6.0584874673323199 -3.6291393255486208 -1.4651461285214094 3.7129888359705614 3.5572023630142215 3.3391802406311037 2.4908153588121591 0.27541126398621679 6.7567918024279852
leaf_weight=5629 257107 51 31 48 22 36 25 36 22 30 115037 23 174 45 26 206581 34 23 36 50 20 22 34 43 30 20 25 22 6046 22
leaf_count=5629 257107 51 31 48 22 36 25 36 22 30 115037 23 174 45 26 206581 34 23 36 50 20 22 34 43 30 20 25 22 6046 22
internal_value=-2.02213e-09 -0.0494642 -0.98688 -1.45757 -3.37633 -2.06042 -0.685238 1.37185 3.13624 0.0278639 0.0773203 -1.06747 -0.54187 -0.163174 -0.0471047 -0.0410964 1.30596 0.616465 0.110999 1.15675 2.42013 -1.74284 -0.266602 -3.01982 1.19364 -0.156007 0.00456492 -0.339694 0.0760784 0.065604
internal_weight=591350 213083 535 446 128 106 318 89 58 378267 121135 293 242 219 212548 206885 304 270 244 156 106 88 5663 65 86 56 257132 70 121105 115059
internal_count=591350 213083 535 446 128 106 318 89 58 378267 121135 293 242 219 212548 206885 304 270 244 156 106 88 5663 65 86 56 257132 70 121105 115059
is_linear=0
shrinkage=0.05


Tree=10
num_leaves=31
num_cat=0
split_feature=134 120 127 120 134 136 96 145 138 131 58 24 44 33 6 142 56 64 111 136 141 115 9 106 134 133 13 103 136 77
split_gain=302294 157847 230639 145306 262881 423023 178822 143715 140135 614160 135895 237694 304758 152679 143862 135750 121592 211023 188406 121211 425376 403748 116761 111016 151130 109713 147167 109582 105022 105015
threshold=13.250000000000002 -100.74999999999999 66.250000000000014 -197.74999999999997 184.25000000000003 88.250000000000014 90.660015106201186 98.211788177490249 83.769695281982436 67.688011169433608 -516.74999999999989 -550.74999999999989 -554.24999999999989 65.708999633789077 -657.00366210937489 -60.749999999999993 169.75000000000003 197.75000000000003 94.769699096679702 31.750000000000004 179.25000000000003 39.250000000000007 335.25000000000006 -2.7499999999999996 -34.749999999999993 -49.249999999999993 -145.98150634765622 134.79282379150393 -7.7499999999999991 265.25000000000006
decision_type=2 2 2 2 2 2 2 2 2 2 2 2 2 2 2 2 2 2 2 2 2 2 2 2 2 2 2 2 2 2
left_child=1 2 7 4 10 -6 -7 -1 9 -9 11 13 -13 14 -2 25 17 22 -18 20 -5 -22 23 -10 27 26 -12 -25 -15 -3
right_child=3 29 -4 19 5 6 -8 8 16 -11 15 12 -14 28 -16 -17 18 -19 -20 -21 21 -23 -24 24 -26 -27 -28 -29 -30 -31
leaf_value=-0.15657805840635444 5.4113362501968041 -0.0285400550693823 5.1150808763504036 0.017655261426448982 7.6037724675451006 3.0437024923471308 -3.2449547910690306 1.68023871836754 -0.70856027354329087 -9.9741109678149229 -1.1440210032463074 8.3940791060924536 0.2236067226954869 1.4782703899201894 -0.374366257304237 0.59096702826499203 -6.1586575150489811 4.6158319377899169 -1.0342439583489593 0.09416242509792766 -0.43787840138310968 -10.151482026576996 2.6482256557260242 -2.4587496711810433 3.8639015138149264 1.4233047915277659 -5.6822394702745527 2.2505192722593033 -2.9487618132821614 -0.51983502774359491
leaf_weight=6819 22 275518 20 241504 35 26 20 26 1487 20 80 25 21 21 21 241 24 20 71 63996 23 20 28 30 32 27 23 21 37 1092
leaf_count=6819 22 275518 20 241504 35 26 20 26 1487 20 80 25 21 21 21 241 24 20 71 63996 23 20 28 30 32 27 23 21 37 1092
internal_value=4.37076e-10 -0.0370376 -0.248018 0.034505 0.812493 3.46135 0.309504 -0.260522 -0.663476 -3.38687 0.39829 1.68486 4.66408 0.327992 2.58576 -0.111485 -0.590343 -0.488269 -2.32883 0.0329798 0.0167699 -4.95583 -0.55215 -0.609227 1.1704 -1.41372 -2.15741 -0.519639 -1.34587 -0.0304796
internal_weight=591350 285208 8598 306142 599 81 46 8578 1759 46 518 147 46 101 43 371 1713 1618 95 305543 241547 43 1598 1570 83 130 103 51 58 276610
internal_count=591350 285208 8598 306142 599 81 46 8578 1759 46 518 147 46 101 43 371 1713 1618 95 305543 241547 43 1598 1570 83 130 103 51 58 276610
is_linear=0
shrinkage=0.05


Tree=11
num_leaves=31
num_cat=0
split_feature=128 141 69 12 29 141 95 44 33 96 142 109 130 97 59 99 104 28 141 62 129 3 142 65 96 108 134 142 135 134
split_gain=282130 176626 352961 485129 350256 431284 294167 252875 184773 178254 192954 174447 378292 291361 385862 218530 197743 194848 206606 174302 159641 315408 220172 159197 155727 162554 151195 135326 188676 159895
threshold=-4.7499999999999991 184.75000000000003 236.67205047607425 156.0434265136719 271.75000000000006 230.50000000000003 802.91998291015636 497.50000000000006 70.392612457275405 82.407070159912124 -24.249999999999996 -34.427499771118157 33.012498855590827 -312.97901916503901 -42.749999999999993 -5.2499999999999991 -101.28050994873045 101.75000000000001 230.50000000000003 156.60370635986331 144.75000000000003 304.25000000000006 -88.749999999999986 -12.249999999999998 44.376817703247077 357.75000000000006 269.25000000000006 -59.749999999999993 -216.24999999999997 184.25000000000003
decision_type=2 2 2 2 2 2 2 2 2 2 2 2 2 2 2 2 2 2 2 2 2 2 2 2 2 2 2 2 2 2
left_child=20 -2 4 6 11 -6 8 -5 9 10 24 13 -13 15 16 -3 -15 18 -14 -19 27 22 -22 -16 -4 -26 -8 -1 29 -29
right_child=1 2 3 7 5 -7 26 -9 -10 -11 -12 12 17 14 23 -17 -18 19 -20 -21 21 -23 -24 -25 25 -27 -28 28 -30 -31
leaf_value=-0.12291447565900637 0.042459262803912518 -0.059072058200836192 0.024250468292406627 -8.9520876119534183 1.5194883584976198 11.461118385195732 -0.94582633972167973 -1.7982717287540435 1.1631043545665998 -5.4088935993966603 0.78625748383998872 7.2914751738309862 1.014547798381402 -1.4557119199207851 4.6765136661983675 7.1623627077449461 -8.238891077041627 -3.8323755989074706 5.9420904257231291 1.1248150454192867 -5.4626953887939456 -6.1949709637959804 0.17251280060181251 -0.37090769029054488 -1.424966567470914 -6.1552223514765503 3.8338578007160091 0.9389952431875046 -0.01717276787081096 5.0406968929149487
leaf_weight=32542 214881 20 56 21 24 20 21 30 158 21 125 32 52 21 21 22 22 25 36 61 20 30 130 61 42 32 78 198 342521 27
leaf_count=32542 214881 20 56 21 24 20 21 30 158 21 125 32 52 21 21 22 22 25 36 61 20 30 130 61 42 32 78 198 342521 27
internal_value=6.98222e-10 0.0455461 0.708176 -0.0851973 1.81928 6.03841 0.360576 -4.74396 -0.200442 -0.981023 -0.616375 1.32158 2.29516 0.120637 -1.08995 3.72358 -4.92618 1.3763 3.03036 -0.316229 -0.0261875 -1.51487 -0.578848 0.921725 -1.96506 -3.47048 2.81999 -0.0254735 -0.016222 1.4312
internal_weight=591350 215882 1001 584 417 44 533 51 434 276 255 373 206 167 125 42 43 174 88 86 375468 180 150 82 130 74 99 375288 342746 225
internal_count=591350 215882 1001 584 417 44 533 51 434 276 255 373 206 167 125 42 43 174 88 86 375468 180 150 82 130 74 99 375288 342746 225
is_linear=0
shrinkage=0.05


Tree=12
num_leaves=31
num_cat=0
split_feature=135 78 134 141 116 141 9 86 127 22 12 141 133 47 5 113 68 107 134 57 107 131 141 32 6 141 103 4 124 141
split_gain=262765 167472 205300 249073 189837 210035 180552 138303 277287 351402 316245 298255 128622 158243 126385 150136 149459 142766 125476 111064 197885 105744 215159 462111 342342 306969 239253 160671 166796 159372
threshold=-16.249999999999996 540.75000000000011 184.25000000000003 123.25000000000001 772.54748535156261 110.25000000000001 458.75000000000006 72.250000000000014 354.75000000000006 -512.49999999999989 71.213165283203139 297.25000000000006 76.250000000000014 78.865901947021499 39.864143371582038 265.75000000000006 123.89466476440431 -100.74999999999999 25.250000000000004 389.75000000000006 -122.74999999999999 156.54862976074222 209.75000000000003 29.332499504089359 -11.458782672882078 270.00000000000006 74.694763183593764 288.72499084472662 115.95867156982423 341.25000000000006
decision_type=2 2 2 2 2 2 2 2 2 2 2 2 2 2 2 2 2 2 2 2 2 2 2 2 2 2 2 2 2 2
left_child=1 -1 3 12 6 -6 -4 8 11 -10 -11 19 14 -14 -3 17 18 -16 -17 -2 -21 22 -9 24 -24 -26 -25 -28 -29 -23
right_child=7 2 4 -5 5 -7 -8 21 9 10 -12 -13 13 -15 15 16 -18 -19 -20 20 -22 29 23 26 25 -27 27 28 -30 -31
leaf_value=-0.033483772587277263 0.020002025785986335 -2.6865687704086305 2.167828757762909 -5.2100644287310152 0.42390715104562271 7.0053419199856855 -4.4701850868406749 0.11730069338471322 7.6434778433579673 -2.872656297683716 3.6599621350114995 -5.8030268409035424 -0.94270485436044094 -5.7687411160304629 -3.4827333044498525 -2.5740412123998007 3.9168178544725691 -0.23563331413613864 1.3863237547874452 -4.9386460508619043 -0.52939564627344893 -0.42930846192159572 -0.027197775386628653 -0.30618703376744444 3.7158777280287314 12.274737391471863 5.5903903270589899 -0.26638842590393558 3.8145415950389139 -4.3156274370078389
leaf_weight=278965 274955 60 20 38 27 22 21 35670 26 32 44 22 41 29 47 30 35 121 60 28 279 292 21 261 22 20 29 62 42 29
leaf_count=278965 274955 60 20 38 27 22 21 35670 26 32 44 22 41 29 47 30 35 121 60 28 279 292 21 261 22 20 29 62 42 29
internal_value=1.11311e-10 -0.0352038 -0.906041 -1.33248 1.27829 3.37884 -1.23213 0.0315553 0.0194413 2.62592 0.909386 0.0184755 -0.984141 -2.94206 -0.595885 -0.167759 1.14437 -1.14405 0.0662021 0.0189408 -0.931542 0.123084 0.131112 1.20913 5.18528 7.79153 0.573353 2.29937 1.38168 -0.780409
internal_weight=591350 279516 551 461 90 49 41 311834 275386 102 76 275284 423 70 353 293 125 168 90 275262 307 36448 36127 457 63 42 394 133 104 321
internal_count=591350 279516 551 461 90 49 41 311834 275386 102 76 275284 423 70 353 293 125 168 90 275262 307 36448 36127 457 63 42 394 133 104 321
is_linear=0
shrinkage=0.05


Tree=13
num_leaves=31
num_cat=0
split_feature=134 113 127 61 23 6 26 141 113 54 113 2 121 75 110 2 142 54 134 135 100 141 136 3 120 131 141 142 140 1
split_gain=244737 142086 185284 408941 199576 208797 396595 146983 194712 156832 136250 270016 171262 259892 238560 238958 217251 167182 246795 209567 218142 153118 135645 129605 127967 196403 125864 124159 122146 120161
threshold=12.250000000000002 -31.749999999999996 66.250000000000014 105.4906692504883 -376.24999999999994 -128.74163818359372 83.979385375976577 112.25000000000001 16.750000000000004 77.691387176513686 -235.74999999999997 237.75000000000003 -327.24999999999994 81.219623565673842 77.590263366699233 -222.24999999999997 -62.749999999999993 156.40227508544925 184.25000000000003 -216.24999999999997 -396.24999999999994 104.25000000000001 -38.749999999999993 -87.749999999999986 208.25000000000003 156.54862976074222 184.75000000000003 -161.74999999999997 -18.749999999999996 -108.24999999999999
decision_type=2 2 2 2 2 2 2 2 2 2 2 2 2 2 2 2 2 2 2 2 2 2 2 2 2 2 2 2 2 2
left_child=1 2 4 -4 5 26 -7 24 -9 -10 11 17 13 14 15 -12 22 18 27 -20 -21 -18 -15 29 -3 28 -1 -2 -26 -8
right_child=10 7 3 -5 -6 6 23 8 9 -11 12 -13 -14 16 -16 -17 21 -19 19 20 -22 -23 -24 -25 25 -27 -28 -29 -30 -31
leaf_value=-0.3846679591186607 4.2379125666618354 -0.015368709555065325 0.60607963174076407 8.3379379224777228 -0.086005816838841176 -8.9318431837856771 -0.91650812149047844 -0.8209456539154053 1.3030050864586464 6.8494552078247075 -5.158070114135743 6.0376942800438931 0.029378128311270159 -2.9876368795122423 3.8102947867277899 1.5673487893704858 1.691229419231415 -2.4165937429004245 7.0816300125122069 -0.69817723441672952 5.3907154252131786 -3.8426238479614256 -8.5457085443579626 2.3598785066604613 0.060713267238701102 -4.5183818365006072 -4.1808804035186773 0.23021537973098521 -3.8082419991493226 -4.8848393087033877
leaf_weight=2901 20 216950 118 20 55630 20 65 35 26 25 25 23 314365 21 33 28 25 45 25 38 24 25 23 20 136 38 22 573 24 27
leaf_count=2901 20 216950 118 20 55630 20 65 35 26 25 25 23 314365 21 33 28 25 45 25 38 24 25 23 20 136 38 22 573 24 27
internal_value=1.08561e-09 -0.034376 -0.10331 1.72664 -0.107614 -0.501082 -2.44623 -0.0157098 2.05095 4.02185 0.0300981 0.704116 0.0284953 -1.51335 0.47295 -1.60502 -3.3306 0.534913 0.730234 3.21709 1.65881 -1.0757 -5.89299 -1.28809 -0.0165283 -1.28707 -0.41324 0.365382 -0.51963 -2.08113
internal_weight=591350 276057 58823 138 58685 3055 132 217234 86 51 315293 748 314545 180 86 53 94 725 680 87 62 50 44 112 217148 198 2923 593 160 92
internal_count=591350 276057 58823 138 58685 3055 132 217234 86 51 315293 748 314545 180 86 53 94 725 680 87 62 50 44 112 217148 198 2923 593 160 92
is_linear=0
shrinkage=0.05


Tree=14
num_leaves=31
num_cat=0
split_feature=128 97 85 100 142 135 141 57 115 119 127 111 87 141 4 136 116 133 134 86 142 122 136 134 141 69 117 145 30 52
split_gain=228885 158693 630246 135805 129938 165060 203773 301756 316305 156727 208654 200246 187797 180160 171998 135021 259544 178238 237743 184402 147788 141985 132648 131346 118042 485997 536682 489532 429108 420041
threshold=4.7500000000000009 -468.99746704101557 34.250000000000007 -45.249999999999993 -59.749999999999993 -216.24999999999997 209.75000000000003 262.25000000000006 -22.249999999999996 329.25000000000006 251.75000000000003 236.07912445068362 -28.749999999999996 96.750000000000014 260.45500183105474 77.250000000000014 -266.19248962402338 96.750000000000014 217.75000000000003 99.250000000000014 -87.249999999999986 26.750000000000004 104.25000000000001 184.25000000000003 209.75000000000003 236.67205047607425 156.9338073730469 156.71107482910159 525.75000000000011 -57.249999999999993
decision_type=2 2 2 2 2 2 2 2 2 2 2 2 2 2 2 2 2 2 2 2 2 2 2 2 2 2 2 2 2 2
left_child=4 2 3 -2 9 23 -7 8 -8 10 15 12 -12 14 -11 17 -17 18 -1 20 -19 22 -18 -6 -3 29 27 -27 -28 -26
right_child=1 24 -4 -5 5 6 7 -9 -10 13 11 -13 -14 -15 -16 16 21 19 -20 -21 -22 -23 -24 -25 25 26 28 -29 -30 -31
leaf_value=-0.104670680844633 -0.029657051111712601 0.049208891927438436 9.0540424903233845 4.3330603408813477 0.89759041625592451 -0.010377066109701013 -1.8254601788325389 3.2435173711180689 -9.0712466073036193 -5.0333052992820742 1.8252940868509229 -1.1786633387207985 8.1232380233705044 -6.3385788105800751 0.33212554353778651 -5.073624622821808 -1.0128209584099908 -5.8919791793823251 4.4244805960819642 1.7140947421391806 -1.151233849986907 -3.4800708142419658 3.6043642231396271 4.6151235262552897 -2.1080178034611237 -0.041126744305233352 -9.2380217022365994 6.8524047919682092 -1.1203029586047661 3.6017910744692827
leaf_weight=32817 165 145887 24 20 198 411055 61 20 20 20 29 24 20 20 59 40 35 35 29 21 31 24 28 27 39 321 27 28 41 185
leaf_count=32817 165 145887 24 20 198 411055 61 20 20 20 29 24 20 20 59 40 35 35 29 21 31 24 28 27 39 321 27 28 41 185
internal_value=3.28979e-09 0.0541474 1.43093 0.441988 -0.0178704 -0.0101879 -0.0109288 -2.25651 -3.61454 -0.112973 -0.107037 2.56316 4.39588 -2.09942 -1.02621 -0.112933 -1.7401 -0.106658 -0.100672 -2.3668 -3.66527 -0.207451 1.03926 1.34369 0.0521836 0.729213 -0.27984 0.511936 -4.34351 2.60767
internal_weight=591350 146737 209 185 444613 411381 411156 101 81 33232 33133 73 49 99 79 33060 127 32933 32846 87 66 87 63 225 146528 641 417 349 68 224
internal_count=591350 146737 209 185 444613 411381 411156 101 81 33232 33133 73 49 99 79 33060 127 32933 32846 87 66 87 63 225 146528 641 417 349 68 224
is_linear=0
shrinkage=0.05


Tree=15
num_leaves=31
num_cat=0
split_feature=135 78 134 141 127 142 23 101 41 86 127 12 19 12 37 141 79 107 141 113 96 13 23 129 100 140 140 117 77 120
split_gain=216516 147669 192550 307087 264432 230893 139167 181388 130552 130030 281255 343939 188185 255793 172904 117652 269111 177792 111064 198981 138108 110976 101116 172955 156252 146019 213061 124772 102939 102015
threshold=-24.749999999999996 540.75000000000011 238.75000000000003 98.750000000000014 354.75000000000006 -103.74999999999999 -67.249999999999986 132.25000000000003 208.11502075195315 134.25000000000003 354.75000000000006 110.36544418334962 47.648298263549812 63.886116027832038 -191.24999999999997 246.75000000000003 -76.749999999999986 107.25000000000001 209.75000000000003 152.75000000000003 67.645248413085952 268.19511413574224 540.25000000000011 -168.24999999999997 -198.74999999999997 13.250000000000002 8.7500000000000018 134.52573394775393 501.50000000000006 381.25000000000006
decision_type=2 2 2 2 2 2 2 2 2 2 2 2 2 2 2 2 2 2 2 2 2 2 2 2 2 2 2 2 2 2
left_child=1 22 4 -4 6 -6 -3 -8 -9 10 15 12 -12 -14 -13 18 -17 -18 -2 -20 -21 -10 28 -24 -25 26 -26 -27 29 -1
right_child=9 2 3 -5 5 -7 7 8 21 -11 11 14 13 -15 -16 16 17 -19 19 20 -22 -23 23 24 25 27 -28 -29 -30 -31
leaf_value=-0.040308448029936474 0.015960135689859354 2.663283834634004 -1.2918838924831815 6.8824557495117196 -8.8582932174205791 -1.2607054258883001 -2.9754440561888069 -4.2031281162730671 3.3853626728057864 0.16944977877299247 4.249856360142048 9.447141098976136 -5.040931644647018 1.4409105290306941 2.9512335232325966 -5.9674049818957293 2.3196442566599162 -3.3393911304681199 -0.84139613382359768 6.545175067238187 1.6600116549394071 -0.46761246132223233 4.2301759043708449 -3.1239574292610435 0.52917619988773812 0.91051697566801204 -4.6649062372389301 4.8192501273964137 -2.4310471698972917 1.2597679786334766
leaf_weight=211856 363421 27 27 20 20 20 94 22 20 14517 26 20 23 45 21 27 35 23 47 23 39 285 32 29 330 49 21 35 45 151
leaf_count=211856 363421 27 27 20 20 20 94 22 20 14517 26 20 23 45 21 27 35 23 47 23 39 285 32 29 330 49 21 35 45 151
internal_value=2.28851e-09 -0.0403104 -0.869955 2.18656 -1.16433 -5.0595 -0.81655 -1.03972 -0.483276 0.0227074 0.016851 2.29863 0.63187 -0.751477 6.11997 0.0160039 -1.84398 0.075544 0.0164388 1.61224 3.47225 -0.214958 -0.0382221 0.674849 0.429654 0.666561 0.218419 2.53916 -0.03989 -0.0393825
internal_weight=591350 213083 535 47 488 40 448 421 327 378267 363750 135 94 68 41 363615 85 58 363530 109 62 305 212548 496 464 435 351 84 212052 212007
internal_count=591350 213083 535 47 488 40 448 421 327 378267 363750 135 94 68 41 363615 85 58 363530 109 62 305 212548 496 464 435 351 84 212052 212007
is_linear=0
shrinkage=0.05


Tree=16
num_leaves=31
num_cat=0
split_feature=136 121 141 141 136 114 126 126 96 12 85 8 135 99 119 4 93 127 12 134 5 103 141 141 107 30 80 3 38 122
split_gain=204985 147069 249397 162473 297032 166606 161267 160682 197090 210657 280519 158154 402887 184593 118687 131285 104248 314782 429411 458732 269204 203850 216624 213142 182735 174255 160120 144809 170565 134916
threshold=17.250000000000004 -46.749999999999993 179.25000000000003 100.75000000000001 -56.749999999999993 -281.74999999999994 233.25000000000003 294.25000000000006 41.028360366821296 72.926853179931655 520.25000000000011 -543.24999999999989 -110.24999999999999 106.25000000000001 66.250000000000014 139.50000000000003 172.25000000000003 354.75000000000006 64.420429229736342 343.25000000000006 49.351051330566413 101.80903625488283 297.25000000000006 341.25000000000006 -162.74999999999997 64.750000000000014 -243.24999999999997 227.75000000000003 -177.74999999999997 -120.74999999999999
decision_type=2 2 2 2 2 2 2 2 2 2 2 2 2 2 2 2 2 2 2 2 2 2 2 2 2 2 2 2 2 2
left_child=1 -1 3 5 -5 -3 14 11 -9 -10 -11 12 -7 -14 -6 -16 17 21 20 -20 -19 23 25 -2 -18 27 -27 -23 -29 -28
right_child=16 2 -4 4 6 7 -8 8 9 10 -12 -13 13 -15 15 -17 24 18 19 -21 -22 22 -24 -25 -26 26 29 28 -30 -31
leaf_value=-0.062193840183696031 0.055635411054867849 -4.0805590953826911 -5.0952509067952638 5.6049480434826444 -0.12828265476226805 7.178156107205611 -2.9217521258762904 -6.2875234338641164 0.72535468470808628 0.49476287581703882 -7.3217453191677739 0.0011491415983570427 -0.49569959168080929 2.7308403143377014 4.8146483891540104 0.33608794649442042 4.7980893693187019 2.3717374008277368 1.6921265116909094 8.9644316714150563 -4.4410847904353306 -0.12117772830766281 -5.4547590661048888 4.6728697321414954 0.23365163257671751 -4.8970058863813231 2.302898472471115 5.6399718093872071 0.77545331834436781 -0.67287891534551669
leaf_weight=123380 115224 25 24 35 75 26 28 20 74 22 24 340004 135 66 36 30 22 29 57 35 29 3370 20 25 6641 22 39 20 182 1631
leaf_count=123380 115224 25 24 35 75 26 28 20 74 22 24 340004 135 66 36 30 22 29 57 35 29 3370 20 25 6641 22 39 20 182 1631
internal_value=-3.96538e-09 -0.015422 0.00151957 0.00187871 1.41251 0.00103331 0.544259 0.0013331 -1.69222 -0.92634 -3.58342 0.00202998 1.32136 0.563761 1.23254 2.77894 0.0561924 0.0455626 2.33463 4.45876 -1.03467 0.0427139 -0.260961 0.056637 0.248723 -0.241228 -0.659212 -0.0432354 1.25709 -0.603385
internal_weight=591350 464004 340624 340600 204 340396 169 340371 140 120 46 340231 227 201 141 66 127346 120683 150 92 58 120533 5284 115249 6663 5264 1692 3572 202 1670
internal_count=591350 464004 340624 340600 204 340396 169 340371 140 120 46 340231 227 201 141 66 127346 120683 150 92 58 120533 5284 115249 6663 5264 1692 3572 202 1670
is_linear=0
shrinkage=0.05


Tree=17
num_leaves=31
num_cat=0
split_feature=141 84 116 140 142 127 142 131 141 54 10 138 61 47 61 142 141 96 136 101 12 54 41 129 127 110 131 56 80 99
split_gain=189167 161025 203854 312427 143356 134823 106104 159463 216677 201630 185964 168634 194018 254822 217757 175116 168610 923622 188140 131601 196043 333409 244153 473725 176492 754587 169970 284308 300260 233310
threshold=23.250000000000004 464.25000000000006 541.81002807617199 -88.749999999999986 -22.249999999999996 104.25000000000001 -59.249999999999993 68.357517242431655 454.00000000000006 37.499446868896491 -578.74999999999989 66.460681915283217 49.017982482910163 43.170246124267585 55.384887695312507 -68.749999999999986 297.25000000000006 116.13439559936525 238.25000000000003 306.75000000000006 75.688407897949233 72.855144500732436 368.27226257324224 180.25000000000003 354.75000000000006 156.61347198486331 156.54862976074222 238.75000000000003 -222.24999999999997 79.250000000000014
decision_type=2 2 2 2 2 2 2 2 2 2 2 2 2 2 2 2 2 2 2 2 2 2 2 2 2 2 2 2 2 2
left_child=1 4 3 -3 -1 -4 7 10 9 -9 -2 -12 13 15 -14 -13 18 -18 -11 24 21 -21 23 -23 26 -26 -8 28 -28 -29
right_child=6 2 5 -5 -6 -7 19 8 -10 16 11 12 14 -15 -16 -17 17 -19 -20 20 -22 22 -24 -25 25 -27 27 29 -30 -31
leaf_value=-0.058062302952669155 3.4871152208216731 -8.7877237999439242 -1.8635116432394303 -1.6008478600171305 0.0037872981906618176 1.8090532153260472 0.049301595159165795 1.7568160841070073 5.2322014451026924 -0.017576726967011288 -0.26778573247246806 -0.47538752421163599 1.7658031494557105 -5.4003676904331561 -1.2263728824641671 -5.4810519746371682 3.9596349542339646 -9.9119605382283531 4.6141828970475629 0.4312224542103909 1.1909646288966345 -0.8293315726731505 -0.44786397780884396 -9.8409873809814457 -0.14295040351759283 8.0799030608601043 -1.4807839755365189 -5.4604060816210378 0.808236925969819 -1.3915337829712111
leaf_weight=145498 31 20 49 62 263099 51 169411 163 20 6387 3265 104 79 55 264 21 24 24 22 925 628 35 88 25 124 36 235 43 367 195
leaf_count=145498 31 20 49 62 263099 51 169411 163 20 6387 3265 104 79 55 264 21 24 24 22 925 628 35 88 25 124 36 235 43 367 195
internal_value=-1.91642e-09 -0.0188991 -1.50581 -3.35374 -0.0182368 0.00949643 0.0423154 -0.11231 0.0357528 0.0200536 -0.369742 -0.401306 -1.23485 -2.56424 -0.537213 -1.31634 -0.0237891 -2.97616 -0.00167741 0.0517118 0.489326 0.0786742 -2.12475 -4.58419 0.0473436 1.70719 0.0457837 -0.6637 -0.0853177 -2.12667
internal_weight=591350 408779 182 82 408597 100 182571 10459 6640 6620 3819 3788 523 180 343 125 6457 48 6409 172112 1701 1073 148 60 170411 160 170251 840 602 238
internal_count=591350 408779 182 82 408597 100 182571 10459 6640 6620 3819 3788 523 180 343 125 6457 48 6409 172112 1701 1073 148 60 170411 160 170251 840 602 238
is_linear=0
shrinkage=0.05


Tree=18
num_leaves=31
num_cat=0
split_feature=120 135 99 37 68 141 141 86 114 88 142 142 125 85 110 136 115 131 128 100 4 141 134 114 13 44 44 100 36 51
split_gain=180165 105973 382873 470282 259951 146945 436525 185589 104512 178864 209452 150899 124843 1.39999e+06 171856 184252 173216 154562 247076 316084 334320 260670 213744 214646 294202 238087 264964 314224 223639 183075
threshold=13.750000000000002 -216.24999999999997 373.75000000000006 410.25000000000006 68.978466033935561 80.250000000000014 144.75000000000003 -233.24999999999997 -202.74999999999997 449.84748840332037 -135.74999999999997 -109.24999999999999 -381.10105895996088 47.250000000000007 134.64286041259768 -12.749999999999998 110.25000000000001 156.54862976074222 139.75000000000003 209.75000000000003 921.38250732421886 341.25000000000006 62.750000000000007 4.7500000000000009 -518.66873168945301 -344.74999999999994 55.750000000000007 79.750000000000014 627.75000000000011 486.75000000000006
decision_type=2 2 2 2 2 2 2 2 2 2 2 2 2 2 2 2 2 2 2 2 2 2 2 2 2 2 2 2 2 2
left_child=-1 2 5 -4 -5 7 -7 -2 9 10 -3 -12 13 14 -10 -16 -17 -14 22 20 -20 29 -19 -24 -25 -26 -27 -28 -29 -21
right_child=1 8 3 4 -6 6 -8 -9 12 -11 11 -13 17 -15 15 16 -18 18 19 21 -22 -23 23 24 25 26 27 28 -30 -31
leaf_value=-0.028157440737173623 -3.3424564820798963 -3.7504950876037277 -9.2851255295729196 3.3171205806732176 -4.1463715280805316 7.0792924976348877 -2.8312175369262698 0.39336884815574574 -1.7700252262609348 2.9157488893818213 3.2538509116527887 0.3364170411113257 0.027766358527059901 13.826344923973085 4.3558701886372138 -2.2330288989151397 2.983993978683765 0.26872142778860558 1.4558644253192312 -2.0332164027188955 8.5625643901202988 -5.6733950898760845 -2.432432213822048 2.4337926691228695 -5.6245103648730685 1.6251193695219166 -4.5074439624513403 -2.69356796888456 0.87596590204672387 2.6339478259390976
leaf_weight=289746 44 30 27 20 28 25 20 136 84 74 47 778 298986 20 33 41 26 296 59 38 23 21 272 66 28 83 69 73 110 47
leaf_count=289746 44 30 27 20 28 25 20 136 84 74 47 778 298986 20 33 41 26 296 59 38 23 21 272 66 28 83 69 73 110 47
internal_value=9.37311e-10 0.0270504 -0.912221 -4.00606 -1.03658 0.119058 2.67462 -0.519833 0.0279856 0.557496 0.35339 0.502622 0.0263479 1.26283 -0.102765 1.29773 -0.208513 0.0255076 -0.544398 1.11823 3.44921 -0.684981 -0.857913 -1.33364 -0.636967 -1.19529 -0.825083 -1.63209 -0.547947 0.547451
internal_weight=591350 301604 300 75 48 225 45 180 301304 929 855 825 300375 204 184 100 67 300171 1185 188 82 106 997 701 429 363 335 252 183 85
internal_count=591350 301604 300 75 48 225 45 180 301304 929 855 825 300375 204 184 100 67 300171 1185 188 82 106 997 701 429 363 335 252 183 85
is_linear=0
shrinkage=0.05


Tree=19
num_leaves=31
num_cat=0
split_feature=127 129 131 134 135 136 135 131 119 145 94 71 29 30 135 110 47 141 129 136 141 142 141 140 133 135 134 120 121 141
split_gain=169191 155327 157296 153627 434492 287783 126884 354769 501773 213219 141396 220097 120954 222089 156981 142318 643390 150900 110419 108842 268889 174554 160285 277152 261985 176989 197286 167565 129472 120153
threshold=-6.7499999999999991 -217.74999999999997 134.67639160156253 217.75000000000003 -191.24999999999997 116.75000000000001 -216.24999999999997 105.50088500976564 225.75000000000003 116.07548904418947 37.250000000000007 -144.24999999999997 -226.74999999999997 -468.24999999999994 -150.24999999999997 35.605785369873054 38.321916580200202 209.75000000000003 13.250000000000002 30.250000000000004 184.75000000000003 -259.24999999999994 98.750000000000014 -44.249999999999993 -47.249999999999993 -46.749999999999993 78.250000000000014 48.750000000000007 1.0000000180025095e-35 121.25000000000001
decision_type=2 2 2 2 2 2 2 2 2 2 2 2 2 2 2 2 2 2 2 2 2 2 2 2 2 2 2 2 2 2
left_child=3 2 -2 12 5 -5 7 9 10 18 11 -9 15 14 -14 16 -1 -17 -3 20 22 -21 -8 24 -24 26 29 -26 -27 -25
right_child=1 6 -4 4 -6 -7 19 8 -10 -11 -12 -13 13 -15 -16 17 -18 -19 -20 21 -22 -23 23 25 27 28 -28 -29 -30 -31
leaf_value=0.14796868066109317 0.053855884552001958 1.1476790106432004 5.7208351234594979 9.1771940459807713 -1.8656659068288031 1.0562157773971559 0.0039890665150802947 0.30915559743131915 -7.8959070821603135 5.1235792294740676 1.3031093436479571 -6.2919932158096978 6.7553419041633607 -0.039803652371212493 0.91085863003024348 -0.27513534711041288 8.1066167127203066 -3.6136326305129951 -3.1906956573778933 4.7444361591339108 -4.3775520358766826 0.072626110123895124 8.2952823531898598 1.6565602383830331 -1.4007678767909175 0.18522174771489769 -3.4657107708500883 4.3140228008401804 2.3858083063075619 -1.651358194934561
leaf_weight=427 25 44 24 24 37 20 388966 28 36 25 40 23 20 127069 27 7544 27 34 22 20 35 66326 22 66 23 145 51 29 124 47
leaf_count=427 25 44 24 24 37 20 388966 28 36 25 40 23 20 127069 27 7544 27 34 22 20 35 66326 22 66 23 145 51 29 124 47
internal_value=1.43949e-12 0.0145623 2.82952 -0.0491181 2.12774 5.48584 0.0142599 -1.19172 -2.89912 1.19112 -0.922364 -2.66783 -0.0504227 -0.0385326 3.39787 -0.238599 0.62128 -0.290114 -0.298446 0.0148366 0.0047533 0.0740344 0.00514711 0.893591 3.72142 0.410312 -0.884342 1.78633 1.19962 0.2807
internal_weight=591350 456121 49 135229 81 44 456072 218 127 91 91 51 135148 127116 47 8032 454 7578 66 455854 389508 66346 389473 507 74 433 164 52 269 113
internal_count=591350 456121 49 135229 81 44 456072 218 127 91 91 51 135148 127116 47 8032 454 7578 66 455854 389508 66346 389473 507 74 433 164 52 269 113
is_linear=0
shrinkage=0.05


Tree=20
num_leaves=31
num_cat=0
split_feature=141 84 116 140 113 127 31 127 142 98 93 95 54 5 145 115 136 142 141 54 100 139 83 142 131 141 40 10 5 113
split_gain=157052 140812 179583 270103 126961 122265 112108 382733 110921 246418 190525 248447 154179 155067 141375 288517 212863 151448 124037 102754 107461 95797.1 159794 92961.2 143602 198010 187149 169459 168616 155863
threshold=23.250000000000004 464.25000000000006 541.81002807617199 -88.749999999999986 -19.749999999999996 104.25000000000001 -536.24999999999989 116.25000000000001 -204.74999999999997 -280.24999999999994 -417.24999999999994 -392.24749755859369 66.411975860595717 116.34150695800783 156.71107482910159 -187.74999999999997 -115.74999999999999 -103.74999999999999 4.2500000000000009 101.86300659179689 -198.74999999999997 -98.771579742431626 -178.61511230468747 -59.249999999999993 68.357517242431655 454.00000000000006 35.138465881347663 -578.74999999999989 32.114301681518562 -119.74999999999999
decision_type=2 2 2 2 2 2 2 2 2 2 2 2 2 2 2 2 2 2 2 2 2 2 2 2 2 2 2 2 2 2
left_child=1 4 3 -3 8 -4 7 19 9 10 12 -12 18 -14 -10 16 -16 -17 -1 -6 -21 22 -11 24 27 26 28 -2 29 -26
right_child=23 2 5 -5 6 -7 -8 -9 14 21 11 -13 13 -15 15 17 -18 -19 -20 20 -22 -23 -24 -25 25 -27 -28 -29 -30 -31
leaf_value=-1.5923768800497056 3.3312615582058509 -8.1946463441848749 -1.7690763095811921 -1.5122712551586091 -0.2725156934822307 1.7282598397311042 -0.0029211934926093525 7.7318667739629747 -0.069144003713482768 0.99420083562533057 -1.2351698526314328 -7.1512062173750666 -4.0549690231997912 0.95534824288409692 7.6258656460305918 -4.563048844678061 1.7346857727221821 1.5164638352394104 3.6904565782546999 5.2136562346341089 0.59475659649161727 2.984449983796766 -2.9873312241690502 0.047351709274091089 4.4512280168987459 5.0018997263908389 -0.019610677827733593 -0.38060052992270549 4.3934884560379119 -0.4294165430036751
leaf_weight=20 31 20 49 62 136 51 321986 20 85949 90 35 36 47 23 23 21 46 20 25 20 34 31 35 172112 21 20 6481 3788 44 74
leaf_count=20 31 20 49 62 136 51 321986 20 85949 90 35 36 47 23 23 21 46 20 25 20 34 31 35 172112 21 20 6481 3788 44 74
internal_value=1.49189e-09 -0.0172203 -1.40768 -3.14212 -0.016601 0.0145651 -0.00216798 1.15271 -0.0704227 -0.969098 -2.19823 -4.23485 -0.940841 -2.40872 -0.0668514 1.72451 3.69841 -1.59743 1.34253 0.460172 2.30546 0.496407 -0.120628 0.0385565 -0.106176 0.0343304 0.0193226 -0.35047 1.83462 0.649463
internal_weight=591350 408779 182 82 408597 100 322196 210 86401 342 186 71 115 70 86059 110 69 41 45 190 54 156 125 182571 10459 6640 6620 3819 139 95
internal_count=591350 408779 182 82 408597 100 322196 210 86401 342 186 71 115 70 86059 110 69 41 45 190 54 156 125 182571 10459 6640 6620 3819 139 95
is_linear=0
shrinkage=0.05


Tree=21
num_leaves=31
num_cat=0
split_feature=128 129 142 142 142 97 85 122 100 135 66 136 120 134 142 75 87 134 43 9 141 100 113 99 89 141 135 99 140 52
split_gain=147864 123412 244473 141230 145158 120472 528544 110541 108568 106691 188941 104246 201592 91521.1 261189 381581 157581 143645 135873 200660 164697 149824 139555 180702 150616 128085 235914 187715 130140 287482
threshold=4.7500000000000009 144.75000000000003 -80.749999999999986 -44.249999999999993 -35.249999999999993 -468.99746704101557 77.250000000000014 -6.7499999999999991 -35.749999999999993 67.250000000000014 -123.24999999999999 183.50000000000003 52.750000000000007 -8.7499999999999982 -178.24999999999997 156.44726562500003 456.75000000000006 116.25000000000001 -139.74999999999997 -633.24999999999989 202.75000000000003 -147.24999999999997 246.25000000000003 156.75000000000003 134.83832550048831 121.25000000000001 -125.24999999999999 18.750000000000004 -133.74999999999997 -66.249999999999986
decision_type=2 2 2 2 2 2 2 2 2 2 2 2 2 2 2 2 2 2 2 2 2 2 2 2 2 2 2 2 2 2
left_child=1 11 -3 7 -5 6 8 -4 -2 10 -6 13 -13 16 15 17 18 -15 20 21 22 -20 23 -1 -25 28 27 -27 29 -21
right_child=5 2 3 4 9 -7 -8 -9 -10 -11 -12 12 -14 14 -16 -17 -18 -19 19 25 -22 -23 -24 24 -26 26 -28 -29 -30 -31
leaf_value=-0.21023267133453871 0.0014799960578481357 -4.9232048427736439 4.0762705734142894 -5.2210012817382818 1.3343764598552998 0.041810093123750884 8.972639975547791 -0.86807853668928159 3.8146598043895907 1.4850735737727239 -4.3277848776649028 0.072873330634573227 -5.4353000778418323 0.044290708502133687 -0.003083468328423353 7.4785017543368868 -2.3973363904075491 4.4436444770706736 5.1881615461781623 0.39344837031290902 -3.6878594510695515 0.31090982960116481 -4.3761920750141146 0.69816040950162073 5.8050785129720524 1.5758005380630493 -1.6358507881647555 7.7889112520217898 -0.030665315950432599 -1.6834146679063466
leaf_weight=11987 168 37 26 20 26 146528 20 20 21 39 34 46 26 96 356193 27 72 23 32 308 34 31 20 42 22 31 29 20 75009 363
leaf_count=11987 168 37 26 20 26 146528 20 20 21 39 34 46 26 96 356193 27 72 23 32 308 34 31 20 42 22 31 29 20 75009 363
internal_value=8.26143e-11 -0.0143634 -1.24995 -0.426252 -1.33574 0.0435211 1.24311 1.92655 0.425167 -0.550839 -1.87418 -0.0138018 -1.91619 -0.0134935 -0.00221681 2.11216 -0.0591565 0.894586 -0.0572418 -0.0324074 -0.212799 2.78824 -0.203011 -0.196085 2.45366 -0.034753 1.96485 4.01231 -0.0368667 -0.7301
internal_weight=591350 444613 202 165 119 146737 209 46 189 99 60 444411 72 444339 356339 146 88000 119 87928 75823 12105 63 12071 12051 64 75760 80 51 75680 671
internal_count=591350 444613 202 165 119 146737 209 46 189 99 60 444411 72 444339 356339 146 88000 119 87928 75823 12105 63 12071 12051 64 75760 80 51 75680 671
is_linear=0
shrinkage=0.05


end of trees

feature_importances:
Column_141=70
Column_134=41
Column_142=39
Column_135=30
Column_127=23
Column_136=23
Column_113=15
Column_120=13
Column_12=12
Column_78=12
Column_128=11
Column_100=10
Column_131=10
Column_0=9
Column_107=9
Column_129=9
Column_140=9
Column_5=8
Column_96=8
Column_99=8
Column_6=7
Column_9=7
Column_23=7
Column_26=7
Column_54=7
Column_103=7
Column_121=7
Column_145=7
Column_2=6
Column_4=6
Column_29=6
Column_86=6
Column_114=6
Column_115=6
Column_13=5
Column_44=5
Column_57=5
Column_61=5
Column_75=5
Column_85=5
Column_106=5
Column_110=5
Column_122=5
Column_138=5
Column_16=4
Column_47=4
Column_50=4
Column_52=4
Column_77=4
Column_82=4
Column_116=4
Column_133=4
Column_3=3
Column_8=3
Column_30=3
Column_41=3
Column_68=3
Column_79=3
Column_80=3
Column_83=3
Column_87=3
Column_97=3
Column_101=3
Column_119=3
Column_126=3
Column_10=2
Column_19=2
Column_22=2
Column_24=2
Column_32=2
Column_33=2
Column_34=2
Column_36=2
Column_37=2
Column_43=2
Column_45=2
Column_56=2
Column_58=2
Column_62=2
Column_67=2
Column_69=2
Column_84=2
Column_89=2
Column_92=2
Column_93=2
Column_95=2
Column_108=2
Column_109=2
Column_111=2
Column_117=2
Column_118=2
Column_124=2
Column_1=1
Column_15=1
Column_21=1
Column_28=1
Column_31=1
Column_38=1
Column_40=1
Column_46=1
Column_51=1
Column_55=1
Column_59=1
Column_64=1
Column_65=1
Column_66=1
Column_71=1
Column_88=1
Column_91=1
Column_94=1
Column_98=1
Column_104=1
Column_123=1
Column_125=1
Column_130=1
Column_139=1

parameters:
[boosting: gbdt]
[objective: regression]
[metric: l2]
[tree_learner: serial]
[device_type: cpu]
[data_sample_strategy: bagging]
[data: ]
[valid: ]
[num_iterations: 1000]
[learning_rate: 0.05]
[num_leaves: 31]
[num_threads: 0]
[seed: 42]
[deterministic: 1]
[force_col_wise: 0]
[force_row_wise: 0]
[histogram_pool_size: -1]
[max_depth: -1]
[min_data_in_leaf: 20]
[min_sum_hessian_in_leaf: 0.001]
[bagging_fraction: 1]
[pos_bagging_fraction: 1]
[neg_bagging_fraction: 1]
[bagging_freq: 0]
[bagging_seed: 400]
[bagging_by_query: 0]
[feature_fraction: 1]
[feature_fraction_bynode: 1]
[feature_fraction_seed: 30056]
[extra_trees: 0]
[extra_seed: 12879]
[early_stopping_round: 0]
[early_stopping_min_delta: 0]
[first_metric_only: 0]
[max_delta_step: 0]
[lambda_l1: 0]
[lambda_l2: 0]
[linear_lambda: 0]
[min_gain_to_split: 0]
[drop_rate: 0.1]
[max_drop: 50]
[skip_drop: 0.5]
[xgboost_dart_mode: 0]
[uniform_drop: 0]
[drop_seed: 17869]
[top_rate: 0.2]
[other_rate: 0.1]
[min_data_per_group: 100]
[max_cat_threshold: 32]
[cat_l2: 10]
[cat_smooth: 10]
[max_cat_to_onehot: 4]
[top_k: 20]
[monotone_constraints: ]
[monotone_constraints_method: basic]
[monotone_penalty: 0]
[feature_contri: ]
[forcedsplits_filename: ]
[refit_decay_rate: 0.9]
[cegb_tradeoff: 1]
[cegb_penalty_split: 0]
[cegb_penalty_feature_lazy: ]
[cegb_penalty_feature_coupled: ]
[path_smooth: 0]
[interaction_constraints: ]
[verbosity: -1]
[saved_feature_importance_type: 0]
[use_quantized_grad: 0]
[num_grad_quant_bins: 4]
[quant_train_renew_leaf: 0]
[stochastic_rounding: 1]
[linear_tree: 0]
[max_bin: 255]
[max_bin_by_feature: ]
[min_data_in_bin: 3]
[bin_construct_sample_cnt: 200000]
[data_random_seed: 175]
[is_enable_sparse: 1]
[enable_bundle: 1]
[use_missing: 1]
[zero_as_missing: 0]
[feature_pre_filter: 1]
[pre_partition: 0]
[two_round: 0]
[header: 0]
[label_column: ]
[weight_column: ]
[group_column: ]
[ignore_column: ]
[categorical_feature: ]
[forcedbins_filename: ]
[precise_float_parser: 0]
[parser_config_file: ]
[objective_seed: 16083]
[num_class: 1]
[is_unbalance: 0]
[scale_pos_weight: 1]
[sigmoid: 1]
[boost_from_average: 1]
[reg_sqrt: 0]
[alpha: 0.9]
[fair_c: 1]
[poisson_max_delta_step: 0.7]
[tweedie_variance_power: 1.5]
[lambdarank_truncation_level: 30]
[lambdarank_norm: 1]
[label_gain: ]
[lambdarank_position_bias_regularization: 0]
[eval_at: ]
[multi_error_top_k: 1]
[auc_mu_weights: ]
[num_machines: 1]
[local_listen_port: 12400]
[time_out: 120]
[machine_list_filename: ]
[machines: ]
[gpu_platform_id: -1]
[gpu_device_id: -1]
[gpu_device_id_list: ]
[gpu_use_dp: 0]
[num_gpu: 1]

end of parameters

pandas_categorical:null
