tree
version=v4
num_class=1
num_tree_per_iteration=1
label_index=0
max_feature_idx=258
objective=regression
feature_names=Column_0 Column_1 Column_2 Column_3 Column_4 Column_5 Column_6 Column_7 Column_8 Column_9 Column_10 Column_11 Column_12 Column_13 Column_14 Column_15 Column_16 Column_17 Column_18 Column_19 Column_20 Column_21 Column_22 Column_23 Column_24 Column_25 Column_26 Column_27 Column_28 Column_29 Column_30 Column_31 Column_32 Column_33 Column_34 Column_35 Column_36 Column_37 Column_38 Column_39 Column_40 Column_41 Column_42 Column_43 Column_44 Column_45 Column_46 Column_47 Column_48 Column_49 Column_50 Column_51 Column_52 Column_53 Column_54 Column_55 Column_56 Column_57 Column_58 Column_59 Column_60 Column_61 Column_62 Column_63 Column_64 Column_65 Column_66 Column_67 Column_68 Column_69 Column_70 Column_71 Column_72 Column_73 Column_74 Column_75 Column_76 Column_77 Column_78 Column_79 Column_80 Column_81 Column_82 Column_83 Column_84 Column_85 Column_86 Column_87 Column_88 Column_89 Column_90 Column_91 Column_92 Column_93 Column_94 Column_95 Column_96 Column_97 Column_98 Column_99 Column_100 Column_101 Column_102 Column_103 Column_104 Column_105 Column_106 Column_107 Column_108 Column_109 Column_110 Column_111 Column_112 Column_113 Column_114 Column_115 Column_116 Column_117 Column_118 Column_119 Column_120 Column_121 Column_122 Column_123 Column_124 Column_125 Column_126 Column_127 Column_128 Column_129 Column_130 Column_131 Column_132 Column_133 Column_134 Column_135 Column_136 Column_137 Column_138 Column_139 Column_140 Column_141 Column_142 Column_143 Column_144 Column_145 Column_146 Column_147 Column_148 Column_149 Column_150 Column_151 Column_152 Column_153 Column_154 Column_155 Column_156 Column_157 Column_158 Column_159 Column_160 Column_161 Column_162 Column_163 Column_164 Column_165 Column_166 Column_167 Column_168 Column_169 Column_170 Column_171 Column_172 Column_173 Column_174 Column_175 Column_176 Column_177 Column_178 Column_179 Column_180 Column_181 Column_182 Column_183 Column_184 Column_185 Column_186 Column_187 Column_188 Column_189 Column_190 Column_191 Column_192 Column_193 Column_194 Column_195 Column_196 Column_197 Column_198 Column_199 Column_200 Column_201 Column_202 Column_203 Column_204 Column_205 Column_206 Column_207 Column_208 Column_209 Column_210 Column_211 Column_212 Column_213 Column_214 Column_215 Column_216 Column_217 Column_218 Column_219 Column_220 Column_221 Column_222 Column_223 Column_224 Column_225 Column_226 Column_227 Column_228 Column_229 Column_230 Column_231 Column_232 Column_233 Column_234 Column_235 Column_236 Column_237 Column_238 Column_239 Column_240 Column_241 Column_242 Column_243 Column_244 Column_245 Column_246 Column_247 Column_248 Column_249 Column_250 Column_251 Column_252 Column_253 Column_254 Column_255 Column_256 Column_257 Column_258
feature_infos=[-6725:9320] [-5880:9385] [-6934.5:8860] [-6627.5:9160] [-7021.26513671875:10667.0654296875] [151.30067443847656:1441.2490234375] [-6029.73388671875:9204.8779296875] [-6620:9160] [-6030:9275] [-6915:8960] [-6082.5:9155] [-6991.740234375:10634.08984375] [151.30067443847656:1441.2490234375] [-6032.4853515625:9147.84375] [-6087.5:9155] [-5745:9375] [-6677.5:9038] [-6087.5:9255] [-6964.60986328125:10593.615234375] [151.30067443847656:1441.2490234375] [-6002.7138671875:9056.67578125] [-6095:9255] [-5510:9370] [-6275:9051.5] [-5652.5:9160] [-6933.43505859375:10549.7099609375] [151.30067443847656:1441.2490234375] [-5966.46728515625:8934.9326171875] [-5647.5:9155] [-5182.5:9220] [-6060:8415] [-5575:8600] [-6899.56005859375:10502.009765625] [151.30067443847656:1441.2490234375] [-5908.37890625:8789.484375] [-5570:8600] [-5070:8715] [-5947.5:8396.5] [-5532.5:8505] [-6853.384765625:10453.3603515625] [151.30067443847656:1441.2490234375] [-5824.435546875:8724.8779296875] [-5530:8500] [-4847.5:8565] [-5945:7760] [-5697.5:8505] [-6808.8349609375:10401.4345703125] [151.30067443847656:1441.2490234375] [-5742.89599609375:8667.84375] [-5692.5:8502.5] [-5012.5:8847.5] [-5792.5:7932.5] [-5507.5:8820] [-6761.01513671875:10354.66015625] [151.30067443847656:1441.2490234375] [-5701.26904296875:8576.67578125] [-5502.5:8817.5] [-4835:8850] [-5602.5:8070] [-5285:8335] [-6712.9150390625:10308.91015625] [151.30067443847656:1441.2490234375] [-5642.74462890625:8454.9326171875] [-5277.5:8332.5] [-4955:8407.5] [-5800:7867.5] [-5615:7962.5] [-6662.56494140625:10261.8095703125] [151.30067443847656:1441.2490234375] [-5598.404296875:8309.484375] [-5615:7980] [-5122.5:8137.5] [-5967.5:7305] [-5782.5:7685] [-6614.0400390625:10212.6845703125] [151.30067443847656:1441.2490234375] [-5615.14013671875:8161.34912109375] [-5782.5:7687.5] [-5272.5:8002.5] [-5957.5:7322.5] [-5660:7622.5] [-6564.740234375:10162.4853515625] [151.30067443847656:1441.2490234375] [-5619.21826171875:8051.0166015625] [-5660:7617.5] [-5390:8115] [-5815:7312.5] [-5612.5:7435] [-6517.9599609375:10109.1845703125] [151.30067443847656:1441.2490234375] [-5618.607421875:7950.923828125] [-5610:7432.5] [-5552.5:7867.5] [-5975:6907.5] [-5605:6965] [-6468.634765625:10051.7353515625] [151.30067443847656:1441.2490234375] [-5617.37060546875:7836.7490234375] [-5562.5:6965] [-5452.5:7417.5] [-5788:6830] [-5452.5:7342.5] [-6415.43505859375:9995.53515625] [151.30067443847656:1441.2490234375] [-5602.38232421875:7745.2265625] [-5498:7340] [-5225:7402.5] [-5950:6695] [-5250:6857.5] [-6355.509765625:9938.2353515625] [151.30067443847656:1441.2490234375] [-5570.34765625:7656.5693359375] [-5250:6855] [-4895:7072.5] [-5620:6749.5] [-5370:6850] [-6320.93994140625:9875.134765625] [151.30067443847656:1441.2490234375] [-5503.49755859375:7571.0166015625] [-5365:6852.5] [-4782.5:6875] [-5465:6335] [-5085:6470] [-6283.76513671875:9809.7353515625] [151.30067443847656:1441.2490234375] [-5465.45263671875:7470.923828125] [-5077.5:6470] [-4957.5:6672.5] [-6055:6094.5] [-5807.5:6250] [-6254.240234375:9740.39453125] [151.30067443847656:1441.2490234375] [-5416.5478515625:7356.7490234375] [-5802.5:6250] [-5547.5:6637.5] [-6645:6100] [-6397.5:6350] [-6227.10986328125:9671.294921875] [151.30067443847656:1441.2490234375] [-5345.72509765625:7265.2265625] [-6392.5:6350] [-5712.5:6390] [-6492.5:6020] [-6082.5:6290] [-6195.93505859375:9600.0947265625] [151.30067443847656:1441.2490234375] [-5310.43212890625:7176.5693359375] [-6082.5:6285] [-5237.5:6360] [-6292:5625] [-5985:5740] [-6162.06005859375:9524.1201171875] [151.30067443847656:1441.2490234375] [-5255.16552734375:7045.97216796875] [-5977.5:5740] [-5387.5:6432.5] [-6272.5:5560] [-5440:5690] [-6115.884765625:9443.9697265625] [151.30067443847656:1441.2490234375] [-5169.01416015625:6917.7021484375] [-5445:5692.5] [-5102.5:5940] [-6035:5257.5] [-5445:5440] [-6071.3349609375:9356.794921875] [151.30067443847656:1441.2490234375] [-5092.740234375:6768.36572265625] [-5452.5:5440] [-4460:6047.5] [-5632.5:5185] [-4667.5:5540] [-6023.51513671875:9263.5947265625] [151.30067443847656:1441.2490234375] [-5019.763671875:6656.69580078125] [-4660:5540] [-4540:5845] [-5417.5:5095] [-4775:5372.5] [-5975.4150390625:9172.044921875] [151.30067443847656:1441.2490234375] [-4908.8759765625:6539.95068359375] [-4770:5372.5] [-4427.5:6160] [-5305:5205] [-4890:5650] [-5925.06494140625:9079.599609375] [151.30067443847656:1441.2490234375] [-4716.47802734375:6408.13720703125] [-4887.5:5647.5] [-3482.5:5650] [-5112.5:4862.5] [-3945:4895] [-5876.5400390625:8983.0498046875] [151.30067443847656:1441.2490234375] [-4497.70751953125:6270.5791015625] [-3942.5:4892.5] [-3235:5285] [-4167.5:4370] [-3605:4435] [-5827.240234375:8883.275390625] [151.30067443847656:1441.2490234375] [-4282.0068359375:6080.07177734375] [-3605:4435] [-3180:4955] [-3987.5:4207.5] [-3572.5:4240] [-5780.4599609375:8783.5947265625] [151.30067443847656:1441.2490234375] [-4061.824462890625:5881.42919921875] [-3570:4235] [-2922.5:4462.5] [-4365:3720] [-3250:3865] [-5731.134765625:8692.044921875] [151.30067443847656:1441.2490234375] [-3873.476806640625:5698.1171875] [-3247.5:3867.5] [-2625:4570] [-4483:3590] [-2967.5:3895] [-5677.93505859375:8599.599609375] [151.30067443847656:1441.2490234375] [-3634.978759765625:5534.19775390625] [-2975:3900] [-2245.5:4370] [-4391:3550] [-2829.5:3732.5] [-5618.009765625:8503.0498046875] [151.30067443847656:1441.2490234375] [-3406.15234375:5354.2705078125] [-2829.5:3732.5] [-2114.5:4682.5] [-4291.5:3727.5] [-2382.5:4172.5] [-5556.009765625:8403.275390625] [151.30067443847656:1441.2490234375] [-3216.27490234375:5114.56396484375] [-2387.5:4170] [-1950:4172.5] [-3794.5:2895] [-2412.5:3182.5] [-5501.1650390625:8282.125] [151.30067443847656:1441.2490234375] [-3097.75:4709.1494140625] [-2410:3190] [-1555:3807.5] [-4102:2291] [-1870:2502.5] [-5450.1650390625:8166.9248046875] [151.30067443847656:1441.2490234375] [-2902.04541015625:4459.56396484375] [-2160:2505] [0:2642.5] [-4206.5:0] none [-5395.26513671875:8037.8251953125] [151.30067443847656:1441.2490234375] [-2638.22314453125:4054.149169921875]
tree_sizes=2838 2853 2872 2872 2838 2857 2856 2856 2830 2890 2857 2905 2882 2867 2859 2851 2859 2851 2829 2853 2858 2853 2837 2802 2870 2869 2847

Tree=0
num_leaves=31
num_cat=0
split_feature=5 194 142 16 148 226 205 34 110 20 47 58 132 155 145 103 86 54 65 5 201 226 102 168 5 240 250 245 82 124
split_gain=4.80415e+06 4.85603e+06 8.94859e+06 4.11569e+06 5.35877e+06 3.85152e+06 3.65083e+06 4.42896e+06 4.27669e+06 3.64114e+06 3.2938e+06 3.56531e+06 6.55724e+06 3.14602e+06 3.03774e+06 2.31486e+06 2.40318e+06 2.33804e+06 2.2096e+06 2.38674e+06 2.39802e+06 3.24737e+06 4.18358e+06 5.62958e+06 3.44408e+06 3.24229e+06 2.66879e+06 3.70028e+06 2.58894e+06 2.16767e+06
threshold=1045.2505493164065 1045.2505493164065 -2184.2499999999995 -315.24999999999994 426.25000000000006 463.75000000000006 -966.74999999999989 2645.757446289063 624.58282470703136 4965.0493164062509 523.98001098632824 2308.2500000000005 2127.436645507813 3435.2500000000005 530.86532592773449 578.96932983398449 1194.5000000000002 696.40509033203136 -3570.2499999999995 387.31033325195318 611.19790649414074 -455.24999999999994 4444.5073242187509 1383.0000000000002 455.76057434082037 -305.74999999999994 512.03503417968761 -400.74999999999994 545.15829467773449 560.00579833984386
decision_type=2 2 2 2 2 2 2 2 2 2 2 2 2 2 2 2 2 2 2 2 2 2 2 2 2 2 2 2 2 2
left_child=1 5 -3 4 -2 6 7 -1 -9 18 14 12 15 -13 -7 29 17 -17 -8 -20 26 22 23 -22 -23 -26 -21 -28 -29 -12
right_child=3 2 -4 -5 -6 10 9 8 -10 -11 11 13 -14 -15 -16 16 -18 -19 19 20 21 24 -24 -25 25 -27 27 28 -30 -31
leaf_value=-0.47170249318496771 -17.923850555629123 -12.341171987010483 28.453675580129122 -22.979395689541597 12.028046779157277 -0.79509947800777747 -13.25242195895045 -4.0509068081855686 -33.352421991778854 22.658828027294632 -8.0912279353818022 13.637855801098766 -36.089326764128622 -9.1870373903325575 10.574627240844762 1.8999036513835397 13.832101816382561 -16.665814824739257 1.0378920009039359 2.1775989977110348 5.9248716273682795 -20.687766801935844 26.027578017757889 -22.933671920253282 -10.570279086044023 1.402635861633222 -2.1137467148106408 4.6129189685810799 12.198343354582811 -26.848671988202579
leaf_weight=2085 28 20 41 38 32 1591 26 33 20 20 67 36 21 26 61 43 21 28 15961 3824 109 29 20 20 84 173 117 264 196 20
leaf_count=2085 28 20 41 38 32 1591 26 33 20 20 67 36 21 26 61 43 21 28 15961 3824 109 29 20 20 84 173 117 264 196 20
internal_value=0.944819 0.988207 15.0783 -10.104 -1.94951 0.953682 1.13316 -0.834531 -15.1081 1.335 -1.2013 -6.40967 -9.65717 4.06613 -0.375273 -6.55619 -1.02688 -5.42179 1.31452 1.33273 2.30583 -1.23564 4.74959 1.45068 -4.35382 -2.51069 2.65588 5.82561 7.84497 -12.4033
internal_weight=25054 24956 61 98 60 24895 22981 2138 53 20843 1914 262 200 62 1652 179 92 71 20823 20797 4836 435 149 129 286 257 4401 577 460 87
internal_count=25054 24956 61 98 60 24895 22981 2138 53 20843 1914 262 200 62 1652 179 92 71 20823 20797 4836 435 149 129 286 257 4401 577 460 87
is_linear=0
shrinkage=1


Tree=1
num_leaves=31
num_cat=0
split_feature=5 152 2 16 148 226 44 47 198 161 198 55 53 200 219 80 146 16 226 215 212 199 12 205 103 239 254 103 229 117
split_gain=4.33574e+06 4.40496e+06 7.52894e+06 3.71441e+06 4.83629e+06 3.28933e+06 3.67522e+06 4.4768e+06 4.01635e+06 3.56615e+06 3.43642e+06 5.67327e+06 5.13002e+06 4.30275e+06 3.66656e+06 3.23039e+06 3.0305e+06 2.21941e+06 5.65237e+06 3.34711e+06 3.8079e+06 2.69867e+06 2.41989e+06 2.45198e+06 2.06148e+06 1.9542e+06 1.94435e+06 2.17508e+06 2.35184e+06 2.26511e+06
threshold=1045.2505493164065 1045.2505493164065 762.75000000000011 -315.24999999999994 426.25000000000006 463.75000000000006 3029.5000000000005 523.98001098632824 1758.7500000000002 3008.0000000000005 -884.24999999999989 1971.3867797851565 5840.6223144531259 2926.5925292968755 -1432.7499999999998 3457.5000000000005 2204.782592773438 3253.5000000000005 -220.24999999999997 696.40509033203136 241.75000000000003 1000.2500000000001 405.30880737304693 -982.24999999999989 578.96932983398449 982.75000000000011 -63.749999999999993 467.49603271484381 483.63320922851568 518.72827148437511
decision_type=2 2 2 2 2 2 2 2 2 2 2 2 2 2 2 2 2 2 2 2 2 2 2 2 2 2 2 2 2 2
left_child=1 5 -3 4 -2 10 7 26 15 -10 11 -1 14 -13 -12 -8 24 19 21 22 -21 -19 -16 -24 -9 -25 27 28 -7 -29
right_child=3 2 -4 -5 -6 6 8 16 9 -11 12 13 -14 -15 17 -17 -18 18 -20 20 -22 -23 23 25 -26 -27 -28 29 -30 -31
leaf_value=-1.0440374206344722 -17.925236524854387 -9.7664885807037365 29.111432394836893 -22.728004243499356 10.529065982997418 -3.0238003040961883 10.171495335921646 -12.255162816101247 34.290423984527585 5.4218640866486929 -17.083864116668703 -27.093373133685141 20.41848672628403 -3.2912062424879807 0.16524792426107249 -12.475557360726018 -23.141574940536962 8.3239914488792426 -3.6242105402845022 -3.1624450936036954 -25.028901554987982 33.70116119818254 -7.6470163399832591 1.6562539439135169 -1.7936159427165987 11.33250572816381 1.0460606778498558 8.9833645540214064 -15.873582734610583 -5.6672490149009525
leaf_weight=2962 28 20 33 38 32 947 32 89 20 23 30 37 32 39 16197 31 33 20 47 85 26 22 70 3368 100 53 488 74 37 41
leaf_count=2962 28 20 33 38 32 947 32 89 20 23 30 37 32 39 16197 31 33 20 47 85 26 22 70 3368 100 53 488 74 37 41
internal_value=-1.05238e-07 0.0412181 14.4405 -10.4963 -2.74961 0.0105726 -1.9804 -2.51062 7.06846 18.8491 0.176429 -1.39014 0.414987 -14.8791 0.38285 -0.972292 -9.161 0.409198 8.28728 0.373784 -8.28432 21.6168 0.422598 1.61661 -6.71995 1.80616 -1.58032 -2.74654 -3.50697 3.7601
internal_weight=25054 24956 53 98 60 24903 1915 1809 106 43 22988 3038 19950 76 19918 63 222 19888 89 19799 111 42 19688 3491 189 3421 1587 1099 984 115
internal_count=25054 24956 53 98 60 24903 1915 1809 106 43 22988 3038 19950 76 19918 63 222 19888 89 19799 111 42 19688 3491 189 3421 1587 1099 984 115
is_linear=0
shrinkage=0.05


Tree=2
num_leaves=31
num_cat=0
split_feature=5 152 2 23 192 191 226 44 47 229 198 198 55 53 247 143 219 146 149 16 226 209 215 212 12 205 200 118 187 89
split_gain=3.91301e+06 3.97548e+06 6.79487e+06 3.38642e+06 6.73729e+06 4.56359e+06 2.96863e+06 3.31689e+06 4.04031e+06 3.89309e+06 4.94242e+06 3.10137e+06 5.12012e+06 4.62984e+06 4.0009e+06 3.6398e+06 3.30907e+06 2.73503e+06 2.06155e+06 3.72844e+06 5.48486e+06 5.16692e+06 3.02617e+06 3.43663e+06 2.25816e+06 2.30749e+06 1.89654e+06 3.31538e+06 2.20477e+06 2.20287e+06
threshold=1045.2505493164065 1045.2505493164065 762.75000000000011 -890.74999999999989 1050.7500000000002 -894.74999999999989 463.75000000000006 3029.5000000000005 523.98001098632824 487.39910888671881 1758.7500000000002 -884.24999999999989 1971.3867797851565 5840.6223144531259 -212.74999999999997 657.75000000000011 -1432.7499999999998 2204.782592773438 2947.7500000000005 3253.5000000000005 -31.249999999999996 1641.7701416015627 696.40509033203136 241.75000000000003 405.30880737304693 -1159.2499999999998 1729.3125000000002 1960.7847900390627 353.54183959960943 394.21360778808599
decision_type=2 2 2 2 2 2 2 2 2 2 2 2 2 2 2 2 2 2 2 2 2 2 2 2 2 2 2 2 2 2
left_child=1 6 -3 5 -5 -2 11 8 -8 -9 -11 12 -1 16 15 -14 -13 -10 19 22 21 -21 24 -24 -18 -26 28 -28 -27 -30
right_child=3 2 -4 4 -6 -7 7 9 17 10 -12 13 14 -15 -16 -17 18 -19 -20 20 -22 -23 23 -25 25 26 27 -29 29 -31
leaf_value=-0.99183529159060457 -18.392154273986815 -9.2781639099121094 27.655860909548672 -41.519373085498813 -4.2971799010230649 13.119797360455548 -1.5013065697077168 -9.2780535152980264 -6.3839553335987071 0.49971985468050334 25.705164553668052 -16.229670731226602 -11.501533390493954 19.397562448680404 3.8381375662305142 -38.38290763854981 0.16039332183888202 -21.984496064619588 -15.656041717529298 4.9818596476600288 -4.2923619151115417 39.285374201898996 -3.0043225888644951 -23.777456342256986 -15.371366201043129 5.1993865158141048 7.2159432570082318 -1.5992219969823764 -2.8562616090729556 1.2971871004850195
leaf_weight=2962 20 20 33 20 31 27 1587 28 189 41 37 30 34 32 22 20 16195 33 20 21 32 23 85 26 20 306 347 154 371 2288
leaf_count=2962 20 20 33 20 31 27 1587 28 189 41 37 30 34 32 22 20 16195 33 20 21 32 23 85 26 20 306 347 154 371 2288
internal_value=1.42676e-07 0.0391574 13.7185 -9.97152 -18.8941 -0.289544 0.0100443 -1.88138 -2.38509 6.71504 12.4561 0.167608 -1.32063 0.394238 -14.1351 -21.4576 0.363708 -8.70295 0.388738 0.404889 11.4583 22.9132 0.362445 -7.8701 0.408876 1.56326 1.66098 4.50629 1.1802 0.717672
internal_weight=25054 24956 53 98 51 47 24903 1915 1809 106 78 22988 3038 19950 76 54 19918 222 19888 19868 76 44 19792 111 19681 3486 3466 501 2965 2659
internal_count=25054 24956 53 98 51 47 24903 1915 1809 106 78 22988 3038 19950 76 54 19918 222 19888 19868 76 44 19792 111 19681 3486 3466 501 2965 2659
is_linear=0
shrinkage=0.05


Tree=3
num_leaves=31
num_cat=0
split_feature=5 152 142 16 148 226 44 47 229 198 205 257 0 40 195 114 150 65 5 201 218 10 118 232 17 120 224 57 2 228
split_gain=3.53149e+06 3.58787e+06 6.37854e+06 3.19204e+06 4.31718e+06 2.67918e+06 2.99349e+06 3.64638e+06 3.51351e+06 4.46053e+06 2.84649e+06 4.62243e+06 3.16292e+06 2.50642e+06 5.21369e+06 2.85151e+06 2.31922e+06 1.9606e+06 2.18918e+06 2.59468e+06 4.58585e+06 2.47738e+06 3.21662e+06 2.30671e+06 2.43757e+06 2.41919e+06 2.30032e+06 2.43021e+06 2.49096e+06 2.47044e+06
threshold=1045.2505493164065 1045.2505493164065 -2324.7499999999995 -315.24999999999994 426.25000000000006 463.75000000000006 3029.5000000000005 523.98001098632824 487.39910888671881 1758.7500000000002 -739.74999999999989 879.99746704101574 4938.7500000000009 624.58282470703136 1838.8442382812502 995.75000000000011 1045.2500000000002 -3570.2499999999995 387.31033325195318 696.40509033203136 442.25000000000006 905.25000000000011 1705.234802246094 790.25000000000011 1354.2500000000002 3311.2500000000005 -162.74999999999997 439.75000000000006 1149.7500000000002 334.01750183105474
decision_type=2 2 2 2 2 2 2 2 2 2 2 2 2 2 2 2 2 2 2 2 2 2 2 2 2 2 2 2 2 2
left_child=1 5 -3 4 -2 10 7 -7 -8 -10 11 16 17 14 -9 -15 -1 -12 -19 23 -21 -22 -23 25 -25 26 -20 29 -29 -28
right_child=3 2 -4 -5 -6 6 8 13 9 -11 12 -13 -14 15 -16 -17 -18 18 19 20 21 22 -24 24 -26 -27 27 28 -30 -31
leaf_value=-0.75753005756553626 -16.62962553160531 -9.2484255409240728 26.536201253443053 -20.811942654848099 10.254224228858948 -1.4262412400062947 -8.814150823865619 -7.9607611050563198 0.47473352943978658 24.419906162571266 -14.527790303663776 -19.151589840480259 18.552706162134807 -10.277303835550946 -33.640893173217776 7.9515175563533136 -11.288301422011179 0.12178148994962752 3.2738331160502221 4.875066876411438 0.87385799234563655 -35.005362243652343 -9.9962840318679813 3.3692163077618584 15.647329445483914 -15.965120769739151 0.39503417806173013 4.3794822602737247 -0.34909833414907748 -4.5131858713879733
leaf_weight=3866 28 20 33 38 32 1587 28 112 41 37 22 35 24 45 24 41 53 14804 1209 62 22 20 36 139 57 20 1149 656 484 330
leaf_count=3866 28 20 33 38 32 1587 28 112 41 37 22 35 24 45 24 41 53 14804 1209 62 22 20 36 139 57 20 1149 656 484 330
internal_value=8.243e-09 0.0371994 13.0326 -9.47294 -2.29157 0.00954191 -1.78731 -2.26584 6.37929 11.8333 0.159227 -1.06151 0.412815 -8.26781 -12.4925 -1.58682 -0.899947 0.389913 0.407197 1.41707 -5.27496 -13.3429 -18.9281 1.64874 6.93989 1.37923 1.46985 0.637083 2.37191 -0.700106
internal_weight=25054 24956 53 98 60 24903 1915 1809 106 78 22988 3954 19034 222 136 86 3919 19010 18988 4184 140 78 56 4044 196 3848 3828 2619 1140 1479
internal_count=25054 24956 53 98 60 24903 1915 1809 106 78 22988 3954 19034 222 136 86 3919 19010 18988 4184 140 78 56 4044 196 3848 3828 2619 1140 1479
is_linear=0
shrinkage=0.05


Tree=4
num_leaves=31
num_cat=0
split_feature=5 4 163 239 47 85 201 29 226 74 206 218 192 246 185 148 51 226 226 187 54 2 199 101 157 124 26 115 89 138
split_gain=3.18717e+06 3.3642e+06 7.96822e+06 5.23648e+06 4.1707e+06 3.95103e+06 3.2406e+06 6.03955e+06 5.91287e+06 4.01527e+06 3.11666e+06 3.85984e+06 6.00784e+06 3.25377e+06 3.07312e+06 3.01069e+06 5.43009e+06 5.42296e+06 2.9759e+06 2.77707e+06 2.79129e+06 2.75045e+06 2.64603e+06 2.50072e+06 2.3735e+06 2.44441e+06 2.34501e+06 2.98279e+06 2.272e+06 4.07928e+06
threshold=1045.2505493164065 4964.3999023437509 780.25000000000011 536.25000000000011 775.33657836914074 3211.7500000000005 598.99819946289074 4073.7500000000005 -1546.4999999999998 2629.847534179688 1924.2500000000002 1026.7500000000002 828.25000000000011 616.25000000000011 2613.7500000000005 22.750000000000004 -574.74999999999989 613.00000000000011 423.25000000000006 552.32839965820324 537.80807495117199 -1486.7499999999998 -735.24999999999989 1516.7500000000002 467.75000000000006 523.98001098632824 653.59622192382824 421.25000000000006 560.00579833984386 530.86532592773449
decision_type=2 2 2 2 2 2 2 2 2 2 2 2 2 2 2 2 2 2 2 2 2 2 2 2 2 2 2 2 2 2
left_child=1 6 4 5 -3 -4 7 18 9 -8 11 -10 13 -13 -5 -2 -17 -18 19 22 21 -21 24 26 25 -1 27 -22 -20 -30
right_child=15 2 3 14 -6 -7 8 -9 10 -11 -12 12 -14 -15 -16 16 17 -19 28 20 23 -23 -24 -25 -26 -27 -28 -29 29 -31
leaf_value=-0.95392659442177907 -25.780597704932802 11.272281395996011 -2.2946014046669005 -0.15364545981089275 36.489669442176819 -31.991862306140717 -35.3882844178573 26.884224292210174 -1.1645092937681409 -5.1484152407873252 13.9702305464909 -35.492419719696045 -1.3550651238245124 -9.7968511884862721 21.395025725591751 9.3830911945652318 -35.603009901046754 1.2173803949356081 -1.4172720036692643 -10.922482064495917 12.162903680381952 3.1575602139141545 0.34156843407633125 24.349516514369423 -18.593275768756865 -9.0632059308671469 -2.4143224207978502 -8.0937110265096024 -27.681723702472194 -3.4528931485095491
leaf_weight=2214 21 91 24 78 20 21 23 21 621 21 29 28 68 22 21 37 20 20 1894 46 135 141 19128 21 20 97 57 21 23 71
leaf_count=2214 21 91 24 78 20 21 23 21 621 21 29 28 68 22 21 37 20 20 1894 46 135 141 19128 21 20 97 57 21 23 71
internal_value=-4.03727e-08 0.0353394 5.74895 -2.01103 15.816 -16.1533 -0.0236449 0.0819407 -3.12997 -20.9556 -2.10871 -2.73968 -11.0293 -24.1864 4.41728 -8.99929 -4.42257 -17.1928 0.058359 0.226648 4.24829 -0.30598 0.147748 7.88781 -1.44272 -1.2943 6.26482 9.43605 -1.79384 -9.38122
internal_weight=25054 24956 255 144 111 45 24701 23889 812 44 768 739 118 50 99 98 77 40 23868 21880 421 187 21459 234 2331 2311 213 156 1988 94
internal_count=25054 24956 255 144 111 45 24701 23889 812 44 768 739 118 50 99 98 77 40 23868 21880 421 187 21459 234 2331 2311 213 156 1988 94
is_linear=0
shrinkage=0.05


Tree=5
num_leaves=31
num_cat=0
split_feature=5 4 163 239 232 85 38 208 210 16 104 239 16 148 185 184 253 157 154 162 226 204 40 61 134 113 201 37 26 128
split_gain=2.87642e+06 3.03619e+06 7.19131e+06 4.72592e+06 3.91077e+06 3.56581e+06 3.08922e+06 4.04413e+06 4.57702e+06 3.73545e+06 5.15629e+06 2.88266e+06 4.61765e+06 3.35946e+06 2.77349e+06 2.73388e+06 3.92001e+06 3.39663e+06 2.737e+06 2.71594e+06 2.69583e+06 2.59792e+06 2.43101e+06 2.42553e+06 3.2693e+06 6.25051e+06 2.98436e+06 2.85007e+06 2.70464e+06 2.44642e+06
threshold=1045.2505493164065 4964.3999023437509 780.25000000000011 536.25000000000011 904.50000000000011 3211.7500000000005 4637.5000000000009 636.49594116210949 -1561.7499999999998 3253.5000000000005 3003.6594238281255 814.75000000000011 -349.74999999999994 426.25000000000006 2613.7500000000005 -1160.7499999999998 197.75000000000003 1438.0000000000002 -433.74999999999994 -175.24999999999997 423.25000000000006 1850.2500000000002 476.75883483886724 537.80807495117199 131.75000000000003 1383.0000000000002 552.32839965820324 -1541.2499999999998 653.59622192382824 -42.249999999999993
decision_type=2 2 2 2 2 2 2 2 2 2 2 2 2 2 2 2 2 2 2 2 2 2 2 2 2 2 2 2 2 2
left_child=1 6 4 5 22 -4 7 9 -9 10 20 12 13 -2 -5 18 17 19 -10 -17 23 -18 -3 27 28 -26 -27 29 -25 -1
right_child=11 2 3 14 -6 -7 -8 8 15 -11 -12 -13 -14 -15 -16 16 21 -19 -20 -21 -22 -23 -24 24 25 26 -28 -29 -30 -31
leaf_value=-1.2740896344550299 -19.136222777159318 -3.9555345470255072 -2.1798713008562727 -0.14596306544083815 34.454186196554275 -30.392269098191036 16.012564220428469 -21.356235386229852 -0.23731281390556924 10.771258083390601 -18.635270019479702 3.4858697024258705 -34.64960175037384 8.193511668118564 20.325274725613141 -22.90932424435249 -3.0477142372552088 -30.892955319881441 19.067944634479026 -4.6293731909285318 -1.7242546751190753 14.029439319610596 15.165827937906281 6.7115867033343894 -5.3168935717814474 1.652437094775113 19.014765163527596 0.31084309941651944 -1.8539760018431624 -14.39928501447042
leaf_weight=2569 23 22 24 78 21 21 30 37 91 81 37 33 20 22 21 26 204 20 23 93 1977 25 68 464 251 55 45 18522 115 36
leaf_count=2569 23 22 24 78 21 21 30 37 91 81 37 33 20 22 21 26 204 20 23 93 1977 25 68 464 251 55 45 18522 115 36
internal_value=-7.8981e-09 0.0335724 5.4615 -1.91048 15.0252 -15.3457 -0.0224626 -0.0419613 -4.40895 0.0518805 0.0158093 -8.54933 -14.6595 -5.77502 4.19642 -3.10802 -5.20389 -11.8276 3.65761 -8.62331 0.0445224 -1.1834 10.4917 0.20306 2.70213 -1.10539 9.46548 0.0930527 5.01031 -1.45547
internal_weight=25054 24956 255 144 111 45 24701 24671 519 24152 24071 98 65 45 99 482 368 139 114 119 24034 229 90 22057 930 351 100 21127 579 2605
internal_count=25054 24956 255 144 111 45 24701 24671 519 24152 24071 98 65 45 99 482 368 139 114 119 24034 229 90 22057 930 351 100 21127 579 2605
is_linear=0
shrinkage=0.05


Tree=6
num_leaves=31
num_cat=0
split_feature=5 194 142 23 192 198 226 239 150 45 250 177 212 219 162 250 166 99 208 160 244 254 243 232 182 208 152 40 100 178
split_gain=2.59597e+06 2.84296e+06 6.85614e+06 2.64501e+06 5.88698e+06 3.96733e+06 2.19759e+06 2.44424e+06 3.81484e+06 4.56701e+06 5.75228e+06 4.40776e+06 2.31152e+06 2.99086e+06 2.30693e+06 2.45947e+06 4.28011e+06 3.76467e+06 3.24401e+06 2.8638e+06 2.61687e+06 2.29416e+06 2.26678e+06 2.09568e+06 2.26148e+06 3.00204e+06 2.36873e+06 2.1103e+06 2.02044e+06 3.70321e+06
threshold=1045.2505493164065 1045.2505493164065 -2184.2499999999995 -890.74999999999989 1050.7500000000002 -706.74999999999989 545.50000000000011 982.75000000000011 3152.5000000000005 3683.7500000000005 879.99746704101574 705.25000000000011 723.75000000000011 -114.74999999999999 2782.0000000000005 653.59622192382824 552.32839965820324 -98.249999999999986 724.36727905273449 1471.6394653320315 -84.55269622802733 -62.749999999999993 696.40509033203136 1608.7500000000002 98.250000000000014 552.32839965820324 512.03503417968761 518.72827148437511 487.75000000000006 1310.2500000000002
decision_type=2 2 2 2 2 2 2 2 2 2 2 2 2 2 2 2 2 2 2 2 2 2 2 2 2 2 2 2 2 2
left_child=1 6 -3 5 -5 -2 7 8 9 10 14 -11 13 -9 15 -1 -17 22 -19 20 -20 23 -18 24 -8 26 27 -26 -27 -30
right_child=3 2 -4 4 -6 -7 21 12 -10 11 -12 -13 -14 -15 -16 16 17 18 19 -21 -22 -23 -24 -25 25 28 -28 -29 29 -31
leaf_value=0.1345964896375583 -12.067840244151929 -13.187693572044374 22.520488822750931 -37.156800346374517 -2.3627092422977571 17.313457918167114 6.6019329971272729 16.961847362979764 -21.220270093282068 1.3606893605199355 -23.904703552246094 30.009514869689941 19.417590606212617 -0.97130813931906101 14.435339083841868 -25.111628789487096 -4.6726923896045225 -1.8250099554381991 -9.2649883174896246 -0.92896358316594907 -33.321814243610092 1.3165619616990645 10.212045041252587 3.7561833944320684 -3.4662225793558976 -2.9204342664685101 8.5651615191728645 -15.553933489950081 -33.650899644816917 -8.150569052611079
leaf_weight=22862 27 20 41 20 31 20 49 31 21 29 25 25 28 93 28 23 41 108 20 22 26 403 68 100 725 32 39 38 24 35
leaf_count=22862 27 20 41 20 31 20 49 31 21 29 25 25 28 93 28 23 41 108 20 22 26 403 68 100 725 32 39 38 24 35
internal_value=-2.31356e-08 0.0318938 10.8129 -8.12186 -16.0075 0.43484 0.00547724 0.122091 0.0808591 0.100077 0.0663042 14.624 6.44196 3.51198 0.0921373 0.0748041 -4.36342 -2.68901 -7.21139 -15.7662 -22.8623 -1.88697 4.6132 -3.12596 -3.85655 -4.43042 -3.45389 -4.06823 -13.0368 -18.5236
internal_weight=25054 24956 61 98 51 47 24895 23450 23298 23277 23223 54 152 124 23198 23170 308 285 176 68 46 1445 109 1042 942 893 802 763 91 59
internal_count=25054 24956 61 98 51 47 24895 23450 23298 23277 23223 54 152 124 23198 23170 308 285 176 68 46 1445 109 1042 942 893 802 763 91 59
is_linear=0
shrinkage=0.05


Tree=7
num_leaves=31
num_cat=0
split_feature=5 152 239 246 246 239 224 257 226 100 239 247 44 211 157 68 240 177 198 124 138 76 145 6 222 90 201 253 165 148
split_gain=2.34286e+06 2.71686e+06 5.67335e+06 2.57416e+06 2.25294e+06 2.86265e+06 2.20405e+06 5.02355e+06 2.30615e+06 3.29399e+06 3.05162e+06 3.04217e+06 3.64744e+06 3.62591e+06 4.34179e+06 2.98426e+06 2.10264e+06 2.01106e+06 2.3593e+06 2.13645e+06 3.99864e+06 2.97303e+06 2.64379e+06 2.53523e+06 2.71156e+06 2.51698e+06 2.19376e+06 1.97365e+06 1.86961e+06 1.86668e+06
threshold=1045.2505493164065 1045.2505493164065 191.25000000000003 77.750000000000014 355.25000000000006 982.75000000000011 -839.74999999999989 879.99746704101574 257.75000000000006 -2168.2499999999995 791.00000000000011 -371.74999999999994 3029.5000000000005 1881.0000000000002 1843.7500000000002 674.41351318359386 655.75000000000011 -529.24999999999989 -434.74999999999994 518.72827148437511 530.86532592773449 2813.216430664063 512.03503417968761 386.00131225585943 636.49594116210949 627.73333740234386 560.00579833984386 410.25000000000006 -2047.532531738281 -89.749999999999986
decision_type=2 2 2 2 2 2 2 2 2 2 2 2 2 2 2 2 2 2 2 2 2 2 2 2 2 2 2 2 2 2
left_child=1 6 -3 -2 -5 -6 7 -1 10 -10 28 -11 17 14 -14 -12 -15 29 -19 22 25 23 -20 24 26 -21 -22 -25 -8 -13
right_child=3 2 -4 4 5 -7 8 -9 9 11 15 12 13 16 -16 -17 -18 18 19 20 21 -23 -24 27 -26 -27 -28 -29 -30 -31
leaf_value=-1.7321692278822778 -23.718991553187372 -9.674502887725831 24.074106297348486 10.858553194999695 -18.270725149096865 4.159892517089844 -1.5587473734502628 -26.431781282879058 -20.76657593136742 -6.960083028144644 4.2036983625356399 0.71938049666809312 14.812939241197377 30.800874292282835 -12.824597930908205 22.985974848270416 9.3398006668090812 -13.332632145667688 -0.75204481329858341 -7.0175796842575071 1.8420284964821556 -18.286556793212892 12.350290446403699 12.026927209783484 8.7999433849168867 -28.060449642605249 -17.423661971622046 -2.1512330320146349 0.3883274621339019 12.346472121184727
leaf_weight=1044 20 20 33 20 33 25 1321 21 21 197 178 99 27 21 30 24 25 39 3008 30 22 25 39 54 23 27 45 45 18485 53
leaf_count=1044 20 20 33 20 33 25 1321 21 21 197 178 99 27 21 30 24 25 39 3008 30 22 25 39 54 23 27 45 45 18485 53
internal_value=4.50866e-08 0.0302992 11.3388 -7.71577 -3.61238 -8.60236 0.00623182 -2.2192 0.105657 -1.01838 0.320824 -0.909506 -0.579505 8.69442 0.266867 6.43526 19.1372 -0.851723 -1.10643 -0.96272 -5.21703 -2.08251 -0.584342 0.0608842 -6.01268 -16.9853 -11.0976 5.58231 0.258463 4.77356
internal_weight=25054 24956 53 98 78 58 24903 1065 23838 3830 20008 3809 3612 103 57 202 46 3509 3357 3318 271 214 3047 189 90 57 67 99 19806 152
internal_count=25054 24956 53 98 78 58 24903 1065 23838 3830 20008 3809 3612 103 57 202 46 3509 3357 3318 271 214 3047 189 90 57 67 99 19806 152
is_linear=0
shrinkage=0.05


Tree=8
num_leaves=31
num_cat=0
split_feature=11 61 163 201 29 217 226 221 143 45 239 109 105 238 140 106 66 51 208 239 254 136 218 4 232 152 156 238 226 187
split_gain=2.13937e+06 7.12964e+06 4.26945e+06 3.26387e+06 5.27813e+06 3.22111e+06 6.23289e+06 4.35228e+06 4.30282e+06 4.00183e+06 4.68155e+06 3.38632e+06 3.25795e+06 2.96689e+06 3.89144e+06 3.6634e+06 2.84958e+06 2.94482e+06 4.21013e+06 2.83748e+06 2.60441e+06 2.47173e+06 2.31e+06 2.88684e+06 2.18933e+06 2.04239e+06 2.00607e+06 1.97812e+06 1.93809e+06 2.61868e+06
threshold=6021.2299804687509 476.75883483886724 901.50000000000011 598.99819946289074 4073.7500000000005 -840.74999999999989 -565.74999999999989 -511.96749877929682 734.75000000000011 -1219.7499999999998 607.75000000000011 3577.8425292968755 -2362.2499999999995 1431.2500000000002 2562.2500000000005 3066.7500000000005 925.25000000000011 1857.7500000000002 724.36727905273449 -256.74999999999994 -302.24999999999994 805.75000000000011 822.75000000000011 2499.2324218750005 -360.74999999999994 879.99746704101574 -2074.2499999999995 -964.49999999999989 423.25000000000006 552.32839965820324
decision_type=2 2 2 2 2 2 2 2 2 2 2 2 2 2 2 2 2 2 2 2 2 2 2 2 2 2 2 2 2 2
left_child=3 -2 -3 4 28 8 7 -7 11 -9 19 24 -8 14 15 16 21 18 -18 -11 -16 22 -14 -24 27 -4 -26 -5 29 -1
right_child=1 2 25 5 -6 6 12 9 -10 10 -12 -13 13 -15 20 -17 17 -19 -20 -21 -22 -23 23 -25 26 -27 -28 -29 -30 -31
leaf_value=0.12259178883493581 -18.451109731765023 33.031789365681739 14.253214379719324 -6.6228930936540884 23.049760845184327 -9.5853744983673099 -19.281373312979035 29.994727025145576 -26.573353071330953 -10.960214249841099 27.284590025570083 11.264863137245179 0.53913048436070043 14.878844105113638 -30.072107514468104 13.827200178802014 -8.7592973723676462 -1.7474061517715456 -33.159545230865483 6.9998229142073747 -6.8966038032814314 10.601119045235896 -2.029307159956764 -25.2740451335907 11.1467863124609 -5.77637050151825 -8.8097727495081291 -23.686048894940001 -1.4215881636910601 4.0633391884731695
leaf_weight=21494 21 22 35 35 25 36 33 21 29 29 23 25 171 22 22 32 90 100 22 91 27 44 34 22 20 20 34 33 2012 430
leaf_count=21494 21 22 35 35 25 36 33 21 29 29 23 25 171 22 22 32 90 100 22 91 27 44 34 22 20 20 34 33 2012 430
internal_value=8.89595e-08 7.37307 14.416 -0.0289533 0.0875686 -2.83497 -1.51618 6.1575 -8.97184 9.61325 6.62016 -5.49943 -3.99555 -3.13475 -3.83741 -2.55631 -3.64176 -7.9839 -13.5522 2.65948 -17.3019 -0.244963 -2.34729 -11.1612 -8.93473 6.96973 -1.41845 -14.9035 0.0635857 0.199882
internal_weight=25054 98 77 24956 23961 995 819 200 176 164 143 147 619 586 564 515 483 212 112 120 49 271 227 56 122 55 54 68 23936 21924
internal_count=25054 98 77 24956 23961 995 819 200 176 164 143 147 619 586 564 515 483 212 112 120 49 271 227 56 122 55 54 68 23936 21924
is_linear=0
shrinkage=0.05


Tree=9
num_leaves=31
num_cat=0
split_feature=108 194 236 217 218 132 75 232 85 254 243 226 32 151 229 108 232 150 209 131 145 96 119 127 89 223 5 144 155 234
split_gain=2.04846e+06 4.35903e+06 6.90203e+06 6.03637e+06 2.9877e+06 2.85399e+06 2.64442e+06 4.11941e+06 6.82871e+06 1.83631e+06 2.1154e+06 2.05612e+06 2.60896e+06 3.80778e+06 2.09723e+06 2.45095e+06 2.08161e+06 3.37445e+06 3.13933e+06 2.59611e+06 3.23034e+06 2.0619e+06 1.88551e+06 2.27075e+06 2.31007e+06 3.67084e+06 2.33741e+06 2.84048e+06 2.47565e+06 2.40316e+06
threshold=-2175.7499999999995 1045.2505493164065 1045.2505493164065 402.75000000000006 442.25000000000006 29.779231071472172 879.99746704101574 1479.7500000000002 818.75000000000011 -30.249999999999996 552.32839965820324 567.25000000000011 3964.0625000000005 3176.227416992188 537.80807495117199 1906.5000000000002 1298.0000000000002 3152.5000000000005 1905.2769775390627 487.39910888671881 447.01040649414068 455.76057434082037 1092.7500000000002 1803.7500000000002 724.36727905273449 100.30301666259767 441.63258361816412 3407.1250000000005 -1184.7499999999998 -239.74999999999997
decision_type=2 2 2 2 2 2 2 2 2 2 2 2 2 2 2 2 2 2 2 2 2 2 2 2 2 2 2 2 2 2
left_child=4 2 6 5 -1 -3 9 8 -8 11 -11 16 13 -13 21 -16 17 18 22 20 -20 -14 23 24 26 -26 27 -2 29 -28
right_child=1 3 -4 -5 -6 -7 7 -9 -10 10 -12 12 14 -15 15 -17 -18 -19 19 -21 -22 -23 -24 -25 25 -27 28 -29 -30 -31
leaf_value=-2.318965291139242 -0.058081902696485235 -11.313747605410491 -28.632877985636398 32.689755749205752 -18.725141448974608 11.798363675790675 -1.9966818289756774 10.698196228690769 -32.171082547505698 1.1270765435307897 10.134755123907063 -2.3969840232584132 7.0850272819913673 -21.775339830838718 -0.97873339653015146 21.471795082092285 15.079627835491429 -20.00351619720459 10.809213624530368 20.096250175027286 -12.569138457558372 -13.214158487319947 -1.4146718202895163 17.005490236282352 -1.3202912748870204 -24.181339912414554 2.5119370195652464 17.525746635768723 1.1092351040546446 12.927124920686087
leaf_weight=370 16032 22 21 24 30 34 50 23 30 2398 67 1014 29 26 20 31 23 21 45 34 22 22 2097 20 59 25 144 23 2208 90
leaf_count=370 16032 22 21 24 30 34 50 23 30 2398 67 1014 29 26 20 31 23 21 45 34 22 22 2097 20 59 25 144 23 2208 90
internal_value=-2.65288e-08 0.0575878 0.0196539 11.71 -3.54943 2.71861 0.0441602 -7.95056 -13.3121 0.0778394 1.37191 -0.0672543 -2.13301 -2.88144 5.49809 12.6677 0.0459296 0.0293218 0.0495482 8.84323 3.13274 -1.67148 0.00663768 0.16687 0.148746 -8.12417 0.186315 -0.0328917 1.6275 6.51778
internal_weight=25054 24654 24574 80 400 56 24553 103 80 24450 2465 21985 1142 1040 102 51 20843 20820 20799 101 67 51 20698 18601 18581 84 18497 16055 2442 234
internal_count=25054 24654 24574 80 400 56 24553 103 80 24450 2465 21985 1142 1040 102 51 20843 20820 20799 101 67 51 20698 18601 18581 84 18497 16055 2442 234
is_linear=0
shrinkage=0.05


Tree=10
num_leaves=31
num_cat=0
split_feature=218 194 150 233 5 192 222 81 74 183 226 239 253 229 194 247 250 217 54 152 134 40 6 197 220 247 201 182 90 208
split_gain=2.03982e+06 3.59361e+06 6.05105e+06 3.35086e+06 3.23941e+06 2.96572e+06 2.74956e+06 2.78831e+06 5.10715e+06 2.41552e+06 1.99362e+06 2.88923e+06 2.77149e+06 2.59844e+06 2.57724e+06 2.14984e+06 2.45547e+06 2.23102e+06 2.22684e+06 2.61066e+06 2.94514e+06 2.49756e+06 3.11764e+06 2.36967e+06 2.16107e+06 2.26737e+06 2.14224e+06 1.98739e+06 2.56618e+06 1.96387e+06
threshold=-519.24999999999989 1045.2505493164065 -552.24999999999989 -504.74999999999994 1045.2505493164065 1245.5000000000002 578.96932983398449 2608.1350097656255 1565.059997558594 -1085.7499999999998 257.75000000000006 791.00000000000011 166.75000000000003 500.19013977050787 588.47909545898449 -391.74999999999994 696.40509033203136 1526.2500000000002 518.72827148437511 523.98001098632824 3128.7500000000005 611.19790649414074 491.85488891601568 2101.0000000000005 915.25000000000011 186.25000000000003 674.41351318359386 2280.0000000000005 3517.348022460938 570.11660766601574
decision_type=2 2 2 2 2 2 2 2 2 2 2 2 2 2 2 2 2 2 2 2 2 2 2 2 2 2 2 2 2 2
left_child=6 4 -3 -4 10 -6 -1 8 9 -8 11 27 14 -13 -12 -14 18 -18 19 20 23 24 -23 -17 -20 -26 -16 28 -2 -21
right_child=1 2 3 -5 5 -7 7 -9 -10 -11 12 13 15 -15 26 16 17 -19 21 29 -22 22 -24 -25 25 -27 -28 -29 -30 -31
leaf_value=-0.95789801874004898 0.26450792479245872 -11.947777320146562 33.069635413243219 7.4320650138854987 -23.018408275472709 0.23737384172586296 -16.36627201801393 1.2418141239979228 -34.281872544969836 -0.45301157968086109 -2.3421124630105061 0.66788600364533979 -8.9157637042265687 12.066786454422306 -24.275914813995364 0.27164007835778653 1.2940332386228774 22.24571412007014 -2.42728789853461 21.343384188872118 -15.240101950963339 -9.860165369170053 8.8604345923564463 11.291747596740723 -23.547540348597934 -6.4951996781609287 -3.1317463045534879 -12.810014369569977 14.013272515465232 2.2599173545837403
leaf_weight=1736 18920 20 26 25 29 26 41 61 21 57 1273 101 65 99 25 2002 27 24 81 26 30 35 61 50 35 44 23 29 34 28
leaf_count=1736 18920 20 26 25 29 26 41 61 21 57 1273 101 65 99 25 2002 27 24 81 26 30 35 61 50 35 44 23 29 34 28
internal_value=2.02691e-08 0.129826 11.3614 20.5022 0.0952557 -12.0248 -1.56781 -7.45004 -11.9055 -7.1106 0.124223 0.332144 -0.917444 6.31034 -2.77096 0.0588288 0.297612 11.1536 0.0661501 0.594295 0.31278 -4.34056 2.03522 0.540161 -8.16602 -14.05 -14.1443 0.269159 0.289171 11.4483
internal_weight=25054 23138 71 51 23067 55 1916 180 119 98 23012 19183 3829 200 1321 2508 2443 51 2392 2136 2082 256 96 2052 160 79 48 18983 18954 54
internal_count=25054 23138 71 51 23067 55 1916 180 119 98 23012 19183 3829 200 1321 2508 2443 51 2392 2136 2082 256 96 2052 160 79 48 18983 18954 54
is_linear=0
shrinkage=0.05


Tree=11
num_leaves=31
num_cat=0
split_feature=217 187 226 5 192 192 67 40 85 234 65 128 253 254 257 225 241 198 243 145 198 190 247 169 247 147 16 197 185 61
split_gain=1.88551e+06 2.99651e+06 5.24254e+06 2.75183e+06 3.58786e+06 2.58995e+06 4.62717e+06 3.83956e+06 2.41354e+06 2.63017e+06 1.99621e+06 2.20741e+06 1.80467e+06 1.61108e+06 2.36842e+06 2.18305e+06 2.10192e+06 2.53232e+06 4.27344e+06 2.49002e+06 1.72387e+06 4.62494e+06 1.93186e+06 1.8629e+06 2.02994e+06 1.81697e+06 1.66247e+06 4.77951e+06 2.45389e+06 1.80642e+06
threshold=-840.74999999999989 1045.2505493164065 -558.24999999999989 1045.2505493164065 1245.5000000000002 320.75000000000006 4686.4699707031259 653.59622192382824 1499.2500000000002 -533.24999999999989 -3570.2499999999995 -2656.4999999999995 24.250000000000004 -30.249999999999996 674.41351318359386 562.25000000000011 -581.24999999999989 2122.2500000000005 636.49594116210949 469.80149841308599 -549.74999999999989 -122.74999999999999 -824.49999999999989 -139.74999999999997 -684.24999999999989 -195.24999999999997 3253.5000000000005 1037.7500000000002 1728.0000000000002 560.00579833984386
decision_type=2 2 2 2 2 2 2 2 2 2 2 2 2 2 2 2 2 2 2 2 2 2 2 2 2 2 2 2 2 2
left_child=5 3 -3 10 -5 6 7 8 12 -10 -2 -12 -1 15 -15 26 -17 20 19 -19 21 -18 -22 25 -25 -24 28 -28 29 -13
right_child=1 2 -4 4 -6 -7 -8 -9 9 -11 11 13 -14 14 -16 16 17 18 -20 -21 22 -23 23 24 -26 -27 27 -29 -30 -31
leaf_value=-6.3614177347139549 -10.303241534855054 30.013979571798576 -0.23077406004855505 -24.560518681086027 1.4624687945401229 -19.211729004269557 20.243131875991821 -12.460172599921993 -0.7830296721147455 -24.965062375502157 9.9503711273795687 0.097641125921434757 -0.15169982599409204 1.1668164239764609 17.646781344847248 -14.78660660471235 -1.0326142068002739 11.680816100892567 26.066989589774092 -12.389655026522551 12.585298985701343 -21.276794815904054 1.2854730272471016 -16.495738038149749 -1.2568995529034077 13.802154520395641 -2.2682283374241421 28.372146263122559 -11.625823640281505 2.8402289729726835
leaf_weight=131 46 23 38 26 27 21 24 81 23 22 57 16547 1095 2416 22 28 102 21 23 22 26 39 134 22 3279 37 35 20 44 623
leaf_count=131 46 23 38 26 27 21 24 81 23 22 57 16547 1095 2416 22 28 102 21 23 22 26 39 134 22 3279 37 35 20 44 623
internal_value=2.81447e-08 0.105406 11.173 0.076794 -11.3035 -1.78496 -1.51899 -1.9053 -1.23265 -12.6054 0.102413 0.122785 -0.815218 0.0988864 1.31553 -0.0423465 -1.13877 -1.03562 8.67069 -0.634309 -1.21167 -6.63207 -0.993176 -1.09486 -1.35846 3.99376 0.194664 8.87373 0.166934 0.197154
internal_weight=25054 23657 61 23596 53 1397 1376 1352 1271 45 23543 23497 1226 23440 2438 21002 3733 3705 66 43 3639 141 3498 3472 3301 171 17269 55 17214 17170
internal_count=25054 23657 61 23596 53 1397 1376 1352 1271 45 23543 23497 1226 23440 2438 21002 3733 3705 66 43 3639 141 3498 3472 3301 171 17269 55 17214 17170
is_linear=0
shrinkage=0.05


Tree=12
num_leaves=31
num_cat=0
split_feature=253 247 93 194 217 236 12 192 132 79 141 45 145 152 232 36 226 247 21 243 187 68 117 121 208 101 239 187 131 239
split_gain=1.78932e+06 2.58319e+06 2.43453e+06 2.18832e+06 4.61721e+06 3.44329e+06 2.81919e+06 3.17475e+06 2.62377e+06 2.08384e+06 1.86706e+06 1.801e+06 6.46048e+06 1.11058e+07 4.02911e+06 2.40181e+06 1.94285e+06 1.82103e+06 1.79158e+06 1.97596e+06 3.55762e+06 2.17853e+06 2.73198e+06 2.20578e+06 1.96147e+06 4.04105e+06 4.55864e+06 2.08421e+06 2.91459e+06 2.91326e+06
threshold=50.250000000000007 -757.74999999999989 -2132.9999999999995 1045.2505493164065 402.75000000000006 1045.2505493164065 1045.2505493164065 1000.5000000000001 29.779231071472172 1243.2500000000002 1225.2500000000002 3683.7500000000005 464.46438598632818 588.47909545898449 1174.7500000000002 4911.7500000000009 423.25000000000006 -328.74999999999994 -1223.2499999999998 724.36727905273449 636.49594116210949 537.80807495117199 505.92158508300787 -615.24999999999989 724.36727905273449 -758.24999999999989 528.75000000000011 545.15829467773449 545.15829467773449 791.00000000000011
decision_type=2 2 2 2 2 2 2 2 2 2 2 2 2 2 2 2 2 2 2 2 2 2 2 2 2 2 2 2 2 2
left_child=1 2 -1 5 8 6 11 -8 -5 -4 -3 16 -13 14 -14 -15 18 -18 19 20 21 -2 -23 -24 27 -26 -27 28 -20 -29
right_child=3 10 9 4 -6 -7 7 -9 -10 -11 -12 12 13 15 -16 -17 17 -19 24 -21 -22 22 23 -25 25 26 -28 29 -30 -31
leaf_value=-21.863480762813403 -0.98890794570090168 -0.3835440917734434 -2.4125912764360167 -11.174608268056598 23.99483835220337 -20.067526263282414 -22.417088526692886 2.7712447870861401 10.107149151166281 -19.629089984893799 -4.672292171639425 30.088810373389204 -27.856844513756887 8.7659886231293562 -1.8853830695152283 29.627870646390051 -7.678883242157271 -0.94389430293095611 0.57050450539897024 12.262017858439478 -12.336172034884946 16.460884272528663 4.1811394937067154 -9.1731421382803671 11.12968365097046 -20.693531227111819 5.0318143917964058 2.3753311261625552 -5.7981947357182975 14.78134513462291
leaf_weight=23 2866 4221 145 28 30 21 29 22 30 20 270 23 28 37 32 22 106 1888 13886 29 66 37 166 38 25 51 26 656 182 51
leaf_count=23 2866 4221 145 28 30 21 29 22 30 20 270 23 28 37 32 22 106 1888 13886 29 66 37 166 38 25 51 26 656 182 51
internal_value=9.87029e-09 -0.881754 -6.62376 0.20249 8.07012 0.168362 0.189331 -11.5515 -0.166803 -4.49944 -0.641385 0.218951 5.83009 1.14144 -14.0054 16.545 0.179257 -1.30192 0.342622 -0.730249 -0.848993 -0.604978 3.96076 1.69358 0.573538 -6.33628 -12.0071 0.62124 0.488112 3.27025
internal_weight=25054 4679 188 20375 88 20287 20266 51 58 165 4491 20215 142 119 60 59 20073 1994 18079 3202 3173 3107 241 204 14877 102 77 14775 14068 707
internal_count=25054 4679 188 20375 88 20287 20266 51 58 165 4491 20215 142 119 60 59 20073 1994 18079 3202 3173 3107 241 204 14877 102 77 14775 14068 707
is_linear=0
shrinkage=0.05


Tree=13
num_leaves=31
num_cat=0
split_feature=108 194 236 217 218 132 75 129 177 50 80 63 243 131 100 150 57 131 45 123 5 226 254 253 141 227 215 160 232 61
split_gain=1.69857e+06 3.14758e+06 5.67348e+06 4.72702e+06 2.63831e+06 2.11745e+06 1.9194e+06 3.28349e+06 5.51365e+06 6.13863e+06 1.6143e+06 2.00218e+06 1.52615e+06 1.7918e+06 1.43504e+06 3.69475e+06 3.11596e+06 2.73961e+06 2.44122e+06 4.05431e+06 1.60122e+06 1.49415e+06 1.7058e+06 1.55824e+06 2.66947e+06 1.66475e+06 1.56367e+06 3.15262e+06 2.79789e+06 2.14202e+06
threshold=-2175.7499999999995 1045.2505493164065 1045.2505493164065 402.75000000000006 442.25000000000006 29.779231071472172 879.99746704101574 -948.24999999999989 1706.2500000000002 1472.7500000000002 -1422.7499999999998 -1502.2499999999998 483.63320922851568 429.29431152343756 3672.0000000000005 3152.5000000000005 4712.5000000000009 487.39910888671881 3683.7500000000005 2897.2700195312505 480.18733215332037 423.25000000000006 -13.749999999999998 50.250000000000007 1225.2500000000002 787.75000000000011 696.40509033203136 -236.06046295166013 441.75000000000006 537.80807495117199
decision_type=2 2 2 2 2 2 2 2 2 2 2 2 2 2 2 2 2 2 2 2 2 2 2 2 2 2 2 2 2 2
left_child=4 2 6 5 10 -3 14 -8 9 -9 11 12 -1 -14 16 -16 18 -17 21 -20 -21 23 -23 24 -2 26 29 -28 -29 -25
right_child=1 3 -4 -5 -6 -7 7 8 -10 -11 -12 -13 13 -15 15 17 -18 -19 19 20 -22 22 -24 25 -26 -27 27 28 -30 -31
leaf_value=-5.5155459567797278 -0.38263820303341056 -10.089327372204174 -25.957431684221543 28.519623959064486 -17.492896633148195 9.818295583830162 8.5943133143278274 -7.8179341226010708 10.631143226623536 -42.199627456665041 10.464034879207611 -13.937267339551774 15.605803871154786 -0.32648590225974722 22.583910583496095 11.440053567886352 -19.676342430114747 -14.417171391986665 -9.5120043945312514 28.085876307487492 9.69597464923201 -1.6022330447891635 4.3551155507564543 0.26332240612083696 -5.813921775912017 10.314148447627113 10.2115505744671 -13.722935664057733 1.7526289888050248 2.7650929739802024
leaf_weight=139 4236 22 21 24 30 34 26 37 20 20 24 37 20 150 25 20 20 21 20 20 29 1962 128 16631 239 42 29 80 46 902
leaf_count=139 4236 22 21 24 30 34 26 37 20 20 24 37 20 150 25 20 20 21 20 20 29 1962 128 16631 239 42 29 80 46 902
internal_value=4.00277e-08 0.0524397 0.0202051 9.9541 -3.23212 1.99744 0.0424236 -6.76875 -11.9563 -19.8817 -2.07584 -2.94565 -1.62951 1.5479 0.0711169 7.43391 0.051188 -1.80389 0.067382 9.45885 17.2021 0.0407094 -1.23738 0.161007 -0.672711 0.371435 0.347826 -4.65212 -8.07313 0.392028
internal_weight=25054 24654 24574 80 400 56 24553 103 77 57 370 346 309 170 24450 66 24384 41 24364 69 49 24295 2090 22205 4475 17730 17688 155 126 17533
internal_count=25054 24654 24574 80 400 56 24553 103 77 57 370 346 309 170 24450 66 24384 41 24364 69 49 24295 2090 22205 4475 17730 17688 155 126 17533
is_linear=0
shrinkage=0.05


Tree=14
num_leaves=31
num_cat=0
split_feature=218 194 150 233 222 81 74 229 107 239 183 187 33 224 9 135 227 171 26 210 6 10 61 96 76 61 194 257 205 109
split_gain=1.68155e+06 2.4833e+06 4.99242e+06 2.86279e+06 2.28115e+06 2.42234e+06 4.19881e+06 2.1946e+06 4.06088e+06 2.61792e+06 2.15496e+06 1.87388e+06 1.79577e+06 1.67381e+06 2.20892e+06 3.48918e+06 2.17774e+06 2.16619e+06 2.0579e+06 3.19859e+06 2.11388e+06 1.84204e+06 2.10198e+06 2.03992e+06 1.80159e+06 2.0955e+06 2.14325e+06 2.42846e+06 1.77947e+06 1.75744e+06
threshold=-519.24999999999989 1045.2505493164065 -552.24999999999989 -504.74999999999994 578.96932983398449 2608.1350097656255 1565.059997558594 879.99746704101574 2607.0000000000005 643.25000000000011 -1085.7499999999998 552.32839965820324 578.96932983398449 -166.74999999999997 -1429.4999999999998 -22.249999999999996 -256.24999999999994 1714.5000000000002 391.72161865234381 -429.74999999999994 -1432.4061279296873 2828.2500000000005 674.41351318359386 624.58282470703136 -962.06277465820301 560.00579833984386 545.15829467773449 487.39910888671881 -982.24999999999989 -2217.522583007812
decision_type=2 2 2 2 2 2 2 2 2 2 2 2 2 2 2 2 2 2 2 2 2 2 2 2 2 2 2 2 2 2
left_child=4 7 -3 -4 11 6 10 13 9 -9 12 -1 -6 14 15 24 -17 18 29 -20 -21 22 23 -22 25 26 27 28 -2 -16
right_child=1 2 3 -5 5 -7 -8 8 -10 -11 -12 -13 -14 -15 17 16 -18 -19 19 20 21 -23 -24 -25 -26 -27 -28 -29 -30 -31
leaf_value=-1.1814354664878504 -4.7922594193454202 -11.717748134136201 29.3734608063331 5.6764788494110112 -26.051220218390228 1.3200873808782609 -31.223214140392486 -10.794558873702773 -25.360362815856934 10.140273164851326 -0.29817364508645577 7.7401792393356077 -5.1167413326601192 -0.16695681426460324 -6.4030574208214182 -24.006892417027402 -2.6324151543053715 -13.777034044265747 0.20636678874816 -6.5206552796893646 5.56957538941381 20.8624072265625 -5.9542860699327376 20.152614639282227 -8.219763899263409 7.4044858683114771 -12.472514604877782 10.424228406419942 0.18933443780309758 0.90042544768095234
leaf_weight=1675 219 20 26 25 20 61 21 32 24 28 57 61 21 15873 84 26 22 24 553 36 588 20 38 25 72 87 37 51 988 4240
leaf_count=1675 219 20 26 25 20 61 21 32 24 28 57 61 21 15873 84 26 22 24 553 36 588 20 38 25 72 87 37 51 988 4240
internal_value=-5.39443e-08 0.117875 9.45446 17.7573 -1.42348 -6.7813 -10.9341 0.0891368 -7.97794 -1.02497 -6.58645 -0.867946 -15.3287 0.118621 0.75617 -0.946748 -14.2103 1.21227 1.27669 3.05483 5.28284 5.91611 5.45693 6.16432 -0.508888 -0.107163 -0.611807 -0.262962 -0.714534 0.758545
internal_weight=25054 23138 71 51 1916 180 119 23067 84 60 98 1736 41 22983 7110 1502 48 5608 5584 1260 707 671 651 613 1454 1382 1295 1258 1207 4324
internal_count=25054 23138 71 51 1916 180 119 23067 84 60 98 1736 41 22983 7110 1502 48 5608 5584 1260 707 671 651 613 1454 1382 1295 1258 1207 4324
is_linear=0
shrinkage=0.05


Tree=15
num_leaves=31
num_cat=0
split_feature=254 11 93 208 29 239 218 226 213 161 162 206 231 5 67 232 68 257 233 187 58 175 35 54 40 44 82 87 107 172
split_gain=1.55988e+06 2.30621e+06 3.85006e+06 2.85007e+06 3.08846e+06 2.81953e+06 4.49176e+06 3.0559e+06 3.50518e+06 3.13777e+06 2.91371e+06 3.46081e+06 2.75319e+06 2.71383e+06 2.40743e+06 2.3166e+06 2.06769e+06 2.03475e+06 1.98867e+06 2.07669e+06 2.15476e+06 2.69919e+06 2.23499e+06 1.99548e+06 2.59521e+06 2.90147e+06 2.54897e+06 2.08494e+06 1.86516e+06 1.96614e+06
threshold=-30.249999999999996 6021.2299804687509 3029.7500000000005 598.99819946289074 3632.2500000000005 216.75000000000003 1000.5000000000001 -220.24999999999997 -187.24999999999997 -1713.4999999999998 1819.5000000000002 -1246.2499999999998 -795.49999999999989 1045.2505493164065 3221.2575683593755 1479.7500000000002 674.41351318359386 674.41351318359386 312.25000000000006 552.32839965820324 35.250000000000007 -1560.7499999999998 1345.5000000000002 518.72827148437511 611.19790649414074 57.250000000000007 570.11660766601574 1283.5000000000002 41.750000000000007 -1124.294982910156
decision_type=2 2 2 2 2 2 2 2 2 2 2 2 2 2 2 2 2 2 2 2 2 2 2 2 2 2 2 2 2 2
left_child=1 3 16 4 18 6 10 8 9 -7 11 12 -5 -9 28 -4 -3 -2 19 -1 21 -21 -22 -20 25 -25 -27 -26 29 -13
right_child=17 2 15 5 -6 7 -8 13 -10 -11 -12 14 -14 -15 -16 -17 -18 -19 23 20 22 -23 -24 24 27 26 -28 -29 -30 -31
leaf_value=-0.0033994724878857472 1.0377862082345941 6.5789100074768072 -12.128012911173014 -6.8786226767080807 11.282452274163566 16.057600720723471 -25.598175024103238 -1.7736082441111407 12.762311810783194 -5.5769976397594778 -21.054978532791139 -11.594575265146071 -27.862544475902212 -17.312991982121623 7.2652818460674853 9.9173736572265625 28.346926259994508 14.838776878074365 -1.1429450486485841 12.792694661617279 13.838880911792618 -1.3125971229087077 1.6611613943956902 -2.9955430929660798 -8.3791125923395153 -11.250136230931139 -33.871456317901611 12.057531628241906 -9.9177893813848499 2.4724908945083621
leaf_weight=19159 2464 20 26 54 60 21 27 300 79 83 25 31 22 31 68 22 24 27 1743 40 83 223 69 50 24 33 20 26 75 125
leaf_count=19159 2464 20 26 54 60 21 27 300 79 83 25 31 22 31 68 22 24 27 1743 40 83 223 69 50 24 33 20 26 75 125
internal_value=2.89786e-09 -0.131089 7.76911 -0.163433 -0.0457108 -2.85691 -5.85975 -0.362342 4.82263 -1.20847 -4.5274 -3.42557 -12.9529 -3.22896 -1.0039 -2.02388 18.4524 1.18738 -0.0773685 0.0723978 3.57168 0.832694 8.31084 -1.62353 -7.09846 -11.6355 -19.7865 2.24794 -3.43812 -0.322888
internal_weight=25054 22563 92 22471 21530 941 427 514 183 104 400 375 76 331 299 48 44 2491 21470 19574 415 263 152 1896 153 103 53 50 231 156
internal_count=25054 22563 92 22471 21530 941 427 514 183 104 400 375 76 331 299 48 44 2491 21470 19574 415 263 152 1896 153 103 53 50 231 156
is_linear=0
shrinkage=0.05


Tree=16
num_leaves=31
num_cat=0
split_feature=205 254 12 68 215 224 176 234 243 158 149 194 82 232 121 47 47 203 40 240 122 189 121 240 11 202 57 239 2 212
split_gain=1.50469e+06 1.97156e+06 2.31346e+06 1.87251e+06 3.16379e+06 1.84691e+06 3.05983e+06 5.18671e+06 4.06796e+06 1.96481e+06 2.4683e+06 3.36067e+06 2.48458e+06 4.34854e+06 3.30623e+06 1.79769e+06 2.29916e+06 2.3093e+06 1.8458e+06 1.95123e+06 1.84583e+06 1.9366e+06 1.80986e+06 1.79937e+06 1.67686e+06 1.61947e+06 1.70758e+06 1.53603e+06 1.52486e+06 1.8402e+06
threshold=-966.74999999999989 -92.249999999999986 1045.2505493164065 879.99746704101574 879.99746704101574 -166.74999999999997 1685.7500000000002 -170.24999999999997 724.36727905273449 -3275.912475585937 -2123.7499999999995 1045.2505493164065 879.99746704101574 1479.7500000000002 637.00000000000011 418.37471008300787 674.41351318359386 -135.74999999999997 461.08456420898443 -362.74999999999994 205.25000000000003 -195.24999999999997 549.25000000000011 -596.24999999999989 -2621.027465820312 -1564.6196289062498 -1624.7499999999998 100.25000000000001 -3959.2499999999995 -1638.2499999999998
decision_type=2 2 2 2 2 2 2 2 2 2 2 2 2 2 2 2 2 2 2 2 2 2 2 2 2 2 2 2 2 2
left_child=1 2 3 4 28 6 8 -8 15 25 -11 12 -12 14 -14 24 17 22 19 23 21 -20 -17 -19 -2 -7 -27 -18 29 -1
right_child=5 -3 -4 -5 -6 9 7 -9 -10 10 11 -13 13 -15 -16 16 27 18 20 -21 -22 -23 -24 -25 -26 26 -28 -29 -30 -31
leaf_value=-2.5031759142875671 -3.1639471904802399 2.1959126803629037 -18.019095169414175 9.4258806740915446 -20.78212619911541 3.6701407146453864 -29.717603249983355 2.4775594316679861 16.984321911518389 -14.015089379623532 -0.1040862766099465 16.072521638777108 -6.2214394242675226 7.6813030700683598 -32.333502699028365 2.3423130756175481 -10.817155988046936 8.559593216148583 -2.5165630572551008 4.0276924654289532 -2.5120302049737226 10.909317299297879 -7.0097468682697839 23.951908548672996 0.63296826601355238 -22.487908523559572 -4.3532282701245064 3.157749205827713 -1.9463350785070028 17.28847928669142
leaf_weight=24 307 349 22 37 22 20 22 29 39 32 15587 32 27 25 22 679 51 37 37 54 76 98 56 39 5506 25 27 32 1718 23
leaf_count=24 307 349 22 37 22 20 22 29 39 32 15587 32 27 25 22 679 51 37 37 54 76 98 56 39 5506 25 27 32 1718 23
internal_value=-1.9418e-08 -1.25045 -1.90201 -1.70762 -1.93814 0.120073 0.792256 -11.4105 0.881022 -0.180425 -0.142692 -0.114405 -0.147479 -9.28761 -17.9452 0.790944 2.58902 3.20752 6.60824 11.2948 3.72079 7.22963 1.62978 16.4583 0.432443 -8.42128 -13.0718 -5.42924 -1.70325 7.1821
internal_weight=25054 2195 1846 1824 1787 22859 7062 51 7011 15797 15725 15693 15661 74 49 6972 1159 1076 341 130 211 135 735 76 5813 72 52 83 1765 47
internal_count=25054 2195 1846 1824 1787 22859 7062 51 7011 15797 15725 15693 15661 74 49 6972 1159 1076 341 130 211 135 735 76 5813 72 52 83 1765 47
is_linear=0
shrinkage=0.05


Tree=17
num_leaves=31
num_cat=0
split_feature=108 194 236 217 218 132 82 170 218 240 239 71 4 68 257 48 15 152 215 33 2 236 222 149 18 174 104 79 63 257
split_gain=1.49339e+06 2.45717e+06 4.56624e+06 3.86659e+06 2.20564e+06 1.64539e+06 1.44023e+06 5.03939e+06 3.0107e+06 4.75962e+06 3.06139e+06 2.06966e+06 1.8982e+06 1.58106e+06 1.58127e+06 1.83059e+06 1.80424e+06 1.68822e+06 1.6411e+06 2.47992e+06 1.90372e+06 2.51352e+06 2.28619e+06 1.66823e+06 1.50056e+06 1.47949e+06 1.79957e+06 1.43425e+06 1.78856e+06 1.41102e+06
threshold=-2175.7499999999995 1045.2505493164065 1045.2505493164065 402.75000000000006 442.25000000000006 29.779231071472172 724.36727905273449 2153.7500000000005 495.75000000000006 -396.74999999999994 544.25000000000011 1502.7500000000002 3611.4250488281255 724.36727905273449 775.33657836914074 4755.3945312500009 5060.5000000000009 674.41351318359386 724.36727905273449 545.15829467773449 3333.0000000000005 624.58282470703136 570.11660766601574 2947.7500000000005 4311.7275390625009 2677.4013671875005 3003.6594238281255 -1542.2499999999998 -1502.2499999999998 570.11660766601574
decision_type=2 2 2 2 2 2 2 2 2 2 2 2 2 2 2 2 2 2 2 2 2 2 2 2 2 2 2 2 2 2
left_child=4 2 6 5 27 -3 13 8 10 -10 11 12 -8 14 15 18 17 -16 20 -20 23 22 -22 25 29 26 -2 28 -1 -11
right_child=1 3 -4 -5 -6 -7 7 -9 9 24 -12 -13 -14 -15 16 -17 -18 -19 19 -21 21 -23 -24 -25 -26 -27 -28 -29 -30 -31
leaf_value=-1.4701636752639062 0.059479728938968739 -9.0530599897558037 -23.284587769281298 25.58877513408661 -16.06972337881724 8.4957643569611445 -4.2448922690675888 20.640813579559328 -31.382563234412153 -14.01903082728386 17.514505077543713 -16.653909011509111 12.886960736188023 10.700923799787249 -7.0245808989913376 -13.480346178054811 18.184299960136414 10.076983104213593 -21.028212621937627 1.7214812679290774 6.2286146110563143 -6.8061294908876775 25.492033805847171 -12.864913368225098 -15.620675726859801 11.755490214736374 -12.623758590221406 11.049262949228288 -12.959284975654199 1.4167819410039668
leaf_weight=312 23890 22 21 24 30 34 61 20 23 20 21 23 22 35 27 25 25 31 23 25 67 27 20 25 31 27 28 20 38 57
leaf_count=312 23890 22 21 24 30 34 61 20 23 20 21 23 22 35 27 25 25 31 23 25 67 27 20 25 31 27 28 20 38 57
internal_value=-1.29196e-08 0.0491705 0.0206898 8.79774 -3.03063 1.60158 0.0406226 -3.5378 -5.41211 -10.7303 0.0735386 -3.38175 0.296081 0.0816031 0.0662699 0.0425985 6.95579 2.11591 0.0566079 -9.17941 0.0750155 6.52099 10.657 0.0443588 -6.33208 0.0578369 0.0446319 -1.9734 -2.71755 -2.59252
internal_weight=25054 24654 24574 80 400 56 24553 278 258 131 127 106 83 24275 24240 24157 83 58 24132 48 24084 114 87 23970 108 23945 23918 370 350 77
internal_count=25054 24654 24574 80 400 56 24553 278 258 131 127 106 83 24275 24240 24157 83 58 24132 48 24084 114 87 23970 108 23945 23918 370 350 77
is_linear=0
shrinkage=0.05


Tree=18
num_leaves=31
num_cat=0
split_feature=253 247 112 79 242 0 222 257 208 142 239 225 205 37 29 206 109 20 105 19 240 80 78 208 237 155 229 201 135 240
split_gain=1.48132e+06 2.15914e+06 2.133e+06 1.65981e+06 1.6587e+06 1.59211e+06 5.42765e+06 5.78098e+06 1.67156e+06 3.13486e+06 2.8845e+06 2.84948e+06 3.32473e+06 3.69711e+06 2.67378e+06 2.3448e+06 2.24794e+06 2.24306e+06 2.61119e+06 2.17508e+06 2.14579e+06 2.13402e+06 2.93288e+06 2.10121e+06 2.07025e+06 1.89992e+06 1.86104e+06 1.84341e+06 1.78918e+06 1.75955e+06
threshold=50.250000000000007 -757.74999999999989 -1960.4999999999998 1243.2500000000002 2598.307495117188 4938.7500000000009 724.36727905273449 1045.2505493164065 598.99819946289074 3105.2500000000005 791.00000000000011 873.75000000000011 71.250000000000014 1205.2500000000002 3632.2500000000005 -1823.7499999999998 4781.8776855468759 -1689.972961425781 -1517.2499999999998 398.78779602050787 -765.74999999999989 2280.5000000000005 1153.2500000000002 674.41351318359386 1546.6129150390627 1664.7500000000002 598.99819946289074 653.59622192382824 416.50000000000006 -482.74999999999994
decision_type=2 2 2 2 2 2 2 2 2 2 2 2 2 2 2 2 2 2 2 2 2 2 2 2 2 2 2 2 2 2
left_child=1 2 -1 -4 -3 8 -7 -8 14 10 11 15 -13 -14 26 -10 24 -17 20 -16 -19 22 28 -24 -12 -25 -2 -23 -20 -28
right_child=5 4 3 -5 -6 6 7 -9 9 -11 16 12 13 -15 19 17 -18 18 21 -21 -22 27 23 25 -26 -27 29 -29 -30 -31
leaf_value=-21.487589998245241 0.1828238346076887 -0.4937619803281359 -2.3873514394905118 -17.733800690174103 -10.98453450453909 -10.727973346052499 36.717583211263019 3.8722167852762581 -16.813588916778567 -21.527325854301452 4.3705539805193743 -25.361287343913112 -15.650810156197384 11.896411832173666 23.108503107591108 -9.4594633693496402 16.424042294102332 21.654413134401494 -1.3592223057280417 3.925043765174018 3.1780706661397762 -3.4759820962774342 -1.3107883866817234 -9.1101482101108715 -11.191992084796613 -25.984325530312276 -2.2764220223707312 12.76143266152252 10.690672852541951 11.689020122698885
leaf_weight=20 19222 4453 148 20 38 29 21 37 25 20 120 29 29 21 22 72 31 22 184 45 55 29 63 69 26 22 34 44 37 67
leaf_count=20 19222 4453 148 20 38 29 21 37 25 20 120 29 29 21 22 72 31 22 184 45 55 29 63 69 26 22 34 44 37 67
internal_value=-2.91059e-08 -0.802285 -6.05189 -4.21431 -0.582528 0.18424 6.93368 15.7645 0.155297 -1.95363 -1.50776 -2.94784 -11.8927 -4.08098 0.252966 -1.81175 4.19559 -1.18353 -0.0485458 10.2241 8.45703 -1.51044 -3.03301 -8.3301 1.59914 -13.1896 0.218393 6.31095 0.658181 6.98778
internal_weight=25054 4679 188 168 4491 20375 87 58 20288 898 878 701 79 50 19390 622 177 597 525 67 77 448 375 154 146 91 19323 73 221 101
internal_count=25054 4679 188 168 4491 20375 87 58 20288 898 878 701 79 50 19390 622 177 597 525 67 77 448 375 154 146 91 19323 73 221 101
is_linear=0
shrinkage=0.05


Tree=19
num_leaves=31
num_cat=0
split_feature=218 194 177 233 11 5 81 198 5 192 98 68 220 192 65 128 239 82 254 224 203 169 85 5 85 8 161 191 196 122
split_gain=1.38009e+06 1.85642e+06 4.23642e+06 2.09681e+06 1.81707e+06 1.88552e+06 1.70033e+06 3.79217e+06 1.6238e+06 2.02474e+06 1.59096e+06 1.76602e+06 1.76401e+06 1.5843e+06 1.50098e+06 2.86211e+06 2.27537e+06 1.37999e+06 1.35e+06 1.33601e+06 2.39282e+06 2.38994e+06 2.48128e+06 1.90762e+06 2.7722e+06 2.00488e+06 1.807e+06 1.63106e+06 1.78628e+06 2.24284e+06
threshold=-519.24999999999989 1045.2505493164065 -1277.2499999999998 -504.74999999999994 658.83999633789074 653.59622192382824 2608.1350097656255 -1940.9999999999998 1045.2505493164065 1245.5000000000002 -2045.2499999999998 537.80807495117199 -1004.7499999999999 -2029.4999999999998 -3570.2499999999995 -2656.4999999999995 160.75000000000003 480.18733215332037 -273.74999999999994 -166.74999999999997 -897.49999999999989 2143.0000000000005 2238.7500000000005 412.68888854980474 1552.7500000000002 1585.2500000000002 1145.7500000000002 -1327.7499999999998 -153.74999999999997 -1305.4999999999998
decision_type=2 2 2 2 2 2 2 2 2 2 2 2 2 2 2 2 2 2 2 2 2 2 2 2 2 2 2 2 2 2
left_child=4 8 -3 -4 5 10 7 -6 14 -10 13 -12 -13 -1 17 16 -16 -2 -8 20 -17 22 23 -22 27 -26 -24 -25 -29 -30
right_child=1 2 3 -5 6 -7 18 -9 9 -11 11 12 -14 -15 15 19 -18 -19 -20 -21 21 -23 26 24 25 -27 -28 28 29 -31
leaf_value=4.9686683416366577 -0.27785936083112445 -9.4646400949229363 26.657352508544921 5.7385823685189958 -26.657737092744739 -15.775627269744874 -2.453755702643559 -4.6112176398291203 -17.582690058083369 1.6327326701237608 -0.15831727512432414 15.118556042817923 0.17437386631965637 -6.6339881347758443 1.9865133145276239 -2.5487308824240276 21.051138068889752 -18.40436238788423 11.081005947678179 -0.1643718327901032 0.46113603390487179 -15.913860520862398 3.9629211158588014 12.282447077303516 -13.810081376064392 2.1524637596027274 18.763596135377885 1.4076598077429865 -10.496999499797822 6.73082473103252
leaf_weight=36 21 23 25 23 21 20 58 274 29 26 1240 39 40 161 34 536 29 21 27 15849 5257 21 58 49 42 37 32 665 20 341
leaf_count=36 21 23 25 23 21 20 58 274 29 26 1240 39 40 161 34 536 29 21 27 15849 5257 21 58 49 42 37 32 665 20 341
internal_value=1.90659e-08 0.106787 8.17936 16.6338 -1.28958 -0.523716 -4.38531 -6.18063 0.08194 -8.49904 -0.322503 0.303476 7.55188 -4.51371 0.102449 0.119716 10.7623 -9.34111 1.84552 0.0904466 0.662651 0.926573 0.980972 0.865234 2.70609 -6.33395 9.22538 3.37042 2.9448 5.77637
internal_weight=25054 23138 71 48 1916 1536 380 295 23067 55 1516 1319 79 197 23012 22970 63 42 85 22907 7058 6522 6501 6411 1154 79 90 1075 1026 361
internal_count=25054 23138 71 48 1916 1536 380 295 23067 55 1516 1319 79 197 23012 22970 63 42 85 22907 7058 6522 6501 6411 1154 79 90 1075 1026 361
is_linear=0
shrinkage=0.05


Tree=20
num_leaves=31
num_cat=0
split_feature=254 257 11 93 208 29 239 218 176 162 206 231 67 232 224 198 198 238 29 117 176 68 233 257 218 149 252 133 5 5
split_gain=1.38032e+06 1.77642e+06 1.75339e+06 3.31636e+06 2.097e+06 2.52598e+06 2.40776e+06 3.75754e+06 2.71977e+06 2.39323e+06 2.8761e+06 2.38562e+06 2.30609e+06 1.96581e+06 1.78392e+06 3.55613e+06 2.71274e+06 2.20649e+06 2.19105e+06 2.5344e+06 2.01322e+06 1.76174e+06 1.71326e+06 2.00284e+06 2.17191e+06 3.78359e+06 2.08341e+06 2.01361e+06 2.0063e+06 2.53288e+06
threshold=-30.249999999999996 674.41351318359386 6021.2299804687509 3029.7500000000005 598.99819946289074 4073.7500000000005 216.75000000000003 980.25000000000011 -1186.9999999999998 1819.5000000000002 -1246.2499999999998 -795.49999999999989 3221.2575683593755 1479.7500000000002 730.25000000000011 408.75000000000006 21.750000000000004 1033.7500000000002 2436.5000000000005 636.49594116210949 2063.7500000000005 674.41351318359386 312.25000000000006 500.19013977050787 689.75000000000011 910.25000000000011 418.25000000000006 -2183.2499999999995 439.06622314453131 636.49594116210949
decision_type=2 2 2 2 2 2 2 2 2 2 2 2 2 2 2 2 2 2 2 2 2 2 2 2 2 2 2 2 2 2
left_child=2 -2 4 21 5 22 7 9 -8 10 11 -6 -12 -5 15 18 -16 20 -10 -20 -18 -4 23 27 25 26 28 -1 -25 -30
right_child=1 -3 3 13 6 -7 8 -9 14 -11 12 -13 -14 -15 16 -17 17 -19 19 -21 -22 -23 -24 24 -26 -27 -28 -29 29 -31
leaf_value=-6.3431699760849511 0.97717832499864066 13.872367493311565 5.720568473041058 -11.631449677393988 -5.9920344953183777 16.88315342989835 15.290085887908937 -22.612839460783992 0.81186240394448128 -18.947045825958252 -3.1239205414315929 -25.525065840374339 7.4171675996993898 8.6763979218222875 -21.705806248838254 11.747554720394197 -12.254423104563067 6.254264123704699 0.37827601962619362 -21.28583681671708 4.3213568467360277 25.813654389977458 -1.4981367596347019 -3.5715569904382281 7.1136054881709683 -8.6385627871209927 14.828550648689271 -0.00088037340467758598 4.8194137679050906 -4.2865086872090572
leaf_weight=126 2464 27 20 26 54 22 27 29 215 25 230 22 67 22 22 63 62 45 27 27 26 24 1908 139 188 88 32 18507 427 93
leaf_count=126 2464 27 20 26 54 22 27 29 215 25 230 22 67 22 22 63 62 45 27 27 26 24 1908 139 188 88 32 18507 427 93
internal_value=-1.12403e-08 1.11695 -0.123313 6.76524 -0.151516 -0.0505375 -2.4619 -5.23682 -0.156674 -3.97073 -2.96695 -11.6463 -0.745965 -2.32369 -1.01306 1.05465 -5.44197 -2.75171 -1.44964 -10.4538 -7.35703 16.6804 -0.0678585 0.0713747 2.29005 1.12595 2.36948 -0.0437682 1.76449 3.19085
internal_weight=25054 2491 22563 92 22471 21530 941 427 514 398 373 76 297 48 487 332 155 133 269 54 88 44 21508 19600 967 779 691 18633 659 520
internal_count=25054 2491 22563 92 22471 21530 941 427 514 398 373 76 297 48 487 332 155 133 269 54 88 44 21508 19600 967 779 691 18633 659 520
is_linear=0
shrinkage=0.05


Tree=21
num_leaves=31
num_cat=0
split_feature=253 90 108 149 206 21 138 152 19 68 82 89 5 83 257 27 102 219 248 156 91 225 71 227 254 253 14 235 162 27
split_gain=1.32313e+06 1.92867e+06 1.67946e+06 1.36799e+06 1.45538e+06 1.29347e+06 3.93643e+06 7.00663e+06 3.84755e+06 4.25778e+06 4.65161e+06 2.91992e+06 2.89709e+06 2.53185e+06 2.46475e+06 2.02878e+06 1.90089e+06 1.3958e+06 1.98699e+06 2.50265e+06 1.62581e+06 4.04086e+06 1.99103e+06 1.70888e+06 1.39302e+06 1.29933e+06 1.24265e+06 1.60736e+06 2.60937e+06 3.0711e+06
threshold=50.250000000000007 2887.5971679687505 -2342.2499999999995 -2123.7499999999995 -1317.2499999999998 3461.2500000000005 469.80149841308599 545.15829467773449 523.98001098632824 674.41351318359386 588.47909545898449 483.63320922851568 455.76057434082037 3557.9362792968755 624.58282470703136 3603.4338378906255 4444.5073242187509 698.75000000000011 619.50000000000011 -329.74999999999994 2564.0000000000005 1503.0000000000002 2645.7500000000005 1651.2500000000002 -397.24999999999994 735.50000000000011 -926.74999999999989 13.402499675750734 -959.24999999999989 134.54032135009768
decision_type=2 2 2 2 2 2 2 2 2 2 2 2 2 2 2 2 2 2 2 2 2 2 2 2 2 2 2 2 2 2
left_child=1 2 -1 -4 -5 15 14 12 11 10 -10 -9 -8 -11 -7 17 -17 26 19 -19 22 -22 23 24 -21 -20 -2 -28 29 -29
right_child=5 -3 3 4 -6 6 7 8 9 13 -12 -13 -14 -15 -16 16 -18 18 25 20 21 -23 -24 -25 -26 -27 27 28 -30 -31
leaf_value=-10.518036987060725 -0.44102505483017507 -14.338330452258772 7.8062681237856557 -10.056858721593532 -0.59391346184112048 7.6407685060758856 -31.321319875717165 1.5608552342369444 7.8191225280761714 -2.8070425558090211 -20.099680394095344 25.410691694779828 -5.5547517325729139 20.317495163555805 29.426789555549625 -19.294789604040293 -0.17525602120619554 -19.919123973846439 15.875883554276966 -13.346253487893515 1.3267799250284833 -26.885380554199219 9.8418303721659903 12.405599508285523 -1.9861960565673826 2.0490663646312242 1.115954749190569 -18.178344138075669 0.15635048787570693 -2.0843523549142287
leaf_weight=43 4849 26 48 41 4521 37 20 21 25 20 37 33 24 29 20 26 26 20 21 28 30 22 37 20 745 89 5911 41 8137 107
leaf_count=43 4849 26 48 41 4521 37 20 21 25 20 37 33 24 29 20 26 26 20 21 28 30 22 37 20 745 89 5911 41 8137 107
internal_value=8.13662e-09 -0.758236 -0.682353 -0.59061 -0.67896 0.174124 3.63794 0.461468 5.18901 -0.136429 -8.8421 16.1358 -17.2668 10.8789 15.285 0.128305 -9.73502 0.153877 -1.65558 -2.42928 -2.03268 -10.6091 -1.49536 -2.02434 -2.39769 4.68873 0.250027 0.486073 0.0366791 -6.54282
internal_weight=25054 4679 4653 4610 4562 20375 266 209 165 111 62 54 44 49 57 20109 52 20057 1012 902 882 52 830 793 773 110 19045 14196 8285 148
internal_count=25054 4679 4653 4610 4562 20375 266 209 165 111 62 54 44 49 57 20109 52 20057 1012 902 882 52 830 793 773 110 19045 14196 8285 148
is_linear=0
shrinkage=0.05


Tree=22
num_leaves=31
num_cat=0
split_feature=245 198 244 176 19 211 198 142 243 145 49 155 148 226 222 50 64 225 92 246 68 214 225 222 5 9 72 252 37 75
split_gain=1.23995e+06 2.04969e+06 2.14084e+06 3.38031e+06 2.18817e+06 2.46367e+06 1.79788e+06 2.99691e+06 2.50446e+06 2.55101e+06 2.47394e+06 3.4277e+06 2.3139e+06 2.08874e+06 2.49244e+06 1.90408e+06 3.43687e+06 3.75352e+06 3.17041e+06 2.44058e+06 1.80915e+06 1.94301e+06 1.61152e+06 1.56793e+06 1.61269e+06 1.96134e+06 1.94586e+06 1.41053e+06 1.36281e+06 1.26946e+06
threshold=-400.74999999999994 932.75000000000011 911.74853515625011 1746.0000000000002 696.40509033203136 -20.749999999999996 2122.2500000000005 3105.2500000000005 636.49594116210949 469.80149841308599 3679.7500000000005 2863.0000000000005 2337.5000000000005 727.00000000000011 383.09368896484381 1606.7500000000002 2442.2500000000005 1503.0000000000002 2266.2500000000005 298.75000000000006 311.58302307128912 402.91999816894537 1626.2500000000002 412.68888854980474 458.16539001464849 706.25000000000011 277.75000000000006 -362.74999999999994 -465.24999999999994 560.00579833984386
decision_type=2 2 2 2 2 2 2 2 2 2 2 2 2 2 2 2 2 2 2 2 2 2 2 2 2 2 2 2 2 2
left_child=1 2 3 4 5 -1 7 10 9 -8 13 12 -12 22 20 19 18 -18 -17 -16 21 -15 -2 -21 25 -25 -26 28 -6 -7
right_child=6 -3 -4 -5 27 29 8 -9 -10 -11 11 -13 -14 14 15 16 17 -19 -20 23 -22 -23 -24 24 26 -27 -28 -29 -30 -31
leaf_value=-1.4928971855057869 0.14327472849612272 -13.719192403554917 14.546792706576262 -20.627722839875656 -24.377507800147647 1.9287535849553963 11.091592842102052 -13.768662095681217 17.623339396885466 -11.981887552012568 6.5563674073470271 -8.4576147686351444 25.914077032529391 -13.0730406165123 -17.31441466522217 -10.898702104772841 11.226713020570818 -16.556253408193591 -33.471493053436284 -8.9175802310307812 3.7482946555244734 -0.10596147411717818 14.000784247262139 16.522314941883089 -8.5597555745322751 -3.4375791704654697 5.4951024635978367 -2.365908059841249 -6.1404293477535248 11.019759033447089
leaf_weight=1545 22027 32 22 22 21 359 25 39 35 23 38 22 26 40 25 70 31 20 20 45 187 104 21 32 53 20 46 41 20 43
leaf_count=1545 22027 32 22 22 21 359 25 39 35 23 38 22 26 40 25 70 31 20 20 45 187 104 21 32 53 20 46 41 20 43
internal_value=-2.56467e-09 -1.16142 -0.96757 -1.13398 -0.922618 -0.585647 0.106531 0.0798681 7.45209 0.0355502 0.103528 8.56791 14.4204 0.0715185 -2.63135 -5.49867 -10.0386 0.331432 -15.9149 -2.60218 0.5045 -3.70793 0.156474 -0.725617 1.7157 8.84543 -2.02922 -8.92364 -15.4814 2.90117
internal_weight=25054 2105 2073 2051 2029 1947 22949 22866 83 48 22827 86 64 22741 693 362 141 51 90 221 331 144 22048 196 151 52 99 82 41 402
internal_count=25054 2105 2073 2051 2029 1947 22949 22866 83 48 22827 86 64 22741 693 362 141 51 90 221 331 144 22048 196 151 52 99 82 41 402
is_linear=0
shrinkage=0.05


Tree=23
num_leaves=31
num_cat=0
split_feature=165 226 149 106 33 75 222 229 20 166 159 135 31 96 138 66 145 124 33 244 239 14 212 197 201 19 187 54 75 61
split_gain=1.22739e+06 2.35732e+06 2.4053e+06 2.61851e+06 1.76647e+06 2.74702e+06 2.67913e+06 2.44285e+06 1.83672e+06 1.7984e+06 1.69221e+06 1.5335e+06 1.99552e+06 1.61864e+06 1.65568e+06 2.4822e+06 2.0109e+06 1.76719e+06 1.89823e+06 1.4653e+06 1.4037e+06 1.39164e+06 2.87909e+06 3.16745e+06 2.85933e+06 5.17048e+06 3.9411e+06 2.87284e+06 2.33481e+06 2.28215e+06
threshold=-2047.532531738281 -1546.4999999999998 -146.74999999999997 -824.74999999999989 598.99819946289074 611.19790649414074 570.11660766601574 523.98001098632824 -1716.1137084960935 560.00579833984386 523.98001098632824 -960.24999999999989 -252.24999999999997 512.03503417968761 386.04539489746099 -1381.2499999999998 420.31375122070318 312.30625915527349 296.87950134277349 -994.89813232421864 134.75000000000003 3486.0000000000005 -881.74999999999989 967.75000000000011 487.39910888671881 491.92401123046881 458.16539001464849 434.12649536132818 674.41351318359386 588.47909545898449
decision_type=2 2 2 2 2 2 2 2 2 2 2 2 2 2 2 2 2 2 2 2 2 2 2 2 2 2 2 2 2 2
left_child=4 2 3 -2 6 -6 7 11 9 -8 -9 -1 13 14 17 -16 -17 -13 -19 -5 -18 -3 -23 -24 26 27 -25 -26 29 -27
right_child=1 21 -4 19 5 -7 8 10 -10 -11 -12 12 -14 -15 15 16 20 18 -20 -21 -22 22 23 24 25 28 -28 -29 -30 -31
leaf_value=-2.783618442211452 -10.504134579499564 0.093003614511722538 -19.724097560953211 13.52532354736328 19.296389704484209 -3.2736548375604411 -27.783561125255769 13.423263232251433 0.56857396906072444 -7.9357673196792611 -1.0985669490269252 -2.9225267473532228 -13.438467531402907 14.583615358173848 -13.38239384526792 -6.1982818727907931 0.00152324948992048 16.207030660455878 3.1947513601151849 -2.5226664422136369 18.510139379501343 21.550159654163181 -10.031421523870424 8.4605425921353437 9.2234928131103526 5.1096268517630445 -21.821955490112305 33.442034964561465 10.719448490840634 -15.077664218630112
leaf_weight=984 60 22972 27 25 26 28 21 47 22 25 35 98 24 22 46 46 21 33 186 33 20 21 43 22 24 28 21 25 41 28
leaf_count=984 60 22972 27 25 26 28 21 47 22 25 35 98 24 22 46 46 21 33 186 33 20 21 43 22 24 28 21 25 41 28
internal_value=6.17671e-09 0.0939429 -6.26147 -3.18104 -1.30371 7.5934 -1.59846 -1.17551 -11.3138 -16.9967 7.22492 -1.64094 0.625984 1.34113 0.693715 -3.98854 0.97832 2.6582 5.15551 4.39457 9.03012 0.133621 3.82166 2.21693 5.00359 8.34114 -6.32858 21.5799 1.65353 -4.98402
internal_weight=25054 23370 145 118 1684 54 1630 1562 68 46 82 1480 496 472 450 133 87 317 219 58 41 23225 253 232 189 146 43 49 97 56
internal_count=25054 23370 145 118 1684 54 1630 1562 68 46 82 1480 496 472 450 133 87 317 219 58 41 23225 253 232 189 146 43 49 97 56
is_linear=0
shrinkage=0.05


Tree=24
num_leaves=31
num_cat=0
split_feature=254 257 11 164 226 208 13 0 29 253 161 5 219 33 197 1 185 149 75 61 106 120 47 203 229 11 12 106 246 219
split_gain=1.20227e+06 1.46934e+06 1.44605e+06 2.90317e+06 3.05306e+06 1.76936e+06 2.12379e+06 2.90506e+06 2.08354e+06 2.08213e+06 3.37635e+06 2.26529e+06 1.96109e+06 1.80506e+06 2.36603e+06 1.88374e+06 1.63752e+06 4.0018e+06 2.45546e+06 2.16669e+06 2.28509e+06 5.29026e+06 2.2796e+06 1.94876e+06 1.939e+06 1.87971e+06 1.83408e+06 2.73988e+06 2.18349e+06 1.90377e+06
threshold=-30.249999999999996 674.41351318359386 6021.2299804687509 1432.2500000000002 976.25000000000011 598.99819946289074 -1624.9542236328123 -1642.2499999999998 3632.2500000000005 185.75000000000003 1761.5000000000002 1045.2505493164065 -1687.7499999999998 598.99819946289074 206.25000000000003 -2759.7499999999995 712.75000000000011 -496.24999999999994 289.30622863769537 570.11660766601574 1390.2500000000002 952.75000000000011 611.19790649414074 298.75000000000006 598.99819946289074 -1352.5700073242185 545.15829467773449 -476.24999999999994 -74.749999999999986 -1355.4999999999998
decision_type=2 2 2 2 2 2 2 2 2 2 2 2 2 2 2 2 2 2 2 2 2 2 2 2 2 2 2 2 2 2
left_child=2 -2 5 -4 -5 8 13 -8 16 10 -9 12 -11 14 -7 -15 19 -18 25 26 21 22 -21 -24 -20 -19 -1 29 -29 -28
right_child=1 -3 3 4 -6 6 7 9 -10 11 -12 -13 -14 15 -16 -17 17 18 24 20 -22 -23 23 -25 -26 -27 27 28 -30 -31
leaf_value=0.071024385574811597 0.91530449544933823 12.643067786345881 17.741438141991111 -11.365715802100397 11.632223888679789 -25.776725313398572 10.324538855552674 -3.5645202862500307 9.2564837503433228 -11.518210612391604 -21.205061082839968 -12.381940135535073 1.9529269815849355 9.5716248416900651 -3.3993655920028689 -8.4847237780690197 -21.118890377044679 -18.506259237016952 -0.39767666361716819 7.8616607265339953 13.384499349313623 -18.827252526261979 -1.0790941481299245 14.551718625155363 12.846706104278566 -3.2859023574908459 -13.396559158960978 3.0231568137804672 -12.1799635786194 2.762904567303865
leaf_weight=17888 2464 27 34 31 27 27 50 283 60 29 30 34 395 20 21 52 25 21 2118 180 51 28 213 22 28 596 21 30 111 138
leaf_count=17888 2464 27 34 31 27 27 50 283 60 29 30 34 395 20 21 52 25 21 2118 180 51 28 213 22 28 596 21 30 111 138
internal_value=-1.37948e-08 1.04242 -0.115085 6.14067 -0.659778 -0.140698 -2.26294 -1.3548 -0.047942 -2.11222 -5.25531 0.0357906 1.03155 -8.4761 -15.9866 -3.46907 -0.0739441 -1.20429 -1.0241 0.0947432 3.36202 2.20819 3.62745 0.384216 -0.22487 -3.80394 0.00600154 -3.87109 -8.94526 0.628636
internal_weight=25054 2491 22563 92 58 22471 941 821 21530 771 313 458 424 120 48 72 21470 2788 2763 18682 494 443 415 235 2146 617 18188 300 141 159
internal_count=25054 2491 22563 92 58 22471 941 821 21530 771 313 458 424 120 48 72 21470 2788 2763 18682 494 443 415 235 2146 617 18188 300 141 159
is_linear=0
shrinkage=0.05


Tree=25
num_leaves=31
num_cat=0
split_feature=253 141 149 108 194 217 236 246 12 141 93 246 236 58 79 208 99 139 149 190 226 227 156 170 247 27 250 96 178 173
split_gain=1.17033e+06 1.78223e+06 1.63603e+06 1.4827e+06 1.17972e+06 2.89486e+06 2.05643e+06 1.60137e+06 1.52501e+06 4.73552e+06 2.84541e+06 2.35803e+06 1.33404e+06 2.23532e+06 2.48788e+06 1.65979e+06 1.92846e+06 2.13083e+06 1.17413e+06 1.33157e+06 1.12181e+06 1.98149e+06 1.94429e+06 2.47964e+06 1.86226e+06 2.17032e+06 2.11656e+06 1.94642e+06 1.65688e+06 1.64385e+06
threshold=50.250000000000007 1225.2500000000002 1337.2500000000002 -2342.2499999999995 1045.2505493164065 402.75000000000006 1045.2505493164065 398.25000000000006 879.99746704101574 1523.2500000000002 -447.74999999999994 969.00000000000011 775.33657836914074 3338.7500000000005 1112.7500000000002 724.36727905273449 -203.24999999999997 1718.0606079101565 -2123.7499999999995 -929.74999999999989 567.25000000000011 787.75000000000011 2782.5000000000005 2153.7500000000005 39.750000000000007 3140.440795898438 653.59622192382824 464.46438598632818 91.250000000000014 560.00579833984386
decision_type=2 2 2 2 2 2 2 2 2 2 2 2 2 2 2 2 2 2 2 2 2 2 2 2 2 2 2 2 2 2
left_child=1 3 -3 -1 6 7 8 -6 12 10 -10 -11 15 14 -14 20 -17 -18 -5 -20 21 22 23 -2 25 29 28 -27 -26 -22
right_child=4 2 -4 18 5 -7 -8 -9 9 11 -12 -13 13 -15 -16 16 17 -19 19 -21 24 -23 -24 -25 26 27 -28 -29 -30 -31
leaf_value=-9.6998684001523401 0.24040696088122104 -7.2189588573454095 0.62405783043188212 7.4072445551554367 7.1719080248186673 18.549879708290103 -15.49971407935733 -9.4839518547058113 -7.1989117145538337 14.077618675078117 -30.132224818638395 -7.9432052183151249 9.7817054402828223 18.572687156383807 -8.9227984800934799 3.3705237120389939 -20.94212871059295 -2.0865385641697154 -4.7280235027585711 -0.27488650424170841 -1.819776625627906 7.0390633788373735 -15.334400215148927 14.626870975494384 11.802636293002537 -3.7074972581863408 15.299016649308413 -25.766601176261901 -0.6103325088472501 -13.383858290585605
leaf_weight=43 18563 191 102 48 31 30 21 27 38 31 21 20 40 26 32 32 31 29 175 4120 447 108 20 30 28 20 23 20 674 33
leaf_count=43 18563 191 102 48 31 30 21 27 38 31 21 20 40 26 32 32 31 29 175 4120 447 108 20 30 28 20 23 20 674 33
internal_value=-3.66846e-09 -0.713112 -4.48863 -0.460894 0.163762 5.94044 0.138704 -0.581682 0.154909 -5.7163 -15.3616 5.442 0.186951 6.00641 1.46859 0.158518 -6.54194 -11.8286 -0.369419 -0.45633 0.189392 0.286043 0.246859 0.26362 -1.26394 -3.54729 0.373775 -14.737 -0.115228 -2.61481
internal_weight=25054 4679 293 4386 20375 88 20287 58 20266 110 59 51 20156 98 72 20058 92 60 4343 4295 19966 18721 18613 18593 1245 520 725 40 702 480
internal_count=25054 4679 293 4386 20375 88 20287 58 20266 110 59 51 20156 98 72 20058 92 60 4343 4295 19966 18721 18613 18593 1245 520 725 40 702 480
is_linear=0
shrinkage=0.05


Tree=26
num_leaves=31
num_cat=0
split_feature=37 226 171 99 208 82 232 10 64 40 85 126 217 34 32 68 215 257 113 60 202 161 220 124 65 106 243 5 131 230
split_gain=1.1015e+06 1.62777e+06 2.45397e+06 3.37688e+06 2.04141e+06 2.48698e+06 3.08944e+06 4.02183e+06 2.08285e+06 1.49269e+06 1.50532e+06 1.82057e+06 3.35601e+06 2.39479e+06 1.58306e+06 1.31817e+06 2.96954e+06 2.61405e+06 2.96565e+06 1.76917e+06 2.51006e+06 2.49029e+06 1.582e+06 1.69016e+06 1.64004e+06 2.22669e+06 1.62089e+06 1.61874e+06 1.5957e+06 1.53459e+06
threshold=-1541.2499999999998 -1546.4999999999998 -609.74999999999989 -1175.7499999999998 1045.2505493164065 879.99746704101574 1479.7500000000002 1518.2500000000002 1555.2500000000002 192.39028930664065 454.75000000000006 -120.74999999999999 -201.24999999999997 -2205.7678222656245 -1192.8624877929685 537.80807495117199 578.96932983398449 483.63320922851568 -1060.7499999999998 -639.59500122070301 -1493.6815185546873 -1025.2499999999998 40.250000000000007 487.39910888671881 -2197.9999999999995 -1074.7499999999998 480.18733215332037 281.30686950683599 537.80807495117199 -1062.8570556640623
decision_type=2 2 2 2 2 2 2 2 2 2 2 2 2 2 2 2 2 2 2 2 2 2 2 2 2 2 2 2 2 2
left_child=9 2 3 -2 5 -3 7 -7 -6 -1 11 15 14 -14 -13 22 17 -17 -19 -18 -21 -22 23 26 -25 -26 -11 -24 -29 -28
right_child=1 4 -4 -5 8 6 -8 -9 -10 10 -12 12 13 -15 -16 16 19 18 -20 20 21 -23 27 24 25 -27 29 28 -30 -31
leaf_value=10.410604660675444 -16.608131066958109 0.16264937406318475 -16.460324797759185 7.9482074158532292 -2.4341647458076476 -4.9498914382037 6.1449036439259856 -33.206786158084867 18.261905199481596 -1.8919315470911178 10.993716518695539 -26.625832605361939 12.298701254526776 -5.436392144470112 -7.827929067611695 -0.053342322545630906 -11.419981906769124 6.236084871292114 24.621926432642443 11.268294773101807 -18.266350348790489 0.93334626294018941 -4.8265706727792939 -3.009546520994153 -26.813549950009303 -5.5852882838249212 6.3975134235244617 3.1865915494430359 -11.276870632171631 -6.3478789011637371
leaf_weight=29 21 21712 37 42 20 34 24 20 31 1709 26 24 24 92 21 107 47 90 29 35 24 57 91 86 21 30 111 410 20 30
leaf_count=29 21 21712 37 42 20 34 24 20 31 1709 26 24 24 92 21 107 47 90 29 35 24 57 91 86 21 30 111 410 20 30
internal_value=-1.11685e-09 0.124878 -6.23978 -0.237239 0.154019 0.130633 -8.78147 -15.4154 10.1458 -0.880163 -0.986334 -1.08819 -6.26327 -1.76706 -17.8535 -0.800589 1.90755 5.61759 10.7167 -3.23644 0.0792987 -4.75545 -1.22063 -1.86366 -7.22237 -14.3263 -1.46682 1.23176 2.51387 3.68573
internal_weight=25054 21941 100 63 21841 21790 78 54 51 3113 3084 3058 161 116 45 2897 389 226 119 163 116 81 2508 1987 137 51 1850 521 430 141
internal_count=25054 21941 100 63 21841 21790 78 54 51 3113 3084 3058 161 116 45 2897 389 226 119 163 116 81 2508 1987 137 51 1850 521 430 141
is_linear=0
shrinkage=0.05


end of trees

feature_importances:
Column_226=26
Column_5=25
Column_239=21
Column_198=14
Column_194=13
Column_208=13
Column_218=13
Column_257=13
Column_232=12
Column_254=12
Column_253=11
Column_68=10
Column_152=10
Column_247=10
Column_149=9
Column_187=9
Column_192=9
Column_201=9
Column_217=9
Column_229=9
Column_16=8
Column_40=8
Column_47=8
Column_61=8
Column_222=8
Column_243=8
Column_11=7
Column_29=7
Column_82=7
Column_85=7
Column_145=7
Column_148=7
Column_205=7
Column_236=7
Column_240=7
Column_246=7
Column_2=6
Column_12=6
Column_75=6
Column_108=6
Column_150=6
Column_215=6
Column_219=6
Column_224=6
Column_33=5
Column_44=5
Column_54=5
Column_65=5
Column_106=5
Column_124=5
Column_131=5
Column_132=5
Column_142=5
Column_161=5
Column_162=5
Column_206=5
Column_212=5
Column_225=5
Column_233=5
Column_250=5
Column_4=4
Column_19=4
Column_37=4
Column_45=4
Column_79=4
Column_89=4
Column_93=4
Column_96=4
Column_138=4
Column_141=4
Column_155=4
Column_176=4
Column_177=4
Column_185=4
Column_197=4
Column_227=4
Column_0=3
Column_6=3
Column_10=3
Column_20=3
Column_26=3
Column_27=3
Column_57=3
Column_58=3
Column_67=3
Column_74=3
Column_80=3
Column_81=3
Column_90=3
Column_99=3
Column_100=3
Column_103=3
Column_109=3
Column_117=3
Column_121=3
Column_128=3
Column_135=3
Column_156=3
Column_157=3
Column_163=3
Column_203=3
Column_220=3
Column_234=3
Column_238=3
Column_244=3
Column_9=2
Column_14=2
Column_21=2
Column_23=2
Column_32=2
Column_34=2
Column_50=2
Column_51=2
Column_53=2
Column_55=2
Column_63=2
Column_64=2
Column_66=2
Column_71=2
Column_76=2
Column_101=2
Column_102=2
Column_104=2
Column_105=2
Column_107=2
Column_113=2
Column_118=2
Column_120=2
Column_122=2
Column_134=2
Column_143=2
Column_146=2
Column_160=2
Column_165=2
Column_166=2
Column_169=2
Column_170=2
Column_171=2
Column_178=2
Column_182=2
Column_183=2
Column_190=2
Column_191=2
Column_199=2
Column_200=2
Column_202=2
Column_209=2
Column_210=2
Column_211=2
Column_231=2
Column_245=2
Column_252=2
Column_1=1
Column_8=1
Column_13=1
Column_15=1
Column_17=1
Column_18=1
Column_31=1
Column_35=1
Column_36=1
Column_38=1
Column_48=1
Column_49=1
Column_60=1
Column_72=1
Column_78=1
Column_83=1
Column_86=1
Column_87=1
Column_91=1
Column_92=1
Column_98=1
Column_110=1
Column_112=1
Column_114=1
Column_115=1
Column_119=1
Column_123=1
Column_126=1
Column_127=1
Column_129=1
Column_133=1
Column_136=1
Column_139=1
Column_140=1
Column_144=1
Column_147=1
Column_151=1
Column_154=1
Column_158=1
Column_159=1
Column_164=1
Column_168=1
Column_172=1
Column_173=1
Column_174=1
Column_175=1
Column_184=1
Column_189=1
Column_195=1
Column_196=1
Column_204=1
Column_213=1
Column_214=1
Column_221=1
Column_223=1
Column_228=1
Column_230=1
Column_235=1
Column_237=1
Column_241=1
Column_242=1
Column_248=1

parameters:
[boosting: gbdt]
[objective: regression]
[metric: l2]
[tree_learner: serial]
[device_type: cpu]
[data_sample_strategy: bagging]
[data: ]
[valid: ]
[num_iterations: 1000]
[learning_rate: 0.05]
[num_leaves: 31]
[num_threads: 0]
[seed: 42]
[deterministic: 1]
[force_col_wise: 0]
[force_row_wise: 0]
[histogram_pool_size: -1]
[max_depth: -1]
[min_data_in_leaf: 20]
[min_sum_hessian_in_leaf: 0.001]
[bagging_fraction: 1]
[pos_bagging_fraction: 1]
[neg_bagging_fraction: 1]
[bagging_freq: 0]
[bagging_seed: 400]
[bagging_by_query: 0]
[feature_fraction: 1]
[feature_fraction_bynode: 1]
[feature_fraction_seed: 30056]
[extra_trees: 0]
[extra_seed: 12879]
[early_stopping_round: 0]
[early_stopping_min_delta: 0]
[first_metric_only: 0]
[max_delta_step: 0]
[lambda_l1: 0]
[lambda_l2: 0]
[linear_lambda: 0]
[min_gain_to_split: 0]
[drop_rate: 0.1]
[max_drop: 50]
[skip_drop: 0.5]
[xgboost_dart_mode: 0]
[uniform_drop: 0]
[drop_seed: 17869]
[top_rate: 0.2]
[other_rate: 0.1]
[min_data_per_group: 100]
[max_cat_threshold: 32]
[cat_l2: 10]
[cat_smooth: 10]
[max_cat_to_onehot: 4]
[top_k: 20]
[monotone_constraints: ]
[monotone_constraints_method: basic]
[monotone_penalty: 0]
[feature_contri: ]
[forcedsplits_filename: ]
[refit_decay_rate: 0.9]
[cegb_tradeoff: 1]
[cegb_penalty_split: 0]
[cegb_penalty_feature_lazy: ]
[cegb_penalty_feature_coupled: ]
[path_smooth: 0]
[interaction_constraints: ]
[verbosity: -1]
[saved_feature_importance_type: 0]
[use_quantized_grad: 0]
[num_grad_quant_bins: 4]
[quant_train_renew_leaf: 0]
[stochastic_rounding: 1]
[linear_tree: 0]
[max_bin: 255]
[max_bin_by_feature: ]
[min_data_in_bin: 3]
[bin_construct_sample_cnt: 200000]
[data_random_seed: 175]
[is_enable_sparse: 1]
[enable_bundle: 1]
[use_missing: 1]
[zero_as_missing: 0]
[feature_pre_filter: 1]
[pre_partition: 0]
[two_round: 0]
[header: 0]
[label_column: ]
[weight_column: ]
[group_column: ]
[ignore_column: ]
[categorical_feature: ]
[forcedbins_filename: ]
[precise_float_parser: 0]
[parser_config_file: ]
[objective_seed: 16083]
[num_class: 1]
[is_unbalance: 0]
[scale_pos_weight: 1]
[sigmoid: 1]
[boost_from_average: 1]
[reg_sqrt: 0]
[alpha: 0.9]
[fair_c: 1]
[poisson_max_delta_step: 0.7]
[tweedie_variance_power: 1.5]
[lambdarank_truncation_level: 30]
[lambdarank_norm: 1]
[label_gain: ]
[lambdarank_position_bias_regularization: 0]
[eval_at: ]
[multi_error_top_k: 1]
[auc_mu_weights: ]
[num_machines: 1]
[local_listen_port: 12400]
[time_out: 120]
[machine_list_filename: ]
[machines: ]
[gpu_platform_id: -1]
[gpu_device_id: -1]
[gpu_device_id_list: ]
[gpu_use_dp: 0]
[num_gpu: 1]

end of parameters

pandas_categorical:null
