tree
version=v4
num_class=1
num_tree_per_iteration=1
label_index=0
max_feature_idx=293
objective=regression
feature_names=Column_0 Column_1 Column_2 Column_3 Column_4 Column_5 Column_6 Column_7 Column_8 Column_9 Column_10 Column_11 Column_12 Column_13 Column_14 Column_15 Column_16 Column_17 Column_18 Column_19 Column_20 Column_21 Column_22 Column_23 Column_24 Column_25 Column_26 Column_27 Column_28 Column_29 Column_30 Column_31 Column_32 Column_33 Column_34 Column_35 Column_36 Column_37 Column_38 Column_39 Column_40 Column_41 Column_42 Column_43 Column_44 Column_45 Column_46 Column_47 Column_48 Column_49 Column_50 Column_51 Column_52 Column_53 Column_54 Column_55 Column_56 Column_57 Column_58 Column_59 Column_60 Column_61 Column_62 Column_63 Column_64 Column_65 Column_66 Column_67 Column_68 Column_69 Column_70 Column_71 Column_72 Column_73 Column_74 Column_75 Column_76 Column_77 Column_78 Column_79 Column_80 Column_81 Column_82 Column_83 Column_84 Column_85 Column_86 Column_87 Column_88 Column_89 Column_90 Column_91 Column_92 Column_93 Column_94 Column_95 Column_96 Column_97 Column_98 Column_99 Column_100 Column_101 Column_102 Column_103 Column_104 Column_105 Column_106 Column_107 Column_108 Column_109 Column_110 Column_111 Column_112 Column_113 Column_114 Column_115 Column_116 Column_117 Column_118 Column_119 Column_120 Column_121 Column_122 Column_123 Column_124 Column_125 Column_126 Column_127 Column_128 Column_129 Column_130 Column_131 Column_132 Column_133 Column_134 Column_135 Column_136 Column_137 Column_138 Column_139 Column_140 Column_141 Column_142 Column_143 Column_144 Column_145 Column_146 Column_147 Column_148 Column_149 Column_150 Column_151 Column_152 Column_153 Column_154 Column_155 Column_156 Column_157 Column_158 Column_159 Column_160 Column_161 Column_162 Column_163 Column_164 Column_165 Column_166 Column_167 Column_168 Column_169 Column_170 Column_171 Column_172 Column_173 Column_174 Column_175 Column_176 Column_177 Column_178 Column_179 Column_180 Column_181 Column_182 Column_183 Column_184 Column_185 Column_186 Column_187 Column_188 Column_189 Column_190 Column_191 Column_192 Column_193 Column_194 Column_195 Column_196 Column_197 Column_198 Column_199 Column_200 Column_201 Column_202 Column_203 Column_204 Column_205 Column_206 Column_207 Column_208 Column_209 Column_210 Column_211 Column_212 Column_213 Column_214 Column_215 Column_216 Column_217 Column_218 Column_219 Column_220 Column_221 Column_222 Column_223 Column_224 Column_225 Column_226 Column_227 Column_228 Column_229 Column_230 Column_231 Column_232 Column_233 Column_234 Column_235 Column_236 Column_237 Column_238 Column_239 Column_240 Column_241 Column_242 Column_243 Column_244 Column_245 Column_246 Column_247 Column_248 Column_249 Column_250 Column_251 Column_252 Column_253 Column_254 Column_255 Column_256 Column_257 Column_258 Column_259 Column_260 Column_261 Column_262 Column_263 Column_264 Column_265 Column_266 Column_267 Column_268 Column_269 Column_270 Column_271 Column_272 Column_273 Column_274 Column_275 Column_276 Column_277 Column_278 Column_279 Column_280 Column_281 Column_282 Column_283 Column_284 Column_285 Column_286 Column_287 Column_288 Column_289 Column_290 Column_291 Column_292 Column_293
feature_infos=[-21355.5:19182] [-20870:19846.5] [-22396.5:18557] [-22396.5:19518] [-23191:18739.130859375] [231.24867248535156:4343.349609375] [-21012.97265625:17834.1328125] [-22403:19569] [-20835:20121.5] [-22514:18572] [-21043:19877.5] [-23137.654296875:18607.17578125] [231.24867248535156:4343.349609375] [-21009.01953125:18019.89453125] [-21063:19837] [-20705.5:20458.5] [-21854.5:18279.5] [-21590:19585] [-23085.1953125:18450.880859375] [231.24867248535156:4343.349609375] [-20524.3359375:18107.67578125] [-21612:19544.5] [-21178:20166] [-22181:18266] [-21782:18693] [-23034.30078125:18316.220703125] [231.24867248535156:4343.349609375] [-20072.033203125:18158.296875] [-21751:18719] [-20501:19338.5] [-22369:17973.5] [-20827.5:18372] [-22970:18174.69921875] [231.24867248535156:4343.349609375] [-19595.2109375:18098.6328125] [-20799.5:18253.5] [-20519.5:19273.5] [-22049.5:17019.5] [-21776.5:18282.5] [-22899.6953125:18000.140625] [231.24867248535156:4343.349609375] [-19480.189453125:17949.576171875] [-21771.5:18281.5] [-20852.5:18936.5] [-22746.5:16164] [-21087.5:18396.5] [-22832.9453125:17830.0390625] [231.24867248535156:4343.349609375] [-19626.30859375:17828.16015625] [-21092:18470.5] [-19368.5:19393] [-21481:17487] [-19912:18614.5] [-22757.080078125:17662.794921875] [231.24867248535156:4343.349609375] [-19652.28125:17681.19140625] [-19906:18679.5] [-19146:19602] [-20309.5:17696] [-20309.5:19051.5] [-22671.46484375:17564.880859375] [231.24867248535156:4343.349609375] [-19691.4375:17805.763671875] [-20316:19125.5] [-19339:20048] [-20801.5:18142] [-20677:19269.5] [-22579.044921875:17500.865234375] [231.24867248535156:4343.349609375] [-19781.033203125:17938.83203125] [-20676:19206] [-20393.5:20032] [-21922:17917] [-20673.5:19041] [-22479.615234375:17425.634765625] [231.24867248535156:4343.349609375] [-19862.166015625:17942.57421875] [-20661.5:19040] [-20225:19934.5] [-21165:17624.5] [-20512.5:18590] [-22377.400390625:17349.67578125] [231.24867248535156:4343.349609375] [-19921.287109375:18001.4296875] [-20540.5:18572] [-20431.5:20163.5] [-22293.5:17064] [-20965.5:18297.5] [-22284.55078125:17251.994140625] [231.24867248535156:4343.349609375] [-20016.216796875:17948.845703125] [-20947:18279.5] [-20136:19870.5] [-22380.5:16771.5] [-21134:17343.5] [-22193.455078125:17155.310546875] [231.24867248535156:4343.349609375] [-20117.83203125:17860.451171875] [-21141:17325.5] [-20995.5:21460] [-21803.5:16059] [-21535:16684] [-22097.89453125:17031.58984375] [231.24867248535156:4343.349609375] [-20246.666015625:17696.91015625] [-21535:16709.5] [-21051:21974] [-23343:15766.5] [-21227:15769] [-21997.8359375:16974.330078125] [231.24867248535156:4343.349609375] [-20335.787109375:17404.41015625] [-21273:15755.5] [-20227.5:21939] [-22005:14812.5] [-20368:16320] [-21893.505859375:16974.015625] [231.24867248535156:4343.349609375] [-20338.716796875:16883.009765625] [-20382:16319.5] [-18785.5:21687.5] [-20725:13312] [-20613:16039.5] [-21785.939453125:17003.6640625] [231.24867248535156:4343.349609375] [-20363.650390625:16559.140625] [-20630.5:16039] [-18933.5:20462.5] [-20672.5:13031.5] [-19428.5:15512.5] [-21670.6796875:17008.4453125] [231.24867248535156:4343.349609375] [-20278.63671875:16266.6396484375] [-19413.5:14764.5] [-18138:20586] [-19693:13647.5] [-18913:15423.5] [-21565.91015625:17034.775390625] [231.24867248535156:4343.349609375] [-19701.533203125:15981.2314453125] [-19006:15423] [-18344.5:21322.5] [-20206.5:13694.5] [-19283:17056] [-21460.720703125:17051.740234375] [231.24867248535156:4343.349609375] [-19516.66796875:15828.8466796875] [-19376:17055.5] [-18577:21487.5] [-20293.5:14140.5] [-19239:14809] [-21341.234375:17087.904296875] [231.24867248535156:4343.349609375] [-19210.2421875:15723.0419921875] [-19239:14665] [-18908.5:20901.5] [-20021:13848] [-19448:15255] [-21216.880859375:17130] [231.24867248535156:4343.349609375] [-18816.765625:15680.4931640625] [-19448:15095] [-18964:21484.5] [-21256:12894] [-19140:14962.5] [-21087.67578125:17123.240234375] [231.24867248535156:4343.349609375] [-18581.60546875:15507.4482421875] [-19186:14802.5] [-18723:19938.5] [-19918:13353] [-19262.5:14313.5] [-20957.92578125:17132.8203125] [231.24867248535156:4343.349609375] [-18295.77734375:15356.0439453125] [-19262.5:14269] [-18778.5:20555.5] [-21070.5:13562] [-18954.5:14759.5] [-20820.57421875:17149.8359375] [231.24867248535156:4343.349609375] [-18276.650390625:15301.8125] [-19000.5:14715] [-17955:19147] [-19732.5:14008] [-18095.5:14467] [-20679.91015625:17160.744140625] [231.24867248535156:4343.349609375] [-18191.63671875:15210.9658203125] [-18109.5:14422.5] [-16513:19073.5] [-18452.5:13715.5] [-18340.5:14010] [-20527.724609375:17151.794921875] [231.24867248535156:4343.349609375] [-18091.150390625:14936.7421875] [-18358:14095] [-16661:18768] [-18400:12761.5] [-17156:13056] [-20359.4609375:17117.91015625] [231.24867248535156:4343.349609375] [-18006.13671875:14644.2421875] [-17141:13141] [-14312:17719] [-17420.5:10948] [-14807:11606] [-20182.89453125:17066.30078125] [231.24867248535156:4343.349609375] [-17429.033203125:14208.810546875] [-14792:11605] [-12533:19341] [-15846.5:9964.5] [-15395.5:11940.5] [-20010.8359375:17010.759765625] [231.24867248535156:4343.349609375] [-17244.16796875:13910.9638671875] [-15369.5:11939.5] [-12694.5:17738] [-16343.5:9010.5] [-14220.5:12113.5] [-19838.970703125:16927.720703125] [231.24867248535156:4343.349609375] [-16937.7421875:13555.0126953125] [-14156.5:12088] [-11423.5:17790.5] [-14497:9045] [-13350.5:12559.5] [-19659.904296875:16868.970703125] [231.24867248535156:4343.349609375] [-16544.265625:13351.8662109375] [-13299.5:12534] [-12509:16434] [-15858.5:9087.5] [-13957.5:12267] [-19470.5:16766.6796875] [231.24867248535156:4343.349609375] [-16309.10546875:13059.3662109375] [-13971:12241.5] [-11221.5:17689] [-14370:7795.5] [-13165:11313] [-19227.544921875:16625.23046875] [231.24867248535156:4343.349609375] [-16023.2783203125:12589.96875] [-13114:11287.5] [-11472:20011] [-13865:6692] [-12621:7477] [-18994.990234375:16486.689453125] [231.24867248535156:4343.349609375] [-15713.9794921875:11866.1533203125] [-12733:7476] [-9123:18923] [-12946:6441] [-10272:8059] [-18723.5390625:16361.8095703125] [231.24867248535156:4343.349609375] [-15101.390625:11212.00390625] [-10384:8148.5] [-9182.5:18290.5] [-11028:5839] [-9704.5:6891] [-18453.890625:16228.1904296875] [231.24867248535156:4343.349609375] [-14601.9462890625:10683.23046875] [-9581.5:6846] [-9301:17813] [-11715:5102.5] [-10849:7596.5] [-18200.55078125:16104.96484375] [231.24867248535156:4343.349609375] [-14155.451171875:10168.80078125] [-10726:7571] [-8052:15855.5] [-11010.5:4991.5] [-9338:7639] [-17963.685546875:15937.6103515625] [231.24867248535156:4343.349609375] [-13250.1826171875:9681.455078125] [-9535:7613.5] [-6333:16360] [-11118:4229] [-8546.5:4512] [-17689.669921875:15760.650390625] [231.24867248535156:4343.349609375] [-12259.166015625:8888.0498046875] [-8679.5:4437] [0:17026.5] [-9060.5:0] none [-17410.345703125:15558.2802734375] [231.24867248535156:4343.349609375] [-11144.6962890625:8080.04541015625]
tree_sizes=2780 2805 2789 2805 2801 2786 2806 2828 2820 2809 2799 2797 2835 2812 2802 2802 2825 2810 2797 2812

Tree=0
num_leaves=31
num_cat=0
split_feature=292 292 288 243 204 103 285 248 268 161 267 232 227 56 110 88 29 269 58 289 271 253 58 118 166 86 26 287 280 285
split_gain=5.0791e+08 1.91076e+08 6.81689e+07 6.76428e+07 6.63562e+07 3.97239e+07 3.94864e+07 3.01461e+07 3.01025e+07 2.78656e+07 2.58237e+07 2.56972e+07 3.02884e+07 3.30009e+07 2.47245e+07 3.93889e+07 2.30503e+07 2.33809e+07 2.80803e+07 2.16534e+07 2.144e+07 2.12342e+07 2.06499e+07 1.52427e+07 1.50462e+07 1.5202e+07 2.13079e+07 1.94006e+07 1.63448e+07 1.58236e+07
threshold=1526.9197998046877 819.09054565429699 666.75000000000011 2169.7580566406255 -4910.7499999999991 1971.2244262695315 632.26690673828136 -1348.7499999999998 -1409.4999999999998 -3751.7499999999995 3343.2500000000005 4111.5000000000009 -567.74999999999989 -493.24999999999994 2169.7580566406255 2732.807495117188 -3637.7499999999995 -574.74999999999989 -515.99999999999989 -433.24999999999994 1749.311706542969 -3811.2499999999995 -4056.4999999999995 954.23602294921886 2280.3024902343755 5740.2500000000009 1439.9837036132815 -1012.9999999999999 -1497.9999999999998 1971.2244262695315
decision_type=2 2 2 2 2 2 2 2 2 2 2 2 2 2 2 2 2 2 2 2 2 2 2 2 2 2 2 2 2 2
left_child=1 6 14 10 -5 -6 -1 21 9 -7 16 12 -10 -14 24 -16 19 18 -18 20 -4 -3 -19 -12 25 26 27 -2 -28 -30
right_child=2 7 3 4 5 8 -8 -9 11 -11 23 -13 13 -15 15 -17 17 22 -20 -21 -22 -23 -24 -25 -26 -27 28 -29 29 -31
leaf_value=376.1531571310523 446.71256315647156 441.72152895280601 407.7395290920424 515.74160024870866 387.2482781998271 456.67417171621628 381.33079638611838 387.02134663431474 434.67095718527145 392.86759686811553 463.79349955069023 426.14175105041477 534.38230753703897 460.81024342816522 403.3804902852097 463.13810012960738 414.10967521907003 447.93452883836505 486.60566461319422 417.42484118196245 343.48493452973099 395.12631649432313 399.05028338664778 416.09089203330751 356.38693581033186 434.41431078064966 353.50132367846862 395.42536200823156 379.40373913098045 417.58018613123301
leaf_weight=9805 28 25 20 29 36 28 5897 4406 35 44 34 45 27 35 130 35 34 25 22 32 37 1113 159 33 27 23 39 54 95 38
leaf_count=9805 28 25 20 29 36 28 5897 4406 35 44 34 45 27 35 130 35 34 25 22 32 37 1113 159 33 27 23 39 54 95 38
internal_value=382.663 380.915 415.116 425.29 444.147 435.842 378.098 388.895 444.017 417.681 412.004 457.37 471.857 492.85 400.474 416.056 406.242 414.302 442.59 384.509 366.03 396.15 405.692 440.298 392.016 395.489 391.964 412.938 381.965 390.311
internal_weight=22390 21246 1144 675 279 250 15702 5544 214 72 396 142 97 62 469 165 329 240 56 89 57 1138 184 67 304 277 254 82 172 133
internal_count=22390 21246 1144 675 279 250 15702 5544 214 72 396 142 97 62 469 165 329 240 56 89 57 1138 184 67 304 277 254 82 172 133
is_linear=0
shrinkage=1


Tree=1
num_leaves=31
num_cat=0
split_feature=131 292 271 124 281 292 103 54 273 204 67 264 156 83 161 83 138 267 267 26 205 264 41 8 178 289 197 278 93 121
split_gain=4.61235e+08 1.6577e+08 8.13513e+07 1.00695e+08 5.56981e+07 3.3324e+07 3.23644e+07 3.08782e+07 3.81301e+07 5.44316e+07 3.28018e+07 3.16402e+07 3.14634e+07 2.77728e+07 2.47129e+07 2.46615e+07 2.39941e+07 2.44842e+07 2.39834e+07 2.2308e+07 1.89374e+07 1.88425e+07 1.87051e+07 1.92177e+07 1.71481e+07 1.73882e+07 1.85936e+07 1.71456e+07 1.68053e+07 1.49176e+07
threshold=1486.889099121094 801.54647827148449 1863.8374633789065 1563.7959594726565 -18.249999999999996 526.82388305664074 1971.2244262695315 2280.3024902343755 -1846.9999999999998 -1961.2499999999998 -12187.319824218748 2280.3024902343755 -5527.9999999999991 -2022.944396972656 -2874.4999999999995 -4458.1249999999991 1526.9197998046877 -347.24999999999994 2823.7500000000005 2368.7424316406255 -3965.7499999999995 735.34466552734386 152.19605255126956 5644.5000000000009 6472.7500000000009 -782.24999999999989 -70.749999999999986 2076.5380859375005 -9050.9999999999982 -6963.4999999999991
decision_type=2 2 2 2 2 2 2 2 2 2 2 2 2 2 2 2 2 2 2 2 2 2 2 2 2 2 2 2 2 2
left_child=1 5 16 -4 6 -1 -5 10 -9 11 -6 -10 -11 15 18 -14 17 -2 21 29 -21 -3 -15 -24 25 26 -12 28 -23 -8
right_child=2 14 3 4 7 -7 19 8 9 12 24 -13 13 22 -16 -17 -18 -19 -20 20 -22 27 23 -25 -26 -27 -28 -29 -30 -31
leaf_value=-7.4470651761812539 89.198926086425786 53.933088989257818 136.62092099542971 -48.442512302398683 -16.238521898203881 -2.6409793276638078 75.716754760742191 2.1701051858755256 76.473629843670395 3.925122909192686 -4.8354766028267999 162.46296464920044 63.319165624891014 7.5751765043839177 3.8518216473052549 136.01453437805176 12.220311219904683 26.15829790029953 59.648276637150701 -34.405877685546876 24.36011278875943 43.98434610624571 93.337645873656641 37.842046451568606 1.6528076553344726 58.825577030449267 46.24085209321003 -35.841247406005856 9.6550865321466848 24.159126707848085
leaf_weight=5846 20 25 27 20 29 9416 20 26 23 27 28 20 28 23 4812 20 505 67 26 26 29 37 26 39 25 107 49 20 977 47
leaf_count=5846 20 25 27 20 29 9416 20 26 23 27 28 20 28 23 4812 20 505 67 26 26 29 37 26 39 25 107 49 20 977 47
internal_value=-1.33448e-07 -1.73095 29.7524 42.1243 37.9553 -4.48192 10.5131 46.2463 59.2268 66.4282 33.5931 116.469 53.2273 63.0153 5.3888 93.6089 16.3984 40.6504 12.2053 20.1779 -3.42017 11.0406 46.3278 60.0403 40.5075 45.7867 27.6676 10.0035 10.9077 39.5495
internal_weight=22390 21159 1231 639 612 15262 142 470 232 206 238 43 163 136 5897 48 592 87 1085 122 55 1059 88 65 209 184 77 1034 1014 67
internal_count=22390 21159 1231 639 612 15262 142 470 232 206 238 43 163 136 5897 48 592 87 1085 122 55 1059 88 65 209 184 77 1034 1014 67
is_linear=0
shrinkage=0.05


Tree=2
num_leaves=31
num_cat=0
split_feature=131 292 271 124 281 285 103 276 166 148 274 229 222 185 110 138 82 169 281 215 187 173 260 275 254 275 205 80 4 201
split_gain=4.16264e+08 1.4995e+08 7.34196e+07 9.08769e+07 5.09681e+07 3.31975e+07 3.31651e+07 3.82847e+07 2.6354e+07 2.40428e+07 2.89005e+07 2.2468e+07 2.29735e+07 4.46815e+07 2.86257e+07 2.16547e+07 2.4013e+07 2.14218e+07 3.45506e+07 5.17628e+07 1.8337e+07 3.18523e+07 1.75405e+07 3.13952e+07 2.38016e+07 1.46324e+07 1.93188e+07 1.59494e+07 1.84972e+07 1.79563e+07
threshold=1486.889099121094 819.09054565429699 1863.8374633789065 1563.7959594726565 -373.99999999999994 632.26690673828136 1971.2244262695315 2906.5000000000005 2076.5380859375005 -3451.7499999999995 -961.24999999999989 1971.2244262695315 2883.3869628906255 4963.7500000000009 2883.3869628906255 1526.9197998046877 1441.1489868164065 -4229.2499999999991 1120.0000000000002 988.90371704101574 1023.0884399414064 941.03616333007824 1923.2500000000002 45.250000000000007 837.25000000000011 -2759.9999999999995 -3663.4999999999995 -4799.7499999999991 -7734.7873535156241 2280.3024902343755
decision_type=2 2 2 2 2 2 2 2 2 2 2 2 2 2 2 2 2 2 2 2 2 2 2 2 2 2 2 2 2 2
left_child=1 5 15 -4 9 -1 8 11 -6 -5 -11 -8 14 -14 22 16 -2 18 20 -20 21 -3 25 24 -24 26 -13 28 -27 -29
right_child=2 17 3 4 6 -7 7 -9 -10 10 -12 12 13 -15 -16 -17 -18 -19 19 -21 -22 -23 23 -25 -26 27 -28 29 -30 -31
leaf_value=-5.9087380588498188 83.770112575184214 8.9610818895847864 129.78987734759298 40.010769933064779 35.446164863450186 -1.1612855759252678 -4.1066710016001826 100.71505060195923 -20.883503960118151 -49.235253364809097 16.62567959162924 33.615585573514302 -13.16840295791626 77.293856638953798 103.59298144531249 11.609295553169629 23.335580549973709 4.6717072221904488 103.27938134228742 7.8518103822072352 -25.842345164668178 66.266107506222198 116.7643032131773 30.962898686057645 48.671168372744603 31.245134298191516 99.283234805152532 41.582631664276128 87.613275309042507 -4.7047157634388324
leaf_weight=9805 22 238 27 30 56 5897 23 32 33 31 36 24 39 21 25 505 65 5104 27 30 31 27 33 38 21 43 21 40 22 44
leaf_count=9805 22 238 27 30 56 5897 23 32 33 31 36 24 39 21 25 505 65 5104 27 30 31 27 33 38 21 43 21 40 22 44
internal_value=-4.47873e-08 -1.64441 28.2648 40.018 36.0575 -4.1258 42.3197 48.1193 14.5599 2.80984 -13.8473 43.8475 46.8205 18.4934 52.2855 15.5785 38.6179 5.49557 17.4077 53.0543 10.5433 14.7997 47.8006 65.7816 90.2836 39.2735 64.2605 31.7271 50.3236 17.3369
internal_weight=22390 21159 1231 639 612 15702 515 426 89 97 67 394 371 60 311 592 87 5457 353 57 296 265 286 92 54 194 45 149 65 84
internal_count=22390 21159 1231 639 612 15702 515 426 89 97 67 394 371 60 311 592 87 5457 353 57 296 265 286 92 54 194 45 149 65 84
is_linear=0
shrinkage=0.05


Tree=3
num_leaves=31
num_cat=0
split_feature=292 292 288 243 204 32 125 100 292 155 248 274 29 110 81 276 273 65 38 264 268 159 58 114 201 190 19 159 197 287
split_gain=3.7719e+08 1.4035e+08 5.62046e+07 5.24394e+07 5.49569e+07 3.10259e+07 3.28391e+07 4.44738e+07 3.08955e+07 3.04237e+07 2.57002e+07 2.21069e+07 2.71286e+07 1.99711e+07 3.4282e+07 1.97335e+07 1.94047e+07 2.21839e+07 1.93221e+07 1.85575e+07 1.56673e+07 1.5256e+07 1.50353e+07 1.46693e+07 1.39019e+07 2.60248e+07 1.54582e+07 1.98006e+07 1.45521e+07 1.42268e+07
threshold=1526.9197998046877 822.62829589843761 666.75000000000011 2169.7580566406255 -4910.7499999999991 -8477.7226562499982 1444.7008056640627 -3413.2499999999995 526.82388305664074 898.75000000000011 -1348.7499999999998 2517.2500000000005 -3637.7499999999995 2169.7580566406255 2851.7749023437505 343.75000000000006 -748.24999999999989 -2337.7499999999995 -578.74999999999989 735.34466552734386 -1409.4999999999998 1439.9837036132815 -4056.4999999999995 -602.24999999999989 1610.0513305664065 1157.7500000000002 1439.9837036132815 1439.9837036132815 2810.2500000000005 -1244.2499999999998
decision_type=2 2 2 2 2 2 2 2 2 2 2 2 2 2 2 2 2 2 2 2 2 2 2 2 2 2 2 2 2 2
left_child=1 8 13 11 -5 9 7 -7 -1 15 19 12 -4 24 -15 -6 17 -14 -13 -3 -8 -21 -18 -23 26 29 27 -2 -27 -26
right_child=2 10 3 4 5 6 20 -9 -10 -11 -12 18 16 14 -16 -17 22 -19 -20 21 -22 23 -24 -25 25 28 -28 -29 -30 -31
leaf_value=-6.7792751652724199 16.31124123774077 50.931254464785262 -6.0783358800411227 118.96374568158183 15.723399663993291 47.206136224624963 0.94427248084026838 119.43152326926207 -2.1989218993281963 -31.352660229092557 3.6565561719615673 71.866696959450138 18.390016417069869 17.281030112504961 74.258196377031737 76.155036024613807 55.840705894470219 86.028455183241107 26.462514132823586 9.7045066626998349 49.159273141527933 17.420487398240301 13.897538029498797 70.828062438964849 -55.198017601344901 44.569620667734455 2.9720131067129283 75.916050347414895 2.4987843263344689 -9.3490790069103245
leaf_weight=5846 38 30 80 29 35 47 23 39 9944 21 4329 42 22 132 33 22 25 27 53 1041 63 36 147 20 23 31 65 22 61 64
leaf_count=5846 38 30 80 29 35 47 23 39 9944 21 4329 42 22 132 33 22 25 27 53 1041 63 36 147 20 23 31 65 22 61 64
internal_value=-6.15894e-08 -1.50591 27.9672 37.2052 53.8084 46.2504 58.112 79.9595 -3.89473 20.0939 5.40749 25.5075 18.8706 14.6716 28.6765 39.0479 27.9018 55.6602 46.5359 12.1331 36.2646 11.0721 19.9939 36.4946 7.07023 -1.86487 19.8653 38.1663 16.6748 -21.4701
internal_weight=22390 21246 1144 675 279 250 172 86 15790 78 5456 396 301 469 165 57 221 49 95 1127 86 1097 172 56 304 179 125 60 92 87
internal_count=22390 21246 1144 675 279 250 172 86 15790 78 5456 396 301 469 165 57 221 49 95 1127 86 1097 172 56 304 179 125 60 92 87
is_linear=0
shrinkage=0.05


Tree=4
num_leaves=31
num_cat=0
split_feature=131 292 288 243 75 250 4 190 292 47 260 8 281 87 269 248 281 254 269 58 240 59 276 5 265 138 225 233 222 213
split_gain=3.41886e+08 1.21931e+08 6.17007e+07 5.5437e+07 5.70796e+07 2.93662e+07 2.99629e+07 3.3799e+07 2.5439e+07 2.34444e+07 2.29474e+07 3.86601e+07 2.20711e+07 2.29309e+07 2.11407e+07 2.02933e+07 2.51893e+07 5.45658e+07 1.92061e+07 1.86969e+07 1.79089e+07 1.75905e+07 1.67858e+07 1.66298e+07 1.86549e+07 1.7329e+07 1.54781e+07 3.22054e+07 1.48833e+07 1.46673e+07
threshold=1486.889099121094 801.54647827148449 672.75000000000011 2169.7580566406255 1610.0513305664065 2280.3024902343755 -10342.760253906248 -3344.4999999999995 526.82388305664074 2280.3024902343755 -133.24999999999997 3618.2500000000005 -373.99999999999994 601.50000000000011 -1969.4999999999998 -1348.7499999999998 1120.0000000000002 -3680.2499999999995 -484.74999999999994 -2189.9999999999995 -2081.7499999999995 4109.7500000000009 -367.74999999999994 1971.2244262695315 1469.9129028320315 1526.9197998046877 3409.0000000000005 -872.24999999999989 1439.9837036132815 -1116.7499999999998
decision_type=2 2 2 2 2 2 2 2 2 2 2 2 2 2 2 2 2 2 2 2 2 2 2 2 2 2 2 2 2 2
left_child=1 8 10 14 -5 9 -7 -8 -1 -6 11 -2 13 -12 -4 16 -3 -18 19 -16 -19 -13 -9 25 29 -20 27 -24 -17 -25
right_child=2 15 3 4 5 6 7 22 -10 -11 12 21 -14 -15 18 28 17 20 23 -21 -22 -23 26 24 -26 -27 -28 -29 -30 -31
leaf_value=-6.4403109639317808 14.443535808270628 8.2109329596026139 -15.576059218375915 135.04488700866702 47.535913019594943 -0.39657151393401319 101.88262504577636 9.3508833355373806 -2.241140491876612 118.92645442796791 8.8968269868330534 93.14898689460756 10.628393670916559 -63.294301752610636 25.221168386936188 2.5523024084510801 100.1149762471517 -0.64116855692445185 50.326188673291888 79.271035206317904 53.372648785227824 37.54630664478649 36.073709170023605 54.84765022277832 77.755585749944061 7.8396338304061262 29.495972763061527 117.98493232727051 16.766791570559146 4.7039813395908903
leaf_weight=5846 176 1098 31 20 23 39 25 36 9416 23 22 25 312 22 32 4505 24 57 28 32 21 33 30 25 24 168 50 20 192 35
leaf_count=5846 176 1098 31 20 23 39 25 36 9416 23 22 25 312 22 32 4505 24 57 28 32 21 33 30 25 24 168 50 20 192 35
internal_value=1.28188e-07 -1.49027 25.6155 36.3549 53.8138 47.2097 38.9247 48.4497 -3.8496 83.2312 13.9477 26.1103 5.95313 -27.1987 23.9708 4.6159 10.4189 34.1867 27.5346 52.2461 13.901 61.513 38.6275 21.8863 40.4996 13.9091 49.1671 68.8382 3.13335 25.5972
internal_weight=22390 21159 1231 641 266 246 200 161 15262 46 590 234 356 44 375 5897 1200 102 344 64 78 58 136 280 84 196 100 50 4697 60
internal_count=22390 21159 1231 641 266 246 200 161 15262 46 590 234 356 44 375 5897 1200 102 344 64 78 58 136 280 84 196 100 50 4697 60
is_linear=0
shrinkage=0.05


Tree=5
num_leaves=31
num_cat=0
split_feature=131 292 236 138 103 289 138 288 285 261 201 278 26 170 30 73 229 59 169 222 268 275 26 123 155 271 60 289 109 229
split_gain=3.08552e+08 1.10148e+08 5.64648e+07 6.20425e+07 4.00818e+07 3.20579e+07 2.88004e+07 2.83416e+07 2.68839e+07 2.39532e+07 2.39083e+07 3.80797e+07 4.74473e+07 3.09805e+07 2.5253e+07 3.57704e+07 2.35915e+07 1.77462e+07 1.73812e+07 3.2722e+07 2.18393e+07 1.67715e+07 1.57081e+07 2.6805e+07 2.62721e+07 2.0981e+07 2.19059e+07 1.43842e+07 1.43542e+07 1.79755e+07
threshold=1486.889099121094 822.62829589843761 1971.2244262695315 1749.311706542969 1971.2244262695315 -428.24999999999994 1526.9197998046877 1069.7500000000002 635.09121704101574 -919.24999999999989 2883.3869628906255 2472.5063476562505 2472.5063476562505 906.25000000000011 8413.5000000000018 3787.7500000000005 2169.7580566406255 2882.5000000000005 -4229.2499999999991 725.50469970703136 103.75000000000001 1425.7500000000002 2368.7424316406255 -3787.9475097656245 -1147.7499999999998 2169.7580566406255 -8217.2900390624982 -229.24999999999997 -5639.6000976562491 1014.9992065429689
decision_type=2 2 2 2 2 2 2 2 2 2 2 2 2 2 2 2 2 2 2 2 2 2 2 2 2 2 2 2 2 2
left_child=1 8 6 -4 16 10 7 -2 -1 -7 11 14 -13 -12 15 22 -5 27 19 -3 28 -8 23 25 -24 -6 -27 -11 29 -21
right_child=2 18 3 4 5 9 21 -9 -10 17 13 12 -14 -15 -16 -17 -18 -19 -20 20 -22 -23 24 -25 -26 26 -28 -29 -30 -31
leaf_value=-5.1122342762699127 24.312400606516249 74.553599262237555 120.06723223640807 25.84530480702718 59.695018959045413 33.801606252242109 7.5272176936901678 87.858432417330548 -0.84714923487672655 129.20077781677247 -45.560610129616478 24.635267101526264 131.04326920942827 28.309490509033203 78.062684233983362 -27.806351181556437 -31.803725824356082 42.72246738780629 4.0173476202199963 10.011434764652464 60.91528155463083 42.371929253758616 -7.3349216012393725 90.668618645875355 56.104229343930882 -10.946701183444576 43.879281311035157 72.799296804574823 18.223924173217224 -26.8401741541349
leaf_weight=9893 74 22 21 36 42 49 518 23 5897 20 22 20 22 40 24 29 35 22 5017 91 21 37 51 23 24 38 35 26 166 52
leaf_count=9893 74 22 21 36 42 49 518 23 5897 20 22 20 22 40 24 29 35 22 5017 91 21 37 51 23 24 38 35 26 166 52
internal_value=5.22031e-08 -1.41576 24.3347 35.6983 32.5231 37.6398 14.2434 39.38 -3.51938 60.4527 30.426 36.1285 80.3728 2.09752 29.1425 24.2909 -2.57323 79.6572 4.7709 15.5111 11.575 9.8502 31.384 41.394 12.9656 31.5391 15.3397 97.3217 8.22176 -3.38915
internal_weight=22390 21159 1231 579 558 487 652 97 15790 117 370 308 42 62 266 242 71 68 5369 352 330 555 213 138 75 115 73 46 309 143
internal_count=22390 21159 1231 579 558 487 652 97 15790 117 370 308 42 62 266 242 71 68 5369 352 330 555 213 138 75 115 73 46 309 143
is_linear=0
shrinkage=0.05


Tree=6
num_leaves=31
num_cat=0
split_feature=292 292 288 278 89 76 254 82 267 79 280 285 253 278 268 159 126 44 65 248 39 267 148 3 222 134 191 174 155 274
split_gain=2.79955e+08 1.02962e+08 4.39854e+07 4.10465e+07 6.28308e+07 4.74699e+07 5.33794e+07 2.52709e+07 3.52924e+07 4.50421e+07 2.824e+07 2.42627e+07 2.12679e+07 1.81608e+07 2.65674e+07 1.72332e+07 1.90232e+07 1.66358e+07 3.21881e+07 1.59025e+07 1.49043e+07 2.58553e+07 1.60959e+07 1.58583e+07 1.9902e+07 1.81652e+07 1.60722e+07 1.55181e+07 1.51038e+07 1.3846e+07
threshold=1526.9197998046877 822.62829589843761 666.75000000000011 2472.5063476562505 1610.0513305664065 -6631.1970214843741 -1107.7499999999998 1971.4899902343752 1692.2500000000002 -1753.7499999999998 1220.5000000000002 635.09121704101574 -3811.2499999999995 1971.2244262695315 -568.24999999999989 1125.587829589844 -3407.4999999999995 8230.2500000000018 5505.5000000000009 -1348.7499999999998 1552.6225585937502 815.25000000000011 1581.2500000000002 -9613.9999999999982 2169.7580566406255 278.75000000000006 2126.7500000000005 -2881.5432128906245 -2201.2499999999995 2704.5000000000005
decision_type=2 2 2 2 2 2 2 2 2 2 2 2 2 2 2 2 2 2 2 2 2 2 2 2 2 2 2 2 2 2
left_child=1 11 17 7 -5 -6 -7 13 10 -10 -9 -1 -3 15 -15 -4 -17 18 20 -14 23 22 -22 24 -2 27 -27 28 -25 -8
right_child=2 12 3 4 5 6 29 8 9 -11 -12 -13 19 14 -16 16 -18 -19 -20 -21 21 -23 -24 25 -26 26 -28 -29 -30 -31
leaf_value=-4.856622644754335 65.730965526580817 50.635357833862308 63.979345293667009 137.14442705426899 -0.29468357563018799 136.80050812005999 7.4449010610580446 16.008022145257481 104.66028803775185 33.044772050930902 79.581524162292482 -0.80479228257541013 9.7747087138426068 -53.253460820515954 16.822516056110985 -13.694762802124025 25.163878917208187 46.015352204266719 -43.171841571949152 3.0471339218292646 90.605511874244328 3.4834701681137084 28.699524123328075 -6.915336940402077 6.9638387511758246 29.320105050030879 -13.248208132584891 -32.001061443572347 40.493467930385044 64.926818015358663
leaf_weight=9893 25 25 23 21 40 20 20 138 38 52 20 5897 1102 21 38 38 184 34 27 4329 21 40 21 84 34 85 30 47 21 22
leaf_count=9893 25 25 23 21 40 20 20 138 38 52 20 5897 1102 21 38 38 184 34 27 4329 21 40 21 84 34 85 30 47 21 22
internal_value=-1.06367e-07 -1.29736 24.0942 32.2665 58.3865 42.1717 69.5693 26.4463 38.291 63.2824 24.0553 -3.34341 4.62402 16.7836 -8.11978 22.7807 18.5124 12.3323 9.69962 4.41222 13.1985 32.253 59.6525 8.40562 31.8652 3.22168 18.2153 -8.12221 2.56642 37.5545
internal_weight=22390 21246 1144 675 123 102 62 552 248 90 158 15790 5456 304 59 245 222 469 435 5431 408 82 42 326 59 267 115 152 105 42
internal_count=22390 21246 1144 675 123 102 62 552 248 90 158 15790 5456 304 59 245 222 469 435 5431 408 82 42 326 59 267 115 152 105 42
is_linear=0
shrinkage=0.05


Tree=7
num_leaves=31
num_cat=0
split_feature=292 229 292 199 4 281 103 264 255 129 202 145 286 281 232 226 137 86 257 162 274 253 68 233 198 264 222 103 216 8
split_gain=2.54911e+08 7.97781e+07 5.9572e+07 3.51361e+07 5.42481e+07 3.48224e+07 2.76976e+07 2.54782e+07 2.38417e+07 2.36878e+07 6.53358e+07 1.80261e+07 1.78227e+07 1.71747e+07 3.38033e+07 1.57918e+07 1.5358e+07 1.67309e+07 1.4559e+07 1.96934e+07 1.45386e+07 1.32455e+07 1.48344e+07 1.28936e+07 1.25551e+07 1.24616e+07 1.22342e+07 1.23598e+07 1.19601e+07 1.17757e+07
threshold=1125.587829589844 1971.2244262695315 720.08538818359386 -7228.2499999999991 -10342.760253906248 -422.74999999999994 1971.2244262695315 2169.7580566406255 -3594.4999999999995 -2658.2499999999995 -1429.9787597656248 2280.3024902343755 -2465.943481445312 1428.2500000000002 -2573.2499999999995 -1442.2499999999998 -6101.9999999999991 -8067.7499999999991 1087.885681152344 -3337.4999999999995 -1305.2499999999998 -404.74999999999994 1439.9837036132815 -3063.4999999999995 -3794.9999999999995 477.08499145507818 2169.7580566406255 1667.0932617187502 4736.9580078125009 9173.2500000000018
decision_type=2 2 2 2 2 2 2 2 2 2 2 2 2 2 2 2 2 2 2 2 2 2 2 2 2 2 2 2 2 2
left_child=2 13 25 4 -3 7 26 -5 -4 11 -11 12 -8 16 -15 24 18 -18 -2 -20 -9 -10 28 -12 -13 -1 -7 -28 -23 -19
right_child=1 3 8 5 -6 6 9 20 21 10 23 15 -14 14 -16 -17 17 29 19 -21 -22 22 -24 -25 -26 -27 27 -29 -30 -31
leaf_value=-6.2479768286046165 30.981416252681186 18.491935406560483 44.814697799086574 34.580519866943362 127.08779296875001 28.072280291293534 12.243135532966027 -55.411293674650643 5.4953986257787122 121.2715183046129 2.555367036299272 2.3591868999414145 67.975680920481679 68.102189540863037 14.72587778028009 -22.272411994934085 54.095390047345852 8.063162291294832 -26.09172044884075 3.2598918600316433 -2.1928489569461709 -0.083709770754273161 30.352944299651359 42.893452328054153 54.228147926330564 -2.8758118507667132 14.187957942101264 -33.605817421277365 22.001668313241776 36.03350320840493
leaf_weight=3996 28 23 32 30 23 47 26 21 1648 27 22 28 32 32 406 30 21 1071 88 163 33 5433 41 199 20 8714 31 24 62 39
leaf_count=3996 28 23 32 30 23 47 26 21 1648 27 22 28 32 32 406 30 21 1071 88 163 33 5433 41 199 20 8714 31 24 62 39
internal_value=-1.3153e-08 15.1715 -1.87607 30.7545 72.7899 27.3622 32.5 -2.36411 1.75225 38.6519 47.8482 21.8823 42.9921 9.97711 18.6255 6.18523 7.29059 9.88237 -3.21588 -7.03071 -22.8889 1.56044 0.38905 38.8779 23.9713 -3.93601 9.34004 -6.66751 0.165479 9.0459
internal_weight=22390 2464 19926 616 46 570 486 84 7216 384 248 136 58 1848 438 78 1410 1131 279 251 54 7184 5536 221 48 12710 102 55 5495 1110
internal_count=22390 2464 19926 616 46 570 486 84 7216 384 248 136 58 1848 438 78 1410 1131 279 251 54 7184 5536 221 48 12710 102 55 5495 1110
is_linear=0
shrinkage=0.05


Tree=8
num_leaves=31
num_cat=0
split_feature=131 285 288 199 232 269 260 8 40 266 292 275 171 115 276 264 283 292 115 76 247 92 57 152 103 204 129 197 87 138
split_gain=2.31418e+08 8.1419e+07 4.45611e+07 4.27026e+07 7.78051e+07 3.52929e+07 1.97196e+07 3.27065e+07 1.94005e+07 2.22865e+07 1.85491e+07 1.85272e+07 1.65626e+07 1.61979e+07 1.96378e+07 1.74824e+07 1.59278e+07 1.53364e+07 1.52801e+07 3.91969e+07 1.45784e+07 1.40858e+07 1.40529e+07 1.31351e+07 1.55857e+07 1.32334e+07 1.72414e+07 1.31123e+07 1.34114e+07 1.29223e+07
threshold=1486.889099121094 801.54647827148449 672.75000000000011 -4383.2499999999991 -313.24999999999994 -1969.4999999999998 -133.24999999999997 3618.2500000000005 2169.7580566406255 43.250000000000007 524.53738403320324 -492.24999999999994 956.75000000000011 -858.74999999999989 1668.2500000000002 732.63644409179699 386.25000000000006 1394.453308105469 -2556.7499999999995 -1639.100158691406 1663.5000000000002 6448.7500000000009 -8260.2499999999982 1526.9197998046877 1610.0513305664065 -2917.2499999999995 -5465.2499999999991 3222.2500000000005 -8412.7499999999982 1526.9197998046877
decision_type=2 2 2 2 2 2 2 2 2 2 2 2 2 2 2 2 2 2 2 2 2 2 2 2 2 2 2 2 2 2
left_child=1 10 6 4 5 -4 7 23 29 16 -1 -8 -9 14 15 -3 -10 -16 -11 -20 -21 -15 -17 -2 -25 26 -26 28 -24 -5
right_child=2 13 3 8 -6 -7 11 12 9 18 -12 -13 -14 21 17 22 -18 -19 19 20 -22 -23 27 24 25 -27 -28 -29 -30 -31
leaf_value=-5.3934956992242373 46.932877880075708 40.757047563129007 -7.2364270810727724 46.154960152837965 149.31127383232118 66.747788733243951 -5.6528058661604828 85.694345779418953 -2.9569001637564765 20.401864968576742 -1.7972629337231334 17.587974659932986 31.740703207073793 0.93209721370701892 13.243698729890767 -17.648211079552063 40.125418630460416 65.161853973388673 110.33265705108643 21.530754634810659 71.265331467338228 17.89904537726575 42.222098678946502 -32.534492770108315 26.237699989650562 26.046311901777216 -31.302338647842408 35.812896246523472 5.3956059769752374 14.501687232576144
leaf_weight=5758 23 36 27 36 20 40 212 25 45 31 9504 144 33 3323 33 63 41 25 28 41 23 127 25 22 23 78 30 37 2228 309
leaf_count=5758 23 36 27 36 20 40 212 25 45 31 9504 144 33 3323 33 63 41 25 28 41 23 127 25 22 23 78 30 37 2228 309
internal_value=1.60146e-09 -1.22609 21.0746 30.2014 62.7673 36.9333 11.159 22.4338 25.0872 37.1087 -3.15404 3.74796 54.9966 3.76362 6.87517 6.17725 17.5823 35.6222 50.7613 60.9911 39.4041 1.55668 5.64819 11.7029 6.40687 12.9466 -6.33213 6.2891 5.80424 17.8046
internal_weight=22390 21159 1231 641 87 67 590 234 554 209 15262 356 58 5897 2447 2389 86 58 123 92 64 3450 2353 176 153 131 53 2290 2253 345
internal_count=22390 21159 1231 641 87 67 590 234 554 209 15262 356 58 5897 2447 2389 86 58 123 92 64 3450 2353 176 153 131 53 2290 2253 345
is_linear=0
shrinkage=0.05


Tree=9
num_leaves=31
num_cat=0
split_feature=292 229 278 199 4 281 103 255 264 129 202 215 154 292 145 286 205 226 229 274 255 106 68 276 280 233 225 6 76 262
split_gain=2.09822e+08 6.59347e+07 4.96535e+07 3.03659e+07 4.9265e+07 3.01682e+07 2.40558e+07 2.39962e+07 2.24558e+07 2.1097e+07 5.65093e+07 1.6305e+07 1.71229e+07 2.84476e+07 1.625e+07 1.55803e+07 1.42602e+07 1.40994e+07 1.32432e+07 1.30243e+07 1.2951e+07 1.18598e+07 1.17185e+07 1.16171e+07 1.24473e+07 1.15386e+07 1.15694e+07 1.15961e+07 1.87704e+07 1.89392e+07
threshold=1125.587829589844 1971.2244262695315 637.99578857421886 -7228.2499999999991 -10342.760253906248 -422.74999999999994 1971.2244262695315 -3594.4999999999995 2169.7580566406255 -2658.2499999999995 -1429.9787597656248 988.90371704101574 -8524.7499999999982 2169.7580566406255 2280.3024902343755 -2465.943481445312 -5656.7499999999991 -1442.2499999999998 930.45053100585949 -1305.2499999999998 -1322.7499999999998 -3866.7499999999995 1439.9837036132815 -352.24999999999994 377.25000000000006 -3063.4999999999995 -38.499999999999993 7181.0104980468759 3270.165649414063 56.250000000000007
decision_type=2 2 2 2 2 2 2 2 2 2 2 2 2 2 2 2 2 2 2 2 2 2 2 2 2 2 2 2 2 2
left_child=2 11 -1 4 -3 8 23 -4 -5 14 -11 18 -13 16 15 -8 -14 21 -2 -10 -9 -16 -22 -7 -25 -12 -27 28 29 -28
right_child=1 3 7 5 -6 6 9 20 19 10 25 12 13 -15 17 -17 -18 -19 -20 -21 22 -23 -24 24 -26 26 27 -29 -30 -31
leaf_value=-4.1932631882201106 10.025916166040632 15.26492558354917 44.720659626299337 31.792990328470864 118.7530104595682 -26.191406307220461 10.760066516582782 5.8217093060475911 -52.942085665748237 112.25553942609716 1.268279179659757 -38.472693138122565 -17.485763474873135 64.547313568808818 43.28773052780717 62.868802201747897 8.1906807260345058 -22.326367925008139 37.383119881290128 -2.5714877677686285 -0.10771219353242995 -6.8121777331545248 24.412096365130679 41.956651128133139 1.5128498214941759 73.623805028742012 9.4064966519673661 59.251516660054534 -9.0152144679316759 52.669167121251434
leaf_weight=9982 90 23 31 30 23 20 26 1083 21 27 22 20 56 22 27 32 1573 30 87 33 8781 21 49 30 52 22 39 39 27 72
leaf_count=9982 90 23 31 30 23 20 26 1083 21 27 22 20 56 22 27 32 1573 30 87 33 8781 21 49 30 52 22 39 39 27 72
internal_value=3.81712e-08 13.7644 -1.70207 27.9311 67.009 24.7774 29.5596 0.798635 -2.89111 35.2928 43.9716 9.0422 7.51366 8.07073 19.4668 39.5097 7.308 4.5631 23.4727 -22.1601 0.661281 21.369 0.0283547 7.97588 16.3094 35.6292 39.4279 35.1776 28.3741 37.4688
internal_weight=22390 2464 19926 616 46 570 486 9944 84 384 248 1848 1671 1651 136 58 1629 78 177 54 9913 48 8830 102 82 221 199 177 138 111
internal_count=22390 2464 19926 616 46 570 486 9944 84 384 248 1848 1671 1651 136 58 1629 78 177 54 9913 48 8830 102 82 221 199 177 138 111
is_linear=0
shrinkage=0.05


Tree=10
num_leaves=31
num_cat=0
split_feature=292 285 278 124 281 36 219 196 276 113 227 131 253 5 96 267 274 2 4 79 97 93 59 130 275 256 120 47 283 192
split_gain=1.90387e+08 7.03072e+07 3.38933e+07 7.18605e+07 2.74911e+07 2.33723e+07 4.02601e+07 2.95419e+07 1.98042e+07 1.92764e+07 2.25162e+07 1.85629e+07 1.84753e+07 1.70802e+07 1.62136e+07 1.5649e+07 3.17722e+07 1.54714e+07 1.48244e+07 1.77597e+07 2.22823e+07 1.54106e+07 1.44131e+07 1.33434e+07 1.67534e+07 1.6187e+07 3.01366e+07 1.44527e+07 1.30183e+07 1.27273e+07
threshold=1526.9197998046877 826.10955810546886 2472.5063476562505 1563.7959594726565 355.25000000000006 -5611.7499999999991 -1942.2499999999998 5294.5000000000009 2906.5000000000005 7413.2500000000009 796.25000000000011 2173.045288085938 -3811.2499999999995 557.62503051757824 2472.5063476562505 1692.2500000000002 2116.5000000000005 7588.0000000000009 -15064.262695312498 3071.7500000000005 -431.45213317871088 -7344.2499999999991 -8784.7499999999982 -6142.8076171874991 -2142.9999999999995 112.38000106811525 1794.7500000000002 1526.9197998046877 -867.24999999999989 -1743.2499999999998
decision_type=2 2 2 2 2 2 2 2 2 2 2 2 2 2 2 2 2 2 2 2 2 2 2 2 2 2 2 2 2 2
left_child=1 13 4 -4 9 14 -7 -8 11 10 18 23 -3 -1 -5 29 -17 -14 -2 20 21 22 -20 -6 -25 26 -26 -27 -12 -13
right_child=2 12 3 5 8 6 7 -9 -10 -11 28 15 17 -15 -16 16 -18 -19 19 -21 -22 -23 -24 24 25 27 -28 -29 -30 -31
leaf_value=-4.6131310923842266 -26.585899416037968 47.64796816507976 124.58235334916549 23.211897937059405 -3.4790059910264128 106.72515157699587 4.5925931998661591 73.282556144050929 56.601791142194706 47.137294769287109 -57.5225888599049 7.9091299512493087 3.4618867679139651 -1.3048133000930617 -30.2278133392334 90.573625679016118 19.977090353124282 36.814282155718125 6.1586186408996584 -28.190020600954696 54.728166273868446 -1.1458259279911336 64.069795445033478 60.75930727178401 14.573346835419649 33.173071944713591 64.070955774784096 -4.8177893364947781 -8.9533395870311843 40.365504292574798
leaf_weight=6899 28 24 22 40 86 20 49 23 39 24 22 67 5309 8979 22 30 34 35 22 24 33 104 21 22 133 32 40 115 37 55
leaf_count=6899 28 24 22 40 86 20 49 23 39 24 22 67 5309 8979 22 30 34 35 22 24 33 104 21 22 133 32 40 115 37 55
internal_value=3.0218e-08 -1.06988 19.8695 40.0529 16.1998 27.9773 43.9678 26.5352 22.0521 4.06787 0.515748 19.8576 3.8769 -2.74228 4.24942 33.0454 53.0692 3.68032 7.52954 12.2121 17.599 9.26387 34.4408 14.1264 18.5535 15.6518 26.0179 3.45233 -27.0639 22.5411
internal_weight=22390 21246 1144 176 968 154 92 72 653 315 291 614 5368 15878 62 186 64 5344 232 204 180 147 43 428 342 320 173 147 59 122
internal_count=22390 21246 1144 176 968 154 92 72 653 315 291 614 5368 15878 62 186 64 5344 232 204 180 147 43 428 342 320 173 147 59 122
is_linear=0
shrinkage=0.05


Tree=11
num_leaves=31
num_cat=0
split_feature=131 292 288 199 232 269 269 40 260 2 212 154 83 83 275 161 281 254 2 38 25 288 207 222 162 178 228 208 186 264
split_gain=1.73427e+08 6.11451e+07 3.55537e+07 3.47482e+07 6.8986e+07 3.03641e+07 1.75401e+07 2.11015e+07 1.74496e+07 2.8523e+07 2.20638e+07 1.64099e+07 1.67135e+07 3.09752e+07 1.62393e+07 1.6012e+07 1.86161e+07 5.33431e+07 1.56757e+07 1.90206e+07 1.40869e+07 1.41237e+07 1.31089e+07 1.29093e+07 1.2435e+07 2.40993e+07 1.76141e+07 1.65204e+07 1.23837e+07 1.4778e+07
threshold=1486.889099121094 720.08538818359386 672.75000000000011 -4383.2499999999991 -313.24999999999994 -1969.4999999999998 -2098.7499999999995 2169.7580566406255 -133.24999999999997 2788.7500000000005 -1103.7499999999998 -2286.7499999999995 -1821.2318115234373 -4458.1249999999991 -492.24999999999994 -2959.9999999999995 1120.0000000000002 -3680.2499999999995 -598.24999999999989 5034.2500000000009 -5497.4899902343741 177.75000000000003 -6566.9150390624991 1139.0004882812502 1140.5000000000002 -459.74999999999994 -4326.7749023437491 2169.7580566406255 1100.725036621094 1610.0513305664065
decision_type=2 2 2 2 2 2 2 2 2 2 2 2 2 2 2 2 2 2 2 2 2 2 2 2 2 2 2 2 2 2
left_child=1 -1 8 4 5 -4 -5 24 9 20 -11 -9 13 -13 -10 16 22 -18 -14 -20 21 -2 23 -3 25 -8 -26 -28 29 -22
right_child=2 15 3 6 -6 -7 7 11 14 10 -12 12 18 -15 -16 -17 17 -19 19 -21 28 -23 -24 -25 26 -27 27 -29 -30 -31
leaf_value=-3.2528666428113127 52.816887513522445 1.146167301805052 -9.522454254715532 -15.399267495473225 137.26459270477295 59.101489953994751 13.60064316786729 16.666478847734858 -6.3855882817281868 89.467457845936664 22.825180904953569 31.310549779371783 6.159698845878725 116.20712318647475 15.372912530104319 1.3556656065882566 99.821741671562208 12.603481522412368 84.037447039286292 24.747997573114212 12.44827133814494 11.57073503977632 8.5409904495060207 -26.148913270455822 -25.757772641028129 62.700287952938595 9.0422747500287652 52.766297235488892 24.803056015014647 -39.116463169907085
leaf_weight=12710 29 219 27 30 20 40 77 66 212 23 27 22 31 21 144 7263 20 142 24 31 24 73 751 54 31 37 159 25 25 33
leaf_count=12710 29 219 27 30 20 40 77 66 212 23 27 22 31 21 144 7263 20 142 24 31 24 73 751 54 31 37 159 25 25 33
internal_value=-5.97171e-09 -1.06141 18.244 26.3963 55.7729 31.4471 21.783 23.9117 9.387 19.9931 53.4806 36.9446 47.3195 72.7717 2.4156 2.23524 7.62174 23.3712 34.5935 50.6198 10.8932 23.2976 5.13013 -4.25286 16.1871 29.5365 9.10878 14.983 -4.53669 -17.405
internal_weight=22390 21159 1231 641 87 67 554 524 590 234 50 195 129 43 356 8449 1186 162 86 55 184 102 1024 273 329 114 215 184 82 57
internal_count=22390 21159 1231 641 87 67 554 524 590 234 50 195 129 43 356 8449 1186 162 86 55 184 102 1024 273 329 114 215 184 82 57
is_linear=0
shrinkage=0.05


Tree=12
num_leaves=31
num_cat=0
split_feature=292 229 278 211 281 255 103 129 202 159 280 115 226 280 264 115 121 159 202 236 83 15 268 266 159 255 222 259 233 216
split_gain=1.58583e+08 4.87486e+07 3.7644e+07 2.54975e+07 2.58334e+07 2.04116e+07 1.89986e+07 1.59767e+07 4.99953e+07 1.51796e+07 1.59583e+07 2.82707e+07 1.55827e+07 1.50764e+07 1.45525e+07 1.45058e+07 1.64354e+07 1.33413e+07 1.25114e+07 2.30994e+07 1.38353e+07 1.3543e+07 1.33308e+07 2.18931e+07 1.20099e+07 1.10286e+07 1.08695e+07 1.07586e+07 1.01858e+07 1.01555e+07
threshold=1125.587829589844 1971.2244262695315 637.99578857421886 -5827.7499999999991 -422.74999999999994 -3594.4999999999995 1971.2244262695315 -2658.2499999999995 -1429.9787597656248 899.61660766601574 1816.2500000000002 -743.74999999999989 -19.249999999999996 1398.2500000000002 2169.7580566406255 -5095.2499999999991 -7622.2499999999991 1610.0513305664065 -3957.841430664062 1063.2380981445315 -5573.9382324218741 -1877.7499999999998 -2851.9999999999995 -2560.4999999999995 2076.5380859375005 -1322.7499999999998 1563.7959594726565 -680.74999999999989 -3063.4999999999995 4736.9580078125009
decision_type=2 2 2 2 2 2 2 2 2 2 2 2 2 2 2 2 2 2 2 2 2 2 2 2 2 2 2 2 2 2
left_child=2 9 -1 -3 14 -4 24 13 -9 12 18 -12 -2 15 -5 16 -8 -13 19 -11 -21 -22 23 26 -6 -7 -20 -16 -10 -27
right_child=1 3 5 4 6 25 7 8 28 10 11 17 -14 -15 27 -17 -18 -19 22 20 21 -23 -24 -25 -26 29 -28 -29 -30 -31
leaf_value=-3.6488267181837717 16.078650258290462 63.275208008595008 41.206443189805555 24.261481453632488 20.231529776499823 5.3330204834072878 7.3790389494462447 102.80211748193813 -1.5565005367452449 43.326120150089267 56.986447824750634 -4.5451470125638522 60.163782575856089 51.880304483266983 1.0712035606647361 -10.888311343290368 60.308160064437175 39.076498293876654 27.860342231956693 -26.342053874679234 17.927944231033326 -30.213708968389604 5.3528902321971845 67.445926110640812 -14.589922279752791 -0.15682509364015551 -14.324698374821589 -43.687418973922732 34.29658100777236 19.989944473902383
leaf_weight=9982 156 39 31 29 65 1083 44 27 22 20 42 65 23 26 29 49 22 24 37 92 48 21 1271 23 40 8767 26 25 199 63
leaf_count=9982 156 39 31 29 65 1083 44 27 22 20 42 65 23 26 29 49 22 24 37 92 48 21 1271 23 40 8767 26 25 199 63
internal_value=-4.13135e-08 11.9663 -1.47973 24.1476 21.5029 0.697661 25.8395 30.9338 38.5743 7.90592 6.42188 23.1743 21.7432 17.4952 -4.30768 9.72113 25.0221 7.21799 4.99498 -7.353 -13.6485 3.27614 6.64198 25.6936 6.96621 0.570982 10.4506 -19.6504 30.7275 -0.0130826
internal_weight=22390 2464 19926 616 577 9944 494 389 248 1848 1669 131 179 141 83 115 66 89 1538 181 161 69 1357 86 105 9913 63 54 221 8830
internal_count=22390 2464 19926 616 577 9944 494 389 248 1848 1669 131 179 141 83 115 66 89 1538 181 161 69 1357 86 105 9913 63 54 221 8830
is_linear=0
shrinkage=0.05


Tree=13
num_leaves=31
num_cat=0
split_feature=292 229 236 255 199 4 103 276 289 261 222 117 189 257 44 73 273 159 280 120 220 122 289 5 159 84 110 276 268 266
split_gain=1.43121e+08 4.39956e+07 3.41274e+07 3.59466e+07 2.32215e+07 4.49007e+07 2.30657e+07 2.38632e+07 2.08027e+07 1.68825e+07 1.6705e+07 2.59452e+07 2.04102e+07 1.45752e+07 1.56417e+07 2.38181e+07 1.62455e+07 1.36996e+07 1.44024e+07 2.57276e+07 1.41915e+07 1.34286e+07 1.34193e+07 1.24969e+07 1.18504e+07 1.15585e+07 1.79258e+07 1.61093e+07 1.2333e+07 2.38858e+07
threshold=1125.587829589844 1971.2244262695315 696.79916381835949 -3594.4999999999995 -7228.2499999999991 -10342.760253906248 1971.2244262695315 -429.24999999999994 -407.24999999999994 -919.24999999999989 2883.3869628906255 2893.0231933593755 4947.2500000000009 2076.5380859375005 8230.2500000000018 1069.7500000000002 -1747.2499999999998 899.61660766601574 1816.2500000000002 -407.24999999999994 -3797.4999999999995 -1129.7499999999998 -251.24999999999997 2280.3024902343755 1610.0513305664065 -5852.4999999999991 1005.9385681152345 -1178.2499999999998 -2851.9999999999995 -2560.4999999999995
decision_type=2 2 2 2 2 2 2 2 2 2 2 2 2 2 2 2 2 2 2 2 2 2 2 2 2 2 2 2 2 2
left_child=2 17 -1 -4 5 -3 7 -6 10 -10 11 13 -12 23 15 16 -15 20 25 -20 -2 -18 -11 -8 -21 26 27 -19 29 -27
right_child=1 4 3 -5 6 -7 8 -9 9 22 12 -13 -14 14 -16 -17 21 18 19 24 -22 -23 -24 -25 -26 28 -28 -29 -30 -31
leaf_value=-3.1024518534471253 -2.9376531266151593 7.7142763884171206 66.44881042752948 0.94611983079416617 -40.131921378203799 106.51217654684315 63.999415893554698 13.167822668098268 19.748804190045313 94.498734588623051 -29.056884360994612 70.699350568983292 34.26100780904293 -11.52184206317453 55.485296249389648 -22.38074804596279 18.76304540527001 42.454671244187793 58.712998997824542 -1.7878462092977174 29.056850403366667 60.236682327270515 45.275466550191247 16.134055877685547 38.240906486511236 7.7399448339755725 -30.868464323452542 -7.9154654628352121 4.7359974031581844 60.238119761149086
leaf_weight=11915 47 23 21 7990 28 23 30 84 42 20 35 27 20 34 20 46 89 22 35 71 132 25 45 25 25 78 56 57 1295 30
leaf_count=11915 47 23 21 7990 28 23 30 84 42 20 35 27 20 34 20 46 89 22 35 71 132 25 45 25 25 78 56 57 1295 30
internal_value=7.18518e-08 11.368 -1.40574 1.11783 22.9402 57.1132 20.1824 -0.157113 25.1562 44.4563 19.2727 23.9746 -6.0322 19.2848 13.3845 9.04418 18.8114 7.51063 6.10078 22.0156 20.6561 27.8581 60.4211 42.2424 8.63631 4.74523 -9.22824 6.11166 6.08979 22.3228
internal_weight=22390 2464 19926 8011 616 46 570 112 458 107 351 296 55 269 214 194 148 1848 1669 131 179 114 65 55 96 1538 135 79 1403 108
internal_count=22390 2464 19926 8011 616 46 570 112 458 107 351 296 55 269 214 194 148 1848 1669 131 179 114 65 55 96 1538 135 79 1403 108
is_linear=0
shrinkage=0.05


Tree=14
num_leaves=31
num_cat=0
split_feature=131 285 288 199 232 269 269 40 7 267 65 154 83 83 292 2 38 6 210 6 154 29 169 215 274 138 57 191 273 269
split_gain=1.29865e+08 4.72346e+07 2.84977e+07 2.89427e+07 6.17203e+07 2.69745e+07 1.54914e+07 1.65306e+07 1.49936e+07 2.36139e+07 2.12781e+07 1.37053e+07 1.45226e+07 2.70529e+07 1.34288e+07 1.32211e+07 1.67032e+07 1.20707e+07 1.18007e+07 1.74689e+07 1.62174e+07 1.25809e+07 1.13864e+07 4.69105e+07 1.7214e+07 1.6049e+07 1.36321e+07 1.34665e+07 1.10998e+07 1.17764e+07
threshold=1486.889099121094 826.10955810546886 672.75000000000011 -4383.2499999999991 -313.24999999999994 -1969.4999999999998 -2098.7499999999995 2169.7580566406255 6911.0000000000009 878.75000000000011 5505.5000000000009 -2286.7499999999995 -1821.2318115234373 -4458.1249999999991 524.53738403320324 -598.24999999999989 5034.2500000000009 -9045.3662109374982 214.25000000000003 2790.6418457031255 -1811.7499999999998 3938.0000000000005 -4528.7499999999991 727.84094238281261 405.75000000000006 988.90371704101574 -8260.2499999999982 -4660.7499999999991 -389.74999999999994 -925.74999999999989
decision_type=2 2 2 2 2 2 2 2 2 2 2 2 2 2 2 2 2 2 2 2 2 2 2 2 2 2 2 2 2 2
left_child=1 14 8 4 5 -4 -5 28 10 -10 18 17 13 -13 -1 -14 -17 -9 19 -2 -20 -21 23 -3 25 26 -25 -26 29 -8
right_child=2 22 3 6 -6 -7 7 11 9 -11 -12 12 15 -15 -16 16 -18 -19 20 21 -22 -23 -24 24 27 -27 -28 -29 -30 -31
leaf_value=-4.2086320134015809 8.0150001160971094 84.830654834565678 -11.727850136933505 -16.067791817585626 126.97741032600402 52.952509326934823 7.4607125622885562 44.119464761560614 56.48235137337133 1.0995751142501831 -44.519303567068924 26.871024263988843 3.9174381517594861 106.21061488560268 -1.1840881534809664 76.064317496617647 20.503970853744015 -1.2402433362874119 -41.416697724660239 71.350596036911014 2.6240087434097572 17.655883073806763 2.6243337351975682 -45.091616457984564 14.272143505558825 37.122822558361548 -1.7204702555907496 60.242242613292881 9.3949436806654205 49.962095428124456
leaf_weight=5758 262 21 27 30 20 40 28 22 38 39 21 22 31 21 10120 24 31 44 24 20 162 24 4997 21 66 23 132 21 262 39
leaf_count=5758 262 21 27 30 20 40 28 22 38 39 21 22 31 21 10120 24 31 44 24 20 162 24 4997 21 66 23 132 21 262 39
internal_value=4.11322e-08 -0.918483 15.7873 23.086 49.8965 26.8873 18.8757 20.8762 7.85776 28.4313 4.76972 32.4115 41.893 65.6183 -2.28091 30.0303 44.7485 13.8797 6.87352 12.9107 -3.05866 42.0626 3.17782 12.9165 7.17432 -1.81932 -7.67337 25.3684 14.0392 32.2003
internal_weight=22390 21159 1231 641 87 67 554 524 590 77 513 195 129 43 15878 86 55 66 492 306 186 44 5281 284 263 176 153 87 329 67
internal_count=22390 21159 1231 641 87 67 554 524 590 77 513 195 129 43 15878 86 55 66 492 306 186 44 5281 284 263 176 153 87 329 67
is_linear=0
shrinkage=0.05


Tree=15
num_leaves=31
num_cat=0
split_feature=292 278 124 285 103 36 219 196 275 30 73 107 289 86 4 155 26 80 285 289 215 94 191 259 281 89 204 220 159 96
split_gain=1.17677e+08 3.78807e+07 6.08456e+07 2.88052e+07 2.80375e+07 1.97271e+07 4.02491e+07 2.53877e+07 1.54556e+07 1.51386e+07 2.80306e+07 2.91898e+07 1.96013e+07 1.50565e+07 2.88678e+07 1.49837e+07 1.66358e+07 1.60485e+07 1.43423e+07 1.51242e+07 1.45269e+07 1.55701e+07 1.57193e+07 1.37762e+07 3.48107e+07 1.29954e+07 1.28638e+07 1.44071e+07 1.52734e+07 1.283e+07
threshold=1125.587829589844 2472.5063476562505 1563.7959594726565 635.09121704101574 1971.2244262695315 -5388.7499999999991 -1606.9999999999998 5294.5000000000009 1425.7500000000002 8413.5000000000018 3787.7500000000005 1094.0000000000002 -863.24999999999989 635.25000000000011 2644.952514648438 2483.5000000000005 2368.7424316406255 -4799.7499999999991 2169.7580566406255 -702.24999999999989 988.90371704101574 6243.2500000000009 1358.7500000000002 -2151.9999999999995 777.75000000000011 2368.7424316406255 -4910.7499999999991 -3797.4999999999995 881.71267700195324 2472.5063476562505
decision_type=2 2 2 2 2 2 2 2 2 2 2 2 2 2 2 2 2 2 2 2 2 2 2 2 2 2 2 2 2 2
left_child=3 4 -3 -1 18 29 -7 -8 9 10 11 13 -12 14 15 16 17 25 20 -20 26 -22 -23 24 -5 -6 -2 -28 -29 -4
right_child=1 2 5 23 8 6 7 -9 -10 -11 12 -13 -14 -15 -16 -17 -18 -19 19 -21 21 22 -24 -25 -26 -27 27 28 -30 -31
leaf_value=-3.1889471007215828 49.562730764573622 110.44250210848723 17.668625338077543 5.8484639999732169 24.471065815708094 99.194699995517738 -2.2972405707582513 61.811592151807702 59.360367766670564 52.300410408809263 -56.054223905290876 70.060896809895837 4.7296713060802889 -26.037439336776732 66.255557560920721 54.638729349772134 -5.9278201316793764 6.3957234254817372 -44.176830684727634 9.4817642211914066 3.7973039339457864 64.106663894653323 14.146971538582363 0.24511987601950458 65.784522113433255 70.482385217575811 -25.322068815231326 38.559104034456162 2.581909001883814 -28.573464028040572
leaf_weight=9894 31 22 40 355 57 20 47 23 23 29 21 27 36 20 29 21 96 97 29 24 1495 20 74 9651 26 21 20 59 59 24
leaf_count=9894 31 22 40 355 57 20 47 23 23 29 21 27 36 20 29 21 96 97 29 24 1495 20 74 9651 26 21 20 59 59 24
internal_value=-1.297e-08 10.3081 32.6608 -1.27468 8.58867 21.5492 36.6399 18.7671 19.3735 17.3477 14.9627 20.0163 -17.6644 16.0539 18.6764 13.9511 10.7981 19.9735 5.74806 -19.8786 6.52065 5.03838 24.7767 0.613263 9.93859 36.8587 20.4575 13.9194 20.5705 0.327842
internal_weight=22390 2464 176 19926 2288 154 90 70 477 454 425 368 57 341 321 292 271 175 1811 53 1758 1589 94 10032 381 78 169 138 118 64
internal_count=22390 2464 176 19926 2288 154 90 70 477 454 425 368 57 341 321 292 271 175 1811 53 1758 1589 94 10032 381 78 169 138 118 64
is_linear=0
shrinkage=0.05


Tree=16
num_leaves=31
num_cat=0
split_feature=215 292 288 278 222 200 225 141 287 110 253 289 236 12 4 194 157 141 289 281 246 5 280 169 91 283 263 54 291 117
split_gain=1.06783e+08 3.41416e+07 2.7628e+07 2.00572e+07 4.02345e+07 1.63835e+07 3.43328e+07 1.58674e+07 1.6623e+07 1.94551e+07 1.48054e+07 1.43003e+07 1.40649e+07 1.51545e+07 2.24231e+07 1.37811e+07 1.62809e+07 1.27696e+07 1.26991e+07 1.11316e+07 1.97851e+07 1.07597e+07 1.94941e+07 1.44452e+07 1.43978e+07 1.43672e+07 1.27717e+07 1.495e+07 1.12099e+07 1.1394e+07
threshold=1323.400329589844 720.08538818359386 811.75000000000011 2472.5063476562505 2472.5063476562505 -8935.9975585937482 3409.0000000000005 -6760.7499999999991 -2261.9999999999995 2169.7580566406255 -404.74999999999994 -1521.7499999999998 1394.453308105469 1394.453308105469 4678.2326660156259 2893.0231933593755 -3301.4999999999995 -5976.2499999999991 -1778.9999999999998 -42.249999999999993 -3434.7499999999995 2076.5380859375005 1398.2500000000002 -179.24999999999997 -1202.2499999999998 784.50000000000011 -3660.4025878906245 1266.987487792969 -238.32749938964841 1864.5585937500002
decision_type=2 2 2 2 2 2 2 2 2 2 2 2 2 2 2 2 2 2 2 2 2 2 2 2 2 2 2 2 2 2
left_child=1 -1 7 11 -5 -6 -7 -2 -9 -10 19 -4 13 17 -15 16 -11 -12 -18 -3 -21 26 23 -23 -24 -25 -13 -28 -29 -30
right_child=2 10 3 4 5 6 -8 8 9 15 12 21 -14 14 -16 -17 18 -19 -20 20 -22 22 24 25 -26 -27 27 28 29 -31
leaf_value=-2.5692623296946313 39.411411211225726 1.0485447597692108 -13.711526963517471 98.430924316074538 -5.8392423983414972 87.506747196031654 10.107964788455712 -28.734687625660616 2.9940415825264743 -0.057399220693679087 30.246058627537323 -4.5895349137194748 -35.637253358629017 8.4259349722949448 64.139244148277101 -16.495779473440987 67.83712683105469 -0.044431494541083555 27.602953363774898 50.908312041671195 7.5820448165211207 4.0586804657369049 84.153849659795355 64.598429019634551 29.845692684100229 10.951054979612429 48.494571701685594 28.289140535871333 11.798496127128601 -25.279981170654299
leaf_weight=12710 36 854 37 23 30 23 38 34 667 42 35 77 27 129 21 21 25 5909 91 27 1094 74 23 26 26 24 36 85 121 25
leaf_count=12710 36 854 37 23 30 23 38 34 667 42 35 77 27 129 21 21 25 5909 91 27 1094 74 23 26 26 24 36 85 121 25
internal_value=5.47612e-08 -0.952747 12.5144 20.247 39.3464 24.413 39.2911 6.87536 5.54434 6.92199 1.58504 16.3168 0.370484 0.530019 16.2258 21.5585 26.6164 0.133928 36.2741 5.34923 8.62559 18.4659 28.6373 18.0865 55.3373 38.8477 13.3506 18.5243 13.8537 5.44944
internal_weight=22390 20806 1584 668 114 91 61 916 880 846 8096 554 6121 6094 150 179 158 5944 116 1975 1121 517 173 124 49 50 344 267 231 146
internal_count=22390 20806 1584 668 114 91 61 916 880 846 8096 554 6121 6094 150 179 158 5944 116 1975 1121 517 173 124 49 50 344 267 231 146
is_linear=0
shrinkage=0.05


Tree=17
num_leaves=31
num_cat=0
split_feature=131 292 288 199 207 269 260 198 212 1 197 281 87 269 275 261 276 114 92 138 155 285 15 264 45 249 3 9 176 282
split_gain=9.66324e+07 3.60207e+07 2.29534e+07 2.37771e+07 5.91095e+07 1.67551e+07 1.28294e+07 2.05715e+07 2.28546e+07 2.34598e+07 1.50198e+07 1.45974e+07 1.77139e+07 1.27871e+07 1.37942e+07 2.04561e+07 1.36309e+07 1.27024e+07 1.31394e+07 1.21931e+07 1.24161e+07 1.24203e+07 1.10939e+07 1.10874e+07 1.07356e+07 1.8622e+07 2.07061e+07 1.10058e+07 1.09264e+07 1.07121e+07
threshold=1486.889099121094 826.10955810546886 672.75000000000011 -4383.2499999999991 -6274.8674316406241 -1969.4999999999998 -87.249999999999986 -5301.7499999999991 228.75000000000003 4829.2500000000009 -4593.4999999999991 -373.99999999999994 601.50000000000011 -2098.7499999999995 -1816.7499999999998 -1578.2499999999998 2906.5000000000005 857.25000000000011 2535.7500000000005 2280.3024902343755 639.25000000000011 1667.0932617187502 9058.0000000000018 477.08499145507818 3953.0000000000005 -4076.5549316406245 -4566.4999999999991 6303.2500000000009 1322.2500000000002 174.25000000000003
decision_type=2 2 2 2 2 2 2 2 2 2 2 2 2 2 2 2 2 2 2 2 2 2 2 2 2 2 2 2 2 2
left_child=1 23 6 4 5 -4 7 10 9 19 -2 12 -8 -5 15 -15 24 -13 -19 20 21 -9 -20 -1 25 28 -27 -26 -16 -29
right_child=2 -3 3 13 -6 -7 11 8 -10 -11 -12 17 -14 14 16 -17 -18 18 22 -21 -22 -23 -24 -25 27 26 -28 29 -30 -31
leaf_value=-4.2596281414302721 10.052413586207798 2.7848684569154853 -19.050226523659447 -15.394789867401125 102.7537527413204 36.335057650672063 5.9432103792826334 38.737431871130113 -16.305628245671592 68.051313562954178 -41.961291951718543 -5.024758842729387 -58.257648194919938 72.589893545927836 10.732106245530618 7.6388631668957805 41.747089142269559 52.923420524597169 -0.85915150125342687 53.655672836303715 -17.179653984069827 -5.4715757687886564 32.705268876211981 -1.2155746753394028 -12.885566895595495 69.249611097335816 20.655120412218437 35.805628833174708 -25.476588295245993 -8.9295908637668777
leaf_weight=3998 35 5281 22 30 29 36 21 47 30 34 23 168 22 27 74 22 45 20 83 23 25 24 35 11880 69 25 178 32 29 23
leaf_count=3998 35 5281 22 30 29 36 21 47 30 34 23 168 22 27 74 22 45 20 83 23 25 24 35 11880 69 25 178 32 29 23
internal_value=-3.35737e-08 -0.792293 13.6183 20.1686 44.4691 15.3268 6.50179 15.3744 23.5984 31.4227 -10.5737 0.374851 -26.9037 16.3525 18.17 43.4282 15.5645 4.20812 15.4481 20.9574 13.1234 23.7935 9.0964 -1.98205 12.8244 17.8536 26.6397 0.413673 0.537425 17.0982
internal_weight=22390 21159 1231 641 87 58 590 241 183 153 58 349 43 554 524 49 475 306 138 119 96 71 118 15878 430 306 203 124 103 55
internal_count=22390 21159 1231 641 87 58 590 241 183 153 58 349 43 554 524 49 475 306 138 119 96 71 118 15878 430 306 203 124 103 55
is_linear=0
shrinkage=0.05


Tree=18
num_leaves=31
num_cat=0
split_feature=292 285 261 281 274 269 239 280 215 227 18 239 231 93 204 16 143 65 280 253 2 14 177 245 283 114 115 121 282 157
split_gain=8.83394e+07 3.35719e+07 2.39687e+07 1.62471e+07 2.0353e+07 3.63116e+07 2.43638e+07 2.68805e+07 1.79571e+07 1.56889e+07 1.94182e+07 1.79413e+07 1.77458e+07 1.72687e+07 1.77513e+07 1.55425e+07 1.55328e+07 1.492e+07 1.43346e+07 1.32252e+07 1.30948e+07 1.2682e+07 1.15143e+07 1.5224e+07 1.15891e+07 1.23906e+07 1.42648e+07 1.79935e+07 2.04314e+07 1.26823e+07
threshold=1526.9197998046877 826.10955810546886 2982.2500000000005 355.25000000000006 -410.24999999999994 -1846.2499999999998 -2661.4999999999995 758.00000000000011 1354.744079589844 796.25000000000011 -14873.902832031248 1436.2500000000002 1756.2500000000002 -7344.2499999999991 -2560.9999999999995 -3122.2499999999995 6148.7500000000009 2759.0000000000005 -567.74999999999989 -3811.2499999999995 7588.0000000000009 -8467.4999999999982 5807.7500000000009 129.75000000000003 -576.74999999999989 5246.5000000000009 -2287.7499999999995 -2500.7499999999995 -197.74999999999997 -1259.9999999999998
decision_type=2 2 2 2 2 2 2 2 2 2 2 2 2 2 2 2 2 2 2 2 2 2 2 2 2 2 2 2 2 2
left_child=1 -1 3 9 5 -5 7 -6 -8 10 -2 13 -11 21 -15 -16 -4 -17 -10 -3 -21 -12 23 -20 -25 26 29 -28 -29 -26
right_child=2 19 16 4 6 -7 8 -9 18 12 11 -13 -14 14 15 17 -18 -19 22 20 -22 -23 -24 24 25 -27 27 28 -30 -31
leaf_value=-1.8844314873362125 -25.619173661300113 39.722839967409776 80.704731496175143 15.275000603993735 15.552821086003229 99.302331657409681 -21.476506032699195 92.654890351295478 -12.375516649168366 -48.908917561283822 13.268208280102961 50.415789087613426 0.1628169922993101 -22.957438760995867 -11.523920577909889 45.06013298034668 21.822217418874303 -4.83154757541159 7.4083657739275983 2.322252535384361 33.006263118812022 64.288256617954801 -11.489076179928251 -9.2093916271043863 27.620278428689296 0.31646650367312962 83.935245218276975 56.142738275058939 19.061441206681103 -17.852469054512355
leaf_weight=15878 35 24 21 36 26 20 39 20 49 27 29 30 58 52 41 43 24 23 210 5309 35 21 36 23 46 36 20 61 95 23
leaf_count=15878 35 24 21 36 26 20 39 20 49 27 29 30 58 52 41 43 24 23 210 5309 35 21 36 23 46 36 20 61 95 23
internal_value=8.52999e-09 -0.728777 13.5346 12.0701 16.3045 45.2848 13.9319 49.0755 11.398 3.34186 9.1636 14.2573 -15.4247 9.0671 1.0075 12.654 49.3007 27.6736 13.5384 2.68953 2.52321 34.6966 15.8471 17.7617 24.9137 27.7066 31.7313 39.2855 33.5612 12.4627
internal_weight=22390 21246 1144 1099 740 56 684 46 638 359 274 239 85 209 159 107 45 66 599 5368 5344 50 550 514 304 281 245 176 156 69
internal_count=22390 21246 1144 1099 740 56 684 46 638 359 274 239 85 209 159 107 45 66 599 5368 5344 50 550 514 304 281 245 176 156 69
is_linear=0
shrinkage=0.05


Tree=19
num_leaves=31
num_cat=0
split_feature=292 278 124 131 255 103 36 253 241 173 273 267 6 73 108 182 29 282 184 215 196 94 44 155 265 229 266 139 268 169
split_gain=8.04262e+07 2.81654e+07 5.13807e+07 2.13696e+07 2.82868e+07 1.94948e+07 1.69514e+07 3.57506e+07 2.22261e+07 1.39171e+07 1.56869e+07 1.23951e+07 1.54765e+07 2.3912e+07 2.05454e+07 1.31677e+07 1.2988e+07 1.287e+07 1.18281e+07 1.15754e+07 1.8669e+07 1.16874e+07 1.34779e+07 1.1111e+07 2.10525e+07 1.10132e+07 1.08301e+07 1.85935e+07 1.6921e+07 1.57458e+07
threshold=1125.587829589844 2472.5063476562505 1563.7959594726565 605.87805175781261 -3594.4999999999995 1971.2244262695315 -5388.7499999999991 1320.7500000000002 3918.5000000000005 2076.5380859375005 387.75000000000006 1776.0000000000002 7181.0104980468759 3878.5000000000005 1335.2500000000002 -1535.2499999999998 -10571.249999999998 -197.74999999999997 3429.7500000000005 988.90371704101574 -5234.9999999999991 6243.2500000000009 5192.0000000000009 -2398.2499999999995 -3635.925415039062 930.45053100585949 -1254.9999999999998 -6185.5122070312491 -1561.4999999999998 -288.99999999999994
decision_type=2 2 2 2 2 2 2 2 2 2 2 2 2 2 2 2 2 2 2 2 2 2 2 2 2 2 2 2 2 2
left_child=3 5 -3 -1 -5 9 23 -8 -9 19 -11 12 13 14 16 -13 -7 -18 -17 25 -21 26 -23 24 -4 -2 27 -22 -28 -29
right_child=1 2 6 4 -6 11 7 8 -10 10 -12 15 -14 -15 -16 18 17 -19 -20 20 21 22 -24 -25 -26 -27 28 29 -30 -31
leaf_value=-2.8883808244187144 5.2797610788875158 99.272562061656615 -20.151719433328381 58.382681783040368 0.29765902446325476 36.79449985677546 79.711032119503727 -10.810660416905474 51.48660525842147 -55.820075607299806 6.0535684131440668 56.07311114142923 41.788597509023305 -36.498901190076559 52.59568778446743 9.0075613235726077 -1.8402962916808603 31.548075836546282 49.835844628016162 -23.366438899437586 -23.856808886989469 56.521285334500398 11.577920371553173 -31.897826149350124 49.99018995046616 30.301239845364591 -22.19215816276661 27.359214741305301 3.3406724300546808 1.964258596125771
leaf_weight=8835 90 22 23 21 11070 33 27 41 22 20 21 34 37 28 28 68 191 34 24 60 31 22 69 21 20 86 69 152 1089 102
leaf_count=8835 90 22 23 21 11070 33 27 41 22 20 21 34 37 28 28 68 191 34 24 60 31 22 69 21 20 86 69 152 1089 102
internal_value=-6.04999e-08 8.5218 27.7961 -1.05379 0.407639 7.03916 17.5852 31.5741 10.9439 4.67051 -24.1287 16.0321 11.203 7.59894 11.9162 29.4846 7.50138 3.20506 19.6584 5.33761 3.99403 5.06419 22.4433 -2.08656 12.4724 17.5062 3.96821 12.6996 1.81929 17.1612
internal_weight=22390 2464 176 19926 11091 2288 154 90 63 1811 41 477 351 314 286 126 258 225 92 1770 1594 1534 91 64 43 176 1443 285 1158 254
internal_count=22390 2464 176 19926 11091 2288 154 90 63 1811 41 477 351 314 286 126 258 225 92 1770 1594 1534 91 64 43 176 1443 285 1158 254
is_linear=0
shrinkage=0.05


end of trees

feature_importances:
Column_292=29
Column_281=15
Column_103=12
Column_269=12
Column_285=12
Column_288=11
Column_131=10
Column_264=10
Column_278=10
Column_289=10
Column_159=9
Column_222=9
Column_229=9
Column_276=9
Column_280=9
Column_4=8
Column_138=8
Column_267=8
Column_274=8
Column_275=8
Column_83=7
Column_199=7
Column_215=7
Column_253=7
Column_255=7
Column_268=7
Column_155=6
Column_204=6
Column_2=5
Column_26=5
Column_110=5
Column_115=5
Column_124=5
Column_169=5
Column_232=5
Column_260=5
Column_273=5
Column_5=4
Column_6=4
Column_8=4
Column_29=4
Column_58=4
Column_65=4
Column_73=4
Column_129=4
Column_154=4
Column_197=4
Column_202=4
Column_233=4
Column_236=4
Column_248=4
Column_254=4
Column_261=4
Column_266=4
Column_271=4
Column_283=4
Column_36=3
Column_38=3
Column_40=3
Column_44=3
Column_59=3
Column_76=3
Column_86=3
Column_87=3
Column_93=3
Column_114=3
Column_121=3
Column_161=3
Column_191=3
Column_196=3
Column_201=3
Column_205=3
Column_225=3
Column_226=3
Column_227=3
Column_243=3
Column_282=3
Column_287=3
Column_3=2
Column_15=2
Column_30=2
Column_47=2
Column_54=2
Column_57=2
Column_68=2
Column_79=2
Column_80=2
Column_82=2
Column_89=2
Column_92=2
Column_94=2
Column_96=2
Column_117=2
Column_120=2
Column_141=2
Column_145=2
Column_148=2
Column_157=2
Column_162=2
Column_166=2
Column_173=2
Column_178=2
Column_190=2
Column_198=2
Column_207=2
Column_212=2
Column_216=2
Column_219=2
Column_220=2
Column_239=2
Column_257=2
Column_259=2
Column_265=2
Column_286=2
Column_1=1
Column_7=1
Column_9=1
Column_12=1
Column_14=1
Column_16=1
Column_18=1
Column_19=1
Column_25=1
Column_32=1
Column_39=1
Column_41=1
Column_45=1
Column_56=1
Column_60=1
Column_67=1
Column_75=1
Column_81=1
Column_84=1
Column_88=1
Column_91=1
Column_97=1
Column_100=1
Column_106=1
Column_107=1
Column_108=1
Column_109=1
Column_113=1
Column_118=1
Column_122=1
Column_123=1
Column_125=1
Column_126=1
Column_130=1
Column_134=1
Column_137=1
Column_139=1
Column_143=1
Column_152=1
Column_156=1
Column_170=1
Column_171=1
Column_174=1
Column_176=1
Column_177=1
Column_182=1
Column_184=1
Column_185=1
Column_186=1
Column_187=1
Column_189=1
Column_192=1
Column_194=1
Column_200=1
Column_208=1
Column_210=1
Column_211=1
Column_213=1
Column_228=1
Column_231=1
Column_240=1
Column_241=1
Column_245=1
Column_246=1
Column_247=1
Column_249=1
Column_250=1
Column_256=1
Column_262=1
Column_263=1
Column_291=1

parameters:
[boosting: gbdt]
[objective: regression]
[metric: l2]
[tree_learner: serial]
[device_type: cpu]
[data_sample_strategy: bagging]
[data: ]
[valid: ]
[num_iterations: 1000]
[learning_rate: 0.05]
[num_leaves: 31]
[num_threads: 0]
[seed: 42]
[deterministic: 1]
[force_col_wise: 0]
[force_row_wise: 0]
[histogram_pool_size: -1]
[max_depth: -1]
[min_data_in_leaf: 20]
[min_sum_hessian_in_leaf: 0.001]
[bagging_fraction: 1]
[pos_bagging_fraction: 1]
[neg_bagging_fraction: 1]
[bagging_freq: 0]
[bagging_seed: 400]
[bagging_by_query: 0]
[feature_fraction: 1]
[feature_fraction_bynode: 1]
[feature_fraction_seed: 30056]
[extra_trees: 0]
[extra_seed: 12879]
[early_stopping_round: 0]
[early_stopping_min_delta: 0]
[first_metric_only: 0]
[max_delta_step: 0]
[lambda_l1: 0]
[lambda_l2: 0]
[linear_lambda: 0]
[min_gain_to_split: 0]
[drop_rate: 0.1]
[max_drop: 50]
[skip_drop: 0.5]
[xgboost_dart_mode: 0]
[uniform_drop: 0]
[drop_seed: 17869]
[top_rate: 0.2]
[other_rate: 0.1]
[min_data_per_group: 100]
[max_cat_threshold: 32]
[cat_l2: 10]
[cat_smooth: 10]
[max_cat_to_onehot: 4]
[top_k: 20]
[monotone_constraints: ]
[monotone_constraints_method: basic]
[monotone_penalty: 0]
[feature_contri: ]
[forcedsplits_filename: ]
[refit_decay_rate: 0.9]
[cegb_tradeoff: 1]
[cegb_penalty_split: 0]
[cegb_penalty_feature_lazy: ]
[cegb_penalty_feature_coupled: ]
[path_smooth: 0]
[interaction_constraints: ]
[verbosity: -1]
[saved_feature_importance_type: 0]
[use_quantized_grad: 0]
[num_grad_quant_bins: 4]
[quant_train_renew_leaf: 0]
[stochastic_rounding: 1]
[linear_tree: 0]
[max_bin: 255]
[max_bin_by_feature: ]
[min_data_in_bin: 3]
[bin_construct_sample_cnt: 200000]
[data_random_seed: 175]
[is_enable_sparse: 1]
[enable_bundle: 1]
[use_missing: 1]
[zero_as_missing: 0]
[feature_pre_filter: 1]
[pre_partition: 0]
[two_round: 0]
[header: 0]
[label_column: ]
[weight_column: ]
[group_column: ]
[ignore_column: ]
[categorical_feature: ]
[forcedbins_filename: ]
[precise_float_parser: 0]
[parser_config_file: ]
[objective_seed: 16083]
[num_class: 1]
[is_unbalance: 0]
[scale_pos_weight: 1]
[sigmoid: 1]
[boost_from_average: 1]
[reg_sqrt: 0]
[alpha: 0.9]
[fair_c: 1]
[poisson_max_delta_step: 0.7]
[tweedie_variance_power: 1.5]
[lambdarank_truncation_level: 30]
[lambdarank_norm: 1]
[label_gain: ]
[lambdarank_position_bias_regularization: 0]
[eval_at: ]
[multi_error_top_k: 1]
[auc_mu_weights: ]
[num_machines: 1]
[local_listen_port: 12400]
[time_out: 120]
[machine_list_filename: ]
[machines: ]
[gpu_platform_id: -1]
[gpu_device_id: -1]
[gpu_device_id_list: ]
[gpu_use_dp: 0]
[num_gpu: 1]

end of parameters

pandas_categorical:null
