tree
version=v4
num_class=1
num_tree_per_iteration=1
label_index=0
max_feature_idx=293
objective=regression
feature_names=Column_0 Column_1 Column_2 Column_3 Column_4 Column_5 Column_6 Column_7 Column_8 Column_9 Column_10 Column_11 Column_12 Column_13 Column_14 Column_15 Column_16 Column_17 Column_18 Column_19 Column_20 Column_21 Column_22 Column_23 Column_24 Column_25 Column_26 Column_27 Column_28 Column_29 Column_30 Column_31 Column_32 Column_33 Column_34 Column_35 Column_36 Column_37 Column_38 Column_39 Column_40 Column_41 Column_42 Column_43 Column_44 Column_45 Column_46 Column_47 Column_48 Column_49 Column_50 Column_51 Column_52 Column_53 Column_54 Column_55 Column_56 Column_57 Column_58 Column_59 Column_60 Column_61 Column_62 Column_63 Column_64 Column_65 Column_66 Column_67 Column_68 Column_69 Column_70 Column_71 Column_72 Column_73 Column_74 Column_75 Column_76 Column_77 Column_78 Column_79 Column_80 Column_81 Column_82 Column_83 Column_84 Column_85 Column_86 Column_87 Column_88 Column_89 Column_90 Column_91 Column_92 Column_93 Column_94 Column_95 Column_96 Column_97 Column_98 Column_99 Column_100 Column_101 Column_102 Column_103 Column_104 Column_105 Column_106 Column_107 Column_108 Column_109 Column_110 Column_111 Column_112 Column_113 Column_114 Column_115 Column_116 Column_117 Column_118 Column_119 Column_120 Column_121 Column_122 Column_123 Column_124 Column_125 Column_126 Column_127 Column_128 Column_129 Column_130 Column_131 Column_132 Column_133 Column_134 Column_135 Column_136 Column_137 Column_138 Column_139 Column_140 Column_141 Column_142 Column_143 Column_144 Column_145 Column_146 Column_147 Column_148 Column_149 Column_150 Column_151 Column_152 Column_153 Column_154 Column_155 Column_156 Column_157 Column_158 Column_159 Column_160 Column_161 Column_162 Column_163 Column_164 Column_165 Column_166 Column_167 Column_168 Column_169 Column_170 Column_171 Column_172 Column_173 Column_174 Column_175 Column_176 Column_177 Column_178 Column_179 Column_180 Column_181 Column_182 Column_183 Column_184 Column_185 Column_186 Column_187 Column_188 Column_189 Column_190 Column_191 Column_192 Column_193 Column_194 Column_195 Column_196 Column_197 Column_198 Column_199 Column_200 Column_201 Column_202 Column_203 Column_204 Column_205 Column_206 Column_207 Column_208 Column_209 Column_210 Column_211 Column_212 Column_213 Column_214 Column_215 Column_216 Column_217 Column_218 Column_219 Column_220 Column_221 Column_222 Column_223 Column_224 Column_225 Column_226 Column_227 Column_228 Column_229 Column_230 Column_231 Column_232 Column_233 Column_234 Column_235 Column_236 Column_237 Column_238 Column_239 Column_240 Column_241 Column_242 Column_243 Column_244 Column_245 Column_246 Column_247 Column_248 Column_249 Column_250 Column_251 Column_252 Column_253 Column_254 Column_255 Column_256 Column_257 Column_258 Column_259 Column_260 Column_261 Column_262 Column_263 Column_264 Column_265 Column_266 Column_267 Column_268 Column_269 Column_270 Column_271 Column_272 Column_273 Column_274 Column_275 Column_276 Column_277 Column_278 Column_279 Column_280 Column_281 Column_282 Column_283 Column_284 Column_285 Column_286 Column_287 Column_288 Column_289 Column_290 Column_291 Column_292 Column_293
feature_infos=[-21355.5:19182] [-20870:19846.5] [-22396.5:18557] [-22396.5:19518] [-23191:18739.130859375] [231.24867248535156:4343.349609375] [-21012.97265625:17834.1328125] [-22403:19569] [-20835:20121.5] [-22514:18572] [-21043:19877.5] [-23137.654296875:18607.17578125] [231.24867248535156:4343.349609375] [-21009.01953125:18019.89453125] [-21063:19837] [-20705.5:20458.5] [-21854.5:18279.5] [-21590:19585] [-23085.1953125:18450.880859375] [231.24867248535156:4343.349609375] [-20524.3359375:18107.67578125] [-21612:19544.5] [-21178:20166] [-22181:18266] [-21782:18693] [-23034.30078125:18316.220703125] [231.24867248535156:4343.349609375] [-20072.033203125:18158.296875] [-21751:18719] [-20501:19338.5] [-22369:17973.5] [-20827.5:18372] [-22970:18174.69921875] [231.24867248535156:4343.349609375] [-19595.2109375:18098.6328125] [-20799.5:18253.5] [-20519.5:19273.5] [-22049.5:17019.5] [-21776.5:18282.5] [-22899.6953125:18000.140625] [231.24867248535156:4343.349609375] [-19480.189453125:17949.576171875] [-21771.5:18281.5] [-20852.5:18936.5] [-22746.5:16164] [-21087.5:18396.5] [-22832.9453125:17830.0390625] [231.24867248535156:4343.349609375] [-19626.30859375:17828.16015625] [-21092:18470.5] [-19368.5:19393] [-21481:17487] [-19912:18614.5] [-22757.080078125:17662.794921875] [231.24867248535156:4343.349609375] [-19652.28125:17681.19140625] [-19906:18679.5] [-19146:19602] [-20309.5:17696] [-20309.5:19051.5] [-22671.46484375:17564.880859375] [231.24867248535156:4343.349609375] [-19691.4375:17805.763671875] [-20316:19125.5] [-19339:20048] [-20801.5:18142] [-20677:19269.5] [-22579.044921875:17500.865234375] [231.24867248535156:4343.349609375] [-19781.033203125:17938.83203125] [-20676:19206] [-20393.5:20032] [-21922:17917] [-20673.5:19041] [-22479.615234375:17425.634765625] [231.24867248535156:4343.349609375] [-19862.166015625:17942.57421875] [-20661.5:19040] [-20225:19934.5] [-21165:17624.5] [-20512.5:18590] [-22377.400390625:17349.67578125] [231.24867248535156:4343.349609375] [-19921.287109375:18001.4296875] [-20540.5:18572] [-20431.5:20163.5] [-22293.5:17064] [-20965.5:18297.5] [-22284.55078125:17251.994140625] [231.24867248535156:4343.349609375] [-20016.216796875:17948.845703125] [-20947:18279.5] [-20136:19870.5] [-22380.5:16771.5] [-21134:17343.5] [-22193.455078125:17155.310546875] [231.24867248535156:4343.349609375] [-20117.83203125:17860.451171875] [-21141:17325.5] [-20995.5:21460] [-21803.5:16059] [-21535:16684] [-22097.89453125:17031.58984375] [231.24867248535156:4343.349609375] [-20246.666015625:17696.91015625] [-21535:16709.5] [-21051:21974] [-23343:15766.5] [-21227:15769] [-21997.8359375:16974.330078125] [231.24867248535156:4343.349609375] [-20335.787109375:17404.41015625] [-21273:15755.5] [-20227.5:21939] [-22005:14812.5] [-20368:16320] [-21893.505859375:16974.015625] [231.24867248535156:4343.349609375] [-20338.716796875:16883.009765625] [-20382:16319.5] [-18785.5:21687.5] [-20725:13312] [-20613:16039.5] [-21785.939453125:17003.6640625] [231.24867248535156:4343.349609375] [-20363.650390625:16559.140625] [-20630.5:16039] [-18933.5:20462.5] [-20672.5:13031.5] [-19428.5:15512.5] [-21670.6796875:17008.4453125] [231.24867248535156:4343.349609375] [-20278.63671875:16266.6396484375] [-19413.5:14764.5] [-18138:20586] [-19693:13647.5] [-18913:15423.5] [-21565.91015625:17034.775390625] [231.24867248535156:4343.349609375] [-19701.533203125:15981.2314453125] [-19006:15423] [-18344.5:21322.5] [-20206.5:13694.5] [-19283:17056] [-21460.720703125:17051.740234375] [231.24867248535156:4343.349609375] [-19516.66796875:15828.8466796875] [-19376:17055.5] [-18577:21487.5] [-20293.5:14140.5] [-19239:14809] [-21341.234375:17087.904296875] [231.24867248535156:4343.349609375] [-19210.2421875:15723.0419921875] [-19239:14665] [-18908.5:20901.5] [-20021:13848] [-19448:15255] [-21216.880859375:17130] [231.24867248535156:4343.349609375] [-18816.765625:15680.4931640625] [-19448:15095] [-18964:21484.5] [-21256:12894] [-19140:14962.5] [-21087.67578125:17123.240234375] [231.24867248535156:4343.349609375] [-18581.60546875:15507.4482421875] [-19186:14802.5] [-18723:19938.5] [-19918:13353] [-19262.5:14313.5] [-20957.92578125:17132.8203125] [231.24867248535156:4343.349609375] [-18295.77734375:15356.0439453125] [-19262.5:14269] [-18778.5:20555.5] [-21070.5:13562] [-18954.5:14759.5] [-20820.57421875:17149.8359375] [231.24867248535156:4343.349609375] [-18276.650390625:15301.8125] [-19000.5:14715] [-17955:19147] [-19732.5:14008] [-18095.5:14467] [-20679.91015625:17160.744140625] [231.24867248535156:4343.349609375] [-18191.63671875:15210.9658203125] [-18109.5:14422.5] [-16513:19073.5] [-18452.5:13715.5] [-18340.5:14010] [-20527.724609375:17151.794921875] [231.24867248535156:4343.349609375] [-18091.150390625:14936.7421875] [-18358:14095] [-16661:18768] [-18400:12761.5] [-17156:13056] [-20359.4609375:17117.91015625] [231.24867248535156:4343.349609375] [-18006.13671875:14644.2421875] [-17141:13141] [-14312:17719] [-17420.5:10948] [-14807:11606] [-20182.89453125:17066.30078125] [231.24867248535156:4343.349609375] [-17429.033203125:14208.810546875] [-14792:11605] [-12533:19341] [-15846.5:9964.5] [-15395.5:11940.5] [-20010.8359375:17010.759765625] [231.24867248535156:4343.349609375] [-17244.16796875:13910.9638671875] [-15369.5:11939.5] [-12694.5:17738] [-16343.5:9010.5] [-14220.5:12113.5] [-19838.970703125:16927.720703125] [231.24867248535156:4343.349609375] [-16937.7421875:13555.0126953125] [-14156.5:12088] [-11423.5:17790.5] [-14497:9045] [-13350.5:12559.5] [-19659.904296875:16868.970703125] [231.24867248535156:4343.349609375] [-16544.265625:13351.8662109375] [-13299.5:12534] [-12509:16434] [-15858.5:9087.5] [-13957.5:12267] [-19470.5:16766.6796875] [231.24867248535156:4343.349609375] [-16309.10546875:13059.3662109375] [-13971:12241.5] [-11221.5:17689] [-14370:7795.5] [-13165:11313] [-19227.544921875:16625.23046875] [231.24867248535156:4343.349609375] [-16023.2783203125:12589.96875] [-13114:11287.5] [-11472:20011] [-13865:6692] [-12621:7477] [-18994.990234375:16486.689453125] [231.24867248535156:4343.349609375] [-15713.9794921875:11866.1533203125] [-12733:7476] [-9123:18923] [-12946:6441] [-10272:8059] [-18723.5390625:16361.8095703125] [231.24867248535156:4343.349609375] [-15101.390625:11212.00390625] [-10384:8148.5] [-9182.5:18290.5] [-11028:5839] [-9704.5:6891] [-18453.890625:16228.1904296875] [231.24867248535156:4343.349609375] [-14601.9462890625:10683.23046875] [-9581.5:6846] [-9301:17813] [-11715:5102.5] [-10849:7596.5] [-18200.55078125:16104.96484375] [231.24867248535156:4343.349609375] [-14155.451171875:10168.80078125] [-10726:7571] [-8052:15855.5] [-11010.5:4991.5] [-9338:7639] [-17963.685546875:15937.6103515625] [231.24867248535156:4343.349609375] [-13250.1826171875:9681.455078125] [-9535:7613.5] [-6333:16360] [-11118:4229] [-8546.5:4512] [-17689.669921875:15760.650390625] [231.24867248535156:4343.349609375] [-12259.166015625:8888.0498046875] [-8679.5:4437] [0:17026.5] [-9060.5:0] none [-17410.345703125:15558.2802734375] [231.24867248535156:4343.349609375] [-11144.6962890625:8080.04541015625]
tree_sizes=2830 2825 2821 2820 2811 2807 2819 2820 2829 2826 2825 2861 2820 2850 2852 2862 2846 2859 2821 2850 2901 2849 2874 2869 2854 2847 2878 2831 2853

Tree=0
num_leaves=31
num_cat=0
split_feature=287 103 281 57 268 222 203 243 204 278 93 201 267 182 280 170 169 192 15 275 145 88 92 121 282 201 155 291 58 139
split_gain=4.97084e+07 4.51752e+07 5.74902e+07 4.52985e+07 4.29593e+07 4.05545e+07 6.07237e+07 4.30664e+07 3.81643e+07 3.896e+07 3.6919e+07 3.51373e+07 3.04093e+07 4.19985e+07 3.23704e+07 2.91373e+07 2.33341e+07 3.59581e+07 2.64367e+07 2.11136e+07 1.71371e+07 2.40292e+07 1.74339e+07 2.20845e+07 2.08081e+07 1.62478e+07 1.95799e+07 2.6601e+07 3.15305e+07 2.61703e+07
threshold=-2261.9999999999995 2076.5380859375005 16.250000000000004 -8260.2499999999982 -227.74999999999997 2883.3869628906255 4619.0000000000009 2472.5063476562505 -2917.2499999999995 2280.3024902343755 -9050.9999999999982 2280.3024902343755 1692.2500000000002 -1535.2499999999998 1330.7500000000002 -1907.2499999999998 894.75000000000011 1672.5000000000002 -5898.7499999999991 -4257.7499999999991 2076.5380859375005 -6208.6874999999991 6448.7500000000009 3669.2500000000005 -1174.7499999999998 1610.0513305664065 -2994.9999999999995 -238.32749938964841 348.25000000000006 3913.291625976563
decision_type=2 2 2 2 2 2 2 2 2 2 2 2 2 2 2 2 2 2 2 2 2 2 2 2 2 2 2 2 2 2
left_child=11 3 8 4 -2 7 -7 12 -3 15 -5 -1 14 -14 16 -10 18 -18 -4 -12 22 -22 25 -24 -25 -21 -27 28 -28 -29
right_child=1 2 5 10 -6 6 -8 -9 9 -11 19 -13 13 -15 -16 -17 17 -19 -20 20 21 -23 23 24 -26 26 27 29 -30 -31
leaf_value=-20.046899176304123 -56.124894870877377 -66.721162969328645 22.696920973083962 65.485979980989285 27.378836678798415 -55.873941520847794 41.346077775295001 84.02221836977742 -8.9242889847999631 -40.649105069876768 -52.191164465610775 -92.742752895148456 93.042473348766535 23.599929875965337 71.263360715387535 69.829924124596545 71.401157671404434 -16.378664084141036 -25.512483494478381 -0.71275469668502478 -72.484913168613701 -1.7311636104827945 52.220771492020994 -40.221163348449423 12.403975967235246 -60.37866423672893 -5.7463313652918568 -57.99949739416234 57.124487720741513 -5.685380415548174
leaf_weight=68 67 29 47 21 20 36 29 34 24 34 20 22 33 64 21 23 28 20 72 21109 20 30 31 21 178 20 150 45 23 51
leaf_count=68 67 29 47 21 20 36 29 34 24 34 20 22 33 64 21 23 28 20 72 21109 20 30 31 21 178 20 150 45 23 51
internal_value=-0.732805 -0.583138 14.3686 -0.921859 -36.9286 23.4978 -12.4989 30.8326 -17.5007 0.121429 -0.777627 -37.817 24.4872 47.2247 12.7556 29.615 5.3983 34.8262 -6.47179 -0.841759 -0.794384 -30.0327 -0.72679 12.9657 6.85057 -0.873966 -12.6491 -9.10044 2.61222 -30.2076
internal_weight=22390 22300 494 21806 87 384 65 319 110 81 21719 90 285 97 188 47 167 48 119 21698 21678 50 21628 230 199 21398 289 269 173 96
internal_count=22390 22300 494 21806 87 384 65 319 110 81 21719 90 285 97 188 47 167 48 119 21698 21678 50 21628 230 199 21398 289 269 173 96
is_linear=0
shrinkage=1


Tree=1
num_leaves=31
num_cat=0
split_feature=287 131 222 203 274 175 206 145 278 13 201 128 271 99 204 162 184 108 40 193 86 276 92 201 149 183 217 281 202 91
split_gain=4.48618e+07 4.1223e+07 6.45647e+07 7.33808e+07 5.28601e+07 6.09971e+07 4.56092e+07 3.95665e+07 4.10677e+07 3.79229e+07 3.17114e+07 3.0521e+07 2.73964e+07 2.50968e+07 2.31331e+07 2.17886e+07 3.30537e+07 2.16659e+07 2.0207e+07 3.56918e+07 1.92852e+07 1.84554e+07 1.55607e+07 2.43631e+07 2.1085e+07 2.00742e+07 2.31904e+07 1.98914e+07 2.01186e+07 3.18375e+07
threshold=-2261.9999999999995 2173.045288085938 2883.3869628906255 4619.0000000000009 1457.5000000000002 -5312.9999999999991 -3190.2499999999995 2076.5380859375005 2472.5063476562505 7116.1066894531259 2280.3024902343755 1580.2500000000002 2368.7424316406255 -9548.7499999999982 2910.7500000000005 -258.24999999999994 -4578.4999999999991 -1738.9999999999998 2280.3024902343755 -6007.0876464843741 -1101.2499999999998 633.00000000000011 6448.7500000000009 1610.0513305664065 1440.2500000000002 1030.0000000000002 888.75000000000011 236.75000000000003 1720.050476074219 3281.7500000000005
decision_type=2 2 2 2 2 2 2 2 2 2 2 2 2 2 2 2 2 2 2 2 2 2 2 2 2 2 2 2 2 2
left_child=10 7 4 11 5 -3 -6 8 13 14 -1 -4 21 -2 15 16 -7 -8 22 -20 -19 -9 23 -15 -24 26 -25 -27 -29 -30
right_child=1 2 3 -5 6 9 17 12 -10 -11 -12 -13 -14 18 -16 -17 -18 20 19 -21 -22 -23 24 25 -26 27 -28 28 29 -31
leaf_value=-18.348391143714682 -51.198840361833575 -45.400088547437619 -102.20618533325195 35.682686907450361 120.03563566662018 48.6681411940476 -0.28532245342548074 -34.803065119562923 57.492812298190216 71.995154217517737 -87.409454898400739 -21.457211151990023 -71.293539521002003 -0.047278622641260232 -34.562011996182534 48.512035195723826 -17.511321474004674 94.527309875488285 -10.120908355712892 78.960063726251789 35.097662437793822 23.025940704345704 58.190413997484292 -18.917721815699156 7.7636524439993373 -36.053224543521281 -72.924434570312499 19.626124358837579 -67.47641379975137 9.6038639816077982
leaf_weight=68 24 39 25 30 21 29 26 37 31 33 22 22 31 21161 22 46 54 20 23 22 43 22 23 97 210 38 25 88 21 37
leaf_count=68 24 39 25 30 21 29 26 37 31 33 22 22 31 21161 22 46 54 20 23 22 43 22 23 97 210 38 25 88 21 37
internal_value=2.94297e-07 0.142184 15.8501 -25.4121 25.3912 11.4 53.7552 -0.152025 -0.0154397 23.4391 -35.23 -64.4088 -33.236 -0.097334 12.8275 20.9094 5.61162 38.116 -0.0409331 33.4298 53.9642 -13.2397 -0.110342 -0.249834 12.7414 -14.2572 -29.9847 -3.82927 4.55779 -18.3045
internal_weight=22390 22300 410 77 333 223 110 21890 21800 184 90 47 90 21769 151 129 83 89 21745 45 63 59 21700 21467 233 306 122 184 146 58
internal_count=22390 22300 410 77 333 223 110 21890 21800 184 90 47 90 21769 151 129 83 89 21745 45 63 59 21700 21467 233 306 122 184 146 58
is_linear=0
shrinkage=0.05


Tree=2
num_leaves=31
num_cat=0
split_feature=268 117 215 170 278 183 18 242 267 282 232 114 152 260 271 274 253 61 118 162 190 114 33 5 68 110 213 141 232 150
split_gain=4.17613e+07 4.3769e+07 4.4108e+07 5.81026e+07 5.28435e+07 4.94368e+07 4.19689e+07 3.86779e+07 3.36117e+07 2.89814e+07 2.62336e+07 2.41837e+07 2.3259e+07 2.34891e+07 2.43272e+07 4.40711e+07 2.13242e+07 1.97818e+07 1.9174e+07 3.14034e+07 3.18481e+07 2.19458e+07 1.68421e+07 1.67092e+07 2.5911e+07 2.17947e+07 1.65015e+07 2.0505e+07 1.6085e+07 1.50956e+07
threshold=-3879.2499999999995 2173.045288085938 2883.3869628906255 3031.5000000000005 2472.5063476562505 -4939.9999999999991 -4770.0397949218741 4305.9924316406259 -2305.9999999999995 -201.24999999999997 -1964.7499999999998 -36.749999999999993 2368.7424316406255 4986.2500000000009 1749.311706542969 -961.24999999999989 3534.5000000000005 2169.7580566406255 -5767.4374999999991 -258.24999999999994 1140.2500000000002 -7101.2499999999991 1486.5613403320315 2368.7424316406255 2076.5380859375005 1971.2244262695315 -3981.7499999999995 -5031.2499999999991 -386.24999999999994 3359.7500000000005
decision_type=2 2 2 2 2 2 2 2 2 2 2 2 2 2 2 2 2 2 2 2 2 2 2 2 2 2 2 2 2 2
left_child=6 12 4 16 5 -3 10 9 -8 18 26 -11 13 14 17 -16 -4 -2 21 28 -21 -7 -15 24 25 29 27 -1 -20 -17
right_child=1 2 3 -5 -6 7 8 -9 -10 11 -12 -13 -14 22 15 23 -18 -19 19 20 -22 -23 -24 -25 -26 -27 -28 -29 -30 -31
leaf_value=-24.109140668596542 0.021075011079676683 -49.434715541203815 -95.03450933456422 29.030059632990096 93.699648138192984 2.6532840229216079 -19.100929419777611 84.69190896606446 50.820306838989261 71.492040612697608 -95.594041043236146 4.1537890934944155 -46.477789218337449 4.9700504382451385 -77.909905174255371 -22.637811363154444 -22.020402183532717 45.440384038289388 0.1597060042042886 74.300750060308545 -0.81969460553901152 75.836755790710455 60.817284011840826 27.341626496150578 -50.717567890568787 36.098893172652637 4.0498006733981047 -87.573877525329593 -49.997354176550203 8.4263270555916474
leaf_weight=35 21433 24 20 36 26 21 55 25 25 40 21 20 27 27 25 116 20 24 31 21 43 20 27 29 38 27 22 20 33 59
leaf_count=35 21433 24 20 36 26 21 55 25 25 40 21 20 27 27 25 116 20 24 31 21 43 20 27 29 38 27 22 20 33 59
internal_value=-2.40155e-07 0.193306 17.0167 -17.0528 25.5341 19.1589 -24.122 25.6402 2.74946 19.1935 -46.0579 49.046 -0.0995164 -0.0420886 -0.123856 -14.4091 -58.5275 0.0718772 8.59504 -0.936663 23.8292 38.3525 32.8937 -8.50752 -12.8393 -5.71368 -32.5481 -47.1872 -25.7025 -12.1648
internal_weight=22390 22212 380 76 304 278 178 254 80 229 98 60 21832 21805 21751 294 40 21457 169 128 64 41 54 269 240 202 77 55 64 175
internal_count=22390 22212 380 76 304 278 178 254 80 229 98 60 21832 21805 21751 294 40 21457 169 128 64 41 54 269 240 202 77 55 64 175
is_linear=0
shrinkage=0.05


Tree=3
num_leaves=31
num_cat=0
split_feature=287 131 79 281 283 145 278 289 195 201 283 271 99 50 233 267 253 142 40 193 16 276 68 129 92 201 149 177 122 26
split_gain=3.76903e+07 3.46005e+07 5.40151e+07 3.52254e+07 3.98349e+07 3.47798e+07 3.63833e+07 3.26746e+07 3.09404e+07 2.79856e+07 2.57047e+07 2.43201e+07 2.12886e+07 1.81901e+07 2.37483e+07 3.5845e+07 3.75973e+07 3.1566e+07 1.69551e+07 3.153e+07 1.65069e+07 1.5885e+07 1.57776e+07 1.48332e+07 1.37433e+07 2.08722e+07 1.92706e+07 1.86814e+07 1.94446e+07 1.89954e+07
threshold=-2261.9999999999995 2173.045288085938 -12051.999999999998 16.250000000000004 -1555.9999999999998 2076.5380859375005 2472.5063476562505 -1629.4999999999998 685.00054931640636 2280.3024902343755 -45.249999999999993 2368.7424316406255 -9548.7499999999982 5589.5000000000009 1391.7500000000002 1692.2500000000002 2189.7500000000005 -1798.7499999999998 2280.3024902343755 -6007.0876464843741 7451.7500000000009 633.00000000000011 2368.7424316406255 -4881.4999999999991 6448.7500000000009 1610.0513305664065 1440.2500000000002 3360.0000000000005 5067.5000000000009 1323.400329589844
decision_type=2 2 2 2 2 2 2 2 2 2 2 2 2 2 2 2 2 2 2 2 2 2 2 2 2 2 2 2 2 2
left_child=9 5 -3 4 -4 6 12 -5 -6 23 22 21 -2 14 15 17 -17 -12 24 -20 -15 -7 -9 -1 25 -14 -26 28 -28 -30
right_child=1 2 3 7 8 11 -8 10 -10 -11 13 -13 18 20 -16 16 -18 -19 19 -21 -22 -23 -24 -25 26 -27 27 -29 29 -31
leaf_value=8.336349755525589 -47.153257608413696 -47.853119494020945 47.555590433166145 76.031415773976235 -62.629039680256568 -32.322667501302988 54.118023189421628 22.185361720493862 15.745607318878175 -81.309969451210719 7.3710486240386963 -67.014685811535003 -0.043487211368017878 -19.89428905759539 -0.57417037146432059 135.00297188531786 39.213947582244877 77.130770766735083 -10.309864193460216 73.416710593483671 36.615015788873038 21.328206877274948 -23.26915795916603 -38.449552714617717 55.427614987414813 -13.196056033807253 16.109861816300288 19.155553638935089 -2.1898602085808916 -66.511343214728626
leaf_weight=32 24 32 21 31 34 37 31 35 20 22 50 31 21161 28 28 21 20 24 23 22 24 22 42 36 23 306 36 128 24 22
leaf_count=32 24 32 21 31 34 37 31 35 20 22 50 31 21161 28 28 21 20 24 23 22 24 22 42 36 23 306 36 128 24 22
internal_value=7.86183e-08 0.130325 14.5213 19.8017 -10.8774 -0.139218 -0.011161 27.3955 -33.6014 -32.2916 21.8524 -31.1575 -0.0882433 31.5112 40.72 50.7742 88.2766 29.9958 -0.0362976 30.6231 6.18693 -12.3173 -2.60801 -16.4327 -0.099877 -0.23097 11.9781 7.21933 -11.4128 -32.9523
internal_weight=22390 22300 410 378 75 21890 21800 303 54 90 272 90 21769 195 143 115 41 74 21745 45 52 59 77 68 21700 21467 233 210 82 46
internal_count=22390 22300 410 378 75 21890 21800 303 54 90 272 90 21769 195 143 115 41 74 21745 45 52 59 77 68 21700 21467 233 210 82 46
is_linear=0
shrinkage=0.05


Tree=4
num_leaves=31
num_cat=0
split_feature=268 117 75 261 289 264 6 280 289 243 96 260 260 271 281 281 109 271 103 7 234 155 124 106 50 1 261 137 86 54
split_gain=3.56367e+07 3.71273e+07 3.68379e+07 4.7092e+07 3.68191e+07 2.94046e+07 2.95023e+07 3.43928e+07 2.72571e+07 2.68463e+07 2.5973e+07 2.02962e+07 2.02732e+07 1.90874e+07 4.03414e+07 3.52392e+07 2.27883e+07 3.06562e+07 1.83983e+07 1.78127e+07 1.69846e+07 2.28884e+07 1.64509e+07 1.95136e+07 1.54872e+07 1.96315e+07 1.54612e+07 1.94796e+07 1.45287e+07 1.38717e+07
threshold=-3879.2499999999995 2474.0510253906255 2280.3024902343755 -3681.9999999999995 -423.74999999999994 2169.7580566406255 7181.0104980468759 1479.2500000000002 -1038.2499999999998 2280.3024902343755 2368.7424316406255 4986.2500000000009 2012.2500000000002 1749.311706542969 -163.74999999999997 1835.2500000000002 -5947.7150878906241 1863.8374633789065 1971.2244262695315 6911.0000000000009 -1163.9999999999998 3055.7500000000005 2280.3024902343755 -4024.2499999999995 1874.0000000000002 -4663.2499999999991 -1400.9999999999998 -1878.2274780273435 -9101.2499999999982 2280.3024902343755
decision_type=2 2 2 2 2 2 2 2 2 2 2 2 2 2 2 2 2 2 2 2 2 2 2 2 2 2 2 2 2 2
left_child=1 9 11 -4 5 8 7 24 -5 29 -6 13 -12 28 18 16 22 -18 -15 -13 -19 -22 23 -16 25 -7 -17 -28 -2 -1
right_child=2 -3 3 4 10 6 -8 -9 -10 -11 12 19 -14 14 15 26 17 20 -20 -21 21 -23 -24 -25 -26 -27 27 -29 -30 -31
leaf_value=-31.428602023213827 41.625354376293366 -86.466132545471197 89.626995804196326 63.447732111612964 85.855832406748902 -45.59148956537247 38.020859440167747 33.188886321674694 0.40019628047943123 28.413764332135521 -9.5680470393254211 49.577823629798864 50.754282620747887 -71.70503810882569 -5.9443332769931896 -57.425519970924626 -20.859493580986474 75.294175930023201 -18.344454390207925 -8.7186594629287733 2.914167242050171 57.597479752571353 22.867081940692405 -65.726544543675018 -61.987941879696315 14.230348859230677 10.906204160054525 -40.755603432010957 0.016448717941217699 13.018031256539482
leaf_weight=107 21 20 21 30 23 32 24 22 40 30 26 38 30 35 39 31 34 20 30 20 50 31 23 21 36 24 36 37 21438 21
leaf_count=107 21 20 21 30 23 32 24 22 40 30 26 38 30 35 39 31 34 20 30 20 50 31 23 21 36 24 36 37 21438 21
internal_value=2.72333e-07 -22.2831 0.17857 17.3501 12.0616 1.02467 -12.3646 -22.972 27.4206 -14.1587 41.1208 -0.0628855 22.7475 -0.141309 -11.1467 -3.89372 7.53095 20.2066 -47.0771 29.4756 34.0308 23.8423 -13.0861 -26.8681 -36.4018 -19.9536 -27.8416 -15.2785 0.0571676 -24.1366
internal_weight=22390 178 22212 308 287 208 138 114 70 158 79 21904 56 21846 387 322 218 135 65 58 101 81 83 60 92 56 104 73 21459 128
internal_count=22390 178 22212 308 287 208 138 114 70 158 79 21904 56 21846 387 322 218 135 65 58 101 81 83 60 92 56 104 73 21459 128
is_linear=0
shrinkage=0.05


Tree=5
num_leaves=31
num_cat=0
split_feature=208 286 278 13 155 192 110 240 242 2 282 292 282 1 239 218 206 227 4 255 103 43 92 173 136 227 110 123 292 172
split_gain=3.24874e+07 9.28655e+07 4.90407e+07 6.54145e+07 4.23925e+07 2.48139e+07 2.40864e+07 5.11123e+07 3.27609e+07 4.00952e+07 2.61914e+07 4.80919e+07 2.3146e+07 2.56827e+07 2.17826e+07 2.15604e+07 1.90871e+07 1.81456e+07 1.7655e+07 1.60204e+07 1.59819e+07 1.36799e+07 1.26984e+07 1.968e+07 2.17e+07 1.89993e+07 1.7509e+07 1.40577e+07 2.06913e+07 1.83165e+07
threshold=2883.3869628906255 313.29495239257818 2472.5063476562505 -9962.0864257812482 -2904.7499999999995 5293.2500000000009 2169.7580566406255 -5151.9999999999991 4305.9924316406259 -10364.249999999998 -2325.4999999999995 1749.311706542969 -757.74999999999989 -1464.7499999999998 1113.2500000000002 231.25000000000003 -2482.4999999999995 1067.2500000000002 -4811.0651855468741 -1915.9999999999998 2368.7424316406255 -4753.4999999999991 6448.7500000000009 2076.5380859375005 3243.2500000000005 4342.2500000000009 1610.0513305664065 9019.3925781250018 1354.744079589844 11490.845214843752
decision_type=2 2 2 2 2 2 2 2 2 2 2 2 2 2 2 2 2 2 2 2 2 2 2 2 2 2 2 2 2 2
left_child=2 -2 6 14 -5 18 10 20 9 -9 11 -1 13 21 -4 -15 -14 -18 -3 -13 -8 -11 27 24 -24 26 -26 -12 -29 -30
right_child=1 5 3 4 -6 -7 7 8 -10 12 22 19 16 15 -16 -17 17 -19 -20 -21 -22 -23 23 -25 25 -27 -28 28 29 -31
leaf_value=-4.7060242684099682 -119.28458862304689 7.4144537880307162 -41.497074226899585 133.76940573692323 36.105140318356455 38.596220764160158 -4.5670082439075825 64.135720286498199 74.981736513284531 1.6619608561197918 -0.09355786925178862 -30.913195101420087 68.474781112670897 -14.15520533323288 29.696011170886813 50.87675717926026 -4.7802143620509723 41.970229993547719 -58.226023530960084 -85.381047934072996 -63.566242980957036 -48.622750887117888 61.94380746509718 -30.017681855421802 12.28026591172253 48.111500424352187 -27.777366234274474 8.1125609165913346 -71.47170249938965 -10.946442749023438
leaf_weight=191 22 21 22 20 25 25 22 37 26 21 21307 27 20 26 21 25 51 35 20 27 24 38 23 26 138 29 34 37 25 25
leaf_count=191 22 21 22 20 25 25 22 37 26 21 21307 27 20 26 21 25 51 35 20 27 24 38 23 26 138 29 34 37 25 25
internal_value=-1.50994e-07 -30.3201 0.119638 37.3716 79.5115 -0.665325 -0.0279341 13.4839 21.5352 16.0427 -0.228553 -16.4849 7.80455 -8.26254 -6.72836 17.7232 24.478 14.2461 -24.6053 -58.1471 -35.3492 -30.7248 -0.0445388 11.1589 15.9383 10.674 4.3619 -0.175457 -20.2332 -41.2091
internal_weight=22390 88 22302 88 45 66 22214 325 279 253 21889 245 216 110 43 51 106 86 41 54 46 59 21644 250 224 201 172 21394 87 50
internal_count=22390 88 22302 88 45 66 22214 325 279 253 21889 245 216 110 43 51 106 86 41 54 46 59 21644 250 224 201 172 21394 87 50
is_linear=0
shrinkage=0.05


Tree=6
num_leaves=31
num_cat=0
split_feature=268 18 47 288 220 220 270 278 250 190 163 13 163 278 268 264 145 124 271 287 19 292 163 151 5 4 79 276 74 59
split_gain=3.09741e+07 3.47761e+07 3.26423e+07 4.25921e+07 4.23729e+07 4.5712e+07 3.87208e+07 2.86979e+07 2.73684e+07 2.63215e+07 3.23098e+07 2.48622e+07 2.25574e+07 2.16867e+07 1.74482e+07 2.38852e+07 2.7856e+07 2.53053e+07 3.49839e+07 2.75818e+07 2.32046e+07 3.06423e+07 2.12084e+07 1.78609e+07 2.26932e+07 2.15522e+07 2.55142e+07 1.74447e+07 1.53822e+07 1.79409e+07
threshold=-3879.2499999999995 -4770.0397949218741 2280.3024902343755 672.75000000000011 -1490.2499999999998 241.25000000000003 -8905.2001953124982 2076.5380859375005 2280.3024902343755 3429.7500000000005 -2932.4999999999995 -4323.7441406249991 -3598.9999999999995 1323.400329589844 2070.5000000000005 2472.5063476562505 2280.3024902343755 2169.7580566406255 1749.311706542969 -820.74999999999989 2280.3024902343755 2076.5380859375005 -190.24999999999997 -5835.5227050781241 1486.5613403320315 -5333.3474121093741 1656.2500000000002 -1228.9999999999998 -14184.977050781248 -3620.9999999999995
decision_type=2 2 2 2 2 2 2 2 2 2 2 2 2 2 2 2 2 2 2 2 2 2 2 2 2 2 2 2 2 2
left_child=1 13 14 9 6 12 -5 -3 -7 10 -4 -10 -6 -1 15 17 -17 18 -2 27 21 -19 -16 -21 -25 -26 -27 -20 -15 -30
right_child=2 7 3 4 5 8 -8 -9 11 -11 -12 -13 -14 28 22 16 -18 20 19 23 -22 -23 -24 24 25 26 -28 -29 29 -31
leaf_value=1.7316091371619184 0.00038454094955338108 -18.288554419004001 -20.835007594613469 11.024833860851471 -65.340997385978696 87.742152519226082 95.237207166965192 44.496998729024618 65.327460152762271 -51.751832976708044 39.621167896955441 -1.044666943855064 5.900919082641602 -91.317915140390397 58.021655955681439 0.32766416931152342 -76.815463811701008 8.474964756661274 -88.616233787536629 -35.250190440091224 -22.963749131702244 68.426308186848971 8.3192075308745483 40.530534626887402 27.989563933440618 -60.190264212290451 -4.9578910219496581 -27.005910011574077 -18.525756814139232 -77.889965286254892
leaf_weight=23 21349 52 51 21 20 20 39 28 21 26 39 43 25 20 26 25 22 47 20 55 21 39 123 26 28 30 69 27 35 20
leaf_count=23 21349 52 51 21 20 20 39 28 21 26 39 43 25 20 26 25 22 47 20 55 21 39 123 26 28 30 69 27 35 20
internal_value=-9.17116e-08 -20.7743 0.166478 16.411 31.0491 14.9031 65.7629 3.68639 36.6881 -7.43886 5.36267 20.7337 -25.7622 -40.7422 -0.0596863 -0.176458 -35.7819 -0.0993794 -0.219512 -18.6296 24.1562 35.6622 16.9921 -10.8128 -2.02811 -10.7409 -21.695 -53.2231 -53.7675 -40.1127
internal_weight=22390 178 22212 305 189 129 60 80 84 116 90 64 45 98 21907 21758 47 21711 21604 255 107 86 149 208 153 127 99 47 75 55
internal_count=22390 178 22212 305 189 129 60 80 84 116 90 64 45 98 21907 21758 47 21711 21604 255 107 86 149 208 153 127 99 47 75 55
is_linear=0
shrinkage=0.05


Tree=7
num_leaves=31
num_cat=0
split_feature=287 280 131 215 203 274 175 206 145 278 13 128 274 92 204 5 57 12 162 177 114 8 84 271 260 40 171 237 278 229
split_gain=2.8507e+07 2.64595e+07 2.55921e+07 4.35594e+07 6.06432e+07 3.5293e+07 3.95304e+07 3.53498e+07 2.92062e+07 2.85385e+07 2.80699e+07 2.70714e+07 2.08826e+07 2.04581e+07 1.85369e+07 1.81463e+07 1.79711e+07 3.15802e+07 1.56811e+07 1.92369e+07 1.56561e+07 1.56402e+07 1.52095e+07 1.48194e+07 1.28145e+07 2.81819e+07 1.76034e+07 1.50626e+07 1.50201e+07 1.93018e+07
threshold=-2261.9999999999995 -2439.9999999999995 2173.045288085938 2883.3869628906255 4619.0000000000009 1457.5000000000002 -5312.9999999999991 -3190.2499999999995 2076.5380859375005 2472.5063476562505 7116.1066894531259 1580.2500000000002 2363.5000000000005 -1378.7499999999998 2910.7500000000005 2280.3024902343755 -8260.2499999999982 909.29486083984386 2296.2500000000005 -5189.2499999999991 -2961.2499999999995 6278.5000000000009 -8551.7499999999982 2368.7424316406255 4077.2500000000005 1610.0513305664065 1296.7500000000002 4836.4055175781259 1486.5613403320315 1394.453308105469
decision_type=2 2 2 2 2 2 2 2 2 2 2 2 2 2 2 2 2 2 2 2 2 2 2 2 2 2 2 2 2 2
left_child=1 13 8 5 11 6 15 -7 9 16 14 -5 23 -1 18 -4 17 -2 19 -8 -9 -22 -18 -10 28 26 -26 -28 -24 -30
right_child=2 -3 3 4 -6 7 10 20 12 -11 -12 -13 -14 -15 -16 -17 22 -19 -20 -21 21 -23 24 -25 25 -27 27 -29 29 -31
leaf_value=9.9552089963640498 -56.638620776743508 -68.425331386498044 -69.712671566009519 -94.628901155789706 31.725446954742075 101.99541243598576 52.585471961611795 -1.0748537233897619 -25.444874463910644 47.93864697333305 61.372192537784578 -17.842008248242465 15.114259592692058 -51.485921525955206 -32.60187821821733 -2.3585435295104982 41.561645620519471 13.74215213230678 57.750915641784673 -0.6743669986724854 63.628099697514585 10.654022463885221 0.10047681444415194 -74.599838800015661 40.541485691070562 61.50857736357937 -42.156394264221198 13.910574589604918 -39.254796110028806 -5.4317178546443703
leaf_weight=42 37 28 20 24 32 21 21 28 46 31 32 22 21 20 22 20 22 28 20 88 38 22 21033 23 20 27 25 23 46 508
leaf_count=42 37 28 20 24 32 21 21 28 46 31 32 22 21 20 22 20 22 28 20 88 38 22 21033 23 20 27 25 23 46 508
internal_value=-1.06661e-08 -28.0834 0.113341 12.4899 -21.1334 20.3894 8.99199 43.707 -0.118473 -0.00112405 18.8341 -57.9047 -28.5429 -9.86451 9.81939 -36.0356 -0.0693924 -26.3207 17.054 9.5867 29.7973 44.2043 0.00922624 -41.8299 -0.0329356 18.2905 1.13034 -15.291 -0.113573 -8.24013
internal_weight=22390 90 22300 410 78 332 223 109 21890 21800 183 46 90 62 151 40 21769 65 129 109 88 60 21704 69 21682 95 68 48 21587 554
internal_count=22390 90 22300 410 78 332 223 109 21890 21800 183 46 90 62 151 40 21769 65 129 109 88 60 21704 69 21682 95 68 48 21587 554
is_linear=0
shrinkage=0.05


Tree=8
num_leaves=31
num_cat=0
split_feature=268 159 47 288 220 220 243 243 264 157 250 13 163 96 278 261 264 145 124 271 283 260 280 19 189 289 274 264 86 81
split_gain=2.68832e+07 3.17888e+07 2.79093e+07 3.68867e+07 3.68391e+07 4.02989e+07 3.62078e+07 2.67853e+07 2.43924e+07 2.39322e+07 2.38369e+07 2.20568e+07 1.90683e+07 1.56159e+07 2.65156e+07 1.52303e+07 1.69449e+07 2.81012e+07 2.23661e+07 3.2706e+07 2.16249e+07 1.9973e+07 1.91055e+07 1.50021e+07 1.45529e+07 1.38925e+07 1.38233e+07 1.42e+07 1.31839e+07 1.30287e+07
threshold=-3879.2499999999995 2472.5063476562505 2280.3024902343755 672.75000000000011 -1490.2499999999998 241.25000000000003 2169.7580566406255 2280.3024902343755 2169.7580566406255 -2876.4999999999995 2280.3024902343755 -4323.7441406249991 -3598.9999999999995 2280.3024902343755 1749.311706542969 2435.5000000000005 2472.5063476562505 2280.3024902343755 2169.7580566406255 1749.311706542969 -547.74999999999989 -542.24999999999989 -1349.4999999999998 1526.9197998046877 1264.7500000000002 -1073.9999999999998 -961.24999999999989 1042.0401000976565 -9101.2499999999982 5920.7976074218759
decision_type=2 2 2 2 2 2 2 2 2 2 2 2 2 2 2 2 2 2 2 2 2 2 2 2 2 2 2 2 2 2
left_child=1 7 15 8 6 12 -5 13 9 -4 -7 -12 -6 14 26 16 18 -18 19 28 22 -20 -21 -17 -10 -23 27 -1 -2 -25
right_child=2 -3 3 4 5 10 -8 -9 24 -11 11 -13 -14 -15 -16 23 17 -19 21 20 -22 25 -24 29 -26 -27 -28 -29 -30 -31
leaf_value=0.38438063727484811 39.597435111091251 -77.128535334269202 -27.758928470611576 23.598405370404645 -60.827601193860175 81.844336051940928 101.32455201642267 32.702560727936877 -8.9921733583722805 40.127421176755753 61.310984965733127 -1.2044528606326081 4.6733115234375004 19.364524188041688 -76.385773036790937 5.0802736741020569 6.9370308160781864 -71.296744745427915 67.817218027114876 -78.616930306476092 -8.7033377085601433 -24.161986436843875 -23.724039294672949 63.808505004882818 -59.543314598004024 23.406855099128958 19.321146726608276 -47.039433178148776 -0.039136375338999024 11.664236682394277
leaf_weight=27 21 21 20 31 20 20 29 28 35 37 21 43 25 20 23 105 24 22 20 23 181 20 51 25 24 66 21 38 21326 23
leaf_count=27 21 21 20 31 20 20 29 28 35 37 21 43 25 20 23 105 24 22 20 23 181 20 51 25 24 66 21 38 21326 23
internal_value=-2.57868e-07 -19.3539 0.155095 15.1759 28.7983 13.7435 61.166 -11.626 -7.01922 16.3076 34.1979 19.3084 -24.4382 -21.2477 -28.6995 -0.0540311 -0.164594 -30.4791 -0.100356 -0.212781 -18.0134 22.8109 -40.7853 15.6661 -29.5553 12.3443 -15.9462 -27.3403 -0.000144105 38.8227
internal_weight=22390 178 22212 305 189 129 60 157 116 57 84 64 45 129 109 21907 21754 46 21708 21602 255 106 74 153 59 86 86 65 21347 48
internal_count=22390 178 22212 305 189 129 60 157 116 57 84 64 45 129 109 21907 21754 46 21708 21602 255 106 74 153 59 86 86 65 21347 48
is_linear=0
shrinkage=0.05


Tree=9
num_leaves=31
num_cat=0
split_feature=208 286 278 24 170 268 124 164 280 26 289 4 4 76 190 271 266 283 178 243 234 280 151 5 252 283 2 237 183 184
split_gain=2.45985e+07 6.99006e+07 4.06413e+07 5.60676e+07 2.12438e+07 1.80408e+07 2.2976e+07 2.8694e+07 2.61743e+07 1.8308e+07 1.88497e+07 1.79837e+07 1.79379e+07 1.78264e+07 1.77148e+07 1.6708e+07 4.05679e+07 2.65486e+07 2.51046e+07 2.38228e+07 2.18978e+07 2.05019e+07 1.69474e+07 1.5612e+07 1.41772e+07 1.99033e+07 1.4399e+07 1.37232e+07 1.56391e+07 1.73494e+07
threshold=2883.3869628906255 313.29495239257818 2472.5063476562505 -3243.7499999999995 3031.5000000000005 -3879.2499999999995 2169.7580566406255 -1254.2499999999998 1398.2500000000002 2076.5380859375005 -423.74999999999994 -8738.3847656249982 3024.3549804687505 -11627.922851562498 -2688.9999999999995 1749.311706542969 3759.2500000000005 -452.74999999999994 6472.7500000000009 1863.8374633789065 607.75000000000011 -1349.4999999999998 -5528.3076171874991 2280.3024902343755 -1464.2499999999998 1061.2500000000002 7588.0000000000009 -2031.4554443359373 -4537.2499999999991 -4578.4999999999991
decision_type=2 2 2 2 2 2 2 2 2 2 2 2 2 2 2 2 2 2 2 2 2 2 2 2 2 2 2 2 2 2
left_child=2 -2 5 13 -3 12 15 8 27 11 23 -9 -1 -4 -15 24 17 21 19 20 -19 -17 -21 -11 25 -7 -26 28 -8 -30
right_child=1 4 3 -5 -6 6 7 9 -10 10 -12 -13 -14 14 -16 16 -18 18 -20 22 -22 -23 -24 -25 26 -27 -28 -29 29 -31
leaf_value=-24.702524269573274 -103.5676840695468 -33.701701205117359 -31.790398230552672 92.438795080780991 23.695050451630042 3.7160968239872889 -29.532171916961673 -23.661632188161217 50.773412377493727 63.833184086192745 84.452563493148148 34.850013134397308 24.22911439375444 59.297761859893797 -7.2507109642028809 -76.729454807134786 57.146850509643563 -62.728792526245115 -59.568279463052754 -13.917277882315895 2.2123920158103663 -23.705089449491659 24.467403648066593 10.08155220576695 -0.408564873422543 51.564596735347408 20.716110336633378 -34.631028270721437 49.823850431649589 -5.4758826987163438
leaf_weight=126 22 28 20 28 38 1794 28 24 21 22 23 29 22 20 20 26 20 25 20 44 27 61 83 35 19583 22 81 38 23 37
leaf_count=126 22 28 20 28 38 1794 28 24 21 22 23 29 22 20 20 26 20 25 20 44 27 61 83 35 19583 22 81 38 23 37
internal_value=2.79778e-07 -26.3832 0.104104 34.0161 -0.655087 -0.0302372 0.0864583 14.3181 -0.906785 31.1456 46.2449 8.35417 -17.4289 6.75222 26.0235 -0.0964508 -11.6976 -16.5119 -6.43928 -0.503078 -29.0093 -39.5515 11.1688 30.8278 0.0688165 4.29576 -0.321548 -9.52015 1.32318 15.7223
internal_weight=22390 88 22302 88 66 22214 22066 280 147 133 80 53 148 60 40 21786 306 286 199 179 52 87 127 57 21480 1816 19664 126 88 60
internal_count=22390 88 22302 88 66 22214 22066 280 147 133 80 53 148 60 40 21786 306 286 199 179 52 87 127 57 21480 1816 19664 126 88 60
is_linear=0
shrinkage=0.05


Tree=10
num_leaves=31
num_cat=0
split_feature=287 280 103 281 57 268 87 278 170 287 276 222 230 92 267 268 96 280 30 183 218 145 172 0 196 85 166 285 184 96
split_gain=2.27025e+07 2.28755e+07 1.99642e+07 3.22637e+07 2.68499e+07 3.21311e+07 2.93079e+07 2.51796e+07 3.62327e+07 2.20282e+07 2.26582e+07 2.35525e+07 2.43936e+07 1.72455e+07 1.67247e+07 2.20829e+07 2.47732e+07 1.89044e+07 1.67218e+07 1.71711e+07 1.65198e+07 1.49972e+07 1.72778e+07 1.35451e+07 1.32487e+07 1.23205e+07 1.11338e+07 1.09864e+07 1.29146e+07 1.27678e+07
threshold=-2261.9999999999995 -2439.9999999999995 2076.5380859375005 16.250000000000004 -8260.2499999999982 -227.74999999999997 -8412.7499999999982 2280.3024902343755 -1907.2499999999998 -957.74999999999989 2906.5000000000005 2883.3869628906255 4522.5092773437509 -1378.7499999999998 1692.2500000000002 -316.74999999999994 2280.3024902343755 1330.7500000000002 -12522.999999999998 626.75000000000011 -399.74999999999994 2076.5380859375005 -5109.4824218749991 4423.2500000000009 1189.7500000000002 166.25000000000003 2472.5063476562505 2280.3024902343755 5698.7500000000009 1667.0932617187502
decision_type=2 2 2 2 2 2 2 2 2 2 2 2 2 2 2 2 2 2 2 2 2 2 2 2 2 2 2 2 2 2
left_child=1 13 4 7 5 -2 -6 8 -4 -5 11 14 -13 -1 17 -16 -17 18 -11 20 -20 27 -23 24 -21 -18 -9 28 29 -8
right_child=2 -3 3 9 6 -7 21 26 -10 10 -12 12 -14 -15 15 16 25 -19 19 23 -22 22 -24 -25 -26 -27 -28 -29 -30 -31
leaf_value=10.075515333811444 -44.446941532706148 -62.57201995168414 -22.373104573550979 64.323962676006815 51.108480255944386 27.77016494750977 0.026091824686232962 -19.883955165318081 57.138356863934064 44.788664379119872 59.77982203674317 -52.110663482121062 20.18870436191559 -46.33550858736038 79.631476955413817 -12.891311287879944 72.616456336066832 52.094770377022883 -4.4599684645579414 29.285064353942872 -52.286347648620612 -63.354883499145515 -4.1134192055091265 50.350805625915534 -27.577081780206591 19.645589420588124 -68.045658511207222 32.46807361749503 27.007271924885842 -11.07923874046284
leaf_weight=42 67 28 38 23 28 20 21307 28 23 20 25 28 20 20 20 32 21 21 65 20 25 20 32 20 21 23 21 26 44 262
leaf_count=42 67 28 38 23 28 20 21307 28 23 20 25 28 20 20 20 32 21 21 65 20 25 20 32 20 21 23 21 26 44 262
internal_value=2.41924e-07 -25.0617 0.101146 10.0407 -0.124028 -27.8453 -0.012985 -13.8337 7.60663 16.8798 13.857 10.4401 -21.9859 -8.12159 15.8445 32.8844 20.5825 7.32451 1.82641 -3.86396 -17.7451 -0.0789756 -26.8986 16.6164 0.16055 44.9271 -40.5247 -0.0145262 -0.0536021 -0.108805
internal_weight=22390 90 22300 494 21806 87 21719 110 61 384 361 336 48 62 288 96 76 192 171 151 90 21691 52 61 41 44 49 21639 21613 21569
internal_count=22390 90 22300 494 21806 87 21719 110 61 384 361 336 48 62 288 96 76 192 171 151 90 21691 52 61 41 44 49 21639 21613 21569
is_linear=0
shrinkage=0.05


Tree=11
num_leaves=31
num_cat=0
split_feature=208 286 278 23 183 283 285 103 57 218 134 253 245 159 271 285 196 232 6 134 278 207 92 142 57 225 266 292 93 250
split_gain=2.15189e+07 6.083e+07 3.64775e+07 4.9117e+07 1.86472e+07 1.68049e+07 3.75242e+07 3.12796e+07 1.73217e+07 2.51641e+07 2.58597e+07 1.50372e+07 1.50234e+07 1.82348e+07 1.5315e+07 1.64864e+07 2.08457e+07 1.43947e+07 1.34403e+07 1.33624e+07 1.33173e+07 1.40043e+07 1.40416e+07 1.95112e+07 1.34167e+07 1.27858e+07 1.23742e+07 1.23518e+07 1.20961e+07 1.19821e+07
threshold=2883.3869628906255 313.29495239257818 2472.5063476562505 -5886.2499999999991 7704.7500000000009 -535.24999999999989 2280.3024902343755 2076.5380859375005 -8260.2499999999982 2474.0000000000005 1858.2500000000002 520.75000000000011 1409.0000000000002 2368.7424316406255 1486.5613403320315 2076.5380859375005 -4046.4999999999995 -1749.7499999999998 -3976.563842773437 4660.0000000000009 2280.3024902343755 -9979.2675781249982 6448.7500000000009 2099.5000000000005 -8260.2499999999982 1377.2500000000002 -1560.2499999999998 1439.9837036132815 -5332.7499999999991 1863.8374633789065
decision_type=2 2 2 2 2 2 2 2 2 2 2 2 2 2 2 2 2 2 2 2 2 2 2 2 2 2 2 2 2 2
left_child=2 -2 5 11 -3 6 12 20 -9 -10 -11 -4 13 14 27 16 -16 -8 -17 -12 21 -7 24 -24 -23 -18 28 -1 -26 -14
right_child=1 4 3 -5 -6 7 17 8 9 10 19 -13 29 -15 15 18 25 -19 -20 -21 -22 22 23 -25 26 -27 -28 -29 -30 -31
leaf_value=-1.8667039932908311 -96.679099408063024 -20.112887094187183 -23.400830613054339 85.506198975135547 35.663609123229982 32.311394624149095 -78.018906897306451 53.31409638722738 2.7282790579966139 86.671920375823973 -12.121174640655518 27.681338686101579 -13.065222442150116 42.157673966884616 -61.179752472908262 -16.936959552764893 -4.7039193024363701 -25.845393712895039 40.334938278198244 42.710836865901946 -31.069706069721896 -38.110180829918903 58.757361929757259 7.9686951749673796 -9.3094487029976332 -46.374874925613405 -0.11519412304374979 26.580193519592285 10.719956253109308 -54.922615151178277
leaf_weight=1770 22 43 25 29 23 34 20 30 168 20 20 34 92 23 31 21 79 39 20 25 34 23 21 190 90 24 18916 39 464 21
leaf_count=1770 22 43 25 29 23 34 20 30 168 20 20 34 92 23 31 21 79 39 20 25 34 23 21 190 90 24 18916 39 464 21
internal_value=-9.82594e-08 -24.6765 0.0973693 32.2253 -0.675623 -0.0299044 -4.19995 0.423628 17.5535 12.9491 39.3659 6.03635 -3.10535 -2.10661 -2.61976 -16.7438 -25.2327 -43.5313 11.0006 18.3411 0.195774 0.249631 0.194307 13.0235 0.0554385 -14.4137 0.100524 -1.25342 7.46608 -20.844
internal_weight=22390 88 22302 88 66 22214 2179 20035 263 233 65 59 2120 2007 1984 175 134 59 41 45 19772 19738 19704 211 19493 103 19470 1809 554 113
internal_count=22390 88 22302 88 66 22214 2179 20035 263 233 65 59 2120 2007 1984 175 134 59 41 45 19772 19738 19704 211 19493 103 19470 1809 554 113
is_linear=0
shrinkage=0.05


Tree=12
num_leaves=31
num_cat=0
split_feature=268 75 47 261 288 243 268 220 164 55 10 255 190 191 275 103 117 96 18 278 266 122 208 92 150 163 19 4 229 173
split_gain=2.03677e+07 2.80936e+07 2.10365e+07 3.31512e+07 2.43409e+07 1.86366e+07 1.82321e+07 2.34019e+07 3.29758e+07 3.03486e+07 1.95558e+07 1.82305e+07 1.75984e+07 2.75552e+07 1.86924e+07 1.36997e+07 1.94683e+07 2.14392e+07 2.24758e+07 1.96755e+07 2.13548e+07 3.79468e+07 2.52821e+07 2.08117e+07 1.9514e+07 2.85395e+07 1.95101e+07 1.99844e+07 1.66411e+07 1.43225e+07
threshold=-3879.2499999999995 2472.5063476562505 2280.3024902343755 -3681.9999999999995 672.75000000000011 2280.3024902343755 -1601.4999999999998 -1490.2499999999998 -2127.2499999999995 -2485.216430664062 1712.2500000000002 -963.74999999999989 3429.7500000000005 -1763.2499999999998 -1614.2499999999998 2472.5063476562505 2173.045288085938 1667.0932617187502 -9586.1171874999982 1247.728698730469 3128.5000000000005 6465.7500000000009 1971.2244262695315 -1414.2499999999998 3770.5000000000005 -2749.2499999999995 2280.3024902343755 -2107.1750488281245 1749.311706542969 1526.9197998046877
decision_type=2 2 2 2 2 2 2 2 2 2 2 2 2 2 2 2 2 2 2 2 2 2 2 2 2 2 2 2 2 2
left_child=1 5 15 -4 12 -1 11 -8 -9 -10 -11 -6 13 14 -5 16 17 -2 -19 -20 21 22 24 -24 25 -21 27 -18 29 -27
right_child=2 -3 3 4 6 -7 7 8 9 10 -12 -13 -14 -15 -16 -17 26 18 19 20 -22 -23 23 -25 -26 28 -28 -29 -30 -31
leaf_value=-18.262860776871207 0.091590449202497259 -72.677305865287778 69.580750540892282 -54.110286506017054 26.242689547331437 24.9784541222357 74.184538777669275 -29.326124059236971 88.792577209472654 -15.928197597503663 43.091870003938681 -34.867964623524593 -47.31131639003754 37.641951499446748 7.6664109649658201 -40.411827051071896 18.162963286086693 -62.321731944311232 35.633888601220171 2.0508241500494617 26.53958815559745 -79.628845990787852 -25.957280386061896 34.114851549397343 10.638078657010707 -64.803151420924976 -21.140597846291286 74.062713314238053 -76.741484338265877 -18.175457185301287
leaf_weight=127 21409 20 24 24 23 31 24 26 20 25 32 26 25 31 25 21 67 21 23 53 32 22 21 46 41 23 22 21 27 58
leaf_count=127 21409 20 24 24 23 31 24 26 20 25 32 26 25 31 25 21 67 21 23 53 32 22 21 46 41 23 22 21 27 58
internal_value=-9.45906e-08 -16.8461 0.134999 13.1758 8.3583 -9.77881 19.7247 29.7208 19.3603 35.7998 17.2059 -6.18337 -10.694 0.748924 -22.5916 -0.0465616 -0.00783041 -0.113819 -12.0964 -9.04804 -12.2297 -16.493 -11.3295 15.2863 -20.1575 -27.9998 20.974 31.5027 -42.7469 -31.4154
internal_weight=22390 178 22212 305 281 158 176 127 103 77 57 49 105 80 49 21907 21886 21776 367 346 323 291 269 67 202 161 110 88 108 81
internal_count=22390 178 22212 305 281 158 176 127 103 77 57 49 105 80 49 21907 21886 21776 367 346 323 291 269 67 202 161 110 88 108 81
is_linear=0
shrinkage=0.05


Tree=13
num_leaves=31
num_cat=0
split_feature=208 286 292 170 275 131 150 274 262 203 138 171 206 285 142 121 261 57 5 128 28 86 260 268 64 282 281 92 136 170
split_gain=1.88587e+07 5.30783e+07 3.55921e+07 1.81301e+07 1.73582e+07 2.37151e+07 2.27529e+07 2.99384e+07 2.42674e+07 2.471e+07 2.04827e+07 2.04464e+07 2.00451e+07 1.73294e+07 1.41922e+07 1.37693e+07 1.35431e+07 1.34975e+07 1.39645e+07 1.25668e+07 1.06061e+07 1.70667e+07 1.02693e+07 1.88199e+07 1.8646e+07 1.62202e+07 1.53812e+07 1.24167e+07 1.71642e+07 1.21828e+07
threshold=2883.3869628906255 103.38590240478517 2883.3869628906255 3031.5000000000005 -4257.7499999999991 2173.045288085938 4698.2500000000009 1241.2500000000002 -2231.7499999999995 -3368.2499999999995 2076.5380859375005 -1117.7499999999998 -3190.2499999999995 2472.5063476562505 -3877.9999999999995 -8509.7499999999982 108.50000000000001 -8260.2499999999982 909.29486083984386 -5678.4999999999991 -3633.4999999999995 793.75000000000011 -619.24999999999989 -2138.4999999999995 4948.0000000000009 -1143.2499999999998 151.75000000000003 6448.7500000000009 3243.2500000000005 3321.5000000000005
decision_type=2 2 2 2 2 2 2 2 2 2 2 2 2 2 2 2 2 2 2 2 2 2 2 2 2 2 2 2 2 2
left_child=2 -2 4 -3 15 10 7 8 -7 19 13 -12 -9 17 -14 -1 -13 18 -6 -10 -16 -22 24 25 26 -24 -19 -25 -29 -30
right_child=1 3 -4 -5 5 6 -8 12 9 -11 11 16 14 -15 20 -17 -18 22 -20 -21 21 -23 23 27 -26 -27 -28 28 29 -31
leaf_value=2.2504816118876141 -94.703200359344493 -31.098211644490561 60.947749614715576 20.89809300323066 -42.541371922879613 44.979979316048002 57.616352702953208 72.911481215737084 -14.997289628982543 1.846782657193101 6.9920509769070538 -67.849735546112058 -17.472180328369141 38.629955383826946 1.0806636810302734 -41.480539238188008 -16.068727136694868 0.68100120843294154 9.3152344322204588 -70.376958229428254 70.675986946546118 9.2401676809787752 -48.277497673034674 -0.435997974969831 -35.614761472517444 2.9744166172467748 8.8140365122108282 54.470974168323337 -10.64044546069521 15.571691468733329
leaf_weight=30 20 30 24 38 37 23 27 22 20 115 31 28 20 29 21 45 23 1744 20 21 26 20 38 18787 31 26 872 21 66 135
leaf_count=30 20 30 24 38 37 23 27 22 20 115 31 28 20 29 21 45 23 1744 20 21 26 20 38 18787 31 26 872 21 66 135
internal_value=4.579e-08 -23.1009 0.0911525 -2.04145 0.025592 0.106708 13.7282 9.61368 -2.96616 -10.0351 -0.0893244 -25.0319 30.2723 0.00447062 19.49 -23.9881 -44.4975 -0.0469662 -24.3461 -43.3625 30.5235 43.9648 0.0168022 -0.388219 2.93519 -27.4564 3.39201 -0.297085 11.4586 6.96472
internal_weight=22390 88 22302 68 22278 22203 315 288 179 156 21888 82 109 21806 87 75 51 21777 57 41 67 46 21720 19073 2647 64 2616 19009 222 201
internal_count=22390 88 22302 68 22278 22203 315 288 179 156 21888 82 109 21806 87 75 51 21777 57 41 67 46 21720 19073 2647 64 2616 19009 222 201
is_linear=0
shrinkage=0.05


Tree=14
num_leaves=31
num_cat=0
split_feature=268 75 12 201 157 232 285 165 243 287 2 12 257 260 172 244 246 239 260 132 281 289 142 241 86 274 226 7 72 275
split_gain=1.78175e+07 2.49606e+07 1.87636e+07 3.54024e+07 2.99989e+07 2.48532e+07 2.2825e+07 1.82281e+07 3.69963e+07 1.50992e+07 1.24847e+07 2.03373e+07 1.79323e+07 1.24892e+07 1.14402e+07 2.11729e+07 1.24215e+07 1.12926e+07 1.1063e+07 1.99188e+07 2.13794e+07 1.10604e+07 1.49765e+07 1.60136e+07 1.09337e+07 1.60523e+07 1.07138e+07 1.49099e+07 1.06369e+07 9.73503e+06
threshold=-3879.2499999999995 2472.5063476562505 2472.5063476562505 2883.3869628906255 4907.5000000000009 1634.7500000000002 2368.7424316406255 -4633.4824218749991 1971.2244262695315 -820.74999999999989 7588.0000000000009 1971.2244262695315 1863.8374633789065 4986.2500000000009 8569.8076171875018 1256.632995605469 1266.2500000000002 5695.2500000000009 -1619.2499999999998 -5198.5776367187491 1059.2500000000002 -691.74999999999989 4215.0000000000009 1948.0000000000002 -11606.999999999998 2704.5000000000005 -3820.4999999999995 -7573.4999999999991 -6203.4999999999991 -2556.4999999999995
decision_type=2 2 2 2 2 2 2 2 2 2 2 2 2 2 2 2 2 2 2 2 2 2 2 2 2 2 2 2 2 2
left_child=1 7 10 5 -5 6 -4 9 -9 -1 13 12 -12 14 18 -16 -17 -15 19 -2 -21 22 24 -24 -20 -26 27 -23 -29 -28
right_child=2 -3 3 4 -6 -7 -8 8 -10 -11 11 -13 -14 17 15 16 -18 -19 21 20 -22 26 23 -25 25 -27 29 28 -30 -31
leaf_value=-8.2387063077517926 -12.169023347885236 -68.382186059951778 2.7327371708182402 -43.431988872181286 25.651688947677613 87.663992118835452 65.34894634593617 -14.023473056157432 65.545458221435553 -50.876107822765007 17.141014060766803 57.803134557993523 -28.55787764957973 6.1859294544566765 -61.921811385381787 24.45020659764608 -20.267585827003828 53.799828491210945 -32.877016976674405 8.9982693072372282 56.618285881042482 47.007608547917123 -7.0784210731243267 -65.235038959980017 -2.9978924828058666 32.126004282633467 34.907965154647826 -26.414843086969285 12.505898379562337 0.0054868605591378312
leaf_weight=56 109 20 43 33 30 20 22 48 21 33 92 23 28 33 21 24 44 20 30 412 25 27 29 20 2280 33 20 21 107 18666
leaf_count=56 109 20 43 33 30 20 22 48 21 33 92 23 28 33 21 24 44 20 30 412 25 27 29 20 2280 33 20 21 107 18666
internal_value=-2.27301e-07 -15.7562 0.126265 17.87 -10.535 38.9231 23.9259 -9.09463 10.1932 -24.0481 0.00724395 14.733 6.47794 -0.0888187 -0.147573 -18.0374 -4.48484 24.1534 -0.0744662 6.95297 11.7225 -0.255175 -3.45791 -30.8158 -2.88576 -2.49677 0.151436 13.2427 6.12046 0.0428437
internal_weight=22390 178 22212 148 63 85 65 158 69 89 22064 143 120 21921 21868 89 68 53 21779 546 437 21233 2392 49 2343 2313 18841 155 128 18686
internal_count=22390 178 22212 148 63 85 65 158 69 89 22064 143 120 21921 21868 89 68 53 21779 546 437 21233 2392 49 2343 2313 18841 155 128 18686
is_linear=0
shrinkage=0.05


Tree=15
num_leaves=31
num_cat=0
split_feature=287 280 275 124 282 6 281 152 4 142 226 134 276 247 114 185 282 92 191 57 131 247 184 262 64 281 289 124 288 285
split_gain=1.67645e+07 1.95179e+07 1.44932e+07 2.17517e+07 2.47833e+07 3.67138e+07 2.99701e+07 1.65422e+07 1.56503e+07 1.53409e+07 3.14929e+07 1.52325e+07 3.45537e+07 2.05222e+07 2.07338e+07 1.44136e+07 1.42875e+07 1.28205e+07 1.27932e+07 1.32764e+07 1.02625e+07 1.89789e+07 1.22879e+07 9.71662e+06 1.44119e+07 1.2666e+07 1.43126e+07 1.29883e+07 1.44592e+07 1.08812e+07
threshold=-2261.9999999999995 -2439.9999999999995 -4257.7499999999991 2169.7580566406255 -2170.2499999999995 -8312.0527343749982 10.250000000000002 2368.7424316406255 -4720.4374999999991 -3877.9999999999995 -1559.7499999999998 1752.7500000000002 687.25000000000011 -1205.2499999999998 1739.2500000000002 -5411.9999999999991 -3708.4999999999995 -4760.4999999999991 -8143.4999999999991 -8260.2499999999982 2077.6770019531255 523.25000000000011 5698.7500000000009 -1374.2499999999998 4948.0000000000009 -68.249999999999986 -1038.2499999999998 952.03909301757824 381.75000000000006 2368.7424316406255
decision_type=2 2 2 2 2 2 2 2 2 2 2 2 2 2 2 2 2 2 2 2 2 2 2 2 2 2 2 2 2 2
left_child=1 15 8 7 5 -5 -6 18 -2 10 17 12 -11 -13 -15 -1 -17 -8 -4 -20 22 -22 23 24 25 26 -21 -28 -29 -25
right_child=2 -3 3 4 6 -7 9 -9 -10 11 -12 13 -14 14 -16 16 -18 -19 19 20 21 -23 -24 29 -26 -27 27 28 -30 -31
leaf_value=26.618605999513107 -45.929316862651284 -56.184500360488897 31.578487072885039 -11.060073442459107 -37.017690907205854 73.861249389648435 32.276366688654974 -43.391173137318006 7.1648850316586703 12.710306224869747 -49.282668924331666 46.645308859007706 82.661898408112705 -37.387668395864551 12.890452965327672 -53.650153179168711 6.1151150417327891 -13.050920024284949 -22.79856438934803 7.4667463273332828 4.2311200586954758 -56.138529669720199 25.071924516132899 -0.3054258890647869 -36.036388431895865 9.8994422062382679 -2.0681110252522763 -7.4101189280665203 -53.09530089805866 36.593061393499376
leaf_weight=22 35 28 32 20 35 35 39 22 23 51 28 28 27 29 70 20 20 26 64 342 30 23 49 20258 22 632 288 43 29 20
leaf_count=22 35 28 32 20 35 35 39 22 23 51 28 28 27 29 70 20 20 26 64 342 30 23 49 20258 22 632 288 43 29 20
internal_value=-5.79947e-08 -21.5362 0.0869173 0.152009 11.8869 42.9808 6.75128 -0.0563342 -24.8747 11.8919 -4.95119 19.533 36.9243 8.85164 -1.83748 -5.88857 -23.7675 14.1455 -0.0126659 -0.0590382 0.00791657 -21.967 0.0616302 0.00498303 4.1027 4.76466 0.141898 -6.81671 -25.8111 -0.269033
internal_weight=22390 90 22300 22242 388 55 333 21854 58 298 93 205 78 127 99 62 40 65 21832 21800 21736 53 21683 21634 1356 1334 702 360 72 20278
internal_count=22390 90 22300 22242 388 55 333 21854 58 298 93 205 78 127 99 62 40 65 21832 21800 21736 53 21683 21634 1356 1334 702 360 72 20278
is_linear=0
shrinkage=0.05


Tree=16
num_leaves=31
num_cat=0
split_feature=208 286 292 183 281 4 292 252 5 162 287 185 141 136 115 271 251 254 89 159 16 111 236 99 280 203 190 3 64 43
split_gain=1.59028e+07 4.38874e+07 3.1037e+07 1.55286e+07 1.40328e+07 2.52453e+07 2.35304e+07 2.09068e+07 1.88539e+07 2.20902e+07 1.69049e+07 1.51871e+07 1.30895e+07 1.15361e+07 1.42282e+07 1.55795e+07 1.0916e+07 1.66236e+07 1.33417e+07 2.03547e+07 1.57406e+07 1.86839e+07 1.8399e+07 1.37981e+07 1.35404e+07 1.59739e+07 1.97931e+07 1.20238e+07 1.06235e+07 1.45582e+07
threshold=2883.3869628906255 103.38590240478517 2883.3869628906255 7704.7500000000009 932.25000000000011 -15064.262695312498 2169.7580566406255 -3476.9999999999995 2472.5063476562505 292.75000000000006 763.00000000000011 -6208.9999999999991 -5427.7499999999991 7630.7500000000009 6651.0000000000009 1526.9197998046877 -6323.3217773437491 -4523.9999999999991 2169.7580566406255 1667.0932617187502 -1181.7499999999998 -5853.1396484374991 2280.3024902343755 5063.0000000000009 271.75000000000006 154.75000000000003 1611.2500000000002 -3787.2499999999995 -5903.9999999999991 -3276.2499999999995
decision_type=2 2 2 2 2 2 2 2 2 2 2 2 2 2 2 2 2 2 2 2 2 2 2 2 2 2 2 2 2 2
left_child=2 -2 4 -3 5 6 -1 10 11 -10 -6 -9 -13 14 16 -16 -7 28 19 -19 21 -20 -22 24 25 27 -27 -21 -18 -30
right_child=1 3 -4 -5 7 13 -8 8 9 -11 -12 12 -14 -15 15 -17 17 18 20 23 22 -23 -24 -25 -26 26 -28 -29 29 -31
leaf_value=-7.2441439449787142 -86.321955223083506 -19.145889000362821 56.912781906127933 31.357484411156697 9.1286977211634319 28.822109907865524 -74.417229030349048 -35.11312724925854 0.55073550831187856 72.244748760405045 71.370405912399292 27.667108412349929 2.1088688877178519 32.90691733727089 -1.0852113931075387 -61.424712867736822 -54.262197914123533 -0.25657437325353932 39.317956901550296 -44.35474984305246 72.340959731015289 -12.258077637623934 7.6758127906105749 14.113736155937458 14.573489731550218 -84.915263300356671 -25.535577162106833 1.3056334682132889 22.948821496963504 -28.148899213127471
leaf_weight=32 20 45 24 23 24 32 22 27 22 21 20 51 2826 26 23 20 20 18743 25 21 22 59 22 29 20 23 36 46 20 46
leaf_count=32 20 45 24 23 24 32 22 27 22 21 20 51 2826 26 23 20 20 18743 25 21 22 59 22 29 20 23 36 46 20 46
internal_value=-1.15697e-07 -21.2134 0.0837046 -2.06387 0.0224828 -0.471691 -34.611 3.20909 2.6983 35.5641 37.4204 2.21165 2.56193 -0.375839 -0.420893 -29.1501 -0.356431 -0.405235 -0.306197 -0.415051 15.782 3.09193 40.0084 -17.3883 -23.6456 -29.7121 -48.6836 -13.0058 -22.3386 -12.6647
internal_weight=22390 88 22302 68 22278 19287 54 2991 2947 43 44 2904 2877 19233 19207 43 19164 19132 19046 18918 128 84 44 175 146 126 59 67 86 66
internal_count=22390 88 22302 68 22278 19287 54 2991 2947 43 44 2904 2877 19233 19207 43 19164 19132 19046 18918 128 84 44 175 146 126 59 67 86 66
is_linear=0
shrinkage=0.05


Tree=17
num_leaves=31
num_cat=0
split_feature=268 75 165 236 261 54 257 268 242 287 40 87 58 289 145 246 190 268 285 288 264 57 254 185 131 273 250 272 267 250
split_gain=1.51729e+07 2.19566e+07 1.54029e+07 3.25355e+07 1.52278e+07 3.01475e+07 1.51657e+07 1.39388e+07 2.95374e+07 1.34752e+07 1.28205e+07 1.22861e+07 2.39965e+07 1.22806e+07 1.17312e+07 1.53109e+07 1.92036e+07 1.34602e+07 2.87001e+07 1.78216e+07 1.95393e+07 1.82087e+07 1.698e+07 1.61308e+07 1.57097e+07 1.67996e+07 3.04443e+07 2.24205e+07 1.52992e+07 1.21377e+07
threshold=-3879.2499999999995 2472.5063476562505 -4633.4824218749991 1971.2244262695315 -3681.9999999999995 2169.7580566406255 1394.453308105469 1137.7500000000002 -6856.4648437499991 -820.74999999999989 1971.2244262695315 -10470.249999999998 -12280.749999999998 -702.24999999999989 913.52236938476574 -3434.7499999999995 -4774.4999999999991 807.25000000000011 1749.311706542969 811.75000000000011 2368.7424316406255 -4559.9999999999991 -2098.9999999999995 1248.2500000000002 2281.4279785156255 -361.74999999999994 2169.7580566406255 1011.8283081054689 1692.2500000000002 811.92507934570324
decision_type=2 2 2 2 2 2 2 2 2 2 2 2 2 2 2 2 2 2 2 2 2 2 2 2 2 2 2 2 2 2
left_child=1 2 9 -4 5 6 -2 11 -9 -1 -10 -6 -13 -12 29 -16 -17 19 -19 20 -18 22 -21 -22 25 -23 27 -27 -26 -14
right_child=4 -3 3 -5 7 -7 -8 8 10 -11 13 12 14 -15 15 16 17 18 -20 21 23 24 -24 -25 28 26 -28 -29 -30 -31
leaf_value=-7.102935913630894 17.075107703774663 -63.897753112316131 -12.4970741838825 63.179265594482423 -28.251404460882533 61.355766490300496 -28.760047101974489 65.184540539696101 3.0339268557504266 -47.382211472771388 -5.141329784393311 54.580592861175539 -0.16783693115327231 42.64881639015384 38.021897622813349 -36.123507540170543 -3.0174178230120088 -7.7429696666901222 -62.965217018127447 -46.982020238240565 -4.4083631674448647 20.890891925556456 0.091791364831744507 -60.74551829585323 13.349087561766309 -7.0983566993379856 -60.02723682403564 16.242721652463484 58.109205174658989 3.7344961442591527
leaf_weight=56 59 20 49 20 39 30 26 21 668 33 20 20 14995 41 23 43 2932 183 27 30 24 127 53 27 60 235 20 183 28 2298
leaf_count=56 59 20 49 20 39 30 26 21 668 33 20 20 14995 41 23 43 2932 183 27 30 24 127 53 27 60 235 20 183 28 2298
internal_value=-1.3344e-07 -14.5399 -8.29208 9.4381 0.116518 18.2639 3.05494 0.0220735 6.72175 -22.0379 5.03764 -0.213311 -0.161993 26.9799 -0.213424 -2.65545 -2.89099 -2.52729 -14.843 -1.83186 -3.55112 5.13629 -16.9228 -34.2339 7.94013 4.87947 0.236894 3.12035 27.5909 0.350729
internal_weight=22390 178 158 69 22212 115 85 22097 750 89 729 21347 21308 61 21288 3995 3972 3929 210 3719 2983 736 83 51 653 565 438 418 88 17293
internal_count=22390 178 158 69 22212 115 85 22097 750 89 729 21347 21308 61 21288 3995 3972 3929 210 3719 2983 736 83 51 653 565 438 418 88 17293
is_linear=0
shrinkage=0.05


Tree=18
num_leaves=31
num_cat=0
split_feature=208 170 292 248 283 103 271 204 220 129 66 247 159 19 250 254 267 86 115 274 280 281 189 36 233 10 292 280 276 274
split_gain=1.44165e+07 3.87767e+07 2.82863e+07 2.52744e+07 1.3048e+07 2.72948e+07 2.29054e+07 1.79992e+07 2.66559e+07 2.22943e+07 3.11107e+07 2.0989e+07 1.83561e+07 1.60649e+07 1.81465e+07 1.3567e+07 1.31712e+07 1.5761e+07 1.62836e+07 1.35187e+07 1.81125e+07 1.18726e+07 1.03852e+07 9.9467e+06 1.18718e+07 9.1295e+06 9.08107e+06 9.40265e+06 9.00459e+06 1.64486e+07
threshold=2883.3869628906255 3031.5000000000005 2883.3869628906255 1533.5000000000002 -535.24999999999989 2076.5380859375005 1486.5613403320315 -2917.2499999999995 1424.7500000000002 -4160.2499999999991 -6065.4999999999991 1484.0000000000002 2368.7424316406255 2169.7580566406255 2368.7424316406255 -3236.4999999999995 1692.2500000000002 -876.24999999999989 -2556.7499999999995 -856.24999999999989 1268.7500000000002 2042.0000000000002 -1314.2499999999998 -7627.7499999999991 -418.24999999999994 -700.24999999999989 1439.9837036132815 234.25000000000003 -1500.4999999999998 405.75000000000006
decision_type=2 2 2 2 2 2 2 2 2 2 2 2 2 2 2 2 2 2 2 2 2 2 2 2 2 2 2 2 2 2
left_child=2 3 4 -2 6 13 26 9 12 10 -8 -10 15 14 -6 -9 19 18 -18 -7 23 -19 -15 -21 25 -25 27 -1 -17 -30
right_child=1 -3 -4 -5 5 16 7 8 11 -11 -12 -13 -14 22 -16 28 17 21 -20 20 -22 -23 -24 24 -26 -27 -28 -29 29 -31
leaf_value=-1.4445243936245289 -80.64321682623455 17.874389197481307 54.332036753495544 -9.0280819632790319 0.21274199296418705 39.758672210148404 -47.14950892130534 18.96408232419919 -58.027937635561322 -75.569347549438476 29.42799880618141 4.4496353054046631 37.158618920424892 -2.39810114773837 39.129407747586569 -41.076191652738132 26.915234060287474 29.784298086166384 85.159602432250978 22.27169050069956 41.026821060180666 -19.32404495239258 -48.304288373674666 -11.588968913121658 10.052757709904721 -50.461297383515735 20.918143726478924 -22.622317374194111 16.286273728884183 -28.31174037023024
leaf_weight=1782 28 38 24 22 19712 28 36 39 41 25 21 20 29 22 30 26 30 32 20 26 25 20 28 44 38 23 44 54 39 44
leaf_count=1782 28 38 24 22 19712 28 36 39 41 25 21 20 29 22 30 26 30 32 20 26 25 20 28 44 38 23 44 54 39 44
internal_value=6.46598e-08 -20.1977 0.079697 -49.1326 0.0212512 0.4218 -3.6343 -16.0004 -9.03986 -36.2028 -18.9367 -37.5435 0.783425 0.200191 0.27188 -6.34415 15.7578 30.1693 50.213 7.76879 2.02702 10.8965 -28.1056 -5.41569 -12.2716 -24.9332 -1.52944 -2.0674 -15.3994 -7.35605
internal_weight=22390 88 22302 50 22278 20078 2200 320 238 82 57 61 177 19792 19742 148 286 102 50 184 156 52 50 131 105 67 1880 1836 109 83
internal_count=22390 88 22302 50 22278 20078 2200 320 238 82 57 61 177 19792 19742 148 286 102 50 184 156 52 50 131 105 67 1880 1836 109 83
is_linear=0
shrinkage=0.05


Tree=19
num_leaves=31
num_cat=0
split_feature=268 229 243 12 201 157 232 285 96 278 274 264 2 262 278 285 260 239 145 190 183 120 135 276 269 217 6 4 120 241
split_gain=1.39359e+07 2.0087e+07 2.92068e+07 1.42383e+07 2.63776e+07 2.26381e+07 2.06062e+07 1.82352e+07 1.09278e+07 2.31047e+07 1.12273e+07 1.2192e+07 1.05667e+07 1.73379e+07 1.00895e+07 1.20588e+07 1.00258e+07 1.02295e+07 9.63679e+06 1.19892e+07 2.83643e+07 2.20648e+07 2.20478e+07 1.97396e+07 2.03983e+07 1.85606e+07 1.78406e+07 1.63198e+07 1.67103e+07 1.57987e+07
threshold=-3879.2499999999995 2472.5063476562505 2280.3024902343755 2472.5063476562505 2883.3869628906255 4907.5000000000009 1634.7500000000002 2368.7424316406255 2280.3024902343755 1749.311706542969 -961.24999999999989 1042.0401000976565 7588.0000000000009 -431.74999999999994 1610.0513305664065 826.10955810546886 4986.2500000000009 5695.2500000000009 913.52236938476574 1469.7500000000002 2272.2500000000005 293.25000000000006 -1970.2499999999998 2020.0000000000002 42.750000000000007 403.25000000000006 -2423.533569335937 -5333.3474121093741 -1301.7499999999998 -1946.2499999999998
decision_type=2 2 2 2 2 2 2 2 2 2 2 2 2 2 2 2 2 2 2 2 2 2 2 2 2 2 2 2 2 2
left_child=1 2 8 12 6 -6 7 -5 9 10 11 -1 16 -14 15 -15 18 -18 -2 20 23 22 -21 24 25 -20 -25 28 -27 -26
right_child=3 -3 -4 4 5 -7 -8 -9 -10 -11 -12 -13 13 14 -16 -17 17 -19 19 21 -22 -23 -24 26 29 27 -28 -29 -30 -31
leaf_value=5.0168355447274671 0.38030797898382646 -56.481880048910774 47.494534528823124 1.1422977064931117 -37.527688640536688 22.484930181503298 78.122383499145513 57.109857264432037 15.387008020152217 -65.887580895423895 21.37942946978978 -38.926302635042298 55.518858973185218 -10.311118455366655 -9.0225190413625622 35.201614814580878 4.5391045006838713 49.85628131866455 1.8998167204682703 -1.5237600641735529 -46.696397722684424 -1.4542805437664426 27.721408396035855 59.775164911021356 -33.094832342774126 -65.603374905056427 -0.67838476621187649 -6.1846957204571691 -9.4427985943280728 -8.0157219954720755
leaf_weight=27 17647 24 21 43 33 30 20 22 23 24 21 38 21 22 57 43 33 20 1232 118 39 1354 142 23 67 27 26 166 26 1001
leaf_count=27 17647 24 21 43 33 30 20 22 23 24 21 38 21 22 57 43 33 20 1232 118 39 1354 142 23 67 27 26 166 26 1001
internal_value=-3.27425e-08 -13.9346 -7.30385 0.111667 15.5684 -8.95025 33.741 20.0852 -15.9562 -22.5098 -10.4044 -20.673 0.00798764 13.5555 6.33231 19.7973 -0.0803886 21.6399 -0.133031 -2.27918 -4.37589 1.10752 14.4486 -3.73317 -4.34457 -0.484417 27.6978 -13.8971 -38.0529 -9.58904
internal_weight=22390 178 154 22212 148 63 85 65 133 110 86 65 22064 143 122 65 21921 53 21868 4221 2607 1614 260 2568 2519 1451 49 219 53 1068
internal_count=22390 178 154 22212 148 63 85 65 133 110 86 65 22064 143 122 65 21921 53 21868 4221 2607 1614 260 2568 2519 1451 49 219 53 1068
is_linear=0
shrinkage=0.05


Tree=20
num_leaves=31
num_cat=0
split_feature=287 201 268 139 244 23 148 63 276 218 292 275 292 201 12 162 145 246 136 176 257 292 253 220 288 281 114 3 155 249
split_gain=1.29641e+07 1.71602e+07 1.19567e+07 1.94304e+07 3.56329e+07 2.63622e+07 1.45685e+07 1.41212e+07 1.60245e+07 1.31205e+07 1.61151e+07 1.1281e+07 2.03027e+07 1.11032e+07 1.2595e+07 1.72119e+07 1.0343e+07 1.69556e+07 1.89633e+07 1.58433e+07 1.85855e+07 1.39879e+07 1.30345e+07 1.25637e+07 1.1867e+07 1.03334e+07 1.02151e+07 1.31739e+07 1.44736e+07 1.28309e+07
threshold=-2261.9999999999995 2280.3024902343755 1862.2500000000002 -10115.509277343748 -6571.1254882812491 -12658.749999999998 -1492.2499999999998 -8787.2499999999982 -385.24999999999994 -5561.7499999999991 2472.5063476562505 -4257.7499999999991 2883.3869628906255 2883.3869628906255 2472.5063476562505 -221.24999999999997 913.52236938476574 5483.5000000000009 7630.7500000000009 -3434.7499999999995 1063.2380981445315 801.54647827148449 -1660.4999999999998 3416.7500000000005 1044.0000000000002 777.75000000000011 5899.7500000000009 8221.7500000000018 2710.7500000000005 7553.1350097656259
decision_type=2 2 2 2 2 2 2 2 2 2 2 2 2 2 2 2 2 2 2 2 2 2 2 2 2 2 2 2 2 2
left_child=1 -1 3 9 -5 -6 -4 8 -7 -2 -11 -9 13 14 16 -16 21 18 19 20 -18 -13 25 -20 -22 -23 27 29 -29 -21
right_child=2 -3 6 4 5 7 -8 11 -10 10 -12 12 -14 -15 15 -17 17 -19 23 26 24 22 -24 -25 -26 -27 -28 28 -30 -31
leaf_value=-6.5200274243074308 -60.574007272720337 -57.322712516784669 50.837124997093568 60.928390979145973 55.965082005092079 -59.798680659702853 7.3079397087055158 -28.798707584773794 -3.588369417190552 19.366997051239014 -37.817941510677336 -0.14167094221308693 38.075331417833063 -37.274115138053894 -4.1125327219834196 43.493014448116988 15.031832797903764 -45.139454439411992 59.923548374176029 -1.4287766275331419 -30.756834103569151 11.088315423443669 2.6184231903273614 5.7379786491394045 3.7753422321811798 44.840543731689451 -22.381516881716454 56.855373506546016 3.2508778698304122 -26.928354759216308
leaf_weight=68 20 22 21 24 21 21 227 34 32 22 28 14932 35 20 37 39 38 23 20 3694 126 244 2400 23 31 25 59 20 34 50
leaf_count=68 20 22 21 24 21 21 227 34 32 22 28 14932 35 20 37 39 38 23 20 3694 126 244 2400 23 31 25 59 20 34 50
internal_value=7.49301e-10 -18.9385 0.0764333 -0.0463459 0.0374073 -0.0291462 10.9939 -0.0827488 -25.8604 -26.3473 -12.6566 -0.0203189 0.0244621 -0.0365868 -0.00241606 20.3166 -0.0735173 -2.3293 -2.08886 -2.43936 -16.3442 0.454255 3.78823 30.9406 -23.9384 14.2251 -1.73637 -1.41566 23.1044 -1.76932
internal_weight=22390 90 22300 22052 21982 21958 248 21937 53 70 50 21884 21850 21815 21795 76 21719 4118 4095 4052 195 17601 2669 43 157 269 3857 3798 54 3744
internal_count=22390 90 22300 22052 21982 21958 248 21937 53 70 50 21884 21850 21815 21795 76 21719 4118 4095 4052 195 17601 2669 43 157 269 3857 3798 54 3744
is_linear=0
shrinkage=0.05


Tree=21
num_leaves=31
num_cat=0
split_feature=281 18 260 225 78 156 232 240 268 92 254 81 266 103 103 73 285 197 227 199 68 242 205 171 262 226 150 163 194 232
split_gain=1.26296e+07 3.34805e+07 1.92324e+07 1.81055e+07 1.69106e+07 2.28708e+07 1.44745e+07 3.35692e+07 1.37983e+07 1.31637e+07 1.7195e+07 1.31351e+07 1.27553e+07 2.13521e+07 1.36236e+07 1.05983e+07 9.65885e+06 2.49468e+07 2.35764e+07 2.04146e+07 1.55641e+07 1.34049e+07 1.52118e+07 1.54112e+07 1.15832e+07 1.45865e+07 1.08426e+07 9.76495e+06 9.33176e+06 9.02025e+06
threshold=92.250000000000014 -14873.902832031248 -806.24999999999989 -4262.2499999999991 6619.2500000000009 3642.0000000000005 -3979.4999999999995 -4509.4999999999991 -2443.7499999999995 6448.7500000000009 -1308.7499999999998 -11980.459960937498 3759.2500000000005 1610.0513305664065 2076.5380859375005 -5054.7499999999991 2076.5380859375005 3413.2500000000005 1353.0000000000002 2971.5000000000005 2169.7580566406255 -5967.4699707031241 -1273.2499999999998 -4984.4999999999991 -867.24999999999989 -2867.7499999999995 -591.74999999999989 -5156.4999999999991 1486.889099121094 1294.2500000000002
decision_type=2 2 2 2 2 2 2 2 2 2 2 2 2 2 2 2 2 2 2 2 2 2 2 2 2 2 2 2 2 2
left_child=1 -1 6 -4 11 -6 15 -8 -5 16 -11 -3 13 28 -15 -2 21 18 24 -19 -21 22 23 -10 -18 -26 -27 -25 -12 -13
right_child=2 4 3 8 5 -7 7 -9 9 10 12 29 -14 14 -16 -17 17 19 -20 20 -22 -23 -24 27 25 26 -28 -29 -30 -31
leaf_value=-49.930103768242731 -35.640448717917167 32.844017165047781 41.275233968098959 -28.324577816895079 -55.180943551133659 5.2616037762370604 71.091463279724124 8.3721227064453974 -31.950015982352422 48.39715873173305 9.7890292229288729 -0.89725254861446135 44.264749872116823 -39.803506088256839 1.2634342027747114 9.1555802801380999 -19.756636151813325 -52.674847377430311 67.408484420776375 31.568563510753492 -20.758554077148439 0.21327030922441315 -36.251945121765139 33.958955533163895 49.325960073163436 -8.6271222823705429 35.272117476029834 -2.8682482689146012 45.259218450026083 -7.5277925297883064
leaf_weight=36 31 28 27 42 34 29 22 705 42 28 118 5875 21 36 46 23 21 22 25 27 30 14249 50 21 31 39 22 126 22 562
leaf_count=36 31 28 27 42 34 29 22 705 42 28 118 5875 21 36 46 23 21 22 25 27 30 14249 50 21 31 39 22 126 22 562
internal_value=5.389e-08 -1.84391 0.764779 0.367651 -1.57872 -27.3582 8.41496 10.2701 0.294106 0.374367 11.294 -1.32751 7.01876 3.4955 -16.766 -16.5607 0.173127 10.6438 23.4707 -11.7627 4.02798 0.0162983 -11.727 -5.23895 13.7499 21.3982 7.20539 2.39278 15.3629 -1.47615
internal_weight=22390 6564 15826 15045 6528 63 781 727 15018 14976 271 6465 243 222 82 54 14705 217 138 79 57 14488 239 189 113 92 61 147 140 6437
internal_count=22390 6564 15826 15045 6528 63 781 727 15018 14976 271 6465 243 222 82 54 14705 217 138 79 57 14488 239 189 113 92 61 147 140 6437
is_linear=0
shrinkage=0.05


Tree=22
num_leaves=31
num_cat=0
split_feature=208 206 292 226 281 4 260 5 162 239 240 253 275 148 277 283 178 156 266 33 285 207 261 292 281 184 41 242 225 190
split_gain=1.19577e+07 3.29836e+07 2.54341e+07 1.29241e+07 1.11657e+07 2.35849e+07 2.02246e+07 2.0691e+07 1.87255e+07 1.56694e+07 2.05567e+07 1.28088e+07 1.45192e+07 1.25168e+07 3.1981e+07 1.24035e+07 1.0063e+07 1.24524e+07 1.25009e+07 1.47436e+07 9.79082e+06 1.26647e+07 9.13883e+06 1.00389e+07 8.83397e+06 1.021e+07 8.96347e+06 1.01626e+07 8.66492e+06 8.57914e+06
threshold=2883.3869628906255 1842.2500000000002 2883.3869628906255 1775.2500000000002 92.250000000000014 -15064.262695312498 -806.24999999999989 2472.5063476562505 368.75000000000006 -3284.2499999999995 -3877.2499999999995 1857.2500000000002 -1481.2499999999998 5275.0000000000009 6536.8798828125009 -703.24999999999989 3888.5000000000005 1484.2500000000002 512.75000000000011 1667.0932617187502 2280.3024902343755 -9979.2675781249982 -2656.7499999999995 2169.7580566406255 2589.0000000000005 5698.7500000000009 1868.7114257812502 2618.057495117188 769.75000000000011 5092.2500000000009
decision_type=2 2 2 2 2 2 2 2 2 2 2 2 2 2 2 2 2 2 2 2 2 2 2 2 2 2 2 2 2 2
left_child=2 -2 4 -3 5 -1 28 9 -9 -8 -11 13 -13 14 20 -12 22 -18 19 -19 21 -7 -17 29 25 26 -20 -28 -6 -24
right_child=1 3 -4 -5 6 11 7 8 -10 10 15 12 -14 -15 -16 16 17 18 24 -21 -22 -23 23 -25 -26 -27 27 -29 -30 -31
leaf_value=-43.253947089700141 -59.903109904258486 36.562905960083008 51.517053000132243 -13.324679788705465 7.5512787070145482 36.855373868075283 39.004358056875382 4.0384125947952274 64.225496482849124 -36.098510644374748 -16.179370985010216 -52.437709140777592 -9.0024803422160993 27.042824690158554 -62.97085073561896 -29.472010927933912 43.563973754385245 1.8601623665202749 29.82156217146893 -41.079809104071728 -26.81068344631711 -1.1476009545943151 0.14439382180882129 17.750687420588953 -9.6729117973991077 41.532131481170659 -21.408653101427802 10.601731453443829 34.533813730819574 -32.62614811807871
leaf_weight=34 31 20 24 37 740 22 26 28 24 39 114 24 97 39 21 26 23 77 49 27 37 6269 14154 81 46 30 29 171 31 20
leaf_count=34 31 20 24 37 740 22 26 28 24 39 114 24 97 39 21 26 23 77 49 27 37 6269 14154 81 46 30 29 171 31 20
internal_value=-3.41138e-08 -18.3949 0.0725832 4.17974 0.0171623 -1.71872 0.738985 0.332092 31.8171 0.2223 0.154563 -1.50176 -17.6177 -1.19649 -1.36996 0.249793 0.376917 7.72204 5.80044 -9.28771 -1.16553 -1.0147 0.144441 0.198459 10.6287 13.9759 10.6558 5.96023 8.63618 0.0981535
internal_weight=22390 88 22302 57 22278 6543 15735 14964 52 14912 14886 6509 121 6388 6349 14847 14733 452 429 104 6328 6291 14281 14255 325 279 249 200 771 14174
internal_count=22390 88 22302 57 22278 6543 15735 14964 52 14912 14886 6509 121 6388 6349 14847 14733 452 429 104 6328 6291 14281 14255 325 279 249 200 771 14174
is_linear=0
shrinkage=0.05


Tree=23
num_leaves=31
num_cat=0
split_feature=268 75 232 96 5 261 54 257 19 268 242 289 86 199 240 239 229 126 111 145 190 292 264 275 288 268 138 264 131 267
split_gain=1.114e+07 1.83337e+07 1.28043e+07 1.74804e+07 1.45835e+07 1.27803e+07 2.51545e+07 1.25433e+07 1.13706e+07 1.05425e+07 2.31264e+07 1.2229e+07 9.45661e+06 1.40381e+07 8.94432e+06 1.02133e+07 1.04771e+07 1.01634e+07 1.57059e+07 8.68222e+06 1.768e+07 1.57159e+07 1.7556e+07 1.27635e+07 1.25271e+07 2.02181e+07 1.86103e+07 1.4947e+07 1.49115e+07 1.71423e+07
threshold=-3879.2499999999995 2472.5063476562505 -987.24999999999989 2280.3024902343755 1293.6094970703127 -3681.9999999999995 2169.7580566406255 1394.453308105469 941.11169433593761 1137.7500000000002 -6856.4648437499991 -53.749999999999993 -11606.999999999998 -7228.2499999999991 -5151.9999999999991 -3284.2499999999995 904.59393310546886 -6942.4999999999991 -8512.1914062499982 913.52236938476574 -4774.4999999999991 1139.0004882812502 1207.1826171875002 907.75000000000011 811.75000000000011 864.75000000000011 1226.382019042969 2368.7424316406255 2281.4279785156255 1692.2500000000002
decision_type=2 2 2 2 2 2 2 2 2 2 2 2 2 2 2 2 2 2 2 2 2 2 2 2 2 2 2 2 2 2
left_child=1 2 3 4 8 6 7 -2 -1 12 -11 -12 -7 -14 -15 16 -16 -17 -19 21 -21 -20 -23 24 27 28 -27 -22 -26 -30
right_child=5 -3 -4 -5 -6 9 -8 -9 -10 10 11 -13 13 14 15 17 -18 18 19 20 23 22 -24 -25 25 26 -28 -29 29 -31
leaf_value=-23.774924426367789 15.582950863595736 -57.560944046378133 30.639485263824465 31.056595382690432 -38.63043478859796 -24.479875998497011 56.087029972076415 -26.101338837696957 18.396146521260661 57.570432989937927 1.7526382276301931 20.497750199195181 41.724374580383305 -24.421304616175203 4.4818076910972593 -15.507065436575147 43.133635718734183 41.165756756326431 0.17937335799020016 -44.224372329711912 -2.5245377535631959 40.560899259296121 2.2180565608872307 -18.596009789631431 3.6698524750309858 4.847897740772793 -60.957346127249984 -32.215540697408279 12.159488593207465 61.817359022299449
leaf_weight=33 59 20 20 20 54 40 30 26 31 21 628 101 20 38 50 108 27 23 17044 25 2979 51 72 113 584 21 22 43 63 24
leaf_count=33 59 20 20 20 54 40 30 26 31 21 628 101 20 38 50 108 27 23 17044 25 2979 51 72 113 584 21 22 43 63 24
internal_value=9.38413e-09 -12.4586 -6.74945 -12.1681 -19.4944 0.0998394 16.725 2.83246 -3.34831 0.0133169 5.83988 4.3497 -0.191392 -0.145795 -0.185134 -0.141792 18.035 -0.207899 -0.129456 -0.174596 -2.31265 0.30789 18.1163 -2.04043 -1.53969 4.41681 -28.8199 -2.94701 6.54673 25.8582
internal_weight=22390 178 158 138 118 22212 115 85 64 22097 750 729 21347 21307 21287 21249 77 21172 21064 21041 3874 17167 123 3849 3736 714 43 3022 671 87
internal_count=22390 178 158 138 118 22212 115 85 64 22097 750 729 21347 21307 21287 21249 77 21172 21064 21041 3874 17167 123 3849 3736 714 43 3022 671 87
is_linear=0
shrinkage=0.05


Tree=24
num_leaves=31
num_cat=0
split_feature=208 170 292 248 281 4 260 5 289 239 240 253 275 4 257 138 46 213 283 219 219 19 292 178 57 173 251 261 237 236
split_gain=1.06598e+07 2.98363e+07 2.31484e+07 1.94381e+07 9.92466e+06 2.09192e+07 1.8143e+07 1.81947e+07 1.81195e+07 1.38731e+07 1.82276e+07 1.14049e+07 1.30397e+07 1.14659e+07 1.15673e+07 1.36811e+07 1.60978e+07 1.1183e+07 1.11611e+07 9.61193e+06 9.52354e+06 9.03806e+06 1.16889e+07 9.02948e+06 1.12565e+07 1.41442e+07 1.16859e+07 8.34054e+06 9.76514e+06 1.5244e+07
threshold=2883.3869628906255 3031.5000000000005 2883.3869628906255 1533.5000000000002 92.250000000000014 -15064.262695312498 -806.24999999999989 2472.5063476562505 -782.24999999999989 -3284.2499999999995 -3877.2499999999995 1857.2500000000002 -1481.2499999999998 -11373.975097656248 1486.5613403320315 1749.311706542969 1010.5325012207032 -2974.2499999999995 -703.24999999999989 -4808.7499999999991 -2901.4999999999995 1439.9837036132815 1610.0513305664065 3888.5000000000005 1526.2500000000002 2076.5380859375005 5300.1750488281259 -2656.7499999999995 -4689.9772949218741 1042.0401000976565
decision_type=2 2 2 2 2 2 2 2 2 2 2 2 2 2 2 2 2 2 2 2 2 2 2 2 2 2 2 2 2 2
left_child=2 3 4 -2 5 -1 -6 9 -9 -8 -11 13 -13 17 -15 21 19 -7 -12 -17 -21 -16 -23 27 -25 26 -26 -20 29 -29
right_child=1 -3 -4 -5 6 11 7 8 -10 10 18 12 -14 14 15 16 -18 -19 23 20 -22 22 -24 24 25 -27 -28 28 -30 -31
leaf_value=-40.738469269696409 -70.382955040250508 16.028054044121191 49.147025060653689 -7.5782742240212189 8.175953946642375 3.4139428929860394 36.69923179333027 -6.0247211819603335 54.127835427561116 -33.993463843908067 -15.350894678266426 -49.622022354602819 -8.4591909070604867 -0.93812321562181511 -10.551484403094731 -43.42841548919678 26.727093090730559 51.68190422058106 -28.1592135649461 20.046638880173365 -21.619441556930543 -20.072933689753214 -71.152469471522735 32.989079186855221 4.2947297696110818 -30.098754396703512 32.232426227842062 53.293922766772191 0.11049319171752606 -3.773327423095703
leaf_weight=34 28 38 24 22 771 30 26 21 31 39 114 24 97 6145 37 21 34 20 26 24 32 24 21 39 344 27 42 22 14208 25
leaf_count=34 28 38 24 22 771 30 26 21 31 39 114 24 97 6145 37 21 34 20 26 24 32 24 21 39 344 27 42 22 14208 25
internal_value=9.71256e-09 -17.3679 0.068531 -42.7489 0.015659 -1.62091 0.696185 0.3108 29.8355 0.207844 0.144108 -1.41658 -16.6237 -1.12853 -1.31668 -13.3696 -1.92773 22.7211 0.23378 -14.5805 -3.76255 -28.858 -43.9101 0.35437 7.31207 4.88737 7.33458 0.134156 0.185761 22.939
internal_weight=22390 88 22302 50 22278 6543 15735 14964 52 14912 14886 6509 121 6388 6338 193 111 50 14847 77 56 82 45 14733 452 413 386 14281 14255 47
internal_count=22390 88 22302 50 22278 6543 15735 14964 52 14912 14886 6509 121 6388 6338 193 111 50 14847 77 56 82 45 14733 452 413 386 14281 14255 47
is_linear=0
shrinkage=0.05


Tree=25
num_leaves=31
num_cat=0
split_feature=268 33 236 215 49 261 54 278 268 229 230 17 1 26 136 225 126 292 215 5 168 240 40 225 145 292 173 166 233 190
split_gain=9.95812e+06 1.6835e+07 1.52069e+07 2.7319e+07 1.21175e+07 1.13575e+07 2.24164e+07 1.1734e+07 9.3622e+06 1.23418e+07 1.13411e+07 1.04961e+07 1.16042e+07 8.49593e+06 7.38091e+06 2.74148e+07 1.99923e+07 1.6207e+07 7.87471e+06 1.17355e+07 1.37271e+07 9.14251e+06 1.42444e+07 8.90938e+06 7.09604e+06 1.10263e+07 1.90615e+07 1.19274e+07 1.03722e+07 9.72969e+06
threshold=-3879.2499999999995 2368.7424316406255 1971.2244262695315 2280.3024902343755 -5952.4999999999991 -3681.9999999999995 2169.7580566406255 1023.0884399414064 1862.2500000000002 1063.2380981445315 223.41738891601565 -390.74999999999994 6588.5000000000009 1354.744079589844 7630.7500000000009 3754.0000000000005 7808.0000000000009 2280.3024902343755 2883.3869628906255 2472.5063476562505 -1033.7499999999998 -5151.9999999999991 1266.987487792969 -4262.2499999999991 913.52236938476574 1139.0004882812502 980.39419555664074 811.94235229492199 -241.74999999999997 1469.7500000000002
decision_type=2 2 2 2 2 2 2 2 2 2 2 2 2 2 2 2 2 2 2 2 2 2 2 2 2 2 2 2 2 2
left_child=1 2 4 -4 -1 6 7 -2 14 -10 -11 -12 -13 -6 16 -16 18 -17 19 21 -21 22 -7 -23 25 -25 27 -27 -29 -26
right_child=5 -3 3 -5 13 8 -8 -9 9 10 11 12 -14 -15 15 17 -18 -19 -20 20 -22 23 -24 24 29 26 -28 28 -30 -31
leaf_value=-41.69087399800619 29.880147863317422 -42.860605828421455 63.446299757957462 -14.955083273887636 8.2709715668191315 2.682235336303711 52.924882033665973 -10.022913207473428 -2.1296178579330447 54.87252857208253 -11.294708671569825 45.022530751909528 6.8186363261678951 -29.982548577444899 65.434550218582146 24.425961753596432 -41.634128215395179 -35.601872409473764 -24.497939999175795 0.80422293093146358 44.501402997970587 25.887807331663193 -50.422613857103435 0.20020352284230514 -3.93370365723549 -2.2466197604224796 -28.064897680282595 20.703948459377539 58.968532087491909 1.1256454916476892
leaf_weight=30 27 35 20 25 47 28 30 58 117 20 30 35 46 21 20 23 29 22 33 41 32 33 23 17371 2492 42 24 77 23 1536
leaf_count=30 27 35 20 25 47 28 30 58 117 20 30 35 46 21 20 23 29 22 33 41 32 33 23 17371 2492 42 24 77 23 1536
internal_value=1.71235e-08 -11.7792 -4.17185 19.89 -15.2207 0.0943948 15.7668 2.65218 0.0128305 9.67294 20.2142 13.9694 23.3265 -3.54262 -0.0968179 16.7269 -0.147017 -4.92098 -0.0917137 -0.0546358 19.9592 -0.122122 -21.267 -0.0721919 -0.111917 0.322763 13.148 20.1135 29.5048 -2.00442
internal_weight=22390 178 143 45 98 22212 115 85 22097 248 131 111 81 68 21849 65 21784 45 21755 21722 73 21649 51 21598 21565 17537 166 142 100 4028
internal_count=22390 178 143 45 98 22212 115 85 22097 248 131 111 81 68 21849 65 21784 45 21755 21722 73 21649 51 21598 21565 17537 166 142 100 4028
is_linear=0
shrinkage=0.05


Tree=26
num_leaves=31
num_cat=0
split_feature=276 247 18 292 184 115 281 272 129 225 168 187 199 236 215 254 225 208 278 234 275 253 264 27 267 241 60 240 94 214
split_gain=9.12171e+06 1.84308e+07 1.57916e+07 2.06173e+07 1.09388e+07 1.29387e+07 1.88709e+07 1.08296e+07 1.11217e+07 1.06774e+07 2.01877e+07 1.41511e+07 1.27117e+07 1.22634e+07 1.43463e+07 1.24695e+07 1.19787e+07 1.05626e+07 2.74458e+07 2.65657e+07 1.7384e+07 1.00811e+07 1.64123e+07 1.60689e+07 1.30174e+07 1.32089e+07 1.17401e+07 1.21008e+07 1.568e+07 1.17449e+07
threshold=608.75000000000011 -4279.9999999999991 -14873.902832031248 2169.7580566406255 1207.2500000000002 -224.24999999999997 1693.7500000000002 1761.9133911132815 3217.5000000000005 2883.7500000000005 -213.24999999999997 952.03909301757824 2367.7500000000005 1087.885681152344 1063.2380981445315 -3048.9999999999995 423.75000000000006 2883.3869628906255 2472.5063476562505 -2265.7499999999995 -1321.7499999999998 770.25000000000011 2368.7424316406255 9653.2729492187518 1315.2500000000002 -856.49999999999989 -12241.192382812498 -5151.9999999999991 6243.2500000000009 -8083.8725585937491
decision_type=2 2 2 2 2 2 2 2 2 2 2 2 2 2 2 2 2 2 2 2 2 2 2 2 2 2 2 2 2 2
left_child=2 -2 3 -1 9 6 -6 8 -7 11 -11 -3 13 14 -13 -15 -17 18 21 -20 -19 24 23 -23 26 -26 -4 29 -29 -28
right_child=1 4 17 -5 5 7 -8 -9 -10 10 -12 12 -14 15 -16 16 -18 20 19 -21 -22 22 -24 -25 25 -27 27 28 -30 -31
leaf_value=1.5075820871301602 50.308733940124512 1.7662454397711489 27.845959370564191 -52.852094812104205 3.0229421486725681 8.4945616961252401 55.908693295909522 0.9770852079630562 36.570925452159003 41.81362825438034 -1.4837361110581293 -10.076935538344497 -44.143677201478383 -35.942571514844893 -47.080324135404652 11.610126735010455 -7.2102881232897449 -52.318975704193114 4.9790520888108478 81.628236618041996 10.222190645933152 -2.3554482623257207 -44.475546471968947 36.326482984754776 -39.001625095925682 -4.4484701375400322 -44.3329860329628 0.41575174180522545 33.456788637903003 -6.3837057126363126
leaf_weight=37 20 1350 39 33 37 369 31 718 39 43 72 127 23 24 33 155 186 25 26 20 20 4767 23 27 41 85 28 13881 36 75
leaf_count=37 20 1350 39 33 37 369 31 718 39 43 72 127 23 24 33 155 186 25 26 20 20 4767 23 27 41 85 28 13881 36 75
internal_value=5.82918e-08 2.45931 -0.414142 -24.1191 2.1609 5.95253 27.1326 4.67345 11.1783 -0.0880792 14.7057 -0.984436 -7.76075 -6.16683 -17.7089 -1.1073 1.34445 -0.327233 -0.270072 38.3048 -24.5229 -0.363454 -2.33974 -2.13759 0.307663 -15.692 0.451055 0.37485 0.501221 -16.7
internal_weight=22390 3227 19163 70 3207 1194 68 1126 408 2013 115 1898 548 525 160 365 341 19093 19048 46 45 19002 4817 4794 14185 126 14059 14020 13917 103
internal_count=22390 3227 19163 70 3207 1194 68 1126 408 2013 115 1898 548 525 160 365 341 19093 19048 46 45 19002 4817 4794 14185 126 14059 14020 13917 103
is_linear=0
shrinkage=0.05


Tree=27
num_leaves=31
num_cat=0
split_feature=281 18 260 225 78 156 232 240 268 5 276 281 79 231 274 9 225 226 100 198 260 261 251 219 246 287 280 152 260 73
split_gain=8.94149e+06 2.2176e+07 1.38872e+07 1.46e+07 1.37502e+07 1.86301e+07 1.17983e+07 2.87902e+07 1.12949e+07 1.11742e+07 1.76683e+07 1.38342e+07 2.7571e+07 1.82185e+07 1.93976e+07 1.50842e+07 1.48182e+07 2.18762e+07 1.98679e+07 1.26878e+07 1.22534e+07 1.34798e+07 1.10531e+07 1.37593e+07 1.0232e+07 9.5968e+06 1.10329e+07 9.47433e+06 1.04573e+07 9.42971e+06
threshold=92.250000000000014 -14873.902832031248 -806.24999999999989 -4262.2499999999991 6619.2500000000009 3642.0000000000005 -3979.4999999999995 -4509.4999999999991 -2443.7499999999995 1863.8374633789065 2906.5000000000005 2327.5000000000005 547.25000000000011 1288.5000000000002 109.25000000000001 -4980.2499999999991 -26.499999999999996 -957.74999999999989 -116.74999999999999 -1909.7499999999998 1878.2500000000002 1024.2500000000002 -6323.3217773437491 -5827.2499999999991 -438.74999999999994 -703.74999999999989 -176.74999999999997 2472.5063476562505 2119.2500000000005 -5054.7499999999991
decision_type=2 2 2 2 2 2 2 2 2 2 2 2 2 2 2 2 2 2 2 2 2 2 2 2 2 2 2 2 2 2
left_child=1 -1 6 -4 22 -6 29 -8 -5 25 11 13 15 14 -11 -13 24 19 -19 -18 -15 -22 -3 -24 -16 26 -10 28 -25 -2
right_child=2 4 3 8 5 -7 7 -9 9 10 -12 12 -14 20 16 -17 17 18 -20 -21 21 -23 23 27 -26 -27 -28 -29 -30 -31
leaf_value=-40.686597892973161 -33.401828279802878 28.675199508666992 37.040628920661078 -25.652758816310339 -49.692853086134967 4.8590028080446972 65.145058367469105 7.0614077628831913 13.538346705229387 40.070597642043545 46.122442420597736 -17.199813238779704 -50.68024079640707 9.5362381024794143 -12.090285568237306 43.473670794367791 -12.642814579010011 -15.625842371976601 37.736453232398404 -66.56520737012228 72.652917464574188 20.192113861083985 -28.803705606460575 -1.0074664172279764 32.093035419363723 0.18606961181349241 -26.675257078084083 33.301025198698049 -26.978047279822523 8.8525154777195141
leaf_weight=36 31 31 27 42 34 29 22 705 23 29 29 21 30 44 20 20 20 53 26 24 24 25 45 6330 38 14484 66 20 39 23
leaf_count=36 31 31 27 42 34 29 22 705 23 29 29 21 30 44 20 20 20 53 26 24 24 25 45 6330 38 14484 66 20 39 23
internal_value=2.9372e-08 -1.55149 0.643497 0.306039 -1.33567 -24.5817 7.14422 8.8191 0.239996 0.312611 8.52561 5.61035 -14.2554 10.2654 2.10635 12.397 -3.97632 -13.8004 1.93643 -42.055 28.6889 45.8872 -1.10914 -1.25265 16.8574 0.0854901 -16.283 -1.0586 -1.16649 -15.4046
internal_weight=22390 6564 15826 15045 6528 63 781 727 15018 14976 403 374 71 303 210 41 181 123 79 44 93 49 6465 6434 58 14573 89 6389 6369 54
internal_count=22390 6564 15826 15045 6528 63 781 727 15018 14976 403 374 71 303 210 41 181 123 79 44 93 49 6465 6434 58 14573 89 6389 6369 54
is_linear=0
shrinkage=0.05


Tree=28
num_leaves=31
num_cat=0
split_feature=207 135 208 276 275 121 81 292 274 271 180 2 32 29 20 259 255 47 24 220 86 5 94 165 207 125 211 243 11 257
split_gain=8.4772e+06 4.94145e+07 2.05331e+07 1.60822e+07 1.58298e+07 1.56249e+07 2.87136e+07 2.15703e+07 1.92195e+07 1.54939e+07 1.9127e+07 2.66721e+07 1.65703e+07 1.327e+07 1.61636e+07 1.20103e+07 1.47998e+07 1.19156e+07 1.17406e+07 1.4522e+07 1.13524e+07 1.11158e+07 1.35833e+07 1.32646e+07 1.04067e+07 9.99523e+06 1.04585e+07 1.07788e+07 1.46849e+07 1.00496e+07
threshold=-5270.8100585937491 -8180.2499999999991 2883.3869628906255 1482.2500000000002 -4257.7499999999991 -2154.4999999999995 5263.9150390625009 2883.3869628906255 2237.2500000000005 1042.0401000976565 2169.7580566406255 -12864.999999999998 -10973.217285156248 -10571.249999999998 -8210.4672851562482 -2353.7499999999995 -2842.7499999999995 2280.3024902343755 1241.2500000000002 -2200.7499999999995 -6682.9999999999991 930.75466918945324 -2836.2499999999995 -6449.4575195312491 -8817.6801757812482 -6797.9699707031241 -4262.2499999999991 811.92507934570324 -6438.1225585937491 759.95681762695324
decision_type=2 2 2 2 2 2 2 2 2 2 2 2 2 2 2 2 2 2 2 2 2 2 2 2 2 2 2 2 2 2
left_child=2 -2 3 9 -3 6 8 -7 18 12 11 -11 -1 -12 20 16 -13 -16 -6 -20 -15 22 23 -17 -23 -14 -27 29 -29 -28
right_child=1 4 -4 -5 5 7 -8 -9 -10 10 13 15 25 14 17 21 -18 -19 19 -21 -22 24 -24 -25 -26 26 27 28 -30 -31
leaf_value=41.802432165622719 76.90536622774033 -36.125793285369873 -47.023438597829255 20.702453907403878 3.0486137710526164 -0.42131116975234661 61.773211115882511 39.441785531885486 29.392518349254836 -67.536016377535745 35.065955269336705 -13.631127470973377 -29.492707287823716 -0.38419954935709638 -8.1437416339742725 -16.851729366343509 -53.483549620123476 34.92223545710246 -53.020784256458285 -4.3861515276359793 -46.005154476165778 7.0057621814987883 26.656077686945601 15.082620563030245 -20.062445251846121 34.671525026404339 -0.34273300780806437 12.147526971051867 -18.107157068349878 -23.765341004855198
leaf_weight=25 21 30 27 68 2911 17884 21 34 68 22 32 74 27 30 29 93 34 36 20 66 25 44 42 50 184 23 129 221 49 71
leaf_count=25 21 30 27 68 2911 17884 21 34 68 22 32 74 27 30 29 93 34 36 20 66 25 44 42 50 184 23 129 221 49 71
internal_value=1.80125e-08 0.244981 -3.86372 -2.97281 0.168444 0.220283 3.50633 -0.34567 3.10711 -4.27113 -9.22045 -13.609 2.04037 6.45716 -1.17186 -11.3319 -26.1773 15.7082 2.51072 -15.6965 -21.121 -7.44978 1.65662 -5.68587 -14.8388 0.128736 1.75101 0.140002 6.65686 -8.65776
internal_weight=22390 21055 1335 1308 21034 21004 3086 17918 3065 1240 695 543 545 152 120 521 108 65 2997 86 55 413 185 143 228 520 493 470 270 200
internal_count=22390 21055 1335 1308 21034 21004 3086 17918 3065 1240 695 543 545 152 120 521 108 65 2997 86 55 413 185 143 228 520 493 470 270 200
is_linear=0
shrinkage=0.05


end of trees

feature_importances:
Column_268=25
Column_292=21
Column_281=20
Column_278=19
Column_260=15
Column_271=13
Column_280=13
Column_287=13
Column_5=12
Column_145=12
Column_274=12
Column_4=11
Column_92=11
Column_208=11
Column_261=11
Column_275=11
Column_276=11
Column_285=11
Column_190=10
Column_201=10
Column_264=10
Column_289=10
Column_57=9
Column_103=9
Column_225=9
Column_232=9
Column_243=9
Column_283=9
Column_86=8
Column_170=8
Column_220=8
Column_240=8
Column_267=8
Column_96=7
Column_131=7
Column_183=7
Column_253=7
Column_282=7
Column_288=7
Column_18=6
Column_19=6
Column_124=6
Column_162=6
Column_163=6
Column_184=6
Column_239=6
Column_242=6
Column_250=6
Column_257=6
Column_2=5
Column_12=5
Column_13=5
Column_40=5
Column_75=5
Column_114=5
Column_136=5
Column_142=5
Column_203=5
Column_206=5
Column_215=5
Column_226=5
Column_229=5
Column_236=5
Column_254=5
Column_266=5
Column_286=5
Column_6=4
Column_47=4
Column_54=4
Column_150=4
Column_155=4
Column_159=4
Column_173=4
Column_204=4
Column_207=4
Column_218=4
Column_246=4
Column_247=4
Column_262=4
Column_1=3
Column_26=3
Column_33=3
Column_64=3
Column_68=3
Column_79=3
Column_81=3
Column_99=3
Column_110=3
Column_115=3
Column_117=3
Column_121=3
Column_128=3
Column_129=3
Column_134=3
Column_138=3
Column_152=3
Column_156=3
Column_157=3
Column_165=3
Column_171=3
Column_172=3
Column_178=3
Column_185=3
Column_199=3
Column_219=3
Column_222=3
Column_227=3
Column_233=3
Column_234=3
Column_237=3
Column_241=3
Column_251=3
Column_255=3
Column_3=2
Column_7=2
Column_10=2
Column_16=2
Column_23=2
Column_24=2
Column_43=2
Column_50=2
Column_58=2
Column_73=2
Column_78=2
Column_87=2
Column_93=2
Column_94=2
Column_111=2
Column_120=2
Column_122=2
Column_126=2
Column_135=2
Column_139=2
Column_141=2
Column_148=2
Column_149=2
Column_151=2
Column_164=2
Column_166=2
Column_168=2
Column_175=2
Column_177=2
Column_189=2
Column_191=2
Column_192=2
Column_193=2
Column_196=2
Column_213=2
Column_217=2
Column_230=2
Column_244=2
Column_248=2
Column_252=2
Column_272=2
Column_0=1
Column_8=1
Column_9=1
Column_11=1
Column_15=1
Column_17=1
Column_20=1
Column_27=1
Column_28=1
Column_29=1
Column_30=1
Column_32=1
Column_36=1
Column_41=1
Column_46=1
Column_49=1
Column_55=1
Column_59=1
Column_60=1
Column_61=1
Column_63=1
Column_66=1
Column_72=1
Column_74=1
Column_76=1
Column_84=1
Column_85=1
Column_88=1
Column_89=1
Column_91=1
Column_100=1
Column_106=1
Column_108=1
Column_109=1
Column_118=1
Column_123=1
Column_125=1
Column_132=1
Column_137=1
Column_169=1
Column_176=1
Column_180=1
Column_182=1
Column_187=1
Column_194=1
Column_195=1
Column_197=1
Column_198=1
Column_202=1
Column_205=1
Column_211=1
Column_214=1
Column_231=1
Column_245=1
Column_249=1
Column_259=1
Column_269=1
Column_270=1
Column_273=1
Column_277=1
Column_291=1

parameters:
[boosting: gbdt]
[objective: regression]
[metric: l2]
[tree_learner: serial]
[device_type: cpu]
[data_sample_strategy: bagging]
[data: ]
[valid: ]
[num_iterations: 1000]
[learning_rate: 0.05]
[num_leaves: 31]
[num_threads: 0]
[seed: 42]
[deterministic: 1]
[force_col_wise: 0]
[force_row_wise: 0]
[histogram_pool_size: -1]
[max_depth: -1]
[min_data_in_leaf: 20]
[min_sum_hessian_in_leaf: 0.001]
[bagging_fraction: 1]
[pos_bagging_fraction: 1]
[neg_bagging_fraction: 1]
[bagging_freq: 0]
[bagging_seed: 400]
[bagging_by_query: 0]
[feature_fraction: 1]
[feature_fraction_bynode: 1]
[feature_fraction_seed: 30056]
[extra_trees: 0]
[extra_seed: 12879]
[early_stopping_round: 0]
[early_stopping_min_delta: 0]
[first_metric_only: 0]
[max_delta_step: 0]
[lambda_l1: 0]
[lambda_l2: 0]
[linear_lambda: 0]
[min_gain_to_split: 0]
[drop_rate: 0.1]
[max_drop: 50]
[skip_drop: 0.5]
[xgboost_dart_mode: 0]
[uniform_drop: 0]
[drop_seed: 17869]
[top_rate: 0.2]
[other_rate: 0.1]
[min_data_per_group: 100]
[max_cat_threshold: 32]
[cat_l2: 10]
[cat_smooth: 10]
[max_cat_to_onehot: 4]
[top_k: 20]
[monotone_constraints: ]
[monotone_constraints_method: basic]
[monotone_penalty: 0]
[feature_contri: ]
[forcedsplits_filename: ]
[refit_decay_rate: 0.9]
[cegb_tradeoff: 1]
[cegb_penalty_split: 0]
[cegb_penalty_feature_lazy: ]
[cegb_penalty_feature_coupled: ]
[path_smooth: 0]
[interaction_constraints: ]
[verbosity: -1]
[saved_feature_importance_type: 0]
[use_quantized_grad: 0]
[num_grad_quant_bins: 4]
[quant_train_renew_leaf: 0]
[stochastic_rounding: 1]
[linear_tree: 0]
[max_bin: 255]
[max_bin_by_feature: ]
[min_data_in_bin: 3]
[bin_construct_sample_cnt: 200000]
[data_random_seed: 175]
[is_enable_sparse: 1]
[enable_bundle: 1]
[use_missing: 1]
[zero_as_missing: 0]
[feature_pre_filter: 1]
[pre_partition: 0]
[two_round: 0]
[header: 0]
[label_column: ]
[weight_column: ]
[group_column: ]
[ignore_column: ]
[categorical_feature: ]
[forcedbins_filename: ]
[precise_float_parser: 0]
[parser_config_file: ]
[objective_seed: 16083]
[num_class: 1]
[is_unbalance: 0]
[scale_pos_weight: 1]
[sigmoid: 1]
[boost_from_average: 1]
[reg_sqrt: 0]
[alpha: 0.9]
[fair_c: 1]
[poisson_max_delta_step: 0.7]
[tweedie_variance_power: 1.5]
[lambdarank_truncation_level: 30]
[lambdarank_norm: 1]
[label_gain: ]
[lambdarank_position_bias_regularization: 0]
[eval_at: ]
[multi_error_top_k: 1]
[auc_mu_weights: ]
[num_machines: 1]
[local_listen_port: 12400]
[time_out: 120]
[machine_list_filename: ]
[machines: ]
[gpu_platform_id: -1]
[gpu_device_id: -1]
[gpu_device_id_list: ]
[gpu_use_dp: 0]
[num_gpu: 1]

end of parameters

pandas_categorical:null
