tree
version=v4
num_class=1
num_tree_per_iteration=1
label_index=0
max_feature_idx=146
objective=regression
feature_names=Column_0 Column_1 Column_2 Column_3 Column_4 Column_5 Column_6 Column_7 Column_8 Column_9 Column_10 Column_11 Column_12 Column_13 Column_14 Column_15 Column_16 Column_17 Column_18 Column_19 Column_20 Column_21 Column_22 Column_23 Column_24 Column_25 Column_26 Column_27 Column_28 Column_29 Column_30 Column_31 Column_32 Column_33 Column_34 Column_35 Column_36 Column_37 Column_38 Column_39 Column_40 Column_41 Column_42 Column_43 Column_44 Column_45 Column_46 Column_47 Column_48 Column_49 Column_50 Column_51 Column_52 Column_53 Column_54 Column_55 Column_56 Column_57 Column_58 Column_59 Column_60 Column_61 Column_62 Column_63 Column_64 Column_65 Column_66 Column_67 Column_68 Column_69 Column_70 Column_71 Column_72 Column_73 Column_74 Column_75 Column_76 Column_77 Column_78 Column_79 Column_80 Column_81 Column_82 Column_83 Column_84 Column_85 Column_86 Column_87 Column_88 Column_89 Column_90 Column_91 Column_92 Column_93 Column_94 Column_95 Column_96 Column_97 Column_98 Column_99 Column_100 Column_101 Column_102 Column_103 Column_104 Column_105 Column_106 Column_107 Column_108 Column_109 Column_110 Column_111 Column_112 Column_113 Column_114 Column_115 Column_116 Column_117 Column_118 Column_119 Column_120 Column_121 Column_122 Column_123 Column_124 Column_125 Column_126 Column_127 Column_128 Column_129 Column_130 Column_131 Column_132 Column_133 Column_134 Column_135 Column_136 Column_137 Column_138 Column_139 Column_140 Column_141 Column_142 Column_143 Column_144 Column_145 Column_146
feature_infos=[-7908:12352] [-7298.5:12448] [-8842.5:11645] [-7993:11780.5] [-7133.47021484375:16089.6201171875] [136.75750732421875:1862.834716796875] [-5791.35400390625:12754.24609375] [-7975.5:11776.5] [-7146:11839.5] [-8333:10762] [-8067:11139.5] [-7089.96484375:15986.3603515625] [136.75750732421875:1862.834716796875] [-5827.50341796875:12576.0419921875] [-8054:11154] [-7860.5:11498] [-9404.5:10575] [-8727:10953] [-7046.009765625:15880.3095703125] [136.75750732421875:1862.834716796875] [-5679.09423828125:12373.583984375] [-8714:10953.5] [-8520.5:11475.5] [-10064.5:10364] [-9215:10909.5] [-6996.64990234375:15777.6953125] [136.75750732421875:1862.834716796875] [-5567.00341796875:12240.4853515625] [-9197.5:10895] [-8368:10954] [-9415.5:10039] [-8874.5:10636] [-6945.2099609375:15668.3203125] [136.75750732421875:1862.834716796875] [-5418.59423828125:12094.623046875] [-8958:10638.5] [-7886.5:10644.5] [-8968:9874.5] [-8697:10103] [-6892.4150390625:15550.08984375] [136.75750732421875:1862.834716796875] [-5287.81298828125:11902.0205078125] [-8695:10105.5] [-8366.5:10220.5] [-9387:9445.5] [-8391.5:9584] [-6829.919921875:15426.5703125] [136.75750732421875:1862.834716796875] [-5538.9072265625:11691.2919921875] [-8385.5:9589] [-7661:9673] [-9019.5:8912.5] [-8148.5:9321.5] [-6770.18994140625:15294.599609375] [136.75750732421875:1862.834716796875] [-5776.142578125:11406.810546875] [-8163.5:9307] [-6584.5:9464.5] [-8323.5:8647.5] [-7072:9352] [-6711.43017578125:15156.7099609375] [136.75750732421875:1862.834716796875] [-5872.4931640625:11095.646484375] [-7087:9337.5] [-6548.5:9396.5] [-7735:8481.5] [-6555:9078.5] [-6651.10986328125:15019.0146484375] [136.75750732421875:1862.834716796875] [-5934.53955078125:10794.7236328125] [-6547.5:9081] [-6079:9087] [-7187.5:8317] [-6541.5:8418.5] [-6590.21484375:14879.8701171875] [136.75750732421875:1862.834716796875] [-5989.7177734375:10554.4765625] [-6501:8412.5] [-5783:8953] [-7327:7888] [-6477.5:8026.5] [-6532.15478515625:14735.58984375] [136.75750732421875:1862.834716796875] [-5818.10693359375:10267.16015625] [-6460:8031.5] [-5630.5:8420] [-6678:6975] [-6137:7004.5] [-6475.35498046875:14589.349609375] [136.75750732421875:1862.834716796875] [-5538.0517578125:9894.0546875] [-6220.5:7006.5] [-5149:8001.5] [-6322:6062.5] [-5959.5:7046.5] [-6415.7001953125:14413.740234375] [136.75750732421875:1862.834716796875] [-5415.63818359375:9538.146484375] [-5957.5:7022] [-5629:7496.5] [-6649.5:6099] [-5654:6564] [-6351.384765625:14247.599609375] [136.75750732421875:1862.834716796875] [-5248.6708984375:9237.2236328125] [-5648:6611.5] [-4923.5:7365] [-6282:6080.5] [-5411:6594.5] [-6283.169921875:14052.0654296875] [136.75750732421875:1862.834716796875] [-5092.9736328125:8996.9765625] [-5426:6642] [-3590.5:7395.5] [-5586:5830] [-4098.5:6114] [-6208.740234375:13854.7998046875] [136.75750732421875:1862.834716796875] [-4841.47607421875:8709.66015625] [-4080.5:6127] [-3811:7632.5] [-5526.5:6125.5] [-3817.5:6934] [-6137.47998046875:13667.240234375] [136.75750732421875:1862.834716796875] [-4600.4326171875:8336.5546875] [-3810:6916] [-3341.5:6917.5] [-4450:5769] [-3804:6096.5] [-6065.31005859375:13484.6103515625] [136.75750732421875:1862.834716796875] [-4415.0751953125:7855.07373046875] [-3763.5:6091.5] [-2259.5:7066] [-4331:3434] [-2439.5:4998.5] [-5988.6748046875:13280.5400390625] [136.75750732421875:1862.834716796875] [-4111.568359375:7491.65771484375] [-2399:4995] [0:5732.5] [-4567.5:0] none [-5910.5498046875:13074.490234375] [136.75750732421875:1862.834716796875] [-3737.789306640625:6810.59814453125]
tree_sizes=2797 2796 2811 2807 2858 2860 2809 2853

Tree=0
num_leaves=31
num_cat=0
split_feature=108 106 127 102 78 79 131 126 85 116 122 54 96 83 120 96 129 106 106 129 140 12 0 113 115 115 134 128 108 138
split_gain=4.03277e+06 1.03419e+07 4.393e+06 3.1175e+06 4.65573e+06 4.4324e+06 4.29787e+06 3.57833e+06 4.93113e+06 4.08656e+06 3.49868e+06 3.25462e+06 3.04082e+06 3.8029e+06 3.17178e+06 3.01069e+06 2.97403e+06 2.8656e+06 2.80332e+06 2.4992e+06 3.76588e+06 2.59627e+06 3.03866e+06 2.42243e+06 2.27564e+06 3.45423e+06 2.83406e+06 2.2579e+06 2.3775e+06 2.21118e+06
threshold=2704.0000000000005 3359.0000000000005 2291.0000000000005 3816.9499511718755 85.250000000000014 -179.74999999999997 823.68878173828136 649.00000000000011 2803.2500000000005 4809.2023925781259 -26.749999999999996 823.68878173828136 899.23205566406261 1869.7168579101565 1048.7500000000002 705.22543334960949 877.50000000000011 1449.5000000000002 -521.74999999999989 -186.74999999999997 -96.249999999999986 1039.6253662109377 127.25000000000001 -227.24999999999997 -432.24999999999994 889.25000000000011 502.25000000000006 -303.24999999999994 -196.24999999999997 633.87484741210949
decision_type=2 2 2 2 2 2 2 2 2 2 2 2 2 2 2 2 2 2 2 2 2 2 2 2 2 2 2 2 2 2
left_child=1 3 16 6 18 -6 -1 8 9 17 -11 15 14 19 27 29 -2 23 -5 21 -21 -14 -23 -7 -22 26 -26 28 -8 -9
right_child=2 -3 -4 4 5 7 12 11 -10 10 -12 -13 13 -15 -16 -17 -18 -19 -20 20 24 22 -24 -25 25 -27 -28 -29 -30 -31
leaf_value=-0.30895561300614605 13.335494349806076 -33.158256079347375 23.209397958964775 31.302160144577414 -9.6349916977267505 21.516446603601878 -5.5531959901452144 4.9064163924363173 26.797994133639897 -20.059377914566923 6.7119434924832708 -12.082454148063956 -3.2241047725109548 13.50216126681225 -28.119838937750895 14.99104999013268 -12.97056641231033 24.221392093813677 8.6431868139987831 13.666350133491983 9.7999872029431057 -9.6584771677703198 -32.927839250556069 2.9283403553238054 2.468411283501549 6.1326300883378231 -19.620952061518675 6.366446767088906 -25.843293476963208 -11.434325428773775
leaf_weight=21326 21 24 38 21 72 21 42 47 30 26 23 52 79 32 25 36 22 26 39 37 23 47 20 106 20 32 53 21 22 37
leaf_count=21326 21 24 38 21 72 21 42 47 30 26 23 52 79 32 25 36 22 26 39 37 23 47 20 106 20 32 53 21 22 37
internal_value=-0.313515 -0.353894 10.8228 -0.318613 3.44852 1.79407 -0.411326 3.83094 7.88266 5.07345 -7.49325 -1.63418 -5.23062 -2.91074 -12.4644 2.89341 -0.12342 9.09808 16.5738 -4.59953 -0.383293 -9.36445 -16.6046 6.00196 -4.44452 -7.56474 -13.5691 -7.8599 -12.5279 -2.29129
internal_weight=22420 22339 81 22315 536 476 21779 404 232 202 49 172 453 343 110 120 43 153 60 311 165 146 67 127 128 105 73 85 64 84
internal_count=22420 22339 81 22315 536 476 21779 404 232 202 49 172 453 343 110 120 43 153 60 311 165 146 67 127 128 105 73 85 64 84
is_linear=0
shrinkage=1


Tree=1
num_leaves=31
num_cat=0
split_feature=108 106 78 102 78 79 145 126 85 65 54 117 15 108 99 136 96 51 71 71 113 138 80 93 85 136 133 121 10 65
split_gain=3.63957e+06 9.33358e+06 4.12099e+06 2.81354e+06 4.2018e+06 4.00025e+06 3.88233e+06 3.22944e+06 4.45034e+06 3.95356e+06 2.93729e+06 2.75285e+06 3.92651e+06 3.4603e+06 6.10484e+06 2.73664e+06 2.71715e+06 2.43531e+06 2.29376e+06 2.09558e+06 2.05983e+06 2.00594e+06 2.83094e+06 1.91197e+06 4.12704e+06 2.19149e+06 2.08627e+06 2.70037e+06 1.83501e+06 1.76931e+06
threshold=2704.0000000000005 3359.0000000000005 4245.2500000000009 3816.9499511718755 85.250000000000014 -179.74999999999997 823.68878173828136 649.00000000000011 2803.2500000000005 2051.5000000000005 823.68878173828136 1109.719909667969 2803.2500000000005 209.25000000000003 -877.99999999999989 -214.74999999999997 705.22543334960949 1985.7500000000002 1147.2500000000002 630.25000000000011 -227.24999999999997 619.04949951171886 1861.2500000000002 1035.5000000000002 745.75000000000011 -739.99999999999989 -174.74999999999997 266.25000000000006 1937.0000000000002 1094.7500000000002
decision_type=2 2 2 2 2 2 2 2 2 2 2 2 2 2 2 2 2 2 2 2 2 2 2 2 2 2 2 2 2 2
left_child=1 3 -2 6 15 19 -1 8 9 20 16 17 13 14 -13 -5 21 23 -15 -6 -7 -9 -23 24 25 -8 -27 -28 -12 -22
right_child=2 -3 -4 4 5 7 11 10 -10 -11 28 12 -14 18 -16 -17 -18 -19 -20 -21 29 22 -24 -25 -26 26 27 -29 -30 -31
leaf_value=0.0029395781714051782 0.49227908664279518 -31.202504587173465 23.188609693447749 2.0089072140780364 1.2375831174850465 20.62136471847008 5.6857290029525762 6.0339475910838054 25.755934108098348 -9.1828391630298061 0.70037288546562193 -7.961009372808995 21.181316687947231 -24.807950834794479 22.967934438917371 24.167962158981126 14.539336416456434 -19.917980595195996 -1.4118993258476258 -16.06467892328898 11.584672514480703 -21.387027640964675 4.3341608047485352 -18.379239223621511 5.9278942557743619 -17.476506344974041 -0.91889452832085761 -21.00127433430065 -18.606033838540316 0.09259962141513825
leaf_weight=21339 45 24 36 22 30 29 24 41 30 39 20 39 21 22 27 38 36 34 20 42 68 23 20 27 70 64 70 22 32 66
leaf_count=21339 45 24 36 22 30 29 24 41 30 39 20 39 21 22 27 38 36 34 20 42 68 23 20 27 70 64 70 22 32 66
internal_value=6.68244e-08 -0.0383608 10.5795 -0.00484342 3.57394 2.00221 -0.0929203 3.93723 7.78636 5.11761 -1.25463 -4.7419 1.39883 -2.44776 4.69174 16.043 3.04658 -7.28903 -13.667 -8.8554 8.5392 -1.87889 -9.42368 -5.7389 -4.37375 -8.37994 -10.5439 -5.7212 -11.1805 5.9244
internal_weight=22420 22339 81 22315 536 476 21779 404 232 202 172 440 129 108 66 60 120 311 42 72 163 84 43 277 250 180 156 92 52 134
internal_count=22420 22339 81 22315 536 476 21779 404 232 202 172 440 129 108 66 60 120 311 42 72 163 84 43 277 250 180 156 92 52 134
is_linear=0
shrinkage=0.05


Tree=2
num_leaves=31
num_cat=0
split_feature=108 106 136 142 102 78 92 113 131 33 95 141 26 120 96 83 120 106 129 135 12 142 128 108 108 133 16 2 108 106
split_gain=3.28471e+06 8.42356e+06 3.99338e+06 7.05013e+06 2.53922e+06 3.79212e+06 3.76916e+06 4.3245e+06 3.55191e+06 2.72015e+06 3.5559e+06 2.84365e+06 4.63615e+06 2.77588e+06 2.60697e+06 3.24779e+06 2.78262e+06 2.55486e+06 2.17002e+06 3.34906e+06 2.4238e+06 2.97174e+06 1.97865e+06 2.13446e+06 1.9694e+06 1.87753e+06 1.7892e+06 2.14278e+06 1.75695e+06 1.66806e+06
threshold=2704.0000000000005 3359.0000000000005 624.75000000000011 -265.74999999999994 3816.9499511718755 85.250000000000014 -156.74999999999997 -227.24999999999997 823.68878173828136 776.22653198242199 5541.2924804687509 600.75000000000011 858.00915527343761 942.25000000000011 899.23205566406261 1869.7168579101565 1048.7500000000002 -521.74999999999989 -186.74999999999997 -520.24999999999989 1039.6253662109377 -589.24999999999989 -303.24999999999994 -196.24999999999997 -866.99999999999989 83.750000000000014 300.75000000000006 -1553.9999999999998 1626.2500000000002 -602.74999999999989
decision_type=2 2 2 2 2 2 2 2 2 2 2 2 2 2 2 2 2 2 2 2 2 2 2 2 2 2 2 2 2 2
left_child=1 4 -2 -4 8 17 -7 -8 -1 10 -9 12 -11 -13 16 18 22 -6 20 -20 24 -22 23 29 -16 -21 27 -27 -15 -10
right_child=2 -3 3 -5 5 6 7 9 14 11 -12 13 -14 28 15 -17 -18 -19 19 25 21 -23 -24 -25 -26 26 -28 -29 -30 -31
leaf_value=0.0047887088436241012 -1.4704409379225512 -29.642378089825314 40.280670935457408 -0.73660812377929696 29.301331283932644 -19.342880477905275 20.266761535586735 2.8359201010347399 -15.066485899090768 -13.393157297372818 23.831494972922584 -25.795429949326952 10.964935920919691 7.0073762416839607 4.8341382137564732 12.846381979435684 -25.830924512863159 7.6697855851589116 14.856885540869929 7.8822235551373714 -27.012000662485761 -5.8356505123344631 6.4630512600853338 -23.840791287205437 -11.017154640621611 -10.635662136933743 -17.055981734703327 6.161349216023007 -12.00072185570194 4.884967004169118
leaf_weight=21326 39 24 22 20 21 20 33 242 20 30 22 22 56 20 43 32 25 39 31 29 30 37 21 22 36 39 29 37 31 22
leaf_count=21326 39 24 22 20 21 20 33 242 20 30 22 22 56 20 43 32 25 39 31 29 30 37 21 22 36 39 29 37 31 22
internal_value=1.14508e-07 -0.0364427 10.0506 20.7486 -0.0046012 3.39524 1.9021 2.83389 -0.0882742 1.47388 4.58555 -3.69266 2.46793 -10.9503 -4.46942 -2.3214 -11.1673 15.2408 -3.88207 0.0466883 -8.32211 -15.3176 -6.85452 -11.2243 -2.38924 -3.37955 -6.48995 -2.45817 -4.54657 -4.61572
internal_weight=22420 22339 81 42 22315 536 476 456 21779 423 264 159 86 73 453 343 110 60 311 165 146 67 85 64 79 134 105 76 51 42
internal_count=22420 22339 81 42 22315 536 476 456 21779 423 264 159 86 73 453 343 110 60 311 165 146 67 85 64 79 134 105 76 51 42
is_linear=0
shrinkage=0.05


Tree=3
num_leaves=31
num_cat=0
split_feature=108 106 78 102 78 79 145 126 85 116 122 106 54 46 113 136 117 3 108 99 142 51 71 73 113 93 85 15 1 115
split_gain=2.96445e+06 7.60226e+06 3.63891e+06 2.29165e+06 3.42239e+06 3.46669e+06 3.20624e+06 2.84879e+06 4.04547e+06 3.64929e+06 3.15736e+06 2.69348e+06 2.52006e+06 2.57645e+06 2.7865e+06 2.49355e+06 2.41378e+06 3.42482e+06 2.64036e+06 3.87713e+06 2.36382e+06 2.0987e+06 1.99678e+06 1.83526e+06 1.82687e+06 1.71008e+06 3.7205e+06 1.99901e+06 2.70872e+06 3.94036e+06
threshold=2704.0000000000005 3359.0000000000005 4245.2500000000009 3816.9499511718755 85.250000000000014 -179.74999999999997 823.68878173828136 649.00000000000011 2803.2500000000005 4809.2023925781259 -26.749999999999996 1449.5000000000002 823.68878173828136 4993.0573730468759 1721.7500000000002 -214.74999999999997 1109.719909667969 2525.5000000000005 209.25000000000003 -877.99999999999989 -277.74999999999994 1985.7500000000002 1147.2500000000002 315.75000000000006 -227.24999999999997 1035.5000000000002 745.75000000000011 -1177.2499999999998 1173.2500000000002 -168.74999999999997
decision_type=2 2 2 2 2 2 2 2 2 2 2 2 2 2 2 2 2 2 2 2 2 2 2 2 2 2 2 2 2 2
left_child=1 3 -2 6 15 23 -1 8 9 11 -11 24 13 20 -15 -5 21 18 19 -18 -9 25 -20 -6 -7 26 27 -8 -29 -30
right_child=2 -3 -4 4 5 7 16 12 -10 10 -12 -13 -14 14 -16 -17 17 -19 22 -21 -22 -23 -24 -25 -26 -27 -28 28 29 -31
leaf_value=0.0032534410806151141 0.069131988949245882 -28.160259534915287 21.396657201978897 1.0825087243860418 -2.4785850027774243 18.953636678059897 2.7708520021703507 6.9375811261790137 24.356214718818666 -19.133722228270312 6.2982121213622717 23.144395050635708 -10.461855314328121 23.009194732666018 0.40700611750284832 22.234523622613207 -5.9977967286721254 19.916923186892557 -22.34602262323553 18.650262534176861 -12.317868641099416 -18.417524595821604 -0.51705936402082442 -19.246022247314457 2.8114030336433991 -17.209129474781179 5.8173880953448167 -17.753603658391469 4.7864041179418564 -18.556970680171045
leaf_weight=21339 45 24 36 22 47 21 36 28 30 26 23 26 52 25 30 38 39 21 22 27 37 34 20 25 106 27 70 67 48 29
leaf_count=21339 45 24 36 22 47 21 36 28 30 26 23 26 52 25 30 38 39 21 22 27 37 34 20 25 106 27 70 67 48 29
internal_value=-3.44457e-08 -0.0346207 9.54803 -0.00437128 3.22548 1.80699 -0.0838606 3.60835 7.22353 4.67907 -7.19628 8.48228 -1.26794 2.71609 10.6807 14.4788 -4.3087 1.44143 -2.15102 4.0855 -4.02321 -6.6938 -11.9513 -8.30061 5.48059 -5.25478 -3.96371 -7.76748 -10.4021 -4.00526
internal_weight=22420 22339 81 22315 536 476 21779 404 232 202 49 153 172 120 55 60 440 129 108 66 65 311 42 72 127 277 250 180 144 77
internal_count=22420 22339 81 22315 536 476 21779 404 232 202 49 153 172 120 55 60 440 129 108 66 65 311 42 72 127 277 250 180 144 77
is_linear=0
shrinkage=0.05


Tree=4
num_leaves=31
num_cat=0
split_feature=108 106 136 142 119 121 115 36 87 126 8 68 110 108 135 5 124 86 29 142 99 128 105 51 141 127 30 5 22 1
split_gain=2.67542e+06 6.86104e+06 3.54425e+06 6.34692e+06 2.22851e+06 4.06493e+06 2.58883e+06 3.92823e+06 2.44892e+06 5.20254e+06 3.94288e+06 2.83866e+06 3.20883e+06 2.60596e+06 3.27961e+06 3.06746e+06 2.49201e+06 2.22373e+06 2.42516e+06 2.19373e+06 2.08135e+06 2.02353e+06 3.20144e+06 1.99911e+06 1.95026e+06 3.853e+06 1.93682e+06 5.51656e+06 1.78858e+06 1.72853e+06
threshold=2704.0000000000005 3359.0000000000005 624.75000000000011 -265.74999999999994 -1400.2499999999998 -1432.2499999999998 -214.74999999999997 1948.7500000000002 2432.7500000000005 571.75000000000011 2979.0000000000005 776.60214233398449 579.07751464843761 921.25000000000011 739.75000000000011 726.51162719726574 1480.4058837890627 -1560.2499999999998 1501.7500000000002 -129.24999999999997 2551.2500000000005 704.75000000000011 1665.2500000000002 1075.2500000000002 230.25000000000003 1090.7500000000002 -3862.4999999999995 1200.0135498046877 1043.7500000000002 2793.7500000000005
decision_type=2 2 2 2 2 2 2 2 2 2 2 2 2 2 2 2 2 2 2 2 2 2 2 2 2 2 2 2 2 2
left_child=1 4 -2 -4 19 6 7 28 13 -10 -11 12 -12 14 16 20 17 18 -7 26 -15 22 24 -23 -17 -26 -1 -28 -6 -19
right_child=2 -3 3 -5 5 8 -8 -9 9 10 11 -13 -14 15 -16 21 -18 29 -20 -21 -22 23 -24 -25 25 -27 27 -29 -30 -31
leaf_value=-19.331459891796115 -1.7831771068083935 -26.752247190475465 37.681520817496562 -1.2364227676391604 6.4584653007874797 -2.1058439374311608 24.586356511712076 -12.674907774925233 21.801365009546281 12.965504474174686 -14.125236320495606 -22.491792325973513 11.820503324728747 -1.6469090049530988 -16.173639423616471 -18.576613521575929 15.87811508178711 0.12688466251040065 -18.270835765202843 8.1821913655598966 14.260857273283461 11.705202802022299 -23.960176412682785 -10.382744827270509 8.3690648981042823 -17.354297510782878 -7.2292381242307702 20.371062316894534 22.724818688035015 4.1550872776243422
leaf_weight=25 39 24 22 20 109 698 20 25 40 41 22 20 26 986 31 24 25 19507 24 30 21 21 38 20 37 24 191 20 20 270
leaf_count=25 39 24 22 20 109 698 20 25 40 41 22 20 26 986 31 24 25 19507 24 30 21 21 38 20 37 24 191 20 20 270
internal_value=-2.02064e-08 -0.0328896 9.07063 19.1492 -0.00415271 0.0507287 7.66278 5.46491 -0.00981976 6.3784 0.718603 -6.66556 -0.071294 -0.0536311 0.0770714 -2.3479 0.101617 0.0823764 -2.64318 -4.55332 -1.31517 -8.68914 -11.8957 0.930594 -6.50219 -1.7516 -6.17224 -4.6131 8.98038 0.181879
internal_weight=22420 22339 81 42 22315 22049 174 154 21875 149 109 68 48 21726 20555 1171 20524 20499 722 266 1007 164 123 41 85 61 236 211 129 19777
internal_count=22420 22339 81 42 22315 22049 174 154 21875 149 109 68 48 21726 20555 1171 20524 20499 722 266 1007 164 123 41 85 61 236 211 129 19777
is_linear=0
shrinkage=0.05


Tree=5
num_leaves=31
num_cat=0
split_feature=108 106 78 92 138 127 87 113 8 121 107 5 128 5 41 99 15 135 36 131 127 129 129 38 113 121 141 58 31 131
split_gain=2.41457e+06 6.19209e+06 3.21294e+06 2.08356e+06 3.15898e+06 3.16074e+06 1.64031e+06 2.83377e+06 3.02789e+06 2.39221e+06 2.2947e+06 3.35193e+06 3.34915e+06 2.24126e+06 2.06258e+06 1.9184e+06 1.89407e+06 3.30013e+06 2.80374e+06 3.86492e+06 2.79148e+06 2.67577e+06 2.12093e+06 1.90624e+06 1.72314e+06 2.15625e+06 2.02105e+06 1.68199e+06 1.50133e+06 3.33162e+06
threshold=2704.0000000000005 3359.0000000000005 4245.2500000000009 -1988.2499999999998 1480.4058837890627 601.75000000000011 2432.7500000000005 1360.2500000000002 2979.0000000000005 449.25000000000006 818.75000000000011 726.51162719726574 8.2500000000000018 823.68878173828136 1736.074401855469 2551.2500000000005 2574.5000000000005 739.75000000000011 2161.2500000000005 683.63073730468761 -307.24999999999994 822.75000000000011 -104.74999999999999 2547.0000000000005 -1118.7499999999998 -1432.2499999999998 150.25000000000003 122.75000000000001 1935.7500000000002 549.32611083984386
decision_type=2 2 2 2 2 2 2 2 2 2 2 2 2 2 2 2 2 2 2 2 2 2 2 2 2 2 2 2 2 2
left_child=1 3 -2 -1 6 -6 10 -8 -9 -10 16 15 -13 -14 -15 28 17 18 24 -20 -18 23 -21 27 -5 26 -26 -22 -12 -30
right_child=2 -3 -4 4 5 -7 7 8 9 -11 11 12 13 14 -16 -17 20 -19 19 22 21 -23 -24 -25 25 -27 -28 -29 29 -31
leaf_value=-7.6389630690761168 -0.289737237294515 -25.414635245005289 19.750644440121121 -4.5529758076475124 24.19793385664622 0.42526860072694977 18.672359109693957 12.700692172166779 8.6669262809753427 -10.096375852710796 -0.38982611015510799 -26.751602188110354 -15.405133599705167 -11.326347622871399 9.545432460719141 13.547814340818498 17.148165639709024 -15.79755380225904 -1.5335066413561975 -27.010437693962686 -6.1536697480413656 14.774291708594873 -8.2694898552364773 -4.0335899738594891 -0.059381268365042553 0.089736190210587125 11.608414936065675 5.7078955422748221 -0.72021539996604667 -13.333897845833391
leaf_weight=89 45 24 36 198 27 29 31 41 25 53 571 25 36 20 29 21 34 33 169 26 36 38 36 128 70 20066 79 176 148 81
leaf_count=89 45 24 36 198 27 29 31 41 25 53 571 25 36 20 29 21 34 33 169 26 36 38 36 128 70 20066 79 176 148 81
internal_value=1.7618e-08 -0.0312451 8.6171 -0.00394503 0.026628 11.8871 -0.00333075 5.20758 1.69995 -4.0825 -0.0388274 -2.46811 -10.6644 -5.93287 1.02634 -1.36994 0.0684162 0.00152877 0.026784 -5.4508 3.42529 2.19096 -16.1286 0.784582 0.0887702 0.134235 6.1269 3.69367 -1.76154 -5.18182
internal_weight=22420 22339 81 22315 22226 56 22170 150 119 78 22020 931 110 85 49 821 21089 20677 20644 231 412 378 62 340 20413 20215 149 212 800 229
internal_count=22420 22339 81 22315 22226 56 22170 150 119 78 22020 931 110 85 49 821 21089 20677 20644 231 412 378 62 340 20413 20215 149 212 800 229
is_linear=0
shrinkage=0.05


Tree=6
num_leaves=31
num_cat=0
split_feature=108 106 12 89 102 72 45 64 131 65 89 98 96 15 120 129 111 134 115 115 66 105 113 108 113 6 51 99 87 121
split_gain=2.17915e+06 5.58836e+06 3.17422e+06 2.19544e+06 1.95196e+06 2.93717e+06 4.39509e+06 2.85893e+06 2.75615e+06 2.42115e+06 3.77922e+06 2.51859e+06 2.25333e+06 2.68433e+06 2.27934e+06 1.86777e+06 2.51857e+06 2.26397e+06 3.32332e+06 3.79934e+06 1.98669e+06 1.83335e+06 1.77251e+06 1.9014e+06 2.54585e+06 2.26072e+06 2.40386e+06 2.16823e+06 1.67939e+06 2.3069e+06
threshold=2704.0000000000005 3359.0000000000005 798.89459228515636 675.23397827148449 3816.9499511718755 -991.49999999999989 -34.749999999999993 -188.74999999999997 823.68878173828136 -533.74999999999989 1109.719909667969 1364.2500000000002 899.23205566406261 2803.2500000000005 1048.7500000000002 -186.74999999999997 226.69798278808597 297.25000000000006 -432.24999999999994 747.75000000000011 -743.24999999999989 -531.74999999999989 -241.74999999999997 91.250000000000014 949.75000000000011 3710.0815429687505 1308.7500000000002 1001.2500000000001 2432.7500000000005 1004.5000000000001
decision_type=2 2 2 2 2 2 2 2 2 2 2 2 2 2 2 2 2 2 2 2 2 2 2 2 2 2 2 2 2 2
left_child=1 4 3 -2 8 7 -7 -6 -1 -8 22 -12 14 15 21 16 20 -17 -19 -20 -14 -10 -11 27 25 26 -25 -24 -26 -30
right_child=2 -3 -4 -5 5 6 9 -9 12 10 11 -13 13 -15 -16 17 -18 18 19 -21 -22 -23 23 24 28 -27 -28 -29 29 -31
leaf_value=0.0048682922518353666 9.4098580466376411 -24.143902373313907 20.123643681497285 -12.14574446905227 4.1779593771483219 -20.16260179172863 19.729832019805912 26.316210727691654 -12.707209061582883 15.105209090709687 -25.253027243614198 -0.16025558948516846 -9.2076643178160769 9.9019167514074411 -23.434913253784181 13.877026633739471 -20.68842156728109 13.256756270373311 -13.519608642743982 5.5541581409318113 5.0818305711488465 2.1036644571536298 0.78224989700317382 19.014673443274066 -1.1816746116438999 25.727548417178067 -2.9032622259238674 -18.362833704267228 15.681320981979372 -4.4762814722277904
leaf_weight=21326 27 24 33 21 35 22 20 25 48 30 20 20 71 42 25 25 30 27 69 42 37 37 50 22 158 22 29 21 40 22
leaf_count=21326 27 24 33 21 35 22 20 25 48 30 20 20 71 42 25 25 30 27 69 42 37 37 50 22 158 22 29 21 40 22
internal_value=1.0589e-07 -0.0296828 8.18624 -0.0207181 -0.00374769 2.97713 1.66304 13.4022 -0.0771096 2.72067 1.93684 -12.7066 -3.93641 -1.93938 -10.1635 -3.59166 -7.87224 0.032391 -2.4757 -6.30251 -4.31219 -6.26012 3.42349 2.46071 4.23961 12.3306 6.55153 -4.88038 1.55486 8.52862
internal_weight=22420 22339 81 48 22315 536 476 60 21779 454 434 40 453 343 110 301 138 163 138 111 108 85 394 364 293 73 51 71 220 62
internal_count=22420 22339 81 48 22315 536 476 60 21779 454 434 40 453 343 110 301 138 163 138 111 108 85 394 364 293 73 51 71 220 62
is_linear=0
shrinkage=0.05


Tree=7
num_leaves=31
num_cat=0
split_feature=108 106 136 142 119 121 115 36 142 87 126 8 68 110 108 135 5 124 86 29 128 13 127 13 99 113 131 30 5 26
split_gain=1.96668e+06 5.0435e+06 3.13161e+06 5.65738e+06 1.88102e+06 3.42534e+06 2.20926e+06 3.53046e+06 2.00696e+06 1.90523e+06 4.24008e+06 3.22708e+06 2.49563e+06 2.76995e+06 2.11126e+06 2.75967e+06 2.44364e+06 2.12262e+06 1.94621e+06 2.13061e+06 1.76606e+06 2.16018e+06 2.59784e+06 2.26941e+06 1.71137e+06 1.6969e+06 1.6683e+06 1.66693e+06 4.66986e+06 1.6618e+06
threshold=2704.0000000000005 3359.0000000000005 624.75000000000011 -265.74999999999994 -1400.2499999999998 -1432.2499999999998 -214.74999999999997 1948.7500000000002 -129.24999999999997 2432.7500000000005 571.75000000000011 2979.0000000000005 776.60214233398449 579.07751464843761 921.25000000000011 739.75000000000011 726.51162719726574 1480.4058837890627 -1560.2499999999998 1501.7500000000002 -254.24999999999997 1820.1035156250002 1236.7500000000002 2889.568969726563 2551.2500000000005 1486.7500000000002 776.22653198242199 -3862.4999999999995 1200.0135498046877 754.08599853515636
decision_type=2 2 2 2 2 2 2 2 2 2 2 2 2 2 2 2 2 2 2 2 2 2 2 2 2 2 2 2 2 2
left_child=1 4 -2 -4 8 6 7 26 27 14 -11 -12 13 -13 15 17 24 18 19 -7 -18 22 -22 -23 -16 -20 -6 -1 29 -29
right_child=2 -3 3 -5 5 9 -8 -9 -10 10 11 12 -14 -15 16 -17 20 -19 25 -21 21 23 -24 -25 -26 -27 -28 28 -30 -31
leaf_value=-17.939505802154542 -2.4255044105725414 -22.936707558234534 34.747347116470337 -1.9957741546630861 4.6624431473868233 -1.9711336724225295 22.668210008740427 -12.192827518463135 7.9982548991839097 19.549389304518701 11.595999666539635 -13.038449374112217 -21.003170127868653 11.06773825608767 -1.4914696718386657 -14.8367068629111 -17.733433002744402 14.653133079528809 0.15267014167903045 -17.122692827383677 -3.3243891361213871 9.8086883544921886 -23.203387903284145 -10.04063056210677 12.933277761368524 14.046696636893532 17.135971350575748 -4.0276154894795679 18.701932678222658 -14.855543294866036
leaf_weight=25 39 24 22 20 91 698 20 25 30 40 41 22 20 26 986 31 35 25 19755 24 42 36 27 24 21 22 38 144 20 47
leaf_count=25 39 24 22 20 91 698 20 25 30 40 41 22 20 26 986 31 35 25 19755 24 42 36 27 24 21 22 38 144 20 47
internal_value=3.30348e-09 -0.0281987 7.77693 17.2506 -0.0035604 0.046861 7.03444 5.00408 -4.18304 -0.00872021 5.62593 0.516403 -6.16394 0.0190689 -0.0473634 0.0702807 -2.11242 0.0927966 0.0750393 -2.47479 -7.77225 -5.0696 -11.1031 1.86896 -1.19066 0.168126 8.33682 -5.73151 -4.28506 -6.69208
internal_weight=22420 22339 81 42 22315 22049 174 154 266 21875 149 109 68 48 21726 20555 1171 20524 20499 722 164 129 69 60 1007 19777 129 236 211 191
internal_count=22420 22339 81 42 22315 22049 174 154 266 21875 149 109 68 48 21726 20555 1171 20524 20499 722 164 129 69 60 1007 19777 129 236 211 191
is_linear=0
shrinkage=0.05


end of trees

feature_importances:
Column_108=17
Column_106=13
Column_113=10
Column_78=7
Column_115=7
Column_142=7
Column_5=6
Column_99=6
Column_121=6
Column_129=6
Column_131=6
Column_136=6
Column_85=5
Column_96=5
Column_102=5
Column_126=5
Column_127=5
Column_128=5
Column_15=4
Column_51=4
Column_87=4
Column_120=4
Column_135=4
Column_8=3
Column_12=3
Column_36=3
Column_54=3
Column_65=3
Column_71=3
Column_79=3
Column_138=3
Column_141=3
Column_1=2
Column_13=2
Column_26=2
Column_29=2
Column_30=2
Column_68=2
Column_83=2
Column_86=2
Column_89=2
Column_92=2
Column_93=2
Column_105=2
Column_110=2
Column_116=2
Column_117=2
Column_119=2
Column_122=2
Column_124=2
Column_133=2
Column_134=2
Column_145=2
Column_0=1
Column_2=1
Column_3=1
Column_6=1
Column_10=1
Column_16=1
Column_22=1
Column_31=1
Column_33=1
Column_38=1
Column_41=1
Column_45=1
Column_46=1
Column_58=1
Column_64=1
Column_66=1
Column_72=1
Column_73=1
Column_80=1
Column_95=1
Column_98=1
Column_107=1
Column_111=1
Column_140=1

parameters:
[boosting: gbdt]
[objective: regression]
[metric: l2]
[tree_learner: serial]
[device_type: cpu]
[data_sample_strategy: bagging]
[data: ]
[valid: ]
[num_iterations: 1000]
[learning_rate: 0.05]
[num_leaves: 31]
[num_threads: 0]
[seed: 42]
[deterministic: 1]
[force_col_wise: 0]
[force_row_wise: 0]
[histogram_pool_size: -1]
[max_depth: -1]
[min_data_in_leaf: 20]
[min_sum_hessian_in_leaf: 0.001]
[bagging_fraction: 1]
[pos_bagging_fraction: 1]
[neg_bagging_fraction: 1]
[bagging_freq: 0]
[bagging_seed: 400]
[bagging_by_query: 0]
[feature_fraction: 1]
[feature_fraction_bynode: 1]
[feature_fraction_seed: 30056]
[extra_trees: 0]
[extra_seed: 12879]
[early_stopping_round: 0]
[early_stopping_min_delta: 0]
[first_metric_only: 0]
[max_delta_step: 0]
[lambda_l1: 0]
[lambda_l2: 0]
[linear_lambda: 0]
[min_gain_to_split: 0]
[drop_rate: 0.1]
[max_drop: 50]
[skip_drop: 0.5]
[xgboost_dart_mode: 0]
[uniform_drop: 0]
[drop_seed: 17869]
[top_rate: 0.2]
[other_rate: 0.1]
[min_data_per_group: 100]
[max_cat_threshold: 32]
[cat_l2: 10]
[cat_smooth: 10]
[max_cat_to_onehot: 4]
[top_k: 20]
[monotone_constraints: ]
[monotone_constraints_method: basic]
[monotone_penalty: 0]
[feature_contri: ]
[forcedsplits_filename: ]
[refit_decay_rate: 0.9]
[cegb_tradeoff: 1]
[cegb_penalty_split: 0]
[cegb_penalty_feature_lazy: ]
[cegb_penalty_feature_coupled: ]
[path_smooth: 0]
[interaction_constraints: ]
[verbosity: -1]
[saved_feature_importance_type: 0]
[use_quantized_grad: 0]
[num_grad_quant_bins: 4]
[quant_train_renew_leaf: 0]
[stochastic_rounding: 1]
[linear_tree: 0]
[max_bin: 255]
[max_bin_by_feature: ]
[min_data_in_bin: 3]
[bin_construct_sample_cnt: 200000]
[data_random_seed: 175]
[is_enable_sparse: 1]
[enable_bundle: 1]
[use_missing: 1]
[zero_as_missing: 0]
[feature_pre_filter: 1]
[pre_partition: 0]
[two_round: 0]
[header: 0]
[label_column: ]
[weight_column: ]
[group_column: ]
[ignore_column: ]
[categorical_feature: ]
[forcedbins_filename: ]
[precise_float_parser: 0]
[parser_config_file: ]
[objective_seed: 16083]
[num_class: 1]
[is_unbalance: 0]
[scale_pos_weight: 1]
[sigmoid: 1]
[boost_from_average: 1]
[reg_sqrt: 0]
[alpha: 0.9]
[fair_c: 1]
[poisson_max_delta_step: 0.7]
[tweedie_variance_power: 1.5]
[lambdarank_truncation_level: 30]
[lambdarank_norm: 1]
[label_gain: ]
[lambdarank_position_bias_regularization: 0]
[eval_at: ]
[multi_error_top_k: 1]
[auc_mu_weights: ]
[num_machines: 1]
[local_listen_port: 12400]
[time_out: 120]
[machine_list_filename: ]
[machines: ]
[gpu_platform_id: -1]
[gpu_device_id: -1]
[gpu_device_id_list: ]
[gpu_use_dp: 0]
[num_gpu: 1]

end of parameters

pandas_categorical:null
