tree
version=v4
num_class=1
num_tree_per_iteration=1
label_index=0
max_feature_idx=293
objective=regression
feature_names=Column_0 Column_1 Column_2 Column_3 Column_4 Column_5 Column_6 Column_7 Column_8 Column_9 Column_10 Column_11 Column_12 Column_13 Column_14 Column_15 Column_16 Column_17 Column_18 Column_19 Column_20 Column_21 Column_22 Column_23 Column_24 Column_25 Column_26 Column_27 Column_28 Column_29 Column_30 Column_31 Column_32 Column_33 Column_34 Column_35 Column_36 Column_37 Column_38 Column_39 Column_40 Column_41 Column_42 Column_43 Column_44 Column_45 Column_46 Column_47 Column_48 Column_49 Column_50 Column_51 Column_52 Column_53 Column_54 Column_55 Column_56 Column_57 Column_58 Column_59 Column_60 Column_61 Column_62 Column_63 Column_64 Column_65 Column_66 Column_67 Column_68 Column_69 Column_70 Column_71 Column_72 Column_73 Column_74 Column_75 Column_76 Column_77 Column_78 Column_79 Column_80 Column_81 Column_82 Column_83 Column_84 Column_85 Column_86 Column_87 Column_88 Column_89 Column_90 Column_91 Column_92 Column_93 Column_94 Column_95 Column_96 Column_97 Column_98 Column_99 Column_100 Column_101 Column_102 Column_103 Column_104 Column_105 Column_106 Column_107 Column_108 Column_109 Column_110 Column_111 Column_112 Column_113 Column_114 Column_115 Column_116 Column_117 Column_118 Column_119 Column_120 Column_121 Column_122 Column_123 Column_124 Column_125 Column_126 Column_127 Column_128 Column_129 Column_130 Column_131 Column_132 Column_133 Column_134 Column_135 Column_136 Column_137 Column_138 Column_139 Column_140 Column_141 Column_142 Column_143 Column_144 Column_145 Column_146 Column_147 Column_148 Column_149 Column_150 Column_151 Column_152 Column_153 Column_154 Column_155 Column_156 Column_157 Column_158 Column_159 Column_160 Column_161 Column_162 Column_163 Column_164 Column_165 Column_166 Column_167 Column_168 Column_169 Column_170 Column_171 Column_172 Column_173 Column_174 Column_175 Column_176 Column_177 Column_178 Column_179 Column_180 Column_181 Column_182 Column_183 Column_184 Column_185 Column_186 Column_187 Column_188 Column_189 Column_190 Column_191 Column_192 Column_193 Column_194 Column_195 Column_196 Column_197 Column_198 Column_199 Column_200 Column_201 Column_202 Column_203 Column_204 Column_205 Column_206 Column_207 Column_208 Column_209 Column_210 Column_211 Column_212 Column_213 Column_214 Column_215 Column_216 Column_217 Column_218 Column_219 Column_220 Column_221 Column_222 Column_223 Column_224 Column_225 Column_226 Column_227 Column_228 Column_229 Column_230 Column_231 Column_232 Column_233 Column_234 Column_235 Column_236 Column_237 Column_238 Column_239 Column_240 Column_241 Column_242 Column_243 Column_244 Column_245 Column_246 Column_247 Column_248 Column_249 Column_250 Column_251 Column_252 Column_253 Column_254 Column_255 Column_256 Column_257 Column_258 Column_259 Column_260 Column_261 Column_262 Column_263 Column_264 Column_265 Column_266 Column_267 Column_268 Column_269 Column_270 Column_271 Column_272 Column_273 Column_274 Column_275 Column_276 Column_277 Column_278 Column_279 Column_280 Column_281 Column_282 Column_283 Column_284 Column_285 Column_286 Column_287 Column_288 Column_289 Column_290 Column_291 Column_292 Column_293
feature_infos=[-8401:9002.5] [-7144.5:9177.5] [-9050:8719.5] [-8058.5:8792.5] [-8396.474609375:11022.4248046875] [101.59349060058594:1576.9803466796875] [-7417.57958984375:9075.494140625] [-8057:8795] [-7124:8813.5] [-8706:8383.5] [-7557:8544] [-8345.4296875:10962.525390625] [101.59349060058594:1576.9803466796875] [-7400.572265625:9027.1767578125] [-7555.5:8544] [-7063.5:8860] [-8204.5:8430] [-7120.5:8595] [-8297.8701171875:10908.2998046875] [101.59349060058594:1576.9803466796875] [-7372.33837890625:8967.7509765625] [-7119:8597.5] [-7044:8680] [-8272.5:8208] [-7174:8655.5] [-8251.330078125:10856.150390625] [101.59349060058594:1576.9803466796875] [-7348.216796875:8939.365234375] [-7172.5:8656] [-6999:8737.5] [-8315:8180] [-7134.5:8285] [-8201.509765625:10800.0498046875] [101.59349060058594:1576.9803466796875] [-7322.92431640625:8866.05859375] [-7133:8285] [-7068:8920] [-8405:8227.5] [-7162.5:8527.5] [-8149.22998046875:10745.4501953125] [101.59349060058594:1576.9803466796875] [-7308.34033203125:8667.7353515625] [-7162:8530] [-7087:9197.5] [-7797.5:8475] [-7313.5:9017.5] [-8098.85009765625:10699.125] [101.59349060058594:1576.9803466796875] [-7288.71826171875:8467.078125] [-7312:9017.5] [-7066.5:9270] [-8129.5:8650] [-7749.5:8952.5] [-8049.85498046875:10652.375] [101.59349060058594:1576.9803466796875] [-7273.69873046875:8511.2080078125] [-7748:8952.5] [-6562:9362.5] [-8397:8932.5] [-7845.5:9097.5] [-8004.16015625:10607] [101.59349060058594:1576.9803466796875] [-7190.90771484375:8564.5068359375] [-7844:9100] [-6658:9182.5] [-8493:8497.5] [-7605.5:8915] [-7956.09521484375:10559.4248046875] [101.59349060058594:1576.9803466796875] [-7118.6435546875:8566.142578125] [-7604:8915] [-6760.5:9447.5] [-8253:8725] [-7139.5:9267.5] [-7909.5498046875:10513.5] [101.59349060058594:1576.9803466796875] [-7033.5849609375:8578.9931640625] [-7138:9267.5] [-6678.5:9280] [-7787:8632.5] [-7145.5:8942.5] [-7861.705078125:10467.8251953125] [101.59349060058594:1576.9803466796875] [-6944.62255859375:8612.0390625] [-7144:8945] [-6676:9330] [-7853:8782.5] [-7473:8982.5] [-7810.27490234375:10417.4501953125] [101.59349060058594:1576.9803466796875] [-6878.248046875:8645.7177734375] [-7471.5:8985] [-6501:9215] [-8120.5:8872.5] [-7136.5:9212.5] [-7786.5751953125:10370.25] [101.59349060058594:1576.9803466796875] [-6824.04345703125:8697.2431640625] [-7135:9104.5] [-6427:9262.5] [-7784:8932.5] [-6670.5:9157.5] [-7777.78515625:10325] [101.59349060058594:1576.9803466796875] [-6744.53955078125:8728.17578125] [-6669:9160] [-6241.5:9465] [-7127.5:8980] [-6485:9280] [-7766.68994140625:10284.400390625] [101.59349060058594:1576.9803466796875] [-6677.30859375:8778.341796875] [-6483.5:9282.5] [-6017.5:9950] [-7667.5:9227.5] [-6205.5:9770] [-7754.22021484375:10253.400390625] [101.59349060058594:1576.9803466796875] [-6600.55322265625:8868.4921875] [-6204:9770] [-6015.5:9782.5] [-7840:9135] [-6372:9242.5] [-7721.31494140625:10218] [101.59349060058594:1576.9803466796875] [-6365.27587890625:8902.4931640625] [-6370.5:9242.5] [-5996:9522.5] [-7610:8892.5] [-6676.5:9290] [-7681.73486328125:10174.8251953125] [101.59349060058594:1576.9803466796875] [-6300.216796875:8937.720703125] [-6675:9287.5] [-5951:9500] [-7324:9107.5] [-6620:9317.5] [-7636.759765625:10131.0498046875] [101.59349060058594:1576.9803466796875] [-6274.92431640625:8972.24609375] [-6618.5:9317.5] [-6291.5:9687.5] [-7267.5:9292.5] [-6400.5:9660] [-7593.6298828125:10092.2001953125] [101.59349060058594:1576.9803466796875] [-6260.34033203125:9034.76953125] [-6398.5:9662.5] [-6306:9695] [-6865:9212.5] [-6455.5:9305] [-7549.43994140625:10046.5] [101.59349060058594:1576.9803466796875] [-6240.71826171875:9059.3359375] [-6456.5:9302.5] [-6291:9317.5] [-6635:8520] [-6470:8767.5] [-7499.40478515625:9994.2998046875] [101.59349060058594:1576.9803466796875] [-6225.69873046875:9032.8056640625] [-6471:8770] [-6221.5:8950] [-6602:8300] [-6465:8550] [-7450:9943.0498046875] [101.59349060058594:1576.9803466796875] [-6142.90771484375:8988.9140625] [-6463.5:8552.5] [-6206.5:8710] [-6687.5:7865] [-6450:7970] [-7403.1748046875:9886.349609375] [101.59349060058594:1576.9803466796875] [-6070.6435546875:8896.28515625] [-6448.5:7970] [-5815:8392.5] [-7302.5:7670] [-6037.5:7810] [-7345.0498046875:9838] [101.59349060058594:1576.9803466796875] [-5985.5849609375:8797.5322265625] [-6036:7807.5] [-5733:8102.5] [-6710:7595] [-5979:7767.5] [-7281.53515625:9797.875] [101.59349060058594:1576.9803466796875] [-5896.62255859375:8703.892578125] [-5980:7767.5] [-5766.5:7977.5] [-6285:7492.5] [-5974:7502.5] [-7221.23486328125:9755.599609375] [101.59349060058594:1576.9803466796875] [-5830.248046875:8594.67578125] [-5972.5:7502.5] [-5684.5:7610] [-6102.5:6407.5] [-5930.5:6855] [-7160.7001953125:9705.9501953125] [101.59349060058594:1576.9803466796875] [-5776.04345703125:8436.5234375] [-5931.5:6850] [-5682:6910] [-6327.5:5862.5] [-5925.5:6215] [-7098.35009765625:9645.1748046875] [101.59349060058594:1576.9803466796875] [-5696.53955078125:8234.56640625] [-5924:6215] [-4788:6882.5] [-5955:6075] [-4969:6175] [-7034.10498046875:9579.724609375] [101.59349060058594:1576.9803466796875] [-5629.30859375:8047.3330078125] [-4967.5:6172.5] [-4755.5:6262.5] [-5616.5:4767.5] [-5242.5:5237.5] [-6973.41015625:9497.275390625] [101.59349060058594:1576.9803466796875] [-5552.55322265625:7791.8935546875] [-5242.5:5240] [-4462.5:5702.5] [-6150:5020] [-4890:5280] [-6912.97509765625:9411.1748046875] [101.59349060058594:1576.9803466796875] [-5317.27587890625:7563.53955078125] [-4882.5:5280] [-4235:5595] [-5600:4532.5] [-4937.5:4695] [-6850.96484375:9319.900390625] [101.59349060058594:1576.9803466796875] [-5069.38720703125:7278.4453125] [-4936:4695] [-4035:5857.5] [-5585:4685] [-4640:5227.5] [-6786.6650390625:9237.775390625] [101.59349060058594:1576.9803466796875] [-4798.76123046875:7091.99560546875] [-4647.5:5225] [-4595:5805] [-5747.5:4535] [-4992.5:4540] [-6720.18017578125:9145] [101.59349060058594:1576.9803466796875] [-4532.7373046875:6859.99609375] [-4997.5:4540] [-4230:5297.5] [-5565:4400] [-4490:5147.5] [-6648.26513671875:9058.525390625] [101.59349060058594:1576.9803466796875] [-4290.0791015625:6704.314453125] [-4495:5147.5] [-3637.5:5197.5] [-4972.5:3602] [-3997.5:4675.5] [-6574.80517578125:8967.525390625] [101.59349060058594:1576.9803466796875] [-4022.890380859375:6503.6953125] [-3996:4677] [-3428.5:5622.5] [-4645:4667.5] [-3446.5:5142.5] [-6498.52490234375:8883.125] [101.59349060058594:1576.9803466796875] [-3788.854736328125:6379.9501953125] [-3446.5:5137.5] [-3347:5157.5] [-4635:4878.5] [-3375:5102.5] [-6423.0048828125:8783.7998046875] [101.59349060058594:1576.9803466796875] [-3573.09521484375:6135.181640625] [-3556.5:5103] [-3399:6013.5] [-4097:3127] [-3429:4117.5] [-6346.5400390625:8676.9248046875] [101.59349060058594:1576.9803466796875] [-3299.632080078125:5822.2109375] [-3430.5:4114.5] [0:4883] [-3620:0] none [-6267.39013671875:8548.2998046875] [101.59349060058594:1576.9803466796875] [-2999.66552734375:5292.9189453125]
tree_sizes=2838 2842 2882 2847 2890 2851 2826 2816 2856 2870 2802 2796 2844

Tree=0
num_leaves=31
num_cat=0
split_feature=20 229 289 275 267 288 169 282 129 267 276 289 4 227 262 272 106 286 149 292 47 149 155 169 26 278 274 12 236 46
split_gain=4.40326e+06 3.40457e+06 3.52621e+06 3.37978e+06 1.82825e+06 3.20099e+06 2.1426e+06 1.91915e+06 1.75743e+06 2.11936e+06 1.50956e+06 1.3234e+06 1.26165e+06 1.25906e+06 2.02211e+06 1.62255e+06 1.78898e+06 1.33443e+06 1.33179e+06 1.25881e+06 1.19177e+06 1.08221e+06 1.05218e+06 1.57249e+06 2.10693e+06 1.91473e+06 1.38382e+06 1.20167e+06 1.99643e+06 1.18959e+06
threshold=5237.4047851562509 553.73107910156261 -722.24999999999989 270.75000000000006 2094.5000000000005 1319.2500000000002 3553.7500000000005 548.50000000000011 4407.2500000000009 571.25000000000011 948.25000000000011 -75.249999999999986 2858.359985351563 1939.0000000000002 362.25000000000006 1654.1351318359377 2302.7500000000005 1692.2800292968752 2027.2500000000002 367.27325439453131 441.64888000488287 2128.5000000000005 3324.2500000000005 2409.7500000000005 332.84884643554693 719.73504638671886 692.75000000000011 1012.183807373047 852.46588134765636 5482.8801269531259
decision_type=2 2 2 2 2 2 2 2 2 2 2 2 2 2 2 2 2 2 2 2 2 2 2 2 2 2 2 2 2 2
left_child=4 -2 -3 -4 5 6 11 10 9 -8 -6 13 -11 15 -15 22 -17 20 -18 -13 -16 -19 23 27 -25 26 -26 29 -29 -1
right_child=1 2 3 -5 7 -7 8 -9 -10 12 -12 19 -14 14 17 16 18 21 -20 -21 -22 -23 -24 24 25 -27 -28 28 -30 -31
leaf_value=-0.58443240529503737 28.630069491731426 23.680069486963053 7.9559992327349995 -17.324930360449059 12.195069635974665 -15.284652684926359 0.49381990056745678 19.556863117604493 3.2803583923268689 -10.666757103244855 -6.0763724255046103 -0.15541987291912379 -27.144275795409925 -7.3624301131270347 5.4269450953774641 -19.599361921572299 -14.015704153397101 -8.4411802889234835 0.86268798144671188 1.3723818253339828 18.372725903856058 6.1388198656228461 -9.9195135650363575 16.416319912937578 -5.38304556834892 15.265248163976993 7.5379867337815956 -17.474930148597121 -0.47006888906098221 7.7420757376938329
leaf_weight=17625 20 20 39 20 20 36 23 23 26 26 26 5000 21 32 40 22 21 20 53 1846 32 35 30 30 67 21 30 28 45 43
leaf_count=17625 20 20 39 20 20 36 23 23 26 26 26 5000 21 32 40 22 21 20 53 1846 32 35 30 30 67 21 30 28 45 43
internal_value=-0.322295 10.2019 5.53654 -0.613807 -0.363605 -0.385902 -0.364547 7.76411 -7.81998 -11.943 1.86773 -0.335941 -18.0291 -0.559126 3.87071 -0.598224 -7.08118 6.7011 -3.35956 0.256547 11.1806 0.837002 -0.563492 -0.547802 4.5847 1.57666 -1.38685 -0.590619 -6.99248 -0.564168
internal_weight=25320 99 79 59 25221 25152 25116 69 96 70 46 25020 47 18174 159 18015 96 127 74 6846 72 55 17919 17889 148 118 97 17741 73 17668
internal_count=25320 99 79 59 25221 25152 25116 69 96 70 46 25020 47 18174 159 18015 96 127 74 6846 72 55 17919 17889 148 118 97 17741 73 17668
is_linear=0
shrinkage=1


Tree=1
num_leaves=31
num_cat=0
split_feature=20 289 110 267 288 169 282 129 267 276 282 261 257 82 12 155 182 283 287 48 248 240 227 208 246 29 107 232 275 246
split_gain=3.97394e+06 3.11981e+06 4.9684e+06 1.65e+06 2.88889e+06 1.93369e+06 1.73204e+06 1.58608e+06 1.91272e+06 1.36238e+06 1.26284e+06 1.77396e+06 1.55672e+06 2.27315e+06 1.86064e+06 1.63661e+06 1.48369e+06 1.74182e+06 1.33392e+06 3.3094e+06 1.60832e+06 1.37968e+06 1.2738e+06 1.56423e+06 1.2362e+06 1.23219e+06 1.21055e+06 1.63557e+06 1.35905e+06 1.1628e+06
threshold=5237.4047851562509 -722.24999999999989 587.72634887695324 2094.5000000000005 1319.2500000000002 3553.7500000000005 548.50000000000011 4407.2500000000009 571.25000000000011 948.25000000000011 -337.24999999999994 9.2500000000000018 719.73504638671886 904.46777343750011 904.46777343750011 341.75000000000006 1861.2500000000002 -426.24999999999994 37.750000000000007 1779.4002685546877 1473.0000000000002 947.25000000000011 1939.0000000000002 400.88555908203131 1345.7500000000002 432.00000000000006 964.25000000000011 1353.0000000000002 -80.749999999999986 1186.2500000000002
decision_type=2 2 2 2 2 2 2 2 2 2 2 2 2 2 2 2 2 2 2 2 2 2 2 2 2 2 2 2 2 2
left_child=3 -2 -3 4 5 10 9 8 -7 -5 11 16 14 -14 22 -15 26 -18 20 -20 21 -13 -12 -24 -23 -16 27 -1 -28 -19
right_child=1 2 -4 6 -6 7 -8 -9 -10 -11 12 18 13 15 25 -17 17 29 19 -21 -22 24 23 -25 -26 -27 28 -29 -30 -31
leaf_value=-0.24407788085653795 26.132626906685211 16.926866363897556 -8.7214668979815073 11.891496579647065 -14.214239501953125 0.77530932219132132 18.885200074444647 3.4225204813938874 -16.821419587287497 -5.4663735201725601 0.12588092811740986 -1.83372932628171 7.4433227689913766 -14.76832232692025 -1.9850808999755167 2.2100912117958069 17.813226063355156 -1.6696737332777545 -2.8293350039557978 -24.510774251321951 7.7244855073782119 -16.844963134527205 -1.0598332314537122 10.615191587060691 -4.1860715980882999 -18.91764602661133 -2.177984498761397 12.580721572875978 -14.613528243355129 12.408867378234865
leaf_weight=4454 23 41 35 20 36 23 23 26 47 26 18775 558 162 22 22 40 23 55 66 24 39 30 52 64 54 21 491 25 23 20
leaf_count=4454 23 41 35 20 36 23 23 26 47 26 18775 558 162 22 22 40 23 55 66 24 39 30 52 64 54 21 491 25 23 20
internal_value=8.37693e-09 9.99799 5.11513 -0.0392451 -0.0604272 -0.0401398 7.68208 -7.1228 -11.0396 2.08053 -0.0129641 -0.655137 0.183529 4.32732 0.134506 -3.81451 -0.316648 5.77602 -2.89022 -8.61105 -2.13416 -2.73305 0.158153 5.38156 -8.7071 -10.2545 -0.436232 -0.172495 -2.73444 2.0846
internal_weight=25320 99 76 25221 25152 25116 69 96 70 46 25020 5862 19158 224 18934 62 5091 98 771 90 681 642 18891 116 84 43 4993 4479 514 75
internal_count=25320 99 76 25221 25152 25116 69 96 70 46 25020 5862 19158 224 18934 62 5091 98 771 90 681 642 18891 116 84 43 4993 4479 514 75
is_linear=0
shrinkage=0.05


Tree=2
num_leaves=31
num_cat=0
split_feature=20 229 289 275 267 288 169 234 195 291 289 285 233 288 56 227 272 108 211 96 62 5 43 143 273 213 260 19 260 106
split_gain=3.58648e+06 2.92851e+06 2.85457e+06 2.99786e+06 1.48912e+06 2.60723e+06 1.74516e+06 1.67402e+06 1.46266e+06 2.28472e+06 1.17083e+06 1.17814e+06 1.14548e+06 1.0561e+06 1.03276e+06 1.29213e+06 1.35122e+06 1.62405e+06 1.30969e+06 1.42824e+06 1.21005e+06 1.36446e+06 1.12911e+06 1.24259e+06 2.06237e+06 1.13262e+06 1.13426e+06 1.86454e+06 1.38319e+06 1.40115e+06
threshold=5237.4047851562509 553.73107910156261 -722.24999999999989 270.75000000000006 2094.5000000000005 1319.2500000000002 3553.7500000000005 2658.2500000000005 4044.8466796875005 3423.652465820313 -75.249999999999986 630.97421264648449 -1493.2499999999998 620.25000000000011 4414.2500000000009 1939.0000000000002 1654.1351318359377 2082.7500000000005 2837.5000000000005 569.17248535156261 3832.134887695313 408.32109069824224 3789.2500000000005 2299.2500000000005 -355.24999999999994 2134.7500000000005 197.25000000000003 1012.183807373047 -184.74999999999997 2365.7500000000005
decision_type=2 2 2 2 2 2 2 2 2 2 2 2 2 2 2 2 2 2 2 2 2 2 2 2 2 2 2 2 2 2
left_child=4 -2 -3 -4 5 6 10 13 9 -8 14 -12 -13 -6 15 16 20 -18 19 -17 22 -22 23 25 -25 26 28 -28 29 -1
right_child=1 2 3 -5 7 -7 8 -9 -10 -11 11 12 -14 -15 -16 18 17 -19 -20 -21 21 -23 -24 24 -26 -27 27 -29 -30 -31
leaf_value=-0.52899261416552357 26.589360208511351 21.495615272521974 7.7085680496998323 -16.101155188083649 -7.4576688957214365 -13.503527503543431 -4.57260151969062 16.444519012549829 2.3874729730685553 -24.545559696640289 0.46842062261281447 15.828393736092941 2.943826145711153 8.7911480331420915 -7.1916822145569999 3.7261055081121386 -18.581147330147882 -2.5873008562968329 -5.1238699452630412 16.60690246309553 0.066888731512530095 11.598090773043426 -6.81969364808156 19.091952657699586 2.0251188244138443 9.6137010590783483 -0.69881388884295281 -11.803690989237083 0.56354262056854465 -10.870303838903254
leaf_weight=4405 20 20 39 20 20 36 45 29 30 21 6754 23 69 20 53 93 21 65 29 28 58 46 65 20 154 29 7160 38 5877 33
leaf_count=4405 20 20 39 20 20 36 45 29 30 21 6754 23 69 20 53 93 21 65 29 28 58 46 65 20 154 29 7160 38 5877 33
internal_value=6.58332e-08 9.49809 5.17118 -0.362525 -0.0372828 -0.0574058 -0.0381328 7.29798 -6.76666 -10.9276 -0.0123159 0.544974 6.16497 0.66674 -0.222242 -0.201858 -0.240432 -6.49277 4.41953 6.70679 -0.210368 5.16723 -0.241821 -0.217687 3.98682 -0.259391 -0.27574 -0.757439 0.0603982 -0.605888
internal_weight=25320 99 79 59 25221 25152 25116 69 96 66 25020 6846 92 40 18174 18121 17971 86 150 121 17885 104 17781 17716 174 17542 17513 7198 10315 4438
internal_count=25320 99 79 59 25221 25152 25116 69 96 66 25020 6846 92 40 18174 18121 17971 86 150 121 17885 104 17781 17716 174 17542 17513 7198 10315 4438
is_linear=0
shrinkage=0.05


Tree=3
num_leaves=31
num_cat=0
split_feature=20 229 289 275 267 288 169 206 120 289 253 241 282 262 227 145 238 269 257 82 201 197 155 11 252 232 238 239 240 156
split_gain=3.2368e+06 2.64298e+06 2.57625e+06 2.70557e+06 1.34393e+06 2.35302e+06 1.57501e+06 1.54674e+06 1.8949e+06 1.38284e+06 1.28556e+06 1.18283e+06 1.10343e+06 1.61653e+06 1.75983e+06 1.86325e+06 2.93716e+06 1.70074e+06 1.38579e+06 1.98193e+06 1.71563e+06 2.22065e+06 1.45156e+06 1.28694e+06 1.64673e+06 1.09827e+06 1.26664e+06 1.73005e+06 1.08834e+06 2.25461e+06
threshold=5237.4047851562509 553.73107910156261 -722.24999999999989 270.75000000000006 2094.5000000000005 1319.2500000000002 3553.7500000000005 2376.5000000000005 3808.5000000000005 -90.249999999999986 1638.2500000000002 1091.5000000000002 -337.24999999999994 401.75000000000006 1939.0000000000002 537.77215576171886 1121.7500000000002 608.75000000000011 719.73504638671886 904.46777343750011 661.46316528320324 1561.2500000000002 341.75000000000006 5658.3276367187509 967.75000000000011 1236.2500000000002 675.25000000000011 668.25000000000011 1504.2500000000002 2069.2500000000005
decision_type=2 2 2 2 2 2 2 2 2 2 2 2 2 2 2 2 2 2 2 2 2 2 2 2 2 2 2 2 2 2
left_child=4 -2 -3 -4 5 6 12 -6 -9 10 11 -8 13 -1 15 -15 17 -17 20 -20 23 25 -21 28 -25 26 27 -22 -14 -30
right_child=1 2 3 -5 7 -7 9 8 -10 -11 -12 -13 18 14 -16 16 -18 -19 19 22 21 -23 -24 24 -26 -27 -28 -29 29 -31
leaf_value=-0.38071880359284799 25.259892306327821 20.420834312438966 7.3231396748469422 -15.296097679138184 -2.4036848668698916 -12.828350840674506 -13.625979654788972 23.061389584974812 1.7965754818916322 4.262659367271092 -18.208383434159416 2.6877406425476078 0.12709902577524909 -2.6447751086205247 7.3143961513743676 -11.062950083613396 -27.226775777907598 5.9972177687145418 6.9912149560051393 -13.836726578799162 -3.7470579862594606 -16.750048639774324 2.1530187606811526 -1.8811459844762628 16.547165561605382 8.9228630065917969 -13.893485078811645 11.248473349484531 8.7835929639715911 -5.6268797410161877
leaf_weight=5440 20 20 39 20 27 36 20 22 20 23 28 25 18502 298 34 48 21 21 162 22 153 30 40 22 27 20 25 22 95 38
leaf_count=5440 20 20 39 20 27 36 20 22 20 23 28 25 18502 298 34 48 21 21 162 22 153 30 40 22 27 20 25 22 95 38
internal_value=1.37985e-08 9.02318 4.91262 -0.344398 -0.0354187 -0.0545355 -0.0362262 6.93308 12.9353 -6.42833 -9.79672 -4.5628 -0.0117001 -0.611976 -3.59312 -4.54893 -10.8538 -5.87073 0.171974 4.08165 0.12572 -3.98886 -3.52076 0.180775 8.27323 -2.2487 -3.36585 -1.86191 0.159496 4.66632
internal_weight=25320 99 79 59 25221 25152 25116 69 42 96 73 45 25020 5862 422 388 90 69 19158 224 18934 250 62 18684 49 220 200 175 18635 133
internal_count=25320 99 79 59 25221 25152 25116 69 42 96 73 45 25020 5862 422 388 90 69 19158 224 18934 250 62 18684 49 220 200 175 18635 133
is_linear=0
shrinkage=0.05


Tree=4
num_leaves=31
num_cat=0
split_feature=20 229 198 289 292 58 104 264 288 119 215 287 137 275 82 187 234 127 287 260 195 282 191 265 269 278 261 211 260 105
split_gain=2.92121e+06 2.38529e+06 2.42772e+06 1.26134e+06 1.91778e+06 1.8839e+06 1.40547e+06 2.7978e+06 2.10801e+06 1.99426e+06 2.09443e+06 1.71606e+06 1.28954e+06 1.08877e+06 1.06736e+06 1.03162e+06 1.0227e+06 1.60208e+06 1.33296e+06 1.06895e+06 1.38463e+06 1.25596e+06 1.60908e+06 2.13507e+06 1.4566e+06 1.71294e+06 1.28892e+06 1.21127e+06 1.18205e+06 1.30171e+06
threshold=5237.4047851562509 553.73107910156261 1403.0000000000002 -75.249999999999986 601.57815551757824 4190.7500000000009 3514.071655273438 700.57888793945324 1319.2500000000002 3178.5000000000005 619.95794677734386 -143.74999999999997 4416.9699707031259 60.250000000000007 553.73107910156261 661.46316528320324 1822.7500000000002 1753.2500000000002 380.25000000000006 197.25000000000003 2226.048217773438 -312.74999999999994 -1049.2499999999998 -232.93109893798825 -524.74999999999989 594.14135742187511 -317.74999999999994 2027.7500000000002 -184.74999999999997 2246.2500000000005
decision_type=2 2 2 2 2 2 2 2 2 2 2 2 2 2 2 2 2 2 2 2 2 2 2 2 2 2 2 2 2 2
left_child=3 -2 -3 5 15 6 8 11 9 16 -11 -8 -7 -4 -9 -5 19 -18 -19 20 28 22 23 26 25 -24 -21 -26 29 -1
right_child=1 2 13 4 -6 12 7 14 -10 10 -12 -13 -14 -15 -16 -17 17 18 -20 21 -22 -23 24 -25 27 -27 -28 -29 -30 -31
leaf_value=-0.4727938723694588 23.996897431612016 19.233657546270464 5.5678484022617347 0.47365656487473634 6.3783922789753351 -2.3930331903345445 -7.9532917251953705 7.7536650228500363 -13.963970919166293 -3.4100020675948173 -21.539307659580597 5.0073793456361102 -14.654504978334581 -8.2071390500435459 24.088867392539981 -7.2956789216329883 13.323354285103935 4.2855758932920605 -8.6041819051459978 2.0588320386176018 11.849641311645508 -0.37513310265859601 -1.0727290383407049 -19.858347245363092 -1.4799537404598251 17.81806752341134 -8.0180165103858432 -10.439027170034556 0.53205048751630069 -10.440272784233095
leaf_weight=4421 20 21 32 6702 138 51 39 20 28 66 21 74 37 26 20 43 35 78 27 51 25 6049 28 26 1156 21 84 39 5909 33
leaf_count=4421 20 21 32 6702 138 51 39 20 28 66 21 74 37 26 20 43 35 78 27 51 25 6049 28 26 1156 21 84 39 5909 33
internal_value=4.24229e-08 8.57202 4.66699 -0.0336477 0.543506 -0.250277 -0.215086 4.55698 -0.255431 -0.234188 -7.78604 0.534227 -7.54842 -0.607146 15.9213 0.424126 -0.197651 4.05914 0.971067 -0.231053 0.0967825 -0.687928 -2.03462 -6.73807 -1.42589 7.02333 -4.21121 -1.77234 0.0684296 -0.546644
internal_weight=25320 99 79 25221 6883 18338 18250 153 18097 18069 87 113 88 58 40 6745 17982 140 105 17842 10388 7454 1405 161 1244 49 135 1195 10363 4454
internal_count=25320 99 79 25221 6883 18338 18250 153 18097 18069 87 113 88 58 40 6745 17982 140 105 17842 10388 7454 1405 161 1244 49 135 1195 10363 4454
is_linear=0
shrinkage=0.05


Tree=5
num_leaves=31
num_cat=0
split_feature=234 283 288 33 252 256 192 281 124 268 261 128 54 94 177 269 8 131 12 180 31 61 155 3 54 89 175 190 2 164
split_gain=2.80485e+06 6.22572e+06 1.60418e+06 2.28408e+06 1.57095e+06 1.5504e+06 2.69785e+06 2.01796e+06 1.63222e+06 1.26618e+06 1.17533e+06 1.08437e+06 2.04224e+06 1.49103e+06 1.03993e+06 1.73527e+06 1.50686e+06 1.78341e+06 1.43001e+06 1.2066e+06 1.11675e+06 887744 2.27596e+06 1.51619e+06 2.37423e+06 1.21408e+06 1.5785e+06 1.58804e+06 1.16742e+06 1.29718e+06
threshold=2658.2500000000005 866.25000000000011 1319.2500000000002 446.27917480468756 2333.7500000000005 4185.3376464843759 1704.2500000000002 297.75000000000006 529.70809936523449 235.50000000000003 1215.5000000000002 3128.0000000000005 320.38192749023443 3786.7500000000005 1737.0000000000002 -465.74999999999994 2691.7500000000005 553.73107910156261 601.57815551757824 396.73422241210943 4124.2500000000009 534.11987304687511 -3018.9999999999995 3218.2500000000005 601.57815551757824 502.09635925292974 1598.2500000000002 1310.2500000000002 -1037.2499999999998 692.75000000000011
decision_type=2 2 2 2 2 2 2 2 2 2 2 2 2 2 2 2 2 2 2 2 2 2 2 2 2 2 2 2 2 2
left_child=2 10 4 -4 5 11 -7 -8 -9 -10 -2 14 -13 -14 20 -16 18 19 -17 -18 21 25 -23 28 -25 -1 27 -27 29 -24
right_child=1 -3 3 -5 -6 6 7 8 9 -11 -12 12 13 -15 15 16 17 -19 -20 -21 -22 22 23 24 -26 26 -28 -29 -30 -31
leaf_value=-0.044532014763019288 -6.3196974537589341 28.899996889079059 -21.454910932268419 1.8651983578999838 -11.645590987698785 17.067782518598769 14.397831769423053 6.0304052937415342 0.49741356611251836 -16.381278804779054 7.4774698943927378 -18.800603028706142 -11.954120544024876 1.2574455205599468 14.800000708836777 2.5917810971788366 -3.9796790383843814 -13.6433313029153 14.259551949542146 4.8171331206957504 6.9375834582144753 -17.79776512145996 -0.26713871133730754 -2.6440750009135199 15.149736941827312 1.7504914435598515 -9.3383381223678583 10.791625615725152 -2.0479152507196425 6.7311903066105323
leaf_weight=21196 33 27 21 21 29 36 22 31 20 25 29 21 28 90 26 278 85 28 29 72 57 20 824 38 37 736 30 52 1307 72
leaf_count=21196 33 27 21 21 29 36 22 31 20 25 29 21 28 90 26 278 85 28 29 72 57 20 824 38 37 736 30 52 1307 72
internal_value=-1.47809e-08 8.86064 -0.0312551 -9.79486 -0.0149753 -0.00156959 5.36232 1.06236 -2.79791 -8.87964 0.133816 -0.0302902 -4.43423 -1.8775 -0.0056931 2.21118 1.54591 -2.01866 3.69395 0.0545278 -0.052816 -0.0692052 -1.00435 -0.856908 6.13421 0.0284126 1.91855 2.34711 -1.09492 0.295227
internal_weight=25320 89 25231 42 25189 25160 134 98 76 45 62 25026 139 118 24887 518 492 185 307 157 24369 24312 2298 2278 75 22014 818 788 2203 896
internal_count=25320 89 25231 42 25189 25160 134 98 76 45 62 25026 139 118 24887 518 492 185 307 157 24369 24312 2298 2278 75 22014 818 788 2203 896
is_linear=0
shrinkage=0.05


Tree=6
num_leaves=31
num_cat=0
split_feature=219 288 289 182 138 83 73 109 288 41 206 240 233 272 143 283 144 286 177 0 278 210 204 40 168 184 245 292 110 163
split_gain=2.61239e+06 4.20952e+06 1.92827e+06 1.17997e+06 4.06106e+06 3.55406e+06 3.14585e+06 2.66271e+06 2.01319e+06 1.28805e+06 1.31681e+06 1.34407e+06 1.04229e+06 1.3894e+06 2.47664e+06 2.8571e+06 1.26182e+06 957585 884076 1.33762e+06 1.4236e+06 1.21282e+06 953364 918051 2.36102e+06 1.73642e+06 1.68274e+06 1.15062e+06 877440 865685
threshold=2654.7500000000005 1092.7500000000002 -263.24999999999994 2812.0000000000005 525.18084716796886 5001.1174316406259 2782.2500000000005 5139.5576171875009 1319.2500000000002 3314.729125976563 1400.2500000000002 749.25000000000011 1615.2500000000002 1654.1351318359377 2406.2500000000005 284.75000000000006 -353.52499389648432 1692.2800292968752 1737.0000000000002 4390.2500000000009 619.95794677734386 1940.5000000000002 2120.5000000000005 852.46588134765636 1107.2500000000002 210.75000000000003 -547.24999999999989 1012.183807373047 269.59002685546881 389.25000000000006
decision_type=2 2 2 2 2 2 2 2 2 2 2 2 2 2 2 2 2 2 2 2 2 2 2 2 2 2 2 2 2 2
left_child=3 2 -2 7 -5 6 -6 8 12 -9 -11 -12 13 18 15 -15 -14 -18 21 20 28 22 23 27 25 26 -25 -1 -20 -27
right_child=1 -3 -4 4 5 -7 -8 9 -10 10 11 -13 16 14 -16 -17 17 -19 19 -21 -22 -23 -24 24 -26 29 -28 -29 -30 -31
leaf_value=-0.0381950181665879 10.104263174856031 26.922609976063605 -6.5201013622861925 1.2559670252393385 -7.5518926429748534 2.4157473900101403 -34.401933248837786 -1.8127959783260641 -13.680122580351654 17.274929102455697 -4.6416910603642467 13.689111981391907 15.26532480149042 -28.128372773670016 2.0277452372369313 -1.7225436401367187 4.7559365774978675 -3.6020570112734429 10.975783145904542 -10.150338554382325 12.145936352167375 -7.2225077061329861 8.0856091472837672 -10.652804713772269 8.0795559050563064 -21.63244276046753 0.53514459244558743 10.289418594925493 1.1993683276006155 -7.0973680222034465
leaf_weight=23909 37 23 33 129 20 22 24 26 27 41 20 20 21 21 42 20 114 49 25 20 39 59 36 49 39 21 107 27 280 20
leaf_count=23909 37 23 33 129 20 22 24 26 27 41 20 20 21 21 42 20 114 49 25 20 39 59 36 49 39 21 107 27 280 20
internal_value=1.45811e-08 8.36467 2.26706 -0.0308366 -3.90522 -13.993 -22.1974 -0.000655001 -0.0344427 7.86998 10.978 4.52371 -0.019645 -0.0475588 -6.5058 -15.2475 3.72961 2.24341 -0.0257962 2.42006 3.1509 -0.0624836 -0.0450331 -0.0571423 -3.16039 -5.38556 -2.97902 -0.0265454 2.00071 -14.5422
internal_weight=25320 93 70 25227 195 66 44 25032 24925 107 81 40 24898 24714 83 41 184 163 24631 364 344 24267 24208 24172 236 197 156 23936 305 41
internal_count=25320 93 70 25227 195 66 44 25032 24925 107 81 40 24898 24714 83 41 184 163 24631 364 344 24267 24208 24172 236 197 156 23936 305 41
is_linear=0
shrinkage=0.05


Tree=7
num_leaves=31
num_cat=0
split_feature=219 288 289 182 138 83 73 109 288 41 135 6 227 274 272 276 286 103 128 177 184 30 266 26 212 206 131 144 12 236
split_gain=2.35769e+06 3.79909e+06 1.74026e+06 1.06492e+06 3.66511e+06 3.20754e+06 2.83913e+06 2.40309e+06 1.8169e+06 1.16246e+06 1.20996e+06 1.28893e+06 976851 1.62558e+06 1.43865e+06 1.59871e+06 1.24761e+06 1.35258e+06 1.01371e+06 861046 1.64953e+06 1.60801e+06 1.40804e+06 1.20139e+06 1.2233e+06 1.24963e+06 1.0341e+06 887843 877014 2.0796e+06
threshold=2654.7500000000005 1092.7500000000002 -263.24999999999994 2812.0000000000005 525.18084716796886 5001.1174316406259 2782.2500000000005 5139.5576171875009 1319.2500000000002 3314.729125976563 3033.7500000000005 4431.4851074218759 1939.0000000000002 310.75000000000006 1654.1351318359377 294.25000000000006 1692.2800292968752 502.09635925292974 2418.2500000000005 1667.0000000000002 1455.2500000000002 3676.5000000000005 -246.74999999999997 425.21127319335943 399.25000000000006 1854.7500000000002 382.62342834472662 2654.277465820313 1012.183807373047 852.46588134765636
decision_type=2 2 2 2 2 2 2 2 2 2 2 2 2 2 2 2 2 2 2 2 2 2 2 2 2 2 2 2 2 2
left_child=3 2 -2 7 -5 6 -6 8 12 -9 11 -11 14 -14 19 -16 17 -15 -18 20 28 22 26 24 -22 -26 -21 -25 -1 -30
right_child=1 -3 -4 4 5 -7 -8 9 -10 10 -12 -13 13 16 15 -17 18 -19 -20 21 23 -23 -24 27 25 -27 -28 -29 29 -31
leaf_value=0.005266488328874365 9.5990499071172763 25.576479638141137 -6.1940963224931203 1.1931686527045198 -7.1742981338500984 2.2949600501493976 -32.681836652755742 -1.7221562133385586 -12.996116871303983 8.0746499715624633 -0.24326935887336731 22.95261798699697 -8.6120477914810181 5.2398147714989527 -16.488950851228505 -2.0777690828736151 -6.7668777695408586 18.698999387877329 8.0849136066436778 4.159343301332914 -16.255771897236507 -8.1273899241856178 1.958353143545136 5.5619154822592645 -2.8040969119999897 -14.547501851503666 18.713871574401857 -4.8690151502104371 -14.196960125201279 1.7004787305990856
leaf_weight=23811 37 23 33 129 20 22 24 26 27 37 20 24 22 56 27 67 27 28 20 26 24 35 361 51 176 26 23 34 36 48
leaf_count=23811 37 23 33 129 20 22 24 26 27 37 20 24 22 56 27 67 27 28 20 26 24 35 361 51 176 26 23 34 36 48
internal_value=-5.43452e-09 7.94644 2.15371 -0.0292948 -3.70996 -13.2933 -21.0875 -0.00062227 -0.0327206 7.47648 10.4291 13.9283 -0.0186627 3.96424 -0.0432893 -6.21715 6.07629 9.72621 -0.446967 -0.0197469 -0.0598137 2.15971 3.03787 -3.67776 -5.5836 -4.31562 10.9911 1.38954 -0.0127251 -5.11271
internal_weight=25320 93 70 25227 195 66 44 25032 24925 107 81 61 24898 153 24745 94 131 84 47 24651 24206 445 410 311 226 202 49 85 23895 84
internal_count=25320 93 70 25227 195 66 44 25032 24925 107 81 61 24898 153 24745 94 131 84 47 24651 24206 445 410 311 226 202 49 85 23895 84
is_linear=0
shrinkage=0.05


Tree=8
num_leaves=31
num_cat=0
split_feature=13 192 226 269 289 292 58 292 125 257 288 119 15 127 271 89 288 177 282 268 187 292 260 191 168 220 219 5 276 107
split_gain=2.14733e+06 2.06188e+06 2.70136e+06 1.67337e+06 1.12989e+06 1.70091e+06 1.45908e+06 1.2362e+06 1.20018e+06 2.30937e+06 1.6109e+06 1.25338e+06 1.83035e+06 1.31811e+06 2.86044e+06 1.16315e+06 1.08246e+06 928348 981307 899371 884799 1.1553e+06 856970 1.17589e+06 1.90283e+06 1.53968e+06 1.32917e+06 1.42393e+06 1.2254e+06 1.73906e+06
threshold=5278.7075195312509 2004.2500000000002 2471.5000000000005 550.25000000000011 -75.249999999999986 601.57815551757824 4190.7500000000009 797.33575439453136 3675.7458496093755 661.46316528320324 1319.2500000000002 3178.5000000000005 4027.7500000000005 2856.7500000000005 679.19335937500011 502.09635925292974 302.75000000000006 -2009.7499999999998 -205.24999999999997 -296.74999999999994 661.46316528320324 367.27325439453131 197.25000000000003 -915.74999999999989 -99.749999999999986 -555.24999999999989 -1293.4999999999998 1012.183807373047 -75.749999999999986 -1941.2499999999998
decision_type=2 2 2 2 2 2 2 2 2 2 2 2 2 2 2 2 2 2 2 2 2 2 2 2 2 2 2 2 2 2
left_child=4 -2 3 -3 6 17 8 19 10 16 11 13 -13 22 15 -15 -10 18 -6 -8 21 -19 -1 24 28 -26 -25 -28 29 -24
right_child=1 2 -4 -5 5 -7 7 -9 9 -11 -12 12 -14 14 -16 -17 -18 20 -20 -21 -22 -23 23 26 25 -27 27 -29 -30 -31
leaf_value=0.077097517786752542 20.466164696734886 6.1027889708677927 16.452172822218674 -12.20596980143052 -14.125737810134888 6.0125205506179213 4.6494272543036415 -17.547464659214022 -4.2914590835571289 20.622245106697083 -12.004392097736229 -2.3897615188207384 -19.344371809959412 3.1532751691610188 16.809339414205819 -10.086018471490769 9.5215114510577674 0.14862437156551275 -1.9289382241507795 -7.4169162871989798 -7.0270042737325031 1.6864411898556444 -11.609842132119573 9.9142442211028072 -18.779104663479714 -2.8896387310822806 -0.40460091466358206 -9.5325040573297546 -0.50719264583894985 -1.4558183397258724
leaf_weight=10386 23 24 26 26 20 138 23 20 37 20 29 78 20 79 36 21 23 4972 94 47 39 1619 68 31 31 30 6694 43 512 111
leaf_count=10386 23 24 26 26 20 138 23 20 37 20 29 78 20 79 36 21 23 4972 94 47 39 1619 68 31 31 30 6694 43 512 111
internal_value=-2.10668e-09 7.34939 3.37984 -3.41777 -0.0288486 0.517458 -0.233859 -6.58453 -0.202539 5.9082 -0.229445 -0.210621 -5.84989 -0.179989 4.72381 0.373024 1.00351 0.405015 -4.06873 -3.45226 0.481939 0.526371 -0.217235 -0.623743 -2.49945 -10.9646 -0.41533 -0.462861 -1.75217 -5.31321
internal_weight=25320 99 76 50 25221 6882 18339 90 18249 80 18169 18140 98 18042 136 100 60 6744 114 70 6630 6591 17906 7520 752 61 6768 6737 691 179
internal_count=25320 99 76 50 25221 6882 18339 90 18249 80 18169 18140 98 18042 136 100 60 6744 114 70 6630 6591 17906 7520 752 61 6768 6737 691 179
is_linear=0
shrinkage=0.05


Tree=9
num_leaves=31
num_cat=0
split_feature=247 282 289 262 123 268 289 288 127 19 208 241 257 243 82 86 143 287 31 87 289 260 216 260 153 0 282 11 254 289
split_gain=2.07298e+06 4.07951e+06 2.67826e+06 2.00618e+06 1.44268e+06 2.23982e+06 1.12644e+06 1.02053e+06 1.03914e+06 1.80084e+06 1.46478e+06 1.39318e+06 1.27149e+06 1.0947e+06 1.13081e+06 1.0286e+06 1.01473e+06 1.01016e+06 937224 935162 828886 948530 1.59747e+06 1.12833e+06 1.32344e+06 1.1398e+06 1.03704e+06 1.10679e+06 1.08426e+06 974720
threshold=2136.2500000000005 835.00000000000011 -263.24999999999994 1932.2500000000002 5572.3825683593759 -351.74999999999994 -326.74999999999994 1319.2500000000002 3301.0000000000005 581.48425292968761 358.12255859375006 1587.7500000000002 719.73504638671886 601.57815551757824 457.00708007812506 3289.0000000000005 2057.2500000000005 155.25000000000003 1609.2500000000002 3466.2500000000005 -75.249999999999986 197.25000000000003 2060.637084960938 -184.74999999999997 2411.572631835938 3119.5000000000005 -263.24999999999994 5658.3276367187509 1364.7500000000002 -502.24999999999994
decision_type=2 2 2 2 2 2 2 2 2 2 2 2 2 2 2 2 2 2 2 2 2 2 2 2 2 2 2 2 2 2
left_child=3 2 -2 4 7 -6 -7 8 11 10 -10 15 19 14 17 20 18 -13 -16 -12 21 22 23 24 25 -1 -23 28 29 -28
right_child=1 -3 -4 -5 5 6 -8 -9 9 -11 12 13 -14 -15 16 -17 -18 -19 -20 -21 -22 26 -24 -25 -26 -27 27 -29 -30 -31
leaf_value=-0.55654920933673246 11.938149353116751 26.298639345169068 -8.0754211371285578 -12.164196480021758 17.491589043935139 -8.5846345061347602 7.7921782351675493 -8.817725109331537 -13.449252962029499 -13.938440883860871 -9.8762792110443129 -2.0698109120130539 11.514057942799161 -4.9099123380837906 7.1232362508773805 5.9025117073973563 1.6344232476275899 6.6513933360360671 21.108747183799746 0.13951306720431761 0.4301059403203854 -1.6802748488244135 14.204405117034913 0.51269848246227478 -12.011942415952683 7.4416122298770482 -5.5644426465034487 10.88069622435353 -11.977155752703547 -0.22966215806545229
leaf_weight=4396 32 22 35 34 30 21 21 33 23 34 28 64 21 31 23 73 23 69 25 139 6754 1846 20 5917 25 45 87 22 20 5407
leaf_count=4396 32 22 35 34 30 21 21 33 23 34 28 64 21 31 23 73 23 69 25 139 6754 1846 20 5917 25 45 87 22 20 5407
internal_value=-4.08274e-09 7.61743 1.4833 -0.0268698 -0.0104921 7.05703 -0.396228 -0.0307453 -0.019189 -3.25954 -1.53877 0.012762 -0.0816398 3.84432 5.17462 -0.0238224 10.2696 2.45472 14.4074 -1.53978 -0.0414524 -0.220531 0.0870623 0.0598691 -0.540084 -0.475505 -0.654002 -0.311788 -0.356444 -0.314141
internal_weight=25320 89 67 25231 25197 72 42 25125 25092 245 211 24847 188 235 204 24612 71 133 48 167 24539 17785 10403 10383 4466 4441 7382 5536 5514 5494
internal_count=25320 89 67 25231 25197 72 42 25125 25092 245 211 24847 188 235 204 24612 71 133 48 167 24539 17785 10403 10383 4466 4441 7382 5536 5514 5494
is_linear=0
shrinkage=0.05


Tree=10
num_leaves=31
num_cat=0
split_feature=282 246 40 78 268 44 209 255 42 234 246 110 136 219 284 260 260 119 208 233 127 215 145 243 146 289 292 178 267 289
split_gain=1.97124e+06 5.28709e+06 973148 2.49166e+06 2.71976e+06 2.33496e+06 3.00358e+06 1.45104e+06 1.35575e+06 1.36767e+06 1.11555e+06 988062 977278 965883 1.11594e+06 855976 966636 743395 1.5787e+06 1.38358e+06 1.23255e+06 1.08472e+06 1.30067e+06 1.02639e+06 787244 766334 976070 969475 854423 1.53301e+06
threshold=835.00000000000011 2733.7500000000005 852.46588134765636 5080.0000000000009 -336.24999999999994 1913.2500000000002 619.14193725585949 -37.749999999999993 -2209.4999999999995 -1014.4999999999999 2733.7500000000005 461.98585510253912 4285.2500000000009 287.25000000000006 838.98001098632824 1186.5000000000002 1756.5000000000002 3539.0000000000005 400.88555908203131 1759.7500000000002 1753.2500000000002 619.95794677734386 428.99685668945318 364.97329711914068 2460.9929199218755 -75.249999999999986 367.27325439453131 -1754.7499999999998 425.25000000000006 -958.99999999999989
decision_type=2 2 2 2 2 2 2 2 2 2 2 2 2 2 2 2 2 2 2 2 2 2 2 2 2 2 2 2 2 2
left_child=2 15 3 10 -5 6 8 -8 -4 -10 17 -12 -6 14 -11 -2 -17 19 -19 25 -21 22 -20 -22 -25 28 27 -27 -1 -30
right_child=1 -3 5 4 12 -7 7 -9 9 13 11 -13 -14 -15 -16 16 -18 18 21 20 23 -23 -24 24 -26 26 -28 -29 29 -31
leaf_value=0.0006304229306096841 9.2865982736860015 30.063784952163697 3.2663783714884804 23.865620101581921 -2.784326328769807 -15.426396627137155 18.118233095515858 2.6610589927556565 -18.418118372830477 -8.1179164600869012 -0.95522039234638223 -15.806133288428896 10.818566927702532 -13.864007059733073 2.5553512735366826 -9.0740716845900931 5.229041955584572 -15.507565407131029 -3.3603623063940753 16.769314378499985 -4.3547836034528675 -8.0005953977274356 8.3168098531118257 1.0082216016707883 12.104488567872481 -7.7668121987428425 1.4512303759082859 0.14741552438199762 -14.647503709793092 -0.76853293928452515
leaf_weight=13919 21 20 42 22 31 33 22 49 22 48 24 21 23 24 50 27 21 23 57 20 31 43 41 31 33 39 1773 4955 20 3835
leaf_count=13919 21 20 42 22 31 33 22 49 22 48 24 21 23 24 50 27 21 23 57 20 31 43 41 31 33 39 1773 4955 20 3835
internal_value=-3.72596e-09 7.42814 -0.0262021 0.00728171 9.0468 -2.90592 -1.29823 7.45061 -4.63785 -6.94324 -0.0203476 -7.88565 3.0095 -4.874 -2.67237 0.86708 -2.81646 -0.00608741 -3.36129 0.0162298 5.48775 -1.37998 1.52499 3.11268 6.72973 -0.00940994 0.443412 0.0856104 -0.18181 -0.840538
internal_weight=25320 89 25231 24941 76 290 257 71 186 144 24865 45 54 122 98 69 48 24820 164 24656 115 141 98 95 64 24541 6767 4994 17774 3855
internal_count=25320 89 25231 24941 76 290 257 71 186 144 24865 45 54 122 98 69 48 24820 164 24656 115 141 98 95 64 24541 6767 4994 17774 3855
is_linear=0
shrinkage=0.05


Tree=11
num_leaves=31
num_cat=0
split_feature=219 288 289 182 138 83 73 109 288 41 204 94 239 272 235 143 11 33 20 163 192 183 206 278 269 282 54 0 10 108
split_gain=1.83458e+06 2.91092e+06 1.41532e+06 876796 3.2347e+06 2.71621e+06 2.45363e+06 1.94621e+06 1.43711e+06 958974 1.1056e+06 935386 855531 1.43198e+06 2.31743e+06 2.00694e+06 1.3467e+06 864357 790845 789078 897756 756148 1.31036e+06 1.17194e+06 1.05908e+06 863199 825127 1.22126e+06 1.77201e+06 1.84717e+06
threshold=2654.7500000000005 1092.7500000000002 -263.24999999999994 2812.0000000000005 525.18084716796886 5001.1174316406259 2782.2500000000005 5139.5576171875009 1319.2500000000002 3314.729125976563 2120.5000000000005 2896.5000000000005 1888.0000000000002 1654.1351318359377 3334.9099121093755 2406.2500000000005 4072.4924316406255 311.01850891113287 4656.0117187500009 3133.7500000000005 2608.0000000000005 2439.7500000000005 1935.7500000000002 744.84381103515636 251.25000000000003 98.750000000000014 557.84716796875011 2983.0000000000005 1276.7500000000002 1932.2500000000002
decision_type=2 2 2 2 2 2 2 2 2 2 2 2 2 2 2 2 2 2 2 2 2 2 2 2 2 2 2 2 2 2
left_child=3 2 -2 7 18 6 -6 8 12 -9 11 -11 13 21 15 -15 17 -14 19 20 -5 22 26 24 -23 -24 -1 28 29 -28
right_child=1 -3 -4 4 5 -7 -8 9 -10 10 -12 -13 16 14 -16 -17 -18 -19 -20 -21 -22 23 25 -25 -26 -27 27 -29 -30 -31
leaf_value=0.061354066418851598 8.6534287549353941 22.441918447743291 -5.5891247547034064 -4.0468657607617589 -6.6069606781005863 1.9760824550281872 -30.319607198238373 -1.6257673181020298 -11.557860688147722 7.335458573987407 0.40843413670857748 20.195289670504057 -3.6481455104691642 -21.591446282945832 6.3460195367986509 -1.0031239318847658 -6.6942410707473758 5.8210399288490331 8.6759968519210826 -5.4646014565989995 9.0830672550201417 -3.5454745117498905 -8.8769159537904407 14.976676473617553 6.6991400260191698 2.1526717146237693 -0.91226420902074823 4.13585834166157 -5.0632428038251271 12.537086035655095
leaf_weight=22565 37 23 33 23 20 22 24 26 27 31 24 26 28 29 22 20 31 173 28 48 30 49 68 20 52 24 1411 107 273 26
leaf_count=22565 37 23 33 23 20 22 24 26 27 31 24 26 28 29 22 20 31 173 28 48 30 49 68 20 52 24 1411 107 273 26
internal_value=1.15652e-08 7.00968 1.93908 -0.0258413 -3.36561 -12.3687 -19.5411 0.000175585 -0.0287107 6.72906 9.41085 13.2013 -0.0162082 -0.0446332 -7.13524 -13.188 3.00591 4.50195 1.24063 -0.820661 3.38517 -0.0241643 -0.0436578 3.91868 1.72898 -5.99963 -0.0211843 -1.04621 -1.37047 -0.668922
internal_weight=25320 93 70 25227 195 66 44 25032 24925 107 81 57 24898 24666 71 49 232 201 129 101 53 24595 24474 121 101 92 24382 1817 1710 1437
internal_count=25320 93 70 25227 195 66 44 25032 24925 107 81 57 24898 24666 71 49 232 201 129 101 53 24595 24474 121 101 92 24382 1817 1710 1437
is_linear=0
shrinkage=0.05


Tree=12
num_leaves=31
num_cat=0
split_feature=282 246 40 44 209 78 268 255 91 241 198 248 21 246 220 289 71 274 282 257 289 261 192 120 227 280 95 282 283 268
split_gain=1.71663e+06 4.49444e+06 872471 2.14728e+06 2.67232e+06 2.14331e+06 2.35089e+06 1.31527e+06 1.29959e+06 1.02979e+06 1.41545e+06 1.13408e+06 1.15732e+06 1.02363e+06 940320 922070 826522 811745 726250 2.4518e+06 1.35446e+06 1.17525e+06 2.41913e+06 2.23333e+06 1.2883e+06 1.33379e+06 1.3721e+06 2.01925e+06 1.22518e+06 1.1957e+06
threshold=835.00000000000011 2733.7500000000005 852.46588134765636 1913.2500000000002 619.14193725585949 5080.0000000000009 -336.24999999999994 -37.749999999999993 1107.7500000000002 -742.74999999999989 -1293.2499999999998 610.75000000000011 -57.749999999999993 2733.7500000000005 2034.0000000000002 -263.24999999999994 1760.2500000000002 -35.749999999999993 -337.24999999999994 719.73504638671886 -837.24999999999989 -370.24999999999994 -1278.4999999999998 -852.74999999999989 2361.2500000000005 -125.74999999999999 2620.1250000000005 -378.24999999999994 155.75000000000003 -130.74999999999997
decision_type=2 2 2 2 2 2 2 2 2 2 2 2 2 2 2 2 2 2 2 2 2 2 2 2 2 2 2 2 2 2
left_child=2 16 5 4 8 13 -7 -6 9 17 -11 12 -12 18 -8 -15 -2 -4 21 20 -20 -1 23 -23 25 28 29 -28 -24 -27
right_child=1 -3 3 -5 7 6 14 -9 -10 10 11 -13 -14 15 -16 -17 -18 -19 19 -21 -22 22 24 -25 -26 26 27 -29 -30 -31
leaf_value=0.018544761385478396 6.1219393014907837 27.801852912902831 -3.047841186956926 -14.75788615327893 17.199186020547696 22.168432694131681 -3.8198629237987376 2.4829112561381592 -16.400289211273194 8.6358004331588756 -5.3258028144186191 -13.063088792562485 8.1459643173217771 0.098753720238095241 9.3760940269187643 -14.247647297382356 -4.8330917416196888 -16.965882902145388 -12.307726569609208 6.231349754924091 0.10581460540820974 -5.259981981320168 -0.57463493337519278 -24.299393215179446 10.651847542887149 -5.7805290188023584 -4.1194722092935239 -19.162582114140193 8.0194584621939562 -0.53831519417866946
leaf_weight=3799 36 20 22 33 22 22 27 49 20 31 44 24 25 21 27 24 33 20 22 164 18859 67 1166 20 23 151 87 30 43 389
leaf_count=3799 36 20 22 33 22 22 27 49 20 31 44 24 25 21 27 24 33 20 22 164 18859 67 1166 20 23 151 87 30 43 389
internal_value=-1.32738e-08 6.93185 -0.0244515 -2.75114 -1.20942 0.00725299 8.3911 7.04288 -4.3595 -2.9088 -0.616859 -3.70108 -0.444728 -0.0183723 2.77812 -7.55266 0.882577 -9.67548 -0.00471222 0.144223 0.0913504 -0.495876 -1.48489 -9.63686 -1.10944 -1.25441 -3.06779 -7.97668 -0.268972 -2.00419
internal_weight=25320 89 25231 290 257 24941 76 71 186 166 124 93 69 24865 54 45 69 42 24820 19045 18881 5775 1976 87 1889 1866 657 117 1209 540
internal_count=25320 89 25231 290 257 24941 76 71 186 166 124 93 69 24865 54 45 69 42 24820 19045 18881 5775 1976 87 1889 1866 657 117 1209 540
is_linear=0
shrinkage=0.05


end of trees

feature_importances:
Column_289=20
Column_288=16
Column_282=13
Column_260=9
Column_267=7
Column_292=7
Column_20=6
Column_227=6
Column_246=6
Column_268=6
Column_169=5
Column_219=5
Column_257=5
Column_269=5
Column_272=5
Column_275=5
Column_12=4
Column_82=4
Column_127=4
Column_143=4
Column_155=4
Column_177=4
Column_182=4
Column_192=4
Column_206=4
Column_229=4
Column_234=4
Column_261=4
Column_276=4
Column_278=4
Column_283=4
Column_287=4
Column_0=3
Column_11=3
Column_40=3
Column_41=3
Column_54=3
Column_73=3
Column_83=3
Column_109=3
Column_110=3
Column_119=3
Column_138=3
Column_208=3
Column_233=3
Column_240=3
Column_241=3
Column_262=3
Column_274=3
Column_286=3
Column_5=2
Column_19=2
Column_26=2
Column_31=2
Column_33=2
Column_44=2
Column_58=2
Column_78=2
Column_89=2
Column_94=2
Column_106=2
Column_107=2
Column_108=2
Column_120=2
Column_128=2
Column_129=2
Column_131=2
Column_144=2
Column_145=2
Column_149=2
Column_163=2
Column_168=2
Column_184=2
Column_187=2
Column_191=2
Column_195=2
Column_198=2
Column_204=2
Column_209=2
Column_211=2
Column_215=2
Column_220=2
Column_232=2
Column_236=2
Column_238=2
Column_239=2
Column_243=2
Column_248=2
Column_252=2
Column_255=2
Column_2=1
Column_3=1
Column_4=1
Column_6=1
Column_8=1
Column_10=1
Column_13=1
Column_15=1
Column_21=1
Column_29=1
Column_30=1
Column_42=1
Column_43=1
Column_46=1
Column_47=1
Column_48=1
Column_56=1
Column_61=1
Column_62=1
Column_71=1
Column_86=1
Column_87=1
Column_91=1
Column_95=1
Column_96=1
Column_103=1
Column_104=1
Column_105=1
Column_123=1
Column_124=1
Column_125=1
Column_135=1
Column_136=1
Column_137=1
Column_146=1
Column_153=1
Column_156=1
Column_164=1
Column_175=1
Column_178=1
Column_180=1
Column_183=1
Column_190=1
Column_197=1
Column_201=1
Column_210=1
Column_212=1
Column_213=1
Column_216=1
Column_226=1
Column_235=1
Column_245=1
Column_247=1
Column_253=1
Column_254=1
Column_256=1
Column_264=1
Column_265=1
Column_266=1
Column_271=1
Column_273=1
Column_280=1
Column_281=1
Column_284=1
Column_285=1
Column_291=1

parameters:
[boosting: gbdt]
[objective: regression]
[metric: l2]
[tree_learner: serial]
[device_type: cpu]
[data_sample_strategy: bagging]
[data: ]
[valid: ]
[num_iterations: 1000]
[learning_rate: 0.05]
[num_leaves: 31]
[num_threads: 0]
[seed: 42]
[deterministic: 1]
[force_col_wise: 0]
[force_row_wise: 0]
[histogram_pool_size: -1]
[max_depth: -1]
[min_data_in_leaf: 20]
[min_sum_hessian_in_leaf: 0.001]
[bagging_fraction: 1]
[pos_bagging_fraction: 1]
[neg_bagging_fraction: 1]
[bagging_freq: 0]
[bagging_seed: 400]
[bagging_by_query: 0]
[feature_fraction: 1]
[feature_fraction_bynode: 1]
[feature_fraction_seed: 30056]
[extra_trees: 0]
[extra_seed: 12879]
[early_stopping_round: 0]
[early_stopping_min_delta: 0]
[first_metric_only: 0]
[max_delta_step: 0]
[lambda_l1: 0]
[lambda_l2: 0]
[linear_lambda: 0]
[min_gain_to_split: 0]
[drop_rate: 0.1]
[max_drop: 50]
[skip_drop: 0.5]
[xgboost_dart_mode: 0]
[uniform_drop: 0]
[drop_seed: 17869]
[top_rate: 0.2]
[other_rate: 0.1]
[min_data_per_group: 100]
[max_cat_threshold: 32]
[cat_l2: 10]
[cat_smooth: 10]
[max_cat_to_onehot: 4]
[top_k: 20]
[monotone_constraints: ]
[monotone_constraints_method: basic]
[monotone_penalty: 0]
[feature_contri: ]
[forcedsplits_filename: ]
[refit_decay_rate: 0.9]
[cegb_tradeoff: 1]
[cegb_penalty_split: 0]
[cegb_penalty_feature_lazy: ]
[cegb_penalty_feature_coupled: ]
[path_smooth: 0]
[interaction_constraints: ]
[verbosity: -1]
[saved_feature_importance_type: 0]
[use_quantized_grad: 0]
[num_grad_quant_bins: 4]
[quant_train_renew_leaf: 0]
[stochastic_rounding: 1]
[linear_tree: 0]
[max_bin: 255]
[max_bin_by_feature: ]
[min_data_in_bin: 3]
[bin_construct_sample_cnt: 200000]
[data_random_seed: 175]
[is_enable_sparse: 1]
[enable_bundle: 1]
[use_missing: 1]
[zero_as_missing: 0]
[feature_pre_filter: 1]
[pre_partition: 0]
[two_round: 0]
[header: 0]
[label_column: ]
[weight_column: ]
[group_column: ]
[ignore_column: ]
[categorical_feature: ]
[forcedbins_filename: ]
[precise_float_parser: 0]
[parser_config_file: ]
[objective_seed: 16083]
[num_class: 1]
[is_unbalance: 0]
[scale_pos_weight: 1]
[sigmoid: 1]
[boost_from_average: 1]
[reg_sqrt: 0]
[alpha: 0.9]
[fair_c: 1]
[poisson_max_delta_step: 0.7]
[tweedie_variance_power: 1.5]
[lambdarank_truncation_level: 30]
[lambdarank_norm: 1]
[label_gain: ]
[lambdarank_position_bias_regularization: 0]
[eval_at: ]
[multi_error_top_k: 1]
[auc_mu_weights: ]
[num_machines: 1]
[local_listen_port: 12400]
[time_out: 120]
[machine_list_filename: ]
[machines: ]
[gpu_platform_id: -1]
[gpu_device_id: -1]
[gpu_device_id_list: ]
[gpu_use_dp: 0]
[num_gpu: 1]

end of parameters

pandas_categorical:null
