tree
version=v4
num_class=1
num_tree_per_iteration=1
label_index=0
max_feature_idx=293
objective=regression
feature_names=Column_0 Column_1 Column_2 Column_3 Column_4 Column_5 Column_6 Column_7 Column_8 Column_9 Column_10 Column_11 Column_12 Column_13 Column_14 Column_15 Column_16 Column_17 Column_18 Column_19 Column_20 Column_21 Column_22 Column_23 Column_24 Column_25 Column_26 Column_27 Column_28 Column_29 Column_30 Column_31 Column_32 Column_33 Column_34 Column_35 Column_36 Column_37 Column_38 Column_39 Column_40 Column_41 Column_42 Column_43 Column_44 Column_45 Column_46 Column_47 Column_48 Column_49 Column_50 Column_51 Column_52 Column_53 Column_54 Column_55 Column_56 Column_57 Column_58 Column_59 Column_60 Column_61 Column_62 Column_63 Column_64 Column_65 Column_66 Column_67 Column_68 Column_69 Column_70 Column_71 Column_72 Column_73 Column_74 Column_75 Column_76 Column_77 Column_78 Column_79 Column_80 Column_81 Column_82 Column_83 Column_84 Column_85 Column_86 Column_87 Column_88 Column_89 Column_90 Column_91 Column_92 Column_93 Column_94 Column_95 Column_96 Column_97 Column_98 Column_99 Column_100 Column_101 Column_102 Column_103 Column_104 Column_105 Column_106 Column_107 Column_108 Column_109 Column_110 Column_111 Column_112 Column_113 Column_114 Column_115 Column_116 Column_117 Column_118 Column_119 Column_120 Column_121 Column_122 Column_123 Column_124 Column_125 Column_126 Column_127 Column_128 Column_129 Column_130 Column_131 Column_132 Column_133 Column_134 Column_135 Column_136 Column_137 Column_138 Column_139 Column_140 Column_141 Column_142 Column_143 Column_144 Column_145 Column_146 Column_147 Column_148 Column_149 Column_150 Column_151 Column_152 Column_153 Column_154 Column_155 Column_156 Column_157 Column_158 Column_159 Column_160 Column_161 Column_162 Column_163 Column_164 Column_165 Column_166 Column_167 Column_168 Column_169 Column_170 Column_171 Column_172 Column_173 Column_174 Column_175 Column_176 Column_177 Column_178 Column_179 Column_180 Column_181 Column_182 Column_183 Column_184 Column_185 Column_186 Column_187 Column_188 Column_189 Column_190 Column_191 Column_192 Column_193 Column_194 Column_195 Column_196 Column_197 Column_198 Column_199 Column_200 Column_201 Column_202 Column_203 Column_204 Column_205 Column_206 Column_207 Column_208 Column_209 Column_210 Column_211 Column_212 Column_213 Column_214 Column_215 Column_216 Column_217 Column_218 Column_219 Column_220 Column_221 Column_222 Column_223 Column_224 Column_225 Column_226 Column_227 Column_228 Column_229 Column_230 Column_231 Column_232 Column_233 Column_234 Column_235 Column_236 Column_237 Column_238 Column_239 Column_240 Column_241 Column_242 Column_243 Column_244 Column_245 Column_246 Column_247 Column_248 Column_249 Column_250 Column_251 Column_252 Column_253 Column_254 Column_255 Column_256 Column_257 Column_258 Column_259 Column_260 Column_261 Column_262 Column_263 Column_264 Column_265 Column_266 Column_267 Column_268 Column_269 Column_270 Column_271 Column_272 Column_273 Column_274 Column_275 Column_276 Column_277 Column_278 Column_279 Column_280 Column_281 Column_282 Column_283 Column_284 Column_285 Column_286 Column_287 Column_288 Column_289 Column_290 Column_291 Column_292 Column_293
feature_infos=[-8401:9002.5] [-7144.5:9177.5] [-9050:8719.5] [-8058.5:8792.5] [-8396.474609375:11022.4248046875] [101.59349060058594:1576.9803466796875] [-7417.57958984375:9075.494140625] [-8057:8795] [-7124:8813.5] [-8706:8383.5] [-7557:8544] [-8345.4296875:10962.525390625] [101.59349060058594:1576.9803466796875] [-7400.572265625:9027.1767578125] [-7555.5:8544] [-7063.5:8860] [-8204.5:8430] [-7120.5:8595] [-8297.8701171875:10908.2998046875] [101.59349060058594:1576.9803466796875] [-7372.33837890625:8967.7509765625] [-7119:8597.5] [-7044:8680] [-8272.5:8208] [-7174:8655.5] [-8251.330078125:10856.150390625] [101.59349060058594:1576.9803466796875] [-7348.216796875:8939.365234375] [-7172.5:8656] [-6999:8737.5] [-8315:8180] [-7134.5:8285] [-8201.509765625:10800.0498046875] [101.59349060058594:1576.9803466796875] [-7322.92431640625:8866.05859375] [-7133:8285] [-7068:8920] [-8405:8227.5] [-7162.5:8527.5] [-8149.22998046875:10745.4501953125] [101.59349060058594:1576.9803466796875] [-7308.34033203125:8667.7353515625] [-7162:8530] [-7087:9197.5] [-7797.5:8475] [-7313.5:9017.5] [-8098.85009765625:10699.125] [101.59349060058594:1576.9803466796875] [-7288.71826171875:8467.078125] [-7312:9017.5] [-7066.5:9270] [-8129.5:8650] [-7749.5:8952.5] [-8049.85498046875:10652.375] [101.59349060058594:1576.9803466796875] [-7273.69873046875:8511.2080078125] [-7748:8952.5] [-6562:9362.5] [-8397:8932.5] [-7845.5:9097.5] [-8004.16015625:10607] [101.59349060058594:1576.9803466796875] [-7190.90771484375:8564.5068359375] [-7844:9100] [-6658:9182.5] [-8493:8497.5] [-7605.5:8915] [-7956.09521484375:10559.4248046875] [101.59349060058594:1576.9803466796875] [-7118.6435546875:8566.142578125] [-7604:8915] [-6760.5:9447.5] [-8253:8725] [-7139.5:9267.5] [-7909.5498046875:10513.5] [101.59349060058594:1576.9803466796875] [-7033.5849609375:8578.9931640625] [-7138:9267.5] [-6678.5:9280] [-7787:8632.5] [-7145.5:8942.5] [-7861.705078125:10467.8251953125] [101.59349060058594:1576.9803466796875] [-6944.62255859375:8612.0390625] [-7144:8945] [-6676:9330] [-7853:8782.5] [-7473:8982.5] [-7810.27490234375:10417.4501953125] [101.59349060058594:1576.9803466796875] [-6878.248046875:8645.7177734375] [-7471.5:8985] [-6501:9215] [-8120.5:8872.5] [-7136.5:9212.5] [-7786.5751953125:10370.25] [101.59349060058594:1576.9803466796875] [-6824.04345703125:8697.2431640625] [-7135:9104.5] [-6427:9262.5] [-7784:8932.5] [-6670.5:9157.5] [-7777.78515625:10325] [101.59349060058594:1576.9803466796875] [-6744.53955078125:8728.17578125] [-6669:9160] [-6241.5:9465] [-7127.5:8980] [-6485:9280] [-7766.68994140625:10284.400390625] [101.59349060058594:1576.9803466796875] [-6677.30859375:8778.341796875] [-6483.5:9282.5] [-6017.5:9950] [-7667.5:9227.5] [-6205.5:9770] [-7754.22021484375:10253.400390625] [101.59349060058594:1576.9803466796875] [-6600.55322265625:8868.4921875] [-6204:9770] [-6015.5:9782.5] [-7840:9135] [-6372:9242.5] [-7721.31494140625:10218] [101.59349060058594:1576.9803466796875] [-6365.27587890625:8902.4931640625] [-6370.5:9242.5] [-5996:9522.5] [-7610:8892.5] [-6676.5:9290] [-7681.73486328125:10174.8251953125] [101.59349060058594:1576.9803466796875] [-6300.216796875:8937.720703125] [-6675:9287.5] [-5951:9500] [-7324:9107.5] [-6620:9317.5] [-7636.759765625:10131.0498046875] [101.59349060058594:1576.9803466796875] [-6274.92431640625:8972.24609375] [-6618.5:9317.5] [-6291.5:9687.5] [-7267.5:9292.5] [-6400.5:9660] [-7593.6298828125:10092.2001953125] [101.59349060058594:1576.9803466796875] [-6260.34033203125:9034.76953125] [-6398.5:9662.5] [-6306:9695] [-6865:9212.5] [-6455.5:9305] [-7549.43994140625:10046.5] [101.59349060058594:1576.9803466796875] [-6240.71826171875:9059.3359375] [-6456.5:9302.5] [-6291:9317.5] [-6635:8520] [-6470:8767.5] [-7499.40478515625:9994.2998046875] [101.59349060058594:1576.9803466796875] [-6225.69873046875:9032.8056640625] [-6471:8770] [-6221.5:8950] [-6602:8300] [-6465:8550] [-7450:9943.0498046875] [101.59349060058594:1576.9803466796875] [-6142.90771484375:8988.9140625] [-6463.5:8552.5] [-6206.5:8710] [-6687.5:7865] [-6450:7970] [-7403.1748046875:9886.349609375] [101.59349060058594:1576.9803466796875] [-6070.6435546875:8896.28515625] [-6448.5:7970] [-5815:8392.5] [-7302.5:7670] [-6037.5:7810] [-7345.0498046875:9838] [101.59349060058594:1576.9803466796875] [-5985.5849609375:8797.5322265625] [-6036:7807.5] [-5733:8102.5] [-6710:7595] [-5979:7767.5] [-7281.53515625:9797.875] [101.59349060058594:1576.9803466796875] [-5896.62255859375:8703.892578125] [-5980:7767.5] [-5766.5:7977.5] [-6285:7492.5] [-5974:7502.5] [-7221.23486328125:9755.599609375] [101.59349060058594:1576.9803466796875] [-5830.248046875:8594.67578125] [-5972.5:7502.5] [-5684.5:7610] [-6102.5:6407.5] [-5930.5:6855] [-7160.7001953125:9705.9501953125] [101.59349060058594:1576.9803466796875] [-5776.04345703125:8436.5234375] [-5931.5:6850] [-5682:6910] [-6327.5:5862.5] [-5925.5:6215] [-7098.35009765625:9645.1748046875] [101.59349060058594:1576.9803466796875] [-5696.53955078125:8234.56640625] [-5924:6215] [-4788:6882.5] [-5955:6075] [-4969:6175] [-7034.10498046875:9579.724609375] [101.59349060058594:1576.9803466796875] [-5629.30859375:8047.3330078125] [-4967.5:6172.5] [-4755.5:6262.5] [-5616.5:4767.5] [-5242.5:5237.5] [-6973.41015625:9497.275390625] [101.59349060058594:1576.9803466796875] [-5552.55322265625:7791.8935546875] [-5242.5:5240] [-4462.5:5702.5] [-6150:5020] [-4890:5280] [-6912.97509765625:9411.1748046875] [101.59349060058594:1576.9803466796875] [-5317.27587890625:7563.53955078125] [-4882.5:5280] [-4235:5595] [-5600:4532.5] [-4937.5:4695] [-6850.96484375:9319.900390625] [101.59349060058594:1576.9803466796875] [-5069.38720703125:7278.4453125] [-4936:4695] [-4035:5857.5] [-5585:4685] [-4640:5227.5] [-6786.6650390625:9237.775390625] [101.59349060058594:1576.9803466796875] [-4798.76123046875:7091.99560546875] [-4647.5:5225] [-4595:5805] [-5747.5:4535] [-4992.5:4540] [-6720.18017578125:9145] [101.59349060058594:1576.9803466796875] [-4532.7373046875:6859.99609375] [-4997.5:4540] [-4230:5297.5] [-5565:4400] [-4490:5147.5] [-6648.26513671875:9058.525390625] [101.59349060058594:1576.9803466796875] [-4290.0791015625:6704.314453125] [-4495:5147.5] [-3637.5:5197.5] [-4972.5:3602] [-3997.5:4675.5] [-6574.80517578125:8967.525390625] [101.59349060058594:1576.9803466796875] [-4022.890380859375:6503.6953125] [-3996:4677] [-3428.5:5622.5] [-4645:4667.5] [-3446.5:5142.5] [-6498.52490234375:8883.125] [101.59349060058594:1576.9803466796875] [-3788.854736328125:6379.9501953125] [-3446.5:5137.5] [-3347:5157.5] [-4635:4878.5] [-3375:5102.5] [-6423.0048828125:8783.7998046875] [101.59349060058594:1576.9803466796875] [-3573.09521484375:6135.181640625] [-3556.5:5103] [-3399:6013.5] [-4097:3127] [-3429:4117.5] [-6346.5400390625:8676.9248046875] [101.59349060058594:1576.9803466796875] [-3299.632080078125:5822.2109375] [-3430.5:4114.5] [0:4883] [-3620:0] none [-6267.39013671875:8548.2998046875] [101.59349060058594:1576.9803466796875] [-2999.66552734375:5292.9189453125]
tree_sizes=2840 2844 2853 2872 2875 2871 2864 2863 2865 2888 2881 2883 2871 2867 2885 2886 2876 2864 2903 2876

Tree=0
num_leaves=31
num_cat=0
split_feature=292 236 68 203 201 21 152 131 229 258 248 285 212 20 206 225 6 152 11 184 134 19 243 159 239 75 156 232 273 190
split_gain=6.145e+07 1.85036e+07 1.44257e+07 1.09185e+07 1.35425e+07 1.5011e+07 1.25754e+07 7.46136e+06 5.31547e+06 4.37742e+06 4.1033e+06 5.6172e+06 6.32993e+06 4.0816e+06 5.39273e+06 3.7346e+06 3.54876e+06 3.50287e+06 3.57014e+06 3.03689e+06 4.73218e+06 3.48762e+06 4.83808e+06 3.05534e+06 3.15983e+06 2.88809e+06 4.08718e+06 4.18354e+06 3.87719e+06 2.75201e+06
threshold=422.89324951171881 298.57344055175787 534.11987304687511 2493.7500000000005 557.84716796875011 4259.5000000000009 432.60198974609381 216.50907897949222 594.14135742187511 -2064.122192382812 1311.0000000000002 852.46588134765636 1271.7500000000002 5237.4047851562509 1854.7500000000002 590.25000000000011 5310.4257812500009 513.46029663085949 3593.305053710938 1138.0000000000002 2591.0000000000005 1012.183807373047 852.46588134765636 553.73107910156261 -717.74999999999989 343.20880126953131 2179.2500000000005 1794.7500000000002 144.75000000000003 -293.24999999999994
decision_type=2 2 2 2 2 2 2 2 2 2 2 2 2 2 2 2 2 2 2 2 2 2 2 2 2 2 2 2 2 2
left_child=1 15 7 6 -5 -6 -4 -2 -8 -10 16 12 -12 14 -9 -1 19 25 -19 20 21 23 -23 -11 29 26 27 -16 -28 -25
right_child=2 -3 3 4 5 -7 8 13 9 10 11 -13 -14 -15 17 -17 -18 18 -20 -21 -22 22 -24 24 -26 -27 28 -29 -30 -31
leaf_value=-183.98341009699345 -219.90290492859955 -187.61017350598416 -233.89677522053651 -176.22427466740541 -250.27207615542673 -202.77167832392479 -191.98223163030013 -189.60644502726944 -220.12802421917849 -205.68495056906852 -201.34291599414385 -189.42752444996768 -239.80427445759707 -174.12927435269287 -228.99177451600963 -187.00172463082731 -175.20290547355631 -196.69963137736252 -223.97195297452996 -185.40012122676748 -216.71862813607018 -227.7192741142743 -197.6005244003766 -195.908244933986 -192.21297227263781 -190.19781819005831 -212.24177451481751 -198.57456254500175 -186.87347502751595 -213.00469098651078
leaf_weight=6759 21 10918 20 20 29 39 1271 3720 20 61 23 25 20 40 20 1208 21 28 21 62 29 20 40 68 480 194 20 26 61 36
leaf_count=6759 21 10918 20 20 29 39 1271 3720 20 61 23 25 20 40 20 1208 21 28 21 62 29 20 40 68 480 194 20 26 61 36
internal_value=-187.711 -186.273 -191.931 -195.122 -212.392 -223.029 -194.43 -190.175 -194.068 -196.996 -196.473 -208.274 -219.232 -190.024 -190.179 -184.441 -195.491 -195.936 -208.388 -196.026 -196.924 -196.11 -207.64 -195.037 -193.925 -194.035 -199.897 -211.799 -193.137 -201.826
internal_weight=25320 18885 6435 2284 88 68 2196 4151 2176 905 885 68 43 4130 4090 7967 817 370 49 796 734 705 60 645 584 321 127 46 81 104
internal_count=25320 18885 6435 2284 88 68 2196 4151 2176 905 885 68 43 4130 4090 7967 817 370 49 796 734 705 60 645 584 321 127 46 81 104
is_linear=0
shrinkage=1


Tree=1
num_leaves=31
num_cat=0
split_feature=292 180 68 197 201 21 152 131 194 6 247 149 273 4 217 292 260 20 142 174 61 18 268 8 131 289 275 287 240 243
split_gain=5.54587e+07 1.6707e+07 1.30192e+07 9.9605e+06 1.20455e+07 1.29497e+07 1.13704e+07 6.73388e+06 5.10097e+06 5.61631e+06 6.64342e+06 5.27391e+06 5.53913e+06 5.49734e+06 4.8941e+06 3.88716e+06 3.79987e+06 5.11368e+06 3.52689e+06 5.06206e+06 3.70462e+06 5.1267e+06 7.77525e+06 3.0487e+06 3.68901e+06 3.04198e+06 2.94383e+06 3.80503e+06 2.6523e+06 2.62567e+06
threshold=422.89324951171881 302.38824462890631 534.11987304687511 2806.5000000000005 557.84716796875011 4259.5000000000009 432.60198974609381 216.50907897949222 630.97421264648449 5310.4257812500009 -1905.7499999999998 1758.2500000000002 415.75000000000006 4414.2250976562509 3116.0000000000005 258.90293884277349 976.75000000000011 5237.4047851562509 730.25000000000011 787.82907104492199 744.84381103515636 1221.330017089844 -763.74999999999989 4050.0000000000005 376.54489135742193 -159.74999999999997 -16.749999999999996 242.25000000000003 -103.74999999999999 575.74453735351574
decision_type=2 2 2 2 2 2 2 2 2 2 2 2 2 2 2 2 2 2 2 2 2 2 2 2 2 2 2 2 2 2
left_child=1 15 7 6 -5 -6 -4 -2 -8 10 -10 13 -13 18 -7 -1 -9 23 19 20 29 22 -22 26 -25 -26 27 -18 -20 -12
right_child=2 -3 3 4 5 14 8 16 9 -11 11 12 -14 -15 -16 -17 17 -19 28 -21 21 -23 -24 24 25 -27 -28 -29 -30 -31
leaf_value=3.9606531183263964 -30.582235798381625 0.063856932364536628 -43.876410369873049 10.666812960306805 -57.621633122762049 -32.07192218953913 -4.2461670697154545 -1.5070315323528372 -25.604790488500441 16.139627547491166 -22.828004453182221 -8.0464759645007913 -44.813479690551759 5.1312876368823801 0.91467075347900395 1.7412537114948585 -7.6499299339439775 18.19737271829085 12.351834367883617 -31.575704490286963 -4.4340952253341674 -9.9482624037045966 -44.681383934021 -3.853333530161116 -39.778393630981448 -12.835363630814985 -2.9307483621179786 -29.132752664883931 -6.1676234282296285 -3.9022914476046284
leaf_weight=4886 21 10690 20 21 30 22 1422 3422 63 21 20 21 20 76 23 3309 146 22 29 28 20 141 30 36 20 22 438 24 58 219
leaf_count=4886 21 10690 20 21 30 22 1422 3422 63 21 20 21 20 76 23 3309 146 22 29 28 20 141 30 36 20 22 438 24 58 219
internal_value=-3.22665e-08 1.36596 -4.00873 -7.04065 -22.8041 -32.1759 -6.34901 -2.34049 -6.00282 -9.3513 -10.0897 -8.61314 -25.9816 -7.46643 -15.2121 3.0645 -2.19688 -5.53117 -9.22317 -10.9762 -9.63486 -14.8263 -28.5825 -6.29214 -15.5983 -25.6654 -5.09826 -10.6828 0.00552917 -5.48603
internal_weight=25320 18885 6435 2284 96 75 2188 4151 2168 746 725 662 41 621 45 8195 4130 708 545 458 430 191 50 686 78 42 608 170 87 239
internal_count=25320 18885 6435 2284 96 75 2188 4151 2168 746 725 662 41 621 45 8195 4130 708 545 458 430 191 50 686 78 42 608 170 87 239
is_linear=0
shrinkage=0.05


Tree=2
num_leaves=31
num_cat=0
split_feature=292 236 68 184 187 17 152 131 187 244 6 142 81 51 201 189 260 20 47 168 163 127 212 8 131 289 275 287 61 6
split_gain=5.00514e+07 1.52918e+07 1.17499e+07 9.11987e+06 1.25614e+07 1.40693e+07 1.02429e+07 6.07732e+06 4.34202e+06 5.60177e+06 4.17828e+06 4.94772e+06 3.48684e+06 5.45502e+06 4.16929e+06 5.33172e+06 3.42938e+06 4.6151e+06 3.40484e+06 3.34991e+06 3.13007e+06 5.09944e+06 2.81041e+06 2.75145e+06 3.32933e+06 2.74539e+06 2.65681e+06 3.43404e+06 2.5827e+06 2.54334e+06
threshold=422.89324951171881 298.57344055175787 534.11987304687511 2483.7500000000005 575.74453735351574 4266.5000000000009 432.60198974609381 216.50907897949222 630.97421264648449 -2009.4178466796873 5310.4257812500009 2002.2500000000002 1362.6275024414065 -512.24999999999989 679.19335937500011 373.75000000000006 976.75000000000011 5237.4047851562509 214.72550201416018 2038.7500000000002 52.750000000000007 185.75000000000003 -2365.2499999999995 4050.0000000000005 376.54489135742193 -159.74999999999997 -16.749999999999996 242.25000000000003 744.84381103515636 641.42044067382824
decision_type=2 2 2 2 2 2 2 2 2 2 2 2 2 2 2 2 2 2 2 2 2 2 2 2 2 2 2 2 2 2
left_child=1 18 7 6 -5 -6 -4 -2 29 -10 11 12 13 20 -15 -16 -9 23 -1 -20 21 28 -14 26 -25 -26 27 -18 -11 -8
right_child=2 -3 3 4 5 -7 8 16 9 10 -12 -13 22 14 15 -17 17 -19 19 -21 -22 -23 -24 24 25 -27 -28 -29 -30 -31
leaf_value=4.5763659374532182 -29.053124237060548 0.082271539761488141 -41.6825918006897 6.3673863704387959 -64.894063695271811 -15.47154726717207 -2.3733371909175598 -1.4316801071702598 -31.566177294804501 -1.7649520810003634 12.138733062744141 -25.521408285745764 -22.870072944164278 -41.826347198486332 -8.4099849101744208 -38.415195487141609 -7.2674334645271301 17.287504199418155 2.3735017177292068 -18.125928258895875 10.848477697372438 -29.096842066446943 -3.635003554044252 -3.66066677040524 -37.789473533630371 -12.193595188314266 -2.7842108512169697 -27.676115455975136 -18.570646603354092 -6.7257250419186327
leaf_weight=2319 21 10918 20 26 24 36 854 3422 26 108 25 41 20 20 57 20 146 22 5628 20 22 27 376 36 20 22 438 24 29 553
leaf_count=2319 21 10918 20 26 24 36 854 3422 26 108 25 41 20 20 57 20 146 22 5628 20 22 27 376 36 20 22 438 24 29 553
internal_value=6.54802e-10 1.29766 -3.8083 -6.68861 -22.6614 -35.2406 -6.06365 -2.22346 -5.73658 -8.75241 -7.95622 -8.65396 -7.63546 -11.8739 -21.4866 -16.2035 -2.08704 -5.25461 2.96324 2.30091 -6.86082 -9.23645 -4.60647 -5.97753 -14.8184 -24.3821 -4.84335 -10.1487 -5.32236 -4.08398
internal_weight=25320 18885 6435 2284 86 60 2198 4151 2178 771 745 720 679 283 97 77 4130 708 7967 5648 186 164 396 686 78 42 608 170 137 1407
internal_count=25320 18885 6435 2284 86 60 2198 4151 2178 771 745 720 679 283 97 77 4130 708 7967 5648 186 164 396 686 78 42 608 170 137 1407
is_linear=0
shrinkage=0.05


Tree=3
num_leaves=31
num_cat=0
split_feature=285 292 89 5 120 134 100 118 255 166 225 20 260 4 289 24 255 231 292 212 257 152 220 178 15 96 33 252 105 227
split_gain=4.52374e+07 1.60614e+07 7.89462e+06 6.61315e+06 1.07377e+07 6.15101e+06 4.23374e+06 5.45797e+06 7.22651e+06 4.85884e+06 4.20071e+06 3.96382e+06 3.7923e+06 3.71114e+06 3.56641e+06 3.4323e+06 4.04382e+06 8.9272e+06 4.526e+06 5.08884e+06 3.89123e+06 3.62945e+06 3.24395e+06 3.13197e+06 6.90057e+06 3.00534e+06 2.91648e+06 3.06009e+06 3.30941e+06 3.24336e+06
threshold=364.94018554687506 553.73107910156261 248.795524597168 904.46777343750011 2894.0000000000005 732.75000000000011 4483.7500000000009 4192.3273925781259 1264.7500000000002 381.42756652832037 2652.5000000000005 5237.4047851562509 202.25000000000003 1311.8800048828127 -69.749999999999986 4601.5000000000009 1361.0000000000002 2364.2500000000005 797.33575439453136 -2052.2499999999995 719.73504638671886 569.17248535156261 1908.7500000000002 -1754.7499999999998 431.25000000000006 679.19335937500011 492.29144287109381 690.50000000000011 619.50000000000011 -647.24999999999989
decision_type=2 2 2 2 2 2 2 2 2 2 2 2 2 2 2 2 2 2 2 2 2 2 2 2 2 2 2 2 2 2
left_child=2 10 -1 6 5 13 7 9 11 -3 12 -9 23 -5 -14 16 18 21 20 -20 26 -18 25 24 -2 -21 -11 28 -28 -30
right_child=1 3 -4 4 -6 -7 -8 8 -10 15 -12 -13 14 -15 -16 -17 17 -19 19 22 -22 -23 -24 -25 -26 -27 27 -29 29 -31
leaf_value=3.6127662126908149 -3.1228126976225115 5.6502681894051401 1.0640058780833017 -36.090338384188144 -49.293903450738817 -0.080611155094469311 7.057933549491259 -20.824484484123463 -43.102866632288155 -9.2743278466591921 -23.815685677244552 5.5700376892089842 -3.2191985865034782 -12.879148918974634 0.22111103722080203 12.437991600036622 -15.166482516310433 3.6670781544276645 -27.746667502143168 3.7767688148426561 1.8442666136803318 -36.573572974734837 -26.453133101690383 0.058235055451930674 -33.317526073455809 -12.055163116731507 -3.289866079611472 2.2789109804875154 -29.056370102275505 -8.6742105291413445
leaf_weight=4333 351 95 10167 26 21 68 65 33 22 384 21 25 3409 51 967 25 44 42 44 53 201 36 21 3877 20 69 498 157 22 173
leaf_count=4333 351 95 10167 26 21 68 65 33 22 384 21 25 3409 51 967 25 44 42 44 53 201 36 21 3877 20 69 498 157 22 173
internal_value=7.1074e-08 -2.44657 1.82565 -6.28718 -15.8785 -11.0391 -5.49466 -5.91438 -18.7028 -5.36552 -1.48031 -9.44754 -1.42592 -20.7167 -2.45897 -5.95709 -6.22079 -14.9996 -5.56048 -12.877 -4.60703 -24.7997 -8.30177 -0.361742 -4.75056 -5.17736 -5.65785 -4.02405 -5.45199 -10.9737
internal_weight=25320 10820 14500 2175 166 145 2009 1944 80 1864 8645 58 8624 77 4376 1769 1744 122 1622 187 1435 80 143 4248 371 122 1234 850 693 195
internal_count=25320 10820 14500 2175 166 145 2009 1944 80 1864 8645 58 8624 77 4376 1769 1744 122 1622 187 1435 80 143 4248 371 122 1234 850 693 195
is_linear=0
shrinkage=0.05


Tree=4
num_leaves=31
num_cat=0
split_feature=292 180 61 203 226 55 138 244 217 13 21 273 220 211 142 125 84 19 20 285 218 176 75 192 155 170 225 236 129 264
split_gain=4.1189e+07 1.28783e+07 1.01535e+07 1.0729e+07 1.13133e+07 7.38123e+06 5.43176e+06 4.24628e+06 3.31451e+06 3.06147e+06 5.80767e+06 4.90115e+06 4.3372e+06 4.57272e+06 3.40759e+06 3.35875e+06 3.23743e+06 2.94795e+06 2.81565e+06 3.16354e+06 3.67359e+06 3.28991e+06 6.78441e+06 2.67447e+06 2.72911e+06 3.63681e+06 2.63882e+06 2.56641e+06 2.54404e+06 3.08781e+06
threshold=422.89324951171881 302.38824462890631 557.84716796875011 2493.7500000000005 2471.5000000000005 4154.6203613281259 228.06436920166018 -2268.1501464843745 765.25000000000011 3088.648803710938 987.25000000000011 1041.7500000000002 1167.2500000000002 1452.7500000000002 2464.0000000000005 161.3124694824219 1004.7500000000001 562.74551391601574 5237.4047851562509 575.74453735351574 1590.5000000000002 -1408.2499999999998 534.11987304687511 -944.24999999999989 312.75000000000006 497.75000000000006 1534.5000000000002 352.98666381835943 1505.7500000000002 298.51054382324224
decision_type=2 2 2 2 2 2 2 2 2 2 2 2 2 2 2 2 2 2 2 2 2 2 2 2 2 2 2 2 2 2
left_child=1 8 6 7 5 -5 -2 -4 -1 10 16 12 13 15 17 -12 -9 -11 19 21 -21 22 27 -17 -25 -26 -22 -8 -3 -30
right_child=2 28 3 4 -6 -7 18 9 -10 14 11 -13 -14 -15 -16 23 -18 -19 -20 20 26 -23 -24 24 25 -27 -28 -29 29 -31
leaf_value=2.9711727655548006 -24.550387806141821 0.21703108336076737 -23.854669114295394 -19.910087054116389 -1.1165758067163929 -60.910395199319595 11.499042147636414 -3.6420973440884872 -0.67170903798789006 -6.646907783175509 -27.589607347760882 -33.329837818940483 0.058942316095513037 -35.972418594360356 -13.599796126229421 -25.517478742806809 -13.3205871980241 8.2453387669942995 10.117033386737743 -3.0573917720076351 -26.775462880341905 -1.1008404119631752 -26.822893644455405 4.5871641751966976 -18.872386293941073 -4.3916623332084868 -8.7956003752202623 -5.2515311808728464 -22.514660583734514 -2.5143592230731793
leaf_weight=7514 27 10120 32 21 29 23 25 1069 681 48 28 24 83 20 35 23 94 108 47 601 23 3371 36 38 72 109 181 268 20 550
leaf_count=7514 27 10120 32 21 29 23 25 1069 681 48 28 24 83 20 35 23 94 108 47 601 23 3371 36 38 72 109 181 268 20 550
internal_value=-5.04752e-08 1.17718 -3.45472 -6.57432 -25.3621 -41.3421 -2.19026 -5.80511 2.66845 -5.47525 -6.2068 -11.4284 -10.0192 -12.9036 0.499749 -11.1948 -4.42437 3.66311 -2.05763 -2.18464 -5.02526 -1.56662 -6.33908 -9.2979 -7.59448 -10.152 -10.8227 -3.8223 0.0339723 -3.21612
internal_weight=25320 18885 6435 1856 73 44 4579 1783 8195 1751 1560 397 373 290 191 270 1163 156 4552 4505 805 3700 329 242 219 181 204 293 10690 570
internal_count=25320 18885 6435 1856 73 44 4579 1783 8195 1751 1560 397 373 290 191 270 1163 156 4552 4505 805 3700 329 242 219 181 204 293 10690 570
is_linear=0
shrinkage=0.05


Tree=5
num_leaves=31
num_cat=0
split_feature=285 292 292 5 120 141 261 100 118 255 166 110 47 289 260 20 125 255 231 292 142 190 212 257 278 33 252 105 227 285
split_gain=3.74074e+07 1.30311e+07 6.87515e+06 5.7596e+06 9.21924e+06 5.51999e+06 5.36116e+06 3.89308e+06 4.8831e+06 6.31352e+06 4.3506e+06 3.80876e+06 5.89188e+06 3.44469e+06 4.30079e+06 3.3866e+06 3.22465e+06 4.42084e+06 6.10579e+06 3.86587e+06 3.58756e+06 3.35542e+06 3.24149e+06 3.15729e+06 3.13069e+06 2.90737e+06 3.2094e+06 3.17875e+06 2.85895e+06 2.81553e+06
threshold=364.94018554687506 553.73107910156261 236.34548950195315 904.46777343750011 2894.0000000000005 -47.249999999999993 -569.74999999999989 4483.7500000000009 4192.3273925781259 1264.7500000000002 381.42756652832037 220.54167938232425 233.48223876953128 -69.749999999999986 197.25000000000003 5237.4047851562509 3675.7458496093755 1361.0000000000002 2364.2500000000005 797.33575439453136 2190.5000000000005 2156.2500000000005 -2365.2499999999995 719.73504638671886 679.19335937500011 492.29144287109381 690.50000000000011 619.50000000000011 -647.24999999999989 562.74551391601574
decision_type=2 2 2 2 2 2 2 2 2 2 2 2 2 2 2 2 2 2 2 2 2 2 2 2 2 2 2 2 2 2
left_child=2 11 -1 7 5 6 -5 8 10 15 -3 12 -2 14 -13 -10 17 19 20 23 21 -19 -21 25 -18 -12 27 -27 -29 -30
right_child=1 3 -4 4 -6 -7 -8 -9 9 -11 16 13 -14 -15 -16 -17 24 18 -20 22 -22 -23 -24 -25 -26 26 -28 28 29 -31
leaf_value=3.5202547791906307 0.69699222946166994 5.5958425612022218 1.0228880416374044 -6.6925908887386329 -45.59782949175154 -3.9213346223229344 -42.460837190801449 7.0924178224343528 -19.308380704937562 -40.249973003430803 -8.7942933935445975 -0.54156306823686762 -35.227946989876884 0.80181637195687139 -3.0239062611404672 5.0887564740180977 -7.7140482139587405 -26.65853843688965 2.4691829522450766 -25.362425927321116 -40.868176487513949 -1.4495022708719427 -8.6334497405065083 1.6363958153293361 18.186953548022682 -2.8814354652740874 2.90132814381696 -27.397734546661379 -23.414402041068445 -5.5556477886356719
leaf_weight=3700 25 95 10800 20 21 103 22 65 33 22 379 3557 21 1617 3425 25 20 33 33 36 21 22 148 199 28 498 158 22 26 146
leaf_count=3700 25 95 10800 20 21 103 22 65 33 22 379 3557 21 1617 3425 25 20 33 33 36 21 22 148 199 28 498 158 22 26 146
internal_value=1.92982e-08 -2.22478 1.66015 -5.68418 -14.6352 -10.1509 -25.4283 -4.94457 -5.34704 -17.4432 -4.8279 -1.35443 -15.7035 -1.27767 -1.75927 -8.79237 -5.38768 -5.74419 -15.4896 -5.08523 -23.2875 -16.5749 -11.9065 -4.20629 7.39487 -5.15234 -3.52846 -4.99654 -10.426 -8.25523
internal_weight=25320 10820 14500 2175 166 145 42 2009 1944 80 1864 8645 46 8599 6982 58 1769 1721 109 1612 76 55 184 1428 48 1229 850 692 194 172
internal_count=25320 10820 14500 2175 166 145 42 2009 1944 80 1864 8645 46 8599 6982 58 1769 1721 109 1612 76 55 184 1428 48 1229 850 692 194 172
is_linear=0
shrinkage=0.05


Tree=6
num_leaves=31
num_cat=0
split_feature=292 236 68 152 223 222 21 131 243 244 2 22 289 277 260 243 33 211 230 9 80 260 20 183 170 275 287 289 32 247
split_gain=3.39706e+07 1.09169e+07 8.83778e+06 6.85913e+06 7.54644e+06 7.44675e+06 1.29995e+07 4.94383e+06 3.69217e+06 3.87886e+06 3.03433e+06 4.24871e+06 3.58306e+06 4.39975e+06 4.29252e+06 3.71718e+06 3.15724e+06 2.81223e+06 2.78236e+06 3.53595e+06 3.06144e+06 2.76325e+06 3.76053e+06 2.56248e+06 2.41103e+06 2.3757e+06 3.1077e+06 2.32507e+06 2.49494e+06 2.78457e+06
threshold=422.89324951171881 298.57344055175787 534.11987304687511 432.60198974609381 2694.7871093750005 644.34121704101574 4259.5000000000009 216.50907897949222 475.07818603515631 -2268.1501464843745 2870.5000000000005 1078.7500000000002 -170.24999999999997 117.25500106811525 153.25000000000003 501.99871826171881 581.48425292968761 663.25000000000011 15.532997608184816 2143.2500000000005 1098.2500000000002 976.75000000000011 5237.4047851562509 1861.2500000000002 168.75000000000003 -16.749999999999996 242.25000000000003 -22.749999999999996 4983.7775878906259 2136.2500000000005
decision_type=2 2 2 2 2 2 2 2 2 2 2 2 2 2 2 2 2 2 2 2 2 2 2 2 2 2 2 2 2 2
left_child=1 17 7 -4 8 -6 -7 -2 -5 -10 11 23 13 -13 -15 -16 -12 -1 -17 20 24 -9 25 -11 -20 26 -23 28 29 -27
right_child=2 -3 3 4 5 6 -8 21 9 10 16 12 -14 14 15 18 -18 -19 19 -21 -22 22 -24 -25 -26 27 -28 -29 -30 -31
leaf_value=2.8543201312386355 -25.96157030151004 0.042148919083774473 -34.079339281717942 1.3089642420874703 2.4344611365219642 -59.524039493907587 -13.109893085559211 -1.0516289351035557 -22.721145150065425 -4.3511761010541132 -7.0286747663251816 -31.378168473924912 -4.2860390686829177 -3.3842903859192326 2.5136066345068127 -33.560176515579222 7.6680862410684654 0.14154235680767982 -9.9825018931318219 -28.538164292981747 -3.9747619558959757 -7.2355158283561467 15.865091115778142 12.503962589346845 -31.763034407297773 -4.0555014188462 -25.291844952106477 11.228593184397772 -17.177254863346324 13.817522959087206
leaf_weight=6857 21 10918 21 225 29 22 48 3422 32 1151 62 28 224 124 26 24 89 1110 27 38 67 160 22 23 24 415 28 26 34 23
leaf_count=6857 21 10918 21 225 29 22 48 3422 32 1151 62 28 224 124 26 24 89 1110 27 38 67 160 22 23 24 415 28 26 34 23
internal_value=-5.1833e-09 1.06907 -3.13743 -5.63545 -5.3715 -18.8708 -27.6972 -1.76295 -4.75393 -5.45746 -5.16777 -5.75263 -9.24571 -12.349 -10.7344 -15.1587 1.63365 2.47636 -17.7114 -15.2731 -11.0013 -1.63991 -4.48324 -4.02096 -20.2322 -5.13581 -9.92476 -3.32794 -4.12978 -3.11696
internal_weight=25320 18885 6435 2284 2263 99 70 4151 2164 1939 1907 1756 582 358 330 206 151 7967 180 156 118 4130 708 1174 51 686 188 498 472 438
internal_count=25320 18885 6435 2284 2263 99 70 4151 2164 1939 1907 1756 582 358 330 206 151 7967 180 156 118 4130 708 1174 51 686 188 498 472 438
is_linear=0
shrinkage=0.05


Tree=7
num_leaves=31
num_cat=0
split_feature=285 292 89 5 120 120 225 100 118 255 166 28 20 260 75 105 220 204 289 287 274 227 212 160 20 292 212 145 156 0
split_gain=3.09046e+07 1.0774e+07 5.9148e+06 4.85704e+06 7.81427e+06 5.45113e+06 3.59255e+06 3.49917e+06 4.41537e+06 5.50612e+06 3.85762e+06 3.34928e+06 3.01742e+06 2.97268e+06 3.00719e+06 3.90945e+06 3.10907e+06 3.41252e+06 3.00249e+06 2.92918e+06 3.8537e+06 8.7619e+06 3.22394e+06 2.83308e+06 2.79656e+06 4.09529e+06 6.44646e+06 2.8452e+06 2.91257e+06 7.64947e+06
threshold=364.94018554687506 553.73107910156261 248.795524597168 904.46777343750011 2771.2500000000005 1107.7500000000002 2652.5000000000005 4483.7500000000009 4192.3273925781259 1264.7500000000002 381.42756652832037 465.25000000000006 5237.4047851562509 215.25000000000003 537.77215576171886 -1827.7499999999998 -588.74999999999989 1884.7500000000002 -69.749999999999986 1075.5000000000002 1421.0000000000002 1939.0000000000002 1454.5000000000002 3423.816284179688 3275.7595214843755 797.33575439453136 -2052.2499999999995 470.23809814453131 -1130.7499999999998 1258.7500000000002
decision_type=2 2 2 2 2 2 2 2 2 2 2 2 2 2 2 2 2 2 2 2 2 2 2 2 2 2 2 2 2 2
left_child=2 6 -1 7 5 11 13 8 10 12 -3 -5 -10 -2 18 -16 -17 -18 -15 20 22 -22 24 -24 25 27 -27 28 -12 -30
right_child=1 3 -4 4 -6 -7 -8 -9 9 -11 19 -13 -14 14 15 16 17 -19 -20 -21 21 -23 23 -25 -26 26 -28 -29 29 -31
leaf_value=3.0558520534859674 -0.25455409513302574 5.4389520208459157 0.84971004711810127 -9.4788625242280187 -41.141850397803573 3.9894494524189072 -21.886180246443978 6.9232370050595371 -18.219907067038797 -37.670954179763797 -2.9978035955836901 -29.452040537446738 4.8090684490203861 -2.3444034000950316 -20.939359913374247 10.5222875103806 -6.3955441181140005 9.7716375732421881 1.0760281633608269 12.823497333863507 -36.945143175125125 -0.35794225003984242 -14.638244647071474 4.4446132203807007 2.0383083832019953 -33.687845363616944 -6.7694006883820821 -2.9861358128288558 -29.018418210983278 1.4588566638742175
leaf_weight=4333 4323 95 10167 61 22 51 21 65 33 22 76 32 25 2886 38 33 484 35 825 23 30 36 126 23 171 30 86 1083 50 35
leaf_count=4333 4323 95 10167 61 22 51 21 65 33 22 76 32 25 2886 38 33 484 35 825 23 30 36 126 23 171 30 86 1083 50 35
internal_value=3.62369e-08 -2.02218 1.50897 -5.16774 -13.3876 -9.14732 -1.23079 -4.48855 -4.87012 -16.3724 -4.37646 -16.3514 -8.29362 -1.18049 -2.11117 -5.42694 -4.35906 -5.30527 -1.584 -4.90358 -5.13709 -16.9885 -4.6715 -11.6926 -3.9882 -4.74594 -13.7311 -3.9081 -10.1099 -16.469
internal_weight=25320 10820 14500 2175 166 144 8645 2009 1944 80 1864 93 58 8624 4301 590 552 519 3711 1769 1746 66 1680 149 1531 1360 116 1244 161 85
internal_count=25320 10820 14500 2175 166 144 8645 2009 1944 80 1864 93 58 8624 4301 590 552 519 3711 1769 1746 66 1680 149 1531 1360 116 1244 161 85
is_linear=0
shrinkage=0.05


Tree=8
num_leaves=31
num_cat=0
split_feature=292 236 5 120 134 176 68 124 157 13 13 222 220 180 206 209 246 270 39 108 114 20 128 124 12 127 276 160 114 94
split_gain=2.79967e+07 1.04741e+07 6.6994e+06 7.03671e+06 4.72807e+06 4.07579e+06 3.71017e+06 6.202e+06 3.45588e+06 3.01287e+06 3.88987e+06 5.38097e+06 6.28204e+06 5.48281e+06 3.85454e+06 3.65421e+06 3.40833e+06 3.39171e+06 4.45553e+06 4.33819e+06 2.75915e+06 2.73907e+06 3.96795e+06 4.13175e+06 4.21616e+06 2.70039e+06 2.60071e+06 2.45971e+06 2.33864e+06 4.67398e+06
threshold=448.46302795410162 298.57344055175787 904.46777343750011 2894.0000000000005 732.75000000000011 2252.2500000000005 534.11987304687511 461.96549987792974 -3281.2499999999995 1982.9178466796877 2798.339233398438 644.34121704101574 627.25000000000011 661.46316528320324 1854.7500000000002 1265.067321777344 -234.24999999999997 1597.7025146484377 3149.157592773438 1666.5000000000002 2685.7500000000005 5237.4047851562509 3128.0000000000005 302.47431945800787 432.85191345214849 511.25000000000006 59.250000000000007 -216.18813323974607 1376.2500000000002 687.75000000000011
decision_type=2 2 2 2 2 2 2 2 2 2 2 2 2 2 2 2 2 2 2 2 2 2 2 2 2 2 2 2 2 2
left_child=1 5 6 4 25 -1 21 -8 -9 14 17 -12 15 -14 28 16 -13 -11 19 -19 -3 22 -2 -24 -25 27 -6 -4 29 -10
right_child=2 20 3 -5 26 -7 7 8 9 10 11 12 13 -15 -16 -17 -18 18 -20 -21 -22 -23 23 24 -26 -27 -28 -29 -30 -31
leaf_value=2.3142477952821596 -1.5846988661161712 -0.042610838649165345 -19.932942046263278 -39.831781843730383 10.223063487033635 -19.742349343072803 -29.341787151336675 -24.453916722252259 -2.479038678565531 0.076632047692934677 3.6895915600349163 -19.38062031038346 -39.754839958315316 -11.461031096728881 15.589499562127251 13.126377776174834 3.0950895315891991 -40.175198689822494 -10.378545536543873 -10.335060428437734 -16.348279567865227 10.708501537456069 -31.05162422180176 -2.5599044041896089 -26.117890219066453 -32.257634691758589 -8.1887903507460251 -0.078870239624610317 5.3597632963406419 -11.487412938116545
leaf_weight=7958 2882 12068 39 21 34 21 25 21 1086 48 145 31 23 67 28 33 37 29 148 21 26 43 20 109 23 22 44 26 76 166
leaf_count=7958 2882 12068 39 21 34 21 25 21 1086 48 145 31 23 67 28 33 37 29 148 21 26 43 20 109 23 22 44 26 76 166
internal_value=-2.82172e-08 0.850043 -3.25194 -12.5715 -9.10198 2.2562 -2.90943 -4.59537 -4.27956 -4.06096 -7.07016 -3.57253 -9.08566 -18.6917 -2.76939 -0.525846 -7.15119 -11.8474 -14.7381 -27.6423 -0.0776652 -1.82236 -1.99996 -9.87351 -6.6647 -17.1161 -0.16311 -11.9913 -3.15648 -3.67344
internal_weight=25320 20073 5247 186 165 7979 5061 1984 1959 1938 582 336 191 90 1356 101 68 246 198 50 12094 3077 3034 152 132 87 78 65 1328 1252
internal_count=25320 20073 5247 186 165 7979 5061 1984 1959 1938 582 336 191 90 1356 101 68 246 198 50 12094 3077 3034 152 132 87 78 65 1328 1252
is_linear=0
shrinkage=0.05


Tree=9
num_leaves=31
num_cat=0
split_feature=285 292 292 5 120 169 110 47 32 100 43 287 71 251 289 260 170 32 268 124 262 124 115 255 231 159 266 42 236 84
split_gain=2.5582e+07 8.8353e+06 5.06153e+06 3.90824e+06 6.39281e+06 4.73046e+06 3.20044e+06 5.27752e+06 3.17353e+06 3.14185e+06 3.88837e+06 3.10343e+06 3.31021e+06 3.86074e+06 2.84596e+06 3.33531e+06 2.70709e+06 4.75686e+06 2.68708e+06 2.51339e+06 4.20325e+06 2.5033e+06 2.77407e+06 2.39108e+06 4.90645e+06 5.35406e+06 2.58219e+06 2.57912e+06 3.5223e+06 3.37923e+06
threshold=364.94018554687506 553.73107910156261 236.34548950195315 904.46777343750011 2771.2500000000005 1450.2500000000002 220.54167938232425 233.48223876953128 1197.3750000000002 4483.7500000000009 5395.0000000000009 1075.5000000000002 -1029.7499999999998 -1933.273498535156 -69.749999999999986 228.75000000000003 -1798.7499999999998 1786.2025146484377 -263.24999999999994 581.48425292968761 -2.7499999999999996 521.28231811523449 1047.7500000000002 1361.0000000000002 1940.7500000000002 553.73107910156261 -1423.9999999999998 1122.7500000000002 461.59492492675787 802.25000000000011
decision_type=2 2 2 2 2 2 2 2 2 2 2 2 2 2 2 2 2 2 2 2 2 2 2 2 2 2 2 2 2 2
left_child=2 6 -1 9 5 8 7 -2 -5 10 11 12 -3 -14 15 16 17 -8 -11 21 -21 -17 -23 26 25 -25 -15 28 -28 -30
right_child=1 3 -4 4 -6 -7 14 -9 -10 18 -12 -13 13 23 -16 19 -18 -19 -20 20 -22 22 -24 24 -26 -27 27 -29 29 -31
leaf_value=2.9689071458831835 1.2453970527648925 -0.42776673752228228 0.8261036476623268 -25.263016507432269 -37.165084821527657 7.7661260632106242 -2.869225808943427 -32.755031458536784 -7.2458156387011217 21.983479681015016 -21.457505544026695 13.009730817205631 -27.311532707214354 -15.043428893280883 0.83734855946469033 -2.7262346474353234 0.043603849837790462 -25.741970159610112 -0.043043403294351371 -29.044205238705594 -5.5570654369018433 -0.45965926154678416 11.483607360011057 -7.2621060552199683 -3.1263008829835175 -37.134209041595462 -23.857904396312577 -2.0188012378233693 -3.4541341387732474 -12.73011637380881
leaf_weight=3700 25 413 10800 37 22 35 430 21 72 20 33 26 20 56 1617 2778 3248 24 45 21 205 213 63 30 77 30 28 691 411 129
leaf_count=3700 25 413 10800 37 22 35 430 21 72 20 33 26 20 56 1617 2778 3248 24 45 21 205 213 63 30 77 30 28 691 411 129
internal_value=2.97199e-12 -1.83982 1.37289 -4.68835 -12.0617 -8.2265 -1.12316 -14.2765 -13.3617 -4.0791 -4.44066 -4.1468 -4.38344 -5.49329 -1.0528 -1.49055 -0.461899 -4.07836 6.73435 -2.65154 -7.7395 -2.27502 2.26652 -5.19276 -11.4789 -22.1982 -4.53785 -4.07057 -6.56665 -5.67006
internal_weight=25320 10820 14500 2175 166 144 8645 46 109 2009 1944 1911 1885 1472 8599 6982 3702 454 65 3280 226 3054 276 1452 137 60 1315 1259 568 540
internal_count=25320 10820 14500 2175 166 144 8645 46 109 2009 1944 1911 1885 1472 8599 6982 3702 454 65 3280 226 3054 276 1452 137 60 1315 1259 568 540
is_linear=0
shrinkage=0.05


Tree=10
num_leaves=31
num_cat=0
split_feature=292 292 124 255 247 253 47 170 89 222 253 145 275 215 226 198 212 219 157 86 289 283 153 291 126 285 211 5 152 227
split_gain=2.33201e+07 9.41942e+06 3.79307e+06 4.77819e+06 6.8772e+06 6.89019e+06 3.34985e+06 3.2162e+06 3.49097e+06 6.10609e+06 3.39855e+06 4.95294e+06 3.31137e+06 3.07167e+06 2.73241e+06 3.11452e+06 2.6474e+06 3.16809e+06 3.11788e+06 2.79222e+06 2.8844e+06 7.4265e+06 2.79663e+06 2.38586e+06 2.30541e+06 2.27643e+06 3.49956e+06 2.24266e+06 2.20895e+06 2.15403e+06
threshold=340.20759582519537 553.73107910156261 392.92070007324224 1361.0000000000002 1722.0000000000002 2155.0000000000005 235.37285614013675 -1756.7499999999998 529.70809936523449 451.16493225097662 927.75000000000011 248.69289398193362 198.75000000000003 569.17248535156261 2095.5000000000005 983.25000000000011 1512.7500000000002 1119.2500000000002 1607.2500000000002 3289.0000000000005 -488.74999999999994 179.75000000000003 2532.2224121093755 2370.974975585938 1888.2500000000002 797.33575439453136 431.25000000000006 797.33575439453136 587.72634887695324 712.75000000000011
decision_type=2 2 2 2 2 2 2 2 2 2 2 2 2 2 2 2 2 2 2 2 2 2 2 2 2 2 2 2 2 2
left_child=6 7 -3 16 5 14 -1 8 -2 -10 27 -12 29 -6 15 -5 17 19 -18 20 21 -4 24 -8 25 -22 -27 -9 -17 -13
right_child=1 2 3 4 13 -7 23 10 9 -11 11 12 -14 -15 -16 28 18 -19 -20 -21 22 -23 -24 -25 -26 26 -28 -29 -30 -31
leaf_value=2.9033950811192613 -2.319755983858236 1.8480631990765417 -6.4643802505355694 -3.2003140138543174 -13.678851710596394 -42.418899620903865 1.1035588614526677 -0.17508104462641264 -35.680447907674882 -6.6383523719001367 -26.973214131309874 0.089243001775977049 -0.10766260073218548 6.3535880241394045 2.6787736225128178 -15.043324919541678 -25.734013444185258 6.301884727398555 -7.2191096146983558 7.4008877973556526 -2.7013716895498483 -33.729613311202442 -16.030908446368716 -15.021684521177541 5.895167866264071 -17.09365490797688 2.7501932765498309 -10.396262838001604 -36.727484777699345 -6.4929837490623816
leaf_weight=3450 728 215 333 23 31 27 8627 8681 21 131 21 162 710 50 20 24 28 75 121 50 918 27 42 23 70 68 33 54 23 534
leaf_count=3450 728 215 333 23 31 27 8627 8681 21 131 21 162 710 50 20 24 28 75 121 50 918 27 42 23 70 68 33 54 23 534
internal_value=-9.10782e-09 -1.45171 -4.45683 -5.14738 -12.5125 -20.2659 1.58608 -0.858961 -3.75875 -10.6507 -0.607848 -2.87013 -2.51013 -1.31315 -13.62 -18.2768 -4.32115 -3.73314 -10.6984 -4.22155 -4.6113 -8.50927 -3.37056 1.06068 -2.88229 -3.48525 -10.61 -0.238269 -25.6547 -4.96091
internal_weight=25320 13220 2178 1963 198 117 12100 11042 880 152 10162 1427 1406 81 90 70 1765 1616 149 1541 1491 360 1131 8650 1089 1019 101 8735 47 696
internal_count=25320 13220 2178 1963 198 117 12100 11042 880 152 10162 1427 1406 81 90 70 1765 1616 149 1541 1491 360 1131 8650 1089 1019 101 8735 47 696
is_linear=0
shrinkage=0.05


Tree=11
num_leaves=31
num_cat=0
split_feature=222 5 119 110 113 220 268 19 134 229 61 257 152 180 261 283 238 241 276 208 233 259 155 112 271 89 285 103 106 191
split_gain=2.11018e+07 7.02995e+06 6.96666e+06 5.84703e+06 5.56871e+06 4.71692e+06 4.65889e+06 4.68091e+06 3.58493e+06 3.50699e+06 3.3614e+06 3.75529e+06 3.09372e+06 3.05378e+06 2.99723e+06 4.43866e+06 2.98178e+06 4.24921e+06 2.73691e+06 2.53525e+06 3.73035e+06 2.38647e+06 2.86126e+06 2.3774e+06 5.24071e+06 2.35789e+06 2.2104e+06 2.45274e+06 3.5106e+06 2.12932e+06
threshold=380.11706542968756 904.46777343750011 2863.2500000000005 315.11604309082037 3135.5000000000005 546.75000000000011 -1688.7499999999998 376.69180297851568 732.75000000000011 302.32545471191412 534.11987304687511 467.28804016113287 456.81854248046881 441.35635375976568 1368.7500000000002 571.25000000000011 1981.7500000000002 1697.2500000000002 59.250000000000007 395.23889160156256 556.25000000000011 -159.74999999999997 235.25000000000003 -1792.2499999999998 382.33732604980474 250.41455078125003 341.09707641601568 291.55612182617193 1703.7500000000002 -1453.7499999999998
decision_type=2 2 2 2 2 2 2 2 2 2 2 2 2 2 2 2 2 2 2 2 2 2 2 2 2 2 2 2 2 2
left_child=2 6 5 -4 8 9 7 -2 21 -1 19 -12 13 -13 16 -16 17 -14 -10 20 23 -3 -23 24 -8 -21 -27 28 -28 -9
right_child=1 4 3 -5 -6 -7 10 29 18 -11 11 12 14 -15 15 -17 -18 -19 -20 25 -22 22 -24 -25 -26 26 27 -29 -30 -31
leaf_value=2.3278427353526365 -31.674232231486929 -6.232445859909058 -34.14869916534424 -3.4692414027888603 -35.57713708423433 -0.71197749088220741 -28.049117381925939 -1.2556781456470489 10.094636921321644 0.67967028863803947 1.2254246575994239 -4.4168407258533291 -3.5954923615711332 -31.716438468694687 -34.033287744522099 -0.72165716171264649 9.3163208956068218 -26.777628168463707 -8.3683304905891429 9.1076338851262655 -9.1791380605086896 -36.000058399547235 -11.904132577351163 -1.1526476511634844 -1.4537341877565546 5.6055290067796228 -1.3291841366352179 -0.66456441686371082 -25.634043280283613 -14.208072077577766
leaf_weight=7140 22 41 25 41 21 2704 27 75 34 5890 394 21 1697 20 20 20 44 20 49 63 203 22 28 1038 59 139 39 5345 24 55
leaf_count=7140 22 41 25 41 21 2704 27 75 34 5890 394 21 1697 20 20 20 44 20 49 63 203 22 28 1038 59 139 39 5345 24 55
internal_value=-1.32598e-08 -1.85955 1.12044 -15.0902 -11.2554 1.18844 -1.66307 -10.3451 -8.31999 1.58281 -1.5192 -3.20508 -4.15275 -17.7337 -3.84358 -17.3775 -3.53616 -3.86552 -0.805187 -0.975798 -2.94115 -15.1741 -22.5063 -1.81454 -9.80345 -0.51091 -0.620152 -0.780169 -10.5882 -6.73554
internal_weight=25320 9520 15800 66 195 15734 9325 152 174 13030 9173 2236 1842 41 1801 40 1761 1717 83 6937 1327 91 50 1124 86 5610 5547 5408 63 130
internal_count=25320 9520 15800 66 195 15734 9325 152 174 13030 9173 2236 1842 41 1801 40 1761 1717 83 6937 1327 91 50 1124 86 5610 5547 5408 63 130
is_linear=0
shrinkage=0.05


Tree=12
num_leaves=31
num_cat=0
split_feature=292 180 5 113 169 93 146 253 187 257 215 169 206 9 215 121 164 114 265 79 218 217 285 173 268 187 11 231 274 166
split_gain=1.90978e+07 7.67571e+06 4.66562e+06 5.15618e+06 3.6345e+06 2.88648e+06 4.53766e+06 3.10618e+06 2.89176e+06 2.86259e+06 7.20385e+06 2.67298e+06 3.41123e+06 2.69289e+06 3.80382e+06 2.69275e+06 4.12483e+06 2.66269e+06 2.40006e+06 2.36311e+06 4.84569e+06 2.30683e+06 2.25218e+06 2.70048e+06 2.20731e+06 3.04929e+06 2.17135e+06 2.11783e+06 5.9924e+06 2.50303e+06
threshold=448.46302795410162 302.38824462890631 904.46777343750011 3135.5000000000005 1450.2500000000002 4543.5000000000009 3978.744506835938 1896.7500000000002 477.48863220214849 409.35317993164068 423.05567932128912 479.25000000000006 -1278.7499999999998 -1623.7499999999998 537.77215576171886 -778.24999999999989 677.75000000000011 2685.7500000000005 -2383.7707519531245 918.25000000000011 555.25000000000011 765.25000000000011 492.24920654296881 366.36630249023443 -275.74999999999994 587.72634887695324 903.92001342773449 2364.2500000000005 1421.0000000000002 852.46588134765636
decision_type=2 2 2 2 2 2 2 2 2 2 2 2 2 2 2 2 2 2 2 2 2 2 2 2 2 2 2 2 2 2
left_child=1 21 5 4 19 6 8 -8 9 10 22 18 -13 14 -14 16 -15 -3 -10 20 26 -1 -2 -24 -7 -26 -4 28 29 -17
right_child=2 17 3 -5 -6 24 7 -9 11 -11 -12 12 13 15 -16 27 -18 -19 -20 -21 -22 -23 23 -25 25 -27 -28 -29 -30 -31
leaf_value=2.1296257621254471 -6.0329589379388233 -0.078595489652046671 -21.842211398211393 -33.798279907589873 5.6249814110994336 19.657374719778698 -7.1269479488953955 -25.849242317676545 -14.385447486450799 0.21576199559690235 -33.56951927457537 -22.814726415047279 -8.2191392247493464 -5.0067619567116104 9.1949431933934189 -3.9692009370530918 -28.40510798893088 -16.41359880065918 -1.6852826977263551 3.1841697904196655 -33.531606116661656 -0.87501475347745039 16.614223778673583 -3.8498196601867676 10.921277176908085 -12.51482451065727 -3.2561390655690974 6.807252749418601 -24.298469979946432 -19.978821899414065
leaf_weight=7533 172 11817 22 21 40 24 72 32 38 1430 21 26 52 48 79 1042 31 25 1767 22 26 698 28 38 35 23 55 39 39 25
leaf_count=7533 172 11817 22 21 40 24 72 32 38 1430 21 26 52 48 79 1042 31 25 1767 22 26 698 28 38 35 23 55 39 39 25
internal_value=-2.21826e-09 0.702068 -2.68584 -10.4632 -7.49325 -2.40001 -2.55325 -12.8877 -2.33278 -0.660263 -5.497 -3.21944 -4.87516 -4.53093 2.28248 -5.26015 -14.1884 -0.113081 -1.95265 -11.6911 -14.8683 1.87483 -3.02002 4.8319 6.90464 1.62765 -8.56645 -4.64414 -5.04794 -4.34431
internal_weight=25320 20073 5247 186 165 5061 4979 104 4875 1689 259 3186 1381 1355 131 1224 79 11842 1805 125 103 8231 238 66 82 58 77 1145 1106 1067
internal_count=25320 20073 5247 186 165 5061 4979 104 4875 1689 259 3186 1381 1355 131 1224 79 11842 1805 125 103 8231 238 66 82 58 77 1145 1106 1067
is_linear=0
shrinkage=0.05


Tree=13
num_leaves=31
num_cat=0
split_feature=292 68 129 24 229 30 223 268 282 253 20 110 276 47 289 257 166 261 51 99 260 11 6 6 162 19 248 289 239 47
split_gain=1.7536e+07 7.19015e+06 4.13146e+06 6.30062e+06 4.99315e+06 6.28742e+06 3.58406e+06 3.24755e+06 3.95299e+06 3.13704e+06 3.84795e+06 4.0214e+06 3.14001e+06 2.8195e+06 2.81191e+06 2.71138e+06 2.84742e+06 2.44293e+06 3.99502e+06 3.58653e+06 2.26623e+06 2.63592e+06 2.90519e+06 5.84736e+06 4.85178e+06 2.64148e+06 3.58538e+06 3.60169e+06 2.40893e+06 3.47825e+06
threshold=340.20759582519537 534.11987304687511 3859.7500000000005 4601.5000000000009 679.19335937500011 5025.0000000000009 2694.7871093750005 -1688.7499999999998 -800.74999999999989 927.75000000000011 5237.4047851562509 235.21138763427737 360.25000000000006 214.72550201416018 -534.74999999999989 470.06779479980474 445.97879028320318 549.75000000000011 2854.2500000000005 -154.24999999999997 233.25000000000003 5087.6052246093759 2040.426208496094 3031.898315429688 2203.0000000000005 744.84381103515636 1259.2500000000002 -280.74999999999994 -147.24999999999997 852.46588134765636
decision_type=2 2 2 2 2 2 2 2 2 2 2 2 2 2 2 2 2 2 2 2 2 2 2 2 2 2 2 2 2 2
left_child=13 9 3 6 -4 -6 7 8 -3 -2 11 -11 14 -1 -13 -9 -17 -16 19 -19 28 22 24 25 -22 26 27 -24 29 -18
right_child=1 2 4 -5 5 -7 -8 15 -10 10 -12 12 -14 -15 17 16 20 18 -20 -21 21 -23 23 -25 -26 -27 -28 -29 -30 -31
leaf_value=2.8920944964081237 -0.34671937317963408 -6.2683938617706296 2.8388327916463219 20.253204972403392 -44.601831496845591 -7.5961709817250567 -20.493906325678672 0.62348781007629828 -32.118813878013974 -23.431724940240386 15.915623481185348 -17.855945625247028 -0.52564151204316734 0.99130925695126815 -2.0765398931060757 -18.645590734481811 -2.8214744807682308 -22.581953019755229 -24.47723319313743 -3.4515555585525477 -4.9422616654001299 4.2344604115604474 -28.523219592041439 -0.72754678178806698 20.074714169502258 -0.42788093867509264 -37.248712773756544 -9.6205683095114569 1.044800296097921 -17.584429680217397
leaf_weight=2445 9190 50 24 28 22 24 31 411 21 24 27 41 749 9655 431 32 428 28 33 196 626 68 36 98 20 23 22 84 409 44
leaf_count=2445 9190 50 24 28 22 24 31 411 21 24 27 41 749 9655 431 32 428 28 33 196 626 68 36 98 20 23 22 84 409 44
internal_value=3.16951e-09 -1.25887 -3.6729 -3.32806 -15.6488 -25.2945 -3.60283 -3.38208 -13.9143 -0.695618 -2.79266 -3.12896 -2.79928 1.37539 -5.1353 -3.0571 -3.85748 -4.37723 -8.2356 -5.84286 -3.60279 -5.261 -5.97133 -10.4014 -4.16774 -16.1471 -18.6932 -15.2914 -1.76388 -4.19768
internal_weight=25320 13220 2501 2431 70 46 2403 2372 71 10719 1529 1502 1478 12100 729 2301 1890 688 257 224 1858 977 909 263 646 165 142 120 881 472
internal_count=25320 13220 2501 2431 70 46 2403 2372 71 10719 1529 1502 1478 12100 729 2301 1890 688 257 224 1858 977 909 263 646 165 142 120 881 472
is_linear=0
shrinkage=0.05


Tree=14
num_leaves=31
num_cat=0
split_feature=222 113 5 44 176 211 268 19 260 61 61 131 260 239 47 26 3 292 289 180 257 96 173 241 184 261 289 20 45 89
split_gain=1.60543e+07 6.03982e+06 5.38269e+06 4.35406e+06 4.33088e+06 4.20703e+06 3.75227e+06 4.27218e+06 2.6912e+06 2.99035e+06 3.83299e+06 4.37692e+06 3.09823e+06 2.56775e+06 2.50376e+06 2.3874e+06 2.61761e+06 7.29024e+06 2.17431e+06 2.63815e+06 2.13395e+06 2.8365e+06 4.13776e+06 2.81244e+06 3.32045e+06 2.13223e+06 2.10958e+06 2.60831e+06 2.42168e+06 4.3948e+06
threshold=380.11706542968756 3434.2500000000005 904.46777343750011 1972.0000000000002 1465.2500000000002 742.25000000000011 -1688.7499999999998 376.69180297851568 220.25000000000003 557.84716796875011 601.57815551757824 700.57888793945324 270.25000000000006 -238.24999999999997 235.37285614013675 363.12654113769537 -460.74999999999994 367.27325439453131 -452.24999999999994 321.95828247070318 467.28804016113287 553.73107910156261 537.77215576171886 563.00000000000011 594.75000000000011 -697.74999999999989 -69.749999999999986 5237.4047851562509 3333.7500000000005 477.58610534667974
decision_type=2 2 2 2 2 2 2 2 2 2 2 2 2 2 2 2 2 2 2 2 2 2 2 2 2 2 2 2 2 2
left_child=1 5 6 4 -4 14 7 -2 13 26 11 12 -11 -8 -1 16 17 -7 19 -18 -14 22 -22 24 -23 -12 27 28 -10 -30
right_child=2 -3 3 -5 -6 15 8 -9 9 10 25 -13 20 -15 -16 -17 18 -19 -20 -21 21 23 -24 -25 -26 -27 -28 -29 29 -31
leaf_value=2.6045851311670423 -29.618329806761309 -18.674996596116287 -10.381793818732566 -25.818064106532507 10.431573522475459 -3.6568409931182866 -1.7307194445457796 -5.7932851901191933 -1.9393505391549664 -25.960111363728842 -17.493042000857269 -30.405359909751201 0.91882731013000019 0.63834437030343638 0.99788516393004356 1.834193717168056 -3.5752709274490679 -36.169675030708312 -0.81944362994532638 -25.189445571899416 -7.3147951285044357 -5.274608087539673 -31.795773267745972 2.4031333296266322 -28.232295192990986 -1.6279695159123269 0.8006674708120981 10.861089434749204 -3.7445321174131503 -22.299163839293691
leaf_weight=3206 22 39 129 35 31 125 2143 130 2645 21 22 22 80 2453 9950 643 48 20 1749 20 45 63 28 73 21 567 767 38 144 41
leaf_count=3206 22 39 129 35 31 125 2143 130 2645 21 22 22 80 2453 9950 643 48 20 1749 20 45 63 28 73 21 567 767 38 144 41
internal_value=-3.00476e-08 0.977292 -1.62198 -9.84361 -6.3492 1.02592 -1.45005 -9.24165 -1.32094 -2.17914 -4.68968 -8.80955 -7.37418 -0.466291 1.38942 -0.809874 -1.67641 -8.14137 -1.16049 -9.93238 -6.11513 -8.56173 -16.7048 -4.77548 -11.014 -2.22055 -1.52854 -2.15144 -2.32617 -7.85664
internal_weight=25320 15800 9520 195 160 15761 9325 152 9173 4577 942 353 331 4596 13156 2605 1962 145 1817 68 310 230 73 157 84 589 3635 2868 2830 185
internal_count=25320 15800 9520 195 160 15761 9325 152 9173 4577 942 353 331 4596 13156 2605 1962 145 1817 68 310 230 73 157 84 589 3635 2868 2830 185
is_linear=0
shrinkage=0.05


Tree=15
num_leaves=31
num_cat=0
split_feature=222 113 5 142 220 1 17 268 19 222 260 180 220 182 278 3 208 218 218 40 161 271 288 98 64 120 267 21 89 72
split_gain=1.4489e+07 5.45094e+06 4.85788e+06 4.00318e+06 3.82499e+06 3.82169e+06 4.04803e+06 3.38642e+06 3.85565e+06 2.5497e+06 2.42881e+06 2.7602e+06 2.67535e+06 5.64558e+06 4.25074e+06 2.52861e+06 2.5293e+06 2.63019e+06 3.63188e+06 2.50213e+06 2.40015e+06 3.22707e+06 2.45328e+06 2.2184e+06 3.11055e+06 2.89205e+06 3.71946e+06 3.31579e+06 2.87273e+06 2.36801e+06
threshold=380.11706542968756 3434.2500000000005 904.46777343750011 2305.5000000000005 546.75000000000011 1995.5000000000002 737.75000000000011 -1688.7499999999998 376.69180297851568 305.64102172851568 220.25000000000003 495.42776489257818 3001.7500000000005 2812.0000000000005 719.73504638671886 -1309.2499999999998 394.00553894042974 808.25000000000011 859.75000000000011 369.71250915527349 -1670.4999999999998 356.98858642578131 757.00000000000011 472.75000000000006 1347.2500000000002 2282.7500000000005 1383.2500000000002 2056.0000000000005 401.12254333496099 2279.7500000000005
decision_type=2 2 2 2 2 2 2 2 2 2 2 2 2 2 2 2 2 2 2 2 2 2 2 2 2 2 2 2 2 2
left_child=1 4 7 5 9 6 -4 8 -2 -1 20 15 13 19 -15 -12 17 -17 -19 -13 21 -9 -22 24 28 26 29 -27 -21 -25
right_child=2 -3 3 -5 -6 -7 -8 10 -10 -11 11 12 -14 14 -16 16 -18 18 -20 23 22 -23 -24 25 -26 27 -28 -29 -30 -31
leaf_value=1.9453133889525618 -28.137413709272039 -17.741246511997321 -5.8044785100966694 -28.474069571495058 -0.7267681766360049 9.5374210166931146 -26.764586488131819 -21.03141462135315 -5.5036208672850186 0.53459957187025908 -4.8914706454264589 5.1418873117464345 10.456358473228686 -31.441258922219276 -4.5028803931342232 -0.2588938572177471 0.33230358184473324 -27.666864030957221 -5.4791302941771001 -20.418605583364315 0.076875626036780886 -2.6643648935748967 -17.478576259687543 -7.8591146233455866 13.299153367429973 9.8723491211732224 -22.778878086491638 -4.423259768639606 -2.0848664940367492 2.4299035079777243
leaf_weight=7358 22 39 112 24 2731 30 29 25 130 5672 383 82 33 32 27 290 1915 20 237 22 4000 551 20 443 32 54 38 163 742 64
leaf_count=7358 22 39 112 24 2731 30 29 25 130 5672 383 82 33 32 27 290 1915 20 237 22 4000 551 20 443 32 54 38 163 742 64
internal_value=1.48992e-08 0.928427 -1.54088 -9.35143 0.974625 -6.66756 -10.1154 -1.37755 -8.77956 1.33123 -1.25489 -2.07018 -3.64386 -3.91773 -19.1135 -1.11214 -0.524212 -3.5228 -7.2058 -3.37105 -0.442976 -3.46155 -0.0104649 -3.8191 -1.97312 -5.74745 -7.69114 -0.865827 -2.6128 -6.5603
internal_weight=25320 15800 9520 195 15761 171 141 9325 152 13030 9173 4577 1732 1699 59 2845 2462 547 257 1640 4596 576 4020 1558 796 762 545 217 764 507
internal_count=25320 15800 9520 195 15761 171 141 9325 152 13030 9173 4577 1732 1699 59 2845 2462 547 257 1640 4596 576 4020 1558 796 762 545 217 764 507
is_linear=0
shrinkage=0.05


Tree=16
num_leaves=31
num_cat=0
split_feature=292 75 124 184 201 17 159 244 247 4 68 289 20 253 276 231 1 47 291 204 16 205 56 226 218 31 216 273 264 292
split_gain=1.31055e+07 5.53856e+06 5.22759e+06 3.65074e+06 7.16752e+06 9.00164e+06 2.75929e+06 2.5885e+06 2.77973e+06 3.04909e+06 2.57669e+06 2.55051e+06 2.50695e+06 2.93668e+06 2.54518e+06 2.6859e+06 6.49932e+06 2.30152e+06 2.0996e+06 2.08827e+06 6.6434e+06 3.43992e+06 3.51307e+06 1.89895e+06 3.37776e+06 4.47239e+06 5.90441e+06 1.88233e+06 2.05683e+06 3.38997e+06
threshold=340.20759582519537 534.11987304687511 456.96803283691412 2483.7500000000005 557.84716796875011 4266.5000000000009 200.31291198730472 -2268.1501464843745 -180.74999999999997 5357.7749023437509 609.70101928710949 -69.749999999999986 5237.4047851562509 927.75000000000011 360.25000000000006 714.25000000000011 -479.74999999999994 200.32362365722659 2370.974975585938 1963.2500000000002 1771.0000000000002 1295.7500000000002 1455.7500000000002 927.25000000000011 1155.5000000000002 705.75000000000011 1247.914733886719 -178.24999999999997 464.60691833496099 499.01130676269537
decision_type=2 2 2 2 2 2 2 2 2 2 2 2 2 2 2 2 2 2 2 2 2 2 2 2 2 2 2 2 2 2
left_child=17 6 -3 7 -5 -6 -2 10 -9 19 -4 12 13 -8 15 -15 -17 -1 -19 21 -21 23 -23 24 27 -26 -27 -10 -29 -30
right_child=1 2 3 4 5 -7 11 8 9 -11 -12 -13 -14 14 -16 16 -18 18 -20 20 -22 22 -24 -25 25 26 -28 28 29 -31
leaf_value=2.7978241421109469 -18.282519852031363 -28.045746998559864 -2.5494816637039186 13.31575138092041 -41.209189518292746 -4.5711075832969268 -0.60970756092660572 -0.8788512536238603 1.9796032661861844 6.4208273295433287 -27.930044984817506 1.0938230889911453 11.89657275300277 1.0975322401211147 -0.85844610694014001 -27.288717728692134 -5.5100034514288883 0.92747148432751159 -14.196409377844439 11.970506138186302 -14.368399561368504 -7.3736700109073103 -34.810886211395264 0.86560339524259433 -3.2641206741333009 -43.065174341201782 -7.6134332988573163 0.036713910281148732 -15.659450338304659 -5.0120491245224432
leaf_weight=1878 22 21 20 20 30 38 7543 1311 90 62 20 1920 38 124 567 37 462 10199 23 62 39 28 20 117 42 24 23 117 97 326
leaf_count=1878 22 21 20 20 30 38 7543 1311 90 62 20 1920 38 124 567 37 462 10199 23 62 39 28 20 117 42 24 23 117 97 326
internal_value=2.26732e-08 -1.08828 -3.20387 -2.99402 -12.9962 -20.735 -0.593203 -2.62697 -2.41301 -4.33401 -15.2398 -0.556801 -0.918128 -0.973889 -3.28231 -5.4883 -7.12486 1.18901 0.893442 -5.01097 1.80004 -5.78915 -18.8058 -5.04178 -6.00306 -15.121 -25.7165 -4.71498 -5.83074 -7.45365
internal_weight=25320 13220 2507 2486 88 68 10713 2398 2358 1047 40 10691 8771 8733 1190 623 499 12100 10222 985 101 884 48 836 719 89 47 630 540 423
internal_count=25320 13220 2507 2486 88 68 10713 2398 2358 1047 40 10691 8771 8733 1190 623 499 12100 10222 985 101 884 48 836 719 89 47 630 540 423
is_linear=0
shrinkage=0.05


Tree=17
num_leaves=31
num_cat=0
split_feature=222 119 110 222 211 139 247 240 170 168 37 211 4 79 38 164 268 3 38 260 264 120 271 208 33 289 138 95 4 229
split_gain=1.20453e+07 4.87338e+06 5.00775e+06 4.28053e+06 4.25292e+06 4.00959e+06 4.01216e+06 3.70733e+06 6.5398e+06 3.19733e+06 5.84834e+06 3.05622e+06 2.47776e+06 2.82783e+06 2.32785e+06 5.43203e+06 2.87293e+06 2.17294e+06 5.74594e+06 2.11308e+06 2.25745e+06 3.15493e+06 2.45457e+06 2.87823e+06 2.11284e+06 2.09573e+06 2.27406e+06 2.08565e+06 2.96451e+06 3.1436e+06
threshold=380.11706542968756 2863.2500000000005 315.11604309082037 630.97421264648449 1487.7500000000002 3251.411743164063 -1905.7499999999998 2254.7500000000005 3669.0000000000005 -1730.4999999999998 -397.24999999999994 742.25000000000011 4414.2250976562509 331.25000000000006 2034.7500000000002 1776.7500000000002 65.250000000000014 -460.74999999999994 158.25000000000003 220.25000000000003 700.57888793945324 2771.2500000000005 661.46316528320324 547.78625488281261 358.37763977050787 -452.24999999999994 324.86323547363287 -561.35250854492176 1441.737487792969 700.57888793945324
decision_type=2 2 2 2 2 2 2 2 2 2 2 2 2 2 2 2 2 2 2 2 2 2 2 2 2 2 2 2 2 2
left_child=1 11 -3 9 5 6 -5 8 14 10 -2 -1 27 -14 -6 -16 -17 18 -13 -11 22 -22 -21 -24 25 26 -19 -8 29 -29
right_child=3 2 -4 4 7 -7 12 -9 -10 19 -12 17 13 -15 15 16 -18 24 -20 20 21 -23 23 -25 -26 -27 -28 28 -30 -31
leaf_value=1.2118699585684789 -3.4507020175091649 -30.34943454742432 -1.9570704181019853 -14.327620160734497 -2.0098798438906669 16.129619722013121 2.090402168899343 8.5991331533952202 -36.894738021850593 0.082974278018464159 -26.855382452692307 -2.8660678267478943 21.952386550903324 0.7315842798311416 -37.505566101074223 -0.15060129377577042 -19.931792369965585 -3.3369494409788225 -31.000268459320068 -1.5546020728951302 -2.5192451953887942 24.369506950378419 -0.32581902855918526 -26.204742011156949 2.3481065043696652 -0.76773168964753935 -23.488414083208358 -18.874408924207092 -2.1245440327191423 -5.2297776706276409
leaf_weight=13156 571 25 41 77 64 27 138 22 25 3839 28 196 20 73 20 45 31 42 20 3906 24 20 21 22 594 1705 21 64 359 124
leaf_count=13156 571 25 41 77 64 27 138 22 25 3839 28 196 20 73 20 45 31 42 20 3906 24 20 21 22 594 1705 21 64 359 124
internal_value=-6.88546e-09 0.84652 -12.7118 -1.40494 -4.35497 -2.84123 -3.44031 -10.8048 -13.1123 -1.02389 -4.54474 0.903393 -2.36277 5.2952 -9.39629 -14.3206 -8.21925 -0.670819 -5.47109 -0.754616 -1.5599 9.70291 -1.68539 -13.5662 -0.231844 -1.09864 -10.0541 -3.40247 -4.78824 -9.87476
internal_weight=25320 15800 66 9520 1089 882 855 207 185 8431 599 15734 778 93 160 96 76 2578 216 7832 3993 44 3949 43 2362 1768 63 685 547 188
internal_count=25320 15800 66 9520 1089 882 855 207 185 8431 599 15734 778 93 160 96 76 2578 216 7832 3993 44 3949 43 2362 1768 63 685 547 188
is_linear=0
shrinkage=0.05


Tree=18
num_leaves=31
num_cat=0
split_feature=222 113 5 268 25 11 220 268 191 170 184 234 222 289 260 178 156 234 257 261 281 20 267 291 208 234 189 246 268 68
split_gain=1.08709e+07 4.39928e+06 3.95318e+06 3.40695e+06 4.42007e+06 5.06376e+06 3.00836e+06 2.85392e+06 3.78105e+06 3.37055e+06 2.64199e+06 2.16985e+06 2.14303e+06 2.0284e+06 2.3482e+06 2.40775e+06 2.67633e+06 2.40268e+06 2.30588e+06 3.2367e+06 3.17038e+06 2.82668e+06 2.40778e+06 2.88965e+06 2.33501e+06 2.41358e+06 2.26914e+06 2.62128e+06 2.61651e+06 3.60261e+06
threshold=380.11706542968756 3434.2500000000005 904.46777343750011 -649.74999999999989 1207.2550048828127 3825.059936523438 546.75000000000011 -1688.7499999999998 -1660.7499999999998 -2998.7499999999995 -514.24999999999989 -287.74999999999994 305.64102172851568 -77.249999999999986 228.75000000000003 1862.0000000000002 2069.2500000000005 -668.24999999999989 467.28804016113287 1368.7500000000002 1225.2500000000002 5237.4047851562509 295.25000000000006 3932.6274414062505 394.00553894042974 1993.2500000000002 -1121.7499999999998 249.75000000000003 -309.74999999999994 547.78625488281261
decision_type=2 2 2 2 2 2 2 2 2 2 2 2 2 2 2 2 2 2 2 2 2 2 2 2 2 2 2 2 2 2
left_child=1 6 7 11 -5 -6 12 8 9 -2 -10 -4 -1 14 15 16 17 -9 24 21 -21 22 26 -24 -16 -26 -20 -28 -29 -30
right_child=2 -3 3 4 5 -7 -8 13 10 -11 -12 -13 -14 -15 18 -17 -18 -19 19 20 -22 -23 23 -25 25 -27 27 28 29 -31
leaf_value=1.7249360772145548 -14.393559274365826 -15.968066851298014 -7.8103355033057076 -32.599029806385872 -1.7381899025705125 -24.497493757520402 -0.66318328835640328 -2.3575537541546532 -32.22658634185791 6.1561267286272994 -10.385653289159139 11.87400734765189 0.43161022108854735 0.43841202370404803 -4.3887982697752106 8.8668464866551489 -18.565526101702737 0.25897776035140385 -17.450269972580546 -27.799234580993655 -4.534686786681414 8.4437999656200411 -2.2025683497899942 -17.194657042532256 -0.37859508673257181 14.460473494870323 0.74512931499805934 -3.5439388351263226 -8.1886245601517818 -28.228336915102872
leaf_weight=7358 31 39 28 23 81 35 2731 1358 20 56 45 28 5672 1784 409 66 21 2479 47 27 32 50 1235 33 1284 28 106 111 70 33
leaf_count=7358 31 39 28 23 81 35 2731 1358 20 56 45 28 5672 1784 409 66 21 2479 47 27 32 50 1235 33 1284 28 106 111 70 33
internal_value=9.36689e-09 0.804194 -1.33469 -8.38052 -12.5754 -8.60522 0.845696 -1.18735 -7.98252 -1.16618 -17.1059 2.03184 1.16195 -1.07475 -1.44009 -0.602502 -0.764497 -0.667071 -2.38864 -3.66995 -15.1812 -3.26688 -3.62501 -2.59274 -1.0902 -0.0619076 -7.19154 -5.68479 -8.8697 -14.6091
internal_weight=25320 15800 9520 195 139 116 15761 9325 152 87 65 56 13030 9173 7389 3924 3858 3837 3465 1744 59 1685 1635 1268 1721 1312 367 320 214 103
internal_count=25320 15800 9520 195 139 116 15761 9325 152 87 65 56 13030 9173 7389 3924 3858 3837 3465 1744 59 1685 1635 1268 1721 1312 367 320 214 103
is_linear=0
shrinkage=0.05


Tree=19
num_leaves=31
num_cat=0
split_feature=292 222 211 139 247 253 247 159 46 21 12 127 43 4 152 162 170 16 210 51 89 253 275 180 187 256 259 102 110 194
split_gain=9.86234e+06 4.34895e+06 3.69296e+06 3.53526e+06 3.52955e+06 8.28129e+06 3.50027e+06 2.365e+06 2.30282e+06 3.16967e+06 4.14358e+06 2.23966e+06 2.53457e+06 2.22491e+06 2.57883e+06 2.15708e+06 2.10208e+06 3.71242e+06 2.28367e+06 2.58203e+06 2.05699e+06 2.04896e+06 3.37808e+06 3.74748e+06 3.08409e+06 2.46685e+06 1.97394e+06 1.91834e+06 1.85078e+06 2.38626e+06
threshold=340.20759582519537 630.97421264648449 1487.7500000000002 3251.411743164063 1722.0000000000002 1896.7500000000002 -1905.7499999999998 200.31291198730472 1485.7625122070315 1780.7500000000002 587.72634887695324 4691.0000000000009 5395.0000000000009 4414.2250976562509 609.70101928710949 2952.7500000000005 -1883.2499999999998 173.25000000000003 -1829.2499999999998 -352.24999999999994 245.89517211914065 927.75000000000011 -138.74999999999997 328.75932312011724 318.08866882324224 4185.3376464843759 277.75000000000006 3099.434936523438 395.41378784179693 594.14135742187511
decision_type=2 2 2 2 2 2 2 2 2 2 2 2 2 2 2 2 2 2 2 2 2 2 2 2 2 2 2 2 2 2
left_child=20 7 3 6 5 8 -3 -2 -4 -10 -11 12 16 -8 -15 -12 17 18 -9 -20 -1 -18 23 24 -23 -24 -22 -28 -25 -30
right_child=1 2 4 -5 -6 -7 13 11 9 10 15 -13 -14 14 -16 -17 21 -19 19 -21 26 22 25 28 -26 -27 27 -29 29 -31
leaf_value=1.9451278632127995 -17.051099462942645 -13.291899865633482 -21.772432581583658 15.253150007459851 4.7463752746582033 -35.838616609573364 -3.1015825385594891 0.84980860554947046 8.937305681936202 1.2640974732332451 -31.627376313643023 10.369121403878799 -14.737645307183266 -10.766563143730165 9.498419723772022 -9.2238397961571117 -0.17331483999205224 -22.847861016314965 -3.825595047808136 -22.14813180923462 0.9596945299856936 -9.7620582455938525 -1.1881426362399405 1.1833080668553062 -33.442100248336793 12.263134179796491 -0.79057993403253546 -15.334846231211788 -8.4086441839584207 8.6062315401823621
leaf_weight=4082 22 77 24 27 34 32 685 318 31 43 22 46 32 20 73 21 9434 23 498 20 6407 44 1303 115 20 35 1588 23 198 23
leaf_count=4082 22 77 24 27 34 32 685 318 31 43 22 46 32 20 73 21 9434 23 498 20 6407 44 1303 115 20 35 1588 23 198 23
internal_value=1.09595e-08 -0.944072 -3.97085 -2.56029 -9.9811 -12.8755 -3.12282 -0.672358 -7.66403 -4.77 -9.71101 -0.6426 -0.684592 -2.11636 5.14036 -20.6861 -0.647213 -3.0307 -2.48549 -4.53303 1.03146 -0.46395 -2.04154 -6.07315 -17.1621 -0.836278 0.566303 -0.998226 -3.96098 -6.63787
internal_weight=25320 13220 1089 882 207 173 855 12131 141 117 86 12109 12063 778 93 43 12031 859 836 518 12100 11172 1738 400 64 1338 8018 1611 336 221
internal_count=25320 13220 1089 882 207 173 855 12131 141 117 86 12109 12063 778 93 43 12031 859 836 518 12100 11172 1738 400 64 1338 8018 1611 336 221
is_linear=0
shrinkage=0.05


end of trees

feature_importances:
Column_292=24
Column_289=16
Column_20=14
Column_260=14
Column_222=12
Column_5=11
Column_268=11
Column_285=10
Column_152=9
Column_47=8
Column_68=8
Column_120=8
Column_180=8
Column_220=8
Column_89=7
Column_131=7
Column_170=7
Column_211=7
Column_212=7
Column_247=7
Column_253=7
Column_255=7
Column_257=7
Column_4=6
Column_6=6
Column_19=6
Column_21=6
Column_61=6
Column_110=6
Column_124=6
Column_236=6
Column_113=5
Column_142=5
Column_166=5
Column_184=5
Column_187=5
Column_218=5
Column_231=5
Column_261=5
Column_275=5
Column_287=5
Column_11=4
Column_33=4
Column_75=4
Column_100=4
Column_134=4
Column_159=4
Column_201=4
Column_208=4
Column_225=4
Column_227=4
Column_229=4
Column_243=4
Column_244=4
Column_273=4
Column_276=4
Column_3=3
Column_13=3
Column_17=3
Column_32=3
Column_51=3
Column_105=3
Column_114=3
Column_118=3
Column_127=3
Column_156=3
Column_169=3
Column_176=3
Column_206=3
Column_215=3
Column_217=3
Column_226=3
Column_234=3
Column_239=3
Column_264=3
Column_271=3
Column_291=3
Column_1=2
Column_8=2
Column_9=2
Column_12=2
Column_16=2
Column_24=2
Column_38=2
Column_43=2
Column_79=2
Column_84=2
Column_96=2
Column_119=2
Column_125=2
Column_129=2
Column_138=2
Column_139=2
Column_145=2
Column_155=2
Column_157=2
Column_160=2
Column_162=2
Column_164=2
Column_168=2
Column_173=2
Column_178=2
Column_189=2
Column_190=2
Column_191=2
Column_194=2
Column_203=2
Column_204=2
Column_223=2
Column_240=2
Column_241=2
Column_246=2
Column_248=2
Column_252=2
Column_259=2
Column_267=2
Column_274=2
Column_278=2
Column_283=2
Column_0=1
Column_2=1
Column_15=1
Column_18=1
Column_22=1
Column_25=1
Column_26=1
Column_28=1
Column_30=1
Column_31=1
Column_37=1
Column_39=1
Column_40=1
Column_42=1
Column_44=1
Column_45=1
Column_46=1
Column_55=1
Column_56=1
Column_64=1
Column_71=1
Column_72=1
Column_80=1
Column_81=1
Column_86=1
Column_93=1
Column_94=1
Column_95=1
Column_98=1
Column_99=1
Column_102=1
Column_103=1
Column_106=1
Column_108=1
Column_112=1
Column_115=1
Column_121=1
Column_126=1
Column_128=1
Column_141=1
Column_146=1
Column_149=1
Column_153=1
Column_161=1
Column_163=1
Column_174=1
Column_182=1
Column_183=1
Column_192=1
Column_197=1
Column_198=1
Column_205=1
Column_209=1
Column_210=1
Column_216=1
Column_219=1
Column_230=1
Column_232=1
Column_233=1
Column_238=1
Column_251=1
Column_256=1
Column_258=1
Column_262=1
Column_265=1
Column_266=1
Column_270=1
Column_277=1
Column_281=1
Column_282=1
Column_288=1

parameters:
[boosting: gbdt]
[objective: regression]
[metric: l2]
[tree_learner: serial]
[device_type: cpu]
[data_sample_strategy: bagging]
[data: ]
[valid: ]
[num_iterations: 1000]
[learning_rate: 0.05]
[num_leaves: 31]
[num_threads: 0]
[seed: 42]
[deterministic: 1]
[force_col_wise: 0]
[force_row_wise: 0]
[histogram_pool_size: -1]
[max_depth: -1]
[min_data_in_leaf: 20]
[min_sum_hessian_in_leaf: 0.001]
[bagging_fraction: 1]
[pos_bagging_fraction: 1]
[neg_bagging_fraction: 1]
[bagging_freq: 0]
[bagging_seed: 400]
[bagging_by_query: 0]
[feature_fraction: 1]
[feature_fraction_bynode: 1]
[feature_fraction_seed: 30056]
[extra_trees: 0]
[extra_seed: 12879]
[early_stopping_round: 0]
[early_stopping_min_delta: 0]
[first_metric_only: 0]
[max_delta_step: 0]
[lambda_l1: 0]
[lambda_l2: 0]
[linear_lambda: 0]
[min_gain_to_split: 0]
[drop_rate: 0.1]
[max_drop: 50]
[skip_drop: 0.5]
[xgboost_dart_mode: 0]
[uniform_drop: 0]
[drop_seed: 17869]
[top_rate: 0.2]
[other_rate: 0.1]
[min_data_per_group: 100]
[max_cat_threshold: 32]
[cat_l2: 10]
[cat_smooth: 10]
[max_cat_to_onehot: 4]
[top_k: 20]
[monotone_constraints: ]
[monotone_constraints_method: basic]
[monotone_penalty: 0]
[feature_contri: ]
[forcedsplits_filename: ]
[refit_decay_rate: 0.9]
[cegb_tradeoff: 1]
[cegb_penalty_split: 0]
[cegb_penalty_feature_lazy: ]
[cegb_penalty_feature_coupled: ]
[path_smooth: 0]
[interaction_constraints: ]
[verbosity: -1]
[saved_feature_importance_type: 0]
[use_quantized_grad: 0]
[num_grad_quant_bins: 4]
[quant_train_renew_leaf: 0]
[stochastic_rounding: 1]
[linear_tree: 0]
[max_bin: 255]
[max_bin_by_feature: ]
[min_data_in_bin: 3]
[bin_construct_sample_cnt: 200000]
[data_random_seed: 175]
[is_enable_sparse: 1]
[enable_bundle: 1]
[use_missing: 1]
[zero_as_missing: 0]
[feature_pre_filter: 1]
[pre_partition: 0]
[two_round: 0]
[header: 0]
[label_column: ]
[weight_column: ]
[group_column: ]
[ignore_column: ]
[categorical_feature: ]
[forcedbins_filename: ]
[precise_float_parser: 0]
[parser_config_file: ]
[objective_seed: 16083]
[num_class: 1]
[is_unbalance: 0]
[scale_pos_weight: 1]
[sigmoid: 1]
[boost_from_average: 1]
[reg_sqrt: 0]
[alpha: 0.9]
[fair_c: 1]
[poisson_max_delta_step: 0.7]
[tweedie_variance_power: 1.5]
[lambdarank_truncation_level: 30]
[lambdarank_norm: 1]
[label_gain: ]
[lambdarank_position_bias_regularization: 0]
[eval_at: ]
[multi_error_top_k: 1]
[auc_mu_weights: ]
[num_machines: 1]
[local_listen_port: 12400]
[time_out: 120]
[machine_list_filename: ]
[machines: ]
[gpu_platform_id: -1]
[gpu_device_id: -1]
[gpu_device_id_list: ]
[gpu_use_dp: 0]
[num_gpu: 1]

end of parameters

pandas_categorical:null
