tree
version=v4
num_class=1
num_tree_per_iteration=1
label_index=0
max_feature_idx=293
objective=regression
feature_names=Column_0 Column_1 Column_2 Column_3 Column_4 Column_5 Column_6 Column_7 Column_8 Column_9 Column_10 Column_11 Column_12 Column_13 Column_14 Column_15 Column_16 Column_17 Column_18 Column_19 Column_20 Column_21 Column_22 Column_23 Column_24 Column_25 Column_26 Column_27 Column_28 Column_29 Column_30 Column_31 Column_32 Column_33 Column_34 Column_35 Column_36 Column_37 Column_38 Column_39 Column_40 Column_41 Column_42 Column_43 Column_44 Column_45 Column_46 Column_47 Column_48 Column_49 Column_50 Column_51 Column_52 Column_53 Column_54 Column_55 Column_56 Column_57 Column_58 Column_59 Column_60 Column_61 Column_62 Column_63 Column_64 Column_65 Column_66 Column_67 Column_68 Column_69 Column_70 Column_71 Column_72 Column_73 Column_74 Column_75 Column_76 Column_77 Column_78 Column_79 Column_80 Column_81 Column_82 Column_83 Column_84 Column_85 Column_86 Column_87 Column_88 Column_89 Column_90 Column_91 Column_92 Column_93 Column_94 Column_95 Column_96 Column_97 Column_98 Column_99 Column_100 Column_101 Column_102 Column_103 Column_104 Column_105 Column_106 Column_107 Column_108 Column_109 Column_110 Column_111 Column_112 Column_113 Column_114 Column_115 Column_116 Column_117 Column_118 Column_119 Column_120 Column_121 Column_122 Column_123 Column_124 Column_125 Column_126 Column_127 Column_128 Column_129 Column_130 Column_131 Column_132 Column_133 Column_134 Column_135 Column_136 Column_137 Column_138 Column_139 Column_140 Column_141 Column_142 Column_143 Column_144 Column_145 Column_146 Column_147 Column_148 Column_149 Column_150 Column_151 Column_152 Column_153 Column_154 Column_155 Column_156 Column_157 Column_158 Column_159 Column_160 Column_161 Column_162 Column_163 Column_164 Column_165 Column_166 Column_167 Column_168 Column_169 Column_170 Column_171 Column_172 Column_173 Column_174 Column_175 Column_176 Column_177 Column_178 Column_179 Column_180 Column_181 Column_182 Column_183 Column_184 Column_185 Column_186 Column_187 Column_188 Column_189 Column_190 Column_191 Column_192 Column_193 Column_194 Column_195 Column_196 Column_197 Column_198 Column_199 Column_200 Column_201 Column_202 Column_203 Column_204 Column_205 Column_206 Column_207 Column_208 Column_209 Column_210 Column_211 Column_212 Column_213 Column_214 Column_215 Column_216 Column_217 Column_218 Column_219 Column_220 Column_221 Column_222 Column_223 Column_224 Column_225 Column_226 Column_227 Column_228 Column_229 Column_230 Column_231 Column_232 Column_233 Column_234 Column_235 Column_236 Column_237 Column_238 Column_239 Column_240 Column_241 Column_242 Column_243 Column_244 Column_245 Column_246 Column_247 Column_248 Column_249 Column_250 Column_251 Column_252 Column_253 Column_254 Column_255 Column_256 Column_257 Column_258 Column_259 Column_260 Column_261 Column_262 Column_263 Column_264 Column_265 Column_266 Column_267 Column_268 Column_269 Column_270 Column_271 Column_272 Column_273 Column_274 Column_275 Column_276 Column_277 Column_278 Column_279 Column_280 Column_281 Column_282 Column_283 Column_284 Column_285 Column_286 Column_287 Column_288 Column_289 Column_290 Column_291 Column_292 Column_293
feature_infos=[-8401:9002.5] [-7144.5:9177.5] [-9050:8719.5] [-8058.5:8792.5] [-8396.474609375:11022.4248046875] [101.59349060058594:1576.9803466796875] [-7417.57958984375:9075.494140625] [-8057:8795] [-7124:8813.5] [-8706:8383.5] [-7557:8544] [-8345.4296875:10962.525390625] [101.59349060058594:1576.9803466796875] [-7400.572265625:9027.1767578125] [-7555.5:8544] [-7063.5:8860] [-8204.5:8430] [-7120.5:8595] [-8297.8701171875:10908.2998046875] [101.59349060058594:1576.9803466796875] [-7372.33837890625:8967.7509765625] [-7119:8597.5] [-7044:8680] [-8272.5:8208] [-7174:8655.5] [-8251.330078125:10856.150390625] [101.59349060058594:1576.9803466796875] [-7348.216796875:8939.365234375] [-7172.5:8656] [-6999:8737.5] [-8315:8180] [-7134.5:8285] [-8201.509765625:10800.0498046875] [101.59349060058594:1576.9803466796875] [-7322.92431640625:8866.05859375] [-7133:8285] [-7068:8920] [-8405:8227.5] [-7162.5:8527.5] [-8149.22998046875:10745.4501953125] [101.59349060058594:1576.9803466796875] [-7308.34033203125:8667.7353515625] [-7162:8530] [-7087:9197.5] [-7797.5:8475] [-7313.5:9017.5] [-8098.85009765625:10699.125] [101.59349060058594:1576.9803466796875] [-7288.71826171875:8467.078125] [-7312:9017.5] [-7066.5:9270] [-8129.5:8650] [-7749.5:8952.5] [-8049.85498046875:10652.375] [101.59349060058594:1576.9803466796875] [-7273.69873046875:8511.2080078125] [-7748:8952.5] [-6562:9362.5] [-8397:8932.5] [-7845.5:9097.5] [-8004.16015625:10607] [101.59349060058594:1576.9803466796875] [-7190.90771484375:8564.5068359375] [-7844:9100] [-6658:9182.5] [-8493:8497.5] [-7605.5:8915] [-7956.09521484375:10559.4248046875] [101.59349060058594:1576.9803466796875] [-7118.6435546875:8566.142578125] [-7604:8915] [-6760.5:9447.5] [-8253:8725] [-7139.5:9267.5] [-7909.5498046875:10513.5] [101.59349060058594:1576.9803466796875] [-7033.5849609375:8578.9931640625] [-7138:9267.5] [-6678.5:9280] [-7787:8632.5] [-7145.5:8942.5] [-7861.705078125:10467.8251953125] [101.59349060058594:1576.9803466796875] [-6944.62255859375:8612.0390625] [-7144:8945] [-6676:9330] [-7853:8782.5] [-7473:8982.5] [-7810.27490234375:10417.4501953125] [101.59349060058594:1576.9803466796875] [-6878.248046875:8645.7177734375] [-7471.5:8985] [-6501:9215] [-8120.5:8872.5] [-7136.5:9212.5] [-7786.5751953125:10370.25] [101.59349060058594:1576.9803466796875] [-6824.04345703125:8697.2431640625] [-7135:9104.5] [-6427:9262.5] [-7784:8932.5] [-6670.5:9157.5] [-7777.78515625:10325] [101.59349060058594:1576.9803466796875] [-6744.53955078125:8728.17578125] [-6669:9160] [-6241.5:9465] [-7127.5:8980] [-6485:9280] [-7766.68994140625:10284.400390625] [101.59349060058594:1576.9803466796875] [-6677.30859375:8778.341796875] [-6483.5:9282.5] [-6017.5:9950] [-7667.5:9227.5] [-6205.5:9770] [-7754.22021484375:10253.400390625] [101.59349060058594:1576.9803466796875] [-6600.55322265625:8868.4921875] [-6204:9770] [-6015.5:9782.5] [-7840:9135] [-6372:9242.5] [-7721.31494140625:10218] [101.59349060058594:1576.9803466796875] [-6365.27587890625:8902.4931640625] [-6370.5:9242.5] [-5996:9522.5] [-7610:8892.5] [-6676.5:9290] [-7681.73486328125:10174.8251953125] [101.59349060058594:1576.9803466796875] [-6300.216796875:8937.720703125] [-6675:9287.5] [-5951:9500] [-7324:9107.5] [-6620:9317.5] [-7636.759765625:10131.0498046875] [101.59349060058594:1576.9803466796875] [-6274.92431640625:8972.24609375] [-6618.5:9317.5] [-6291.5:9687.5] [-7267.5:9292.5] [-6400.5:9660] [-7593.6298828125:10092.2001953125] [101.59349060058594:1576.9803466796875] [-6260.34033203125:9034.76953125] [-6398.5:9662.5] [-6306:9695] [-6865:9212.5] [-6455.5:9305] [-7549.43994140625:10046.5] [101.59349060058594:1576.9803466796875] [-6240.71826171875:9059.3359375] [-6456.5:9302.5] [-6291:9317.5] [-6635:8520] [-6470:8767.5] [-7499.40478515625:9994.2998046875] [101.59349060058594:1576.9803466796875] [-6225.69873046875:9032.8056640625] [-6471:8770] [-6221.5:8950] [-6602:8300] [-6465:8550] [-7450:9943.0498046875] [101.59349060058594:1576.9803466796875] [-6142.90771484375:8988.9140625] [-6463.5:8552.5] [-6206.5:8710] [-6687.5:7865] [-6450:7970] [-7403.1748046875:9886.349609375] [101.59349060058594:1576.9803466796875] [-6070.6435546875:8896.28515625] [-6448.5:7970] [-5815:8392.5] [-7302.5:7670] [-6037.5:7810] [-7345.0498046875:9838] [101.59349060058594:1576.9803466796875] [-5985.5849609375:8797.5322265625] [-6036:7807.5] [-5733:8102.5] [-6710:7595] [-5979:7767.5] [-7281.53515625:9797.875] [101.59349060058594:1576.9803466796875] [-5896.62255859375:8703.892578125] [-5980:7767.5] [-5766.5:7977.5] [-6285:7492.5] [-5974:7502.5] [-7221.23486328125:9755.599609375] [101.59349060058594:1576.9803466796875] [-5830.248046875:8594.67578125] [-5972.5:7502.5] [-5684.5:7610] [-6102.5:6407.5] [-5930.5:6855] [-7160.7001953125:9705.9501953125] [101.59349060058594:1576.9803466796875] [-5776.04345703125:8436.5234375] [-5931.5:6850] [-5682:6910] [-6327.5:5862.5] [-5925.5:6215] [-7098.35009765625:9645.1748046875] [101.59349060058594:1576.9803466796875] [-5696.53955078125:8234.56640625] [-5924:6215] [-4788:6882.5] [-5955:6075] [-4969:6175] [-7034.10498046875:9579.724609375] [101.59349060058594:1576.9803466796875] [-5629.30859375:8047.3330078125] [-4967.5:6172.5] [-4755.5:6262.5] [-5616.5:4767.5] [-5242.5:5237.5] [-6973.41015625:9497.275390625] [101.59349060058594:1576.9803466796875] [-5552.55322265625:7791.8935546875] [-5242.5:5240] [-4462.5:5702.5] [-6150:5020] [-4890:5280] [-6912.97509765625:9411.1748046875] [101.59349060058594:1576.9803466796875] [-5317.27587890625:7563.53955078125] [-4882.5:5280] [-4235:5595] [-5600:4532.5] [-4937.5:4695] [-6850.96484375:9319.900390625] [101.59349060058594:1576.9803466796875] [-5069.38720703125:7278.4453125] [-4936:4695] [-4035:5857.5] [-5585:4685] [-4640:5227.5] [-6786.6650390625:9237.775390625] [101.59349060058594:1576.9803466796875] [-4798.76123046875:7091.99560546875] [-4647.5:5225] [-4595:5805] [-5747.5:4535] [-4992.5:4540] [-6720.18017578125:9145] [101.59349060058594:1576.9803466796875] [-4532.7373046875:6859.99609375] [-4997.5:4540] [-4230:5297.5] [-5565:4400] [-4490:5147.5] [-6648.26513671875:9058.525390625] [101.59349060058594:1576.9803466796875] [-4290.0791015625:6704.314453125] [-4495:5147.5] [-3637.5:5197.5] [-4972.5:3602] [-3997.5:4675.5] [-6574.80517578125:8967.525390625] [101.59349060058594:1576.9803466796875] [-4022.890380859375:6503.6953125] [-3996:4677] [-3428.5:5622.5] [-4645:4667.5] [-3446.5:5142.5] [-6498.52490234375:8883.125] [101.59349060058594:1576.9803466796875] [-3788.854736328125:6379.9501953125] [-3446.5:5137.5] [-3347:5157.5] [-4635:4878.5] [-3375:5102.5] [-6423.0048828125:8783.7998046875] [101.59349060058594:1576.9803466796875] [-3573.09521484375:6135.181640625] [-3556.5:5103] [-3399:6013.5] [-4097:3127] [-3429:4117.5] [-6346.5400390625:8676.9248046875] [101.59349060058594:1576.9803466796875] [-3299.632080078125:5822.2109375] [-3430.5:4114.5] [0:4883] [-3620:0] none [-6267.39013671875:8548.2998046875] [101.59349060058594:1576.9803466796875] [-2999.66552734375:5292.9189453125]
tree_sizes=2832 2849 2868 2859 2825 2846 2880 2854 2860 2849 2882 2851 2898 2826 2868 2862

Tree=0
num_leaves=31
num_cat=0
split_feature=6 138 110 12 243 128 215 279 229 121 239 279 274 47 152 263 208 0 289 152 58 267 149 113 66 113 259 191 246 208
split_gain=1.523e+07 6.63424e+06 1.00001e+07 4.9034e+06 8.56645e+06 3.60007e+06 6.28141e+06 5.37659e+06 4.82093e+06 3.10304e+06 3.04741e+06 5.80347e+06 9.24008e+06 5.60464e+06 7.73889e+06 4.61106e+06 4.22342e+06 3.48488e+06 3.14818e+06 3.00178e+06 2.84648e+06 2.63118e+06 2.59423e+06 2.54466e+06 2.40542e+06 2.39097e+06 2.3107e+06 3.56357e+06 3.09089e+06 4.70381e+06
threshold=5310.4257812500009 719.73504638671886 587.72634887695324 1012.183807373047 852.46588134765636 3608.2500000000005 619.95794677734386 2518.4440917968755 569.17248535156261 1.0000000180025095e-35 1783.2500000000002 1545.7882080078127 1166.0000000000002 581.48425292968761 542.71502685546886 1749.2449951171877 405.00093078613287 2872.7500000000005 -75.249999999999986 402.41151428222662 2824.7500000000005 1247.7500000000002 1.0000000180025095e-35 4861.2500000000009 -3612.2499999999995 2222.7500000000005 175.25000000000003 -1219.7499999999998 1186.2500000000002 402.29829406738287
decision_type=2 2 2 2 2 2 2 2 2 2 2 2 2 2 2 2 2 2 2 2 2 2 2 2 2 2 2 2 2 2
left_child=3 2 23 5 9 7 8 10 -7 -5 11 18 20 14 16 -15 -12 25 26 -18 -13 -16 -6 -2 -20 -17 28 -28 -1 -30
right_child=1 -3 -4 4 22 6 -8 -9 -10 -11 13 12 -14 15 21 17 19 -19 24 -21 -22 -23 -24 -25 -26 -27 27 -29 29 -31
leaf_value=-0.71462407467209499 13.5607175966989 42.44919534030381 -10.051540617021116 -41.843032760928971 -7.7859489304487468 -11.862664763605204 -34.10618740021846 24.646193552162494 10.975717600786076 -16.2425583558047 -2.0552094553568634 -14.79128248913179 -42.877616211200944 36.004467405964036 -7.1542825988043361 11.560717749286791 24.168217443316284 22.849948156854914 15.705717503238819 6.002792194392403 9.5818045428546128 -32.801782565425732 15.065500181552695 37.488716984439989 0.16752291865060087 -12.888032355617385 -8.1878306984364233 -1.6464292805402674 -3.0817823577848262 30.421967110324999
leaf_weight=12360 20 23 31 20 27 68 21 21 35 29 151 25 21 20 20 20 30 26 25 94 23 20 23 25 6728 20 217 5135 22 20
leaf_count=12360 20 23 31 20 27 68 21 21 35 29 151 25 21 20 20 20 30 26 25 94 23 20 23 25 6728 20 217 5135 22 20
internal_value=-0.651876 18.9209 11.8005 -0.728705 -11.8344 -0.68494 -9.1834 -0.642784 -4.10205 -26.6917 -0.664046 -0.734594 -15.2149 3.65958 0.570956 14.9726 3.5599 8.59928 -0.693824 10.3977 -3.11251 -19.978 2.72572 26.8541 0.225046 -0.663657 -1.04333 -1.91165 -0.668611 12.8724
internal_weight=25320 99 76 25221 99 25122 124 24998 103 49 24977 24576 69 401 315 86 275 66 24507 124 48 40 50 45 6753 40 17754 5352 12402 42
internal_count=25320 99 76 25221 99 25122 124 24998 103 49 24977 24576 69 401 315 86 275 66 24507 124 48 40 50 45 6753 40 17754 5352 12402 42
is_linear=0
shrinkage=1


Tree=1
num_leaves=31
num_cat=0
split_feature=6 138 110 12 243 128 215 279 229 121 239 279 274 47 152 263 208 0 289 152 41 267 113 61 3 24 205 257 94 271
split_gain=1.37451e+07 5.98741e+06 9.0251e+06 4.42532e+06 7.73122e+06 3.24906e+06 5.66897e+06 4.85237e+06 4.35088e+06 2.8005e+06 2.75028e+06 5.23763e+06 8.52662e+06 5.05818e+06 6.98435e+06 4.16148e+06 3.81164e+06 3.1451e+06 2.84123e+06 2.7091e+06 2.46791e+06 2.37464e+06 2.29656e+06 2.25736e+06 4.83545e+06 7.18123e+06 4.38469e+06 3.99582e+06 3.92098e+06 5.46091e+06
threshold=5310.4257812500009 719.73504638671886 587.72634887695324 1012.183807373047 852.46588134765636 3608.2500000000005 619.95794677734386 2518.4440917968755 569.17248535156261 1.0000000180025095e-35 1783.2500000000002 1545.7882080078127 1023.7500000000001 581.48425292968761 542.71502685546886 1749.2449951171877 405.00093078613287 2872.7500000000005 -75.249999999999986 402.41151428222662 -901.02801513671864 1247.7500000000002 4861.2500000000009 534.11987304687511 3218.2500000000005 3271.2500000000005 -2735.7499999999995 719.73504638671886 470.75000000000006 700.57888793945324
decision_type=2 2 2 2 2 2 2 2 2 2 2 2 2 2 2 2 2 2 2 2 2 2 2 2 2 2 2 2 2 2
left_child=3 2 22 5 9 7 8 10 -7 -5 11 18 -13 14 16 -15 -12 -17 23 -18 -6 -16 -2 27 26 -26 -25 -1 -28 -30
right_child=1 -3 -4 4 20 6 -8 -9 -10 -11 13 12 -14 15 21 17 19 -19 -20 -21 -22 -23 -24 24 25 -27 28 -29 29 -31
leaf_value=-0.24323306655175228 13.501963806152345 40.946017688253654 -8.9296815503028135 -39.131599006652834 -5.8612219921747846 -10.650248876739951 -31.781594907669799 24.033166285923549 11.046214267185757 -14.811148123905577 -1.3331666347798923 3.99825714896707 -31.15854946783611 34.823526314496995 -6.1772853469848634 -0.011192040443420412 23.579089263280235 22.326732635498047 0.83307613937188918 6.321934971974251 16.813618030548096 -30.542411365509032 36.233563842773435 -16.637003903918796 24.419595134258273 -3.1470249568974533 -0.597803666535765 9.543065129461743 -8.4222760571778696 4.2587582211628137
leaf_weight=15781 20 23 31 20 30 68 21 21 35 29 151 34 35 20 20 40 30 26 6753 94 20 20 25 54 42 54 1200 105 411 107
leaf_count=15781 20 23 31 20 30 68 21 21 35 29 151 34 35 20 20 40 30 26 6753 94 20 20 25 54 42 54 1200 105 411 107
internal_value=-3.0932e-08 18.5941 11.8297 -0.0729875 -10.6234 -0.0314106 -8.10494 0.00863729 -3.27766 -24.7379 -0.0115619 -0.078582 -13.8349 4.09589 1.16169 14.8432 4.00119 8.7886 -0.0398508 10.4971 3.20871 -18.3598 26.1306 -0.371882 -2.01603 8.91337 -2.60814 -0.17855 -2.16719 -5.80283
internal_weight=25320 99 76 25221 99 25122 124 24998 103 49 24977 24576 69 401 315 86 275 66 24507 124 50 40 45 17754 1868 96 1772 15886 1718 518
internal_count=25320 99 76 25221 99 25122 124 24998 103 49 24977 24576 69 401 315 86 275 66 24507 124 50 40 45 17754 1868 96 1772 15886 1718 518
is_linear=0
shrinkage=0.05


Tree=2
num_leaves=31
num_cat=0
split_feature=6 198 110 12 243 180 121 278 279 239 272 269 5 235 5 60 43 227 68 279 96 95 254 183 289 249 6 53 208 269
split_gain=1.24049e+07 5.71489e+06 6.76521e+06 3.99385e+06 6.97743e+06 3.98879e+06 2.95088e+06 5.59653e+06 4.27704e+06 2.53172e+06 4.78247e+06 7.01537e+06 4.54849e+06 4.17553e+06 4.10591e+06 2.62381e+06 3.30055e+06 3.39994e+06 3.09524e+06 3.74831e+06 3.68397e+06 5.08509e+06 3.492e+06 3.45234e+06 4.61544e+06 3.1882e+06 5.11847e+06 3.5203e+06 3.12998e+06 3.39311e+06
threshold=5310.4257812500009 818.75000000000011 587.72634887695324 1012.183807373047 852.46588134765636 744.84381103515636 3709.7500000000005 797.33575439453136 2518.4440917968755 1783.2500000000002 1654.1351318359377 926.25000000000011 609.70101928710949 2136.4050292968755 581.48425292968761 4842.1301269531259 2100.2500000000005 -80.249999999999986 534.11987304687511 -1210.0142822265623 495.52513122558599 -2173.682495117187 -1168.7499999999998 2117.0000000000005 -837.24999999999989 2237.6574707031255 2935.2753906250005 3447.292602539063 534.11987304687511 -179.24999999999997
decision_type=2 2 2 2 2 2 2 2 2 2 2 2 2 2 2 2 2 2 2 2 2 2 2 2 2 2 2 2 2 2
left_child=3 -2 -3 6 -5 -4 8 -8 9 10 15 -12 14 -14 -11 18 -17 -18 20 -20 -1 -22 -21 24 -24 27 28 -26 -27 -30
right_child=1 2 5 4 -6 -7 7 -9 -10 12 11 -13 13 -15 -16 16 17 -19 19 22 21 -23 23 -25 25 26 -28 -29 29 -31
leaf_value=-0.047263937633825852 41.54003492355347 27.209034275364232 -16.804923282970083 -23.500969417727724 3.0482783755064009 14.047458870634438 -3.0556194055427626 -31.958987600803376 21.559677355185798 2.9633390995139077 -0.58379797824593482 -33.102121757577969 31.392994543222279 6.1197054732929583 -19.390481047196822 19.40873882505629 15.046537380683715 -1.6671015901080635 -9.4888376245435495 5.4279159792576515 10.816608006341118 1.40730376307806 -21.739105072021488 12.381722599122583 -1.3173291347161049 -3.9118816414394892 2.2025347778997797 19.8028416544199 -0.68061113754908253 -21.998091876506805
leaf_weight=21173 20 37 22 49 50 20 103 20 23 310 43 27 26 44 22 36 41 118 151 175 175 800 30 41 1461 74 101 20 24 84
leaf_count=21173 20 37 22 49 50 20 103 20 23 310 43 27 26 44 22 36 41 118 151 175 175 800 30 41 1461 74 101 20 24 84
internal_value=-2.13502e-08 17.6644 11.6199 -0.0693381 -10.0923 -2.11331 -0.0298401 -7.75535 0.00817096 -0.0116755 -0.0760615 -13.1266 3.9242 15.5069 1.48206 -0.0387804 5.73797 2.6427 -0.0851199 -1.89135 0.0911157 3.09615 -1.32059 -1.96419 -2.29205 -1.96131 -6.82402 -1.03211 -11.8333 -17.2609
internal_weight=25320 99 79 25221 99 42 25122 123 24999 24976 24574 70 402 70 332 24504 195 159 24309 2161 22148 975 2010 1835 1794 1764 283 1481 182 108
internal_count=25320 99 79 25221 99 42 25122 123 24999 24976 24574 70 402 70 332 24504 195 159 24309 2161 22148 975 2010 1835 1794 1764 283 1481 182 108
is_linear=0
shrinkage=0.05


Tree=3
num_leaves=31
num_cat=0
split_feature=6 138 110 12 243 289 121 222 180 6 26 2 264 65 87 215 273 231 289 90 225 271 198 221 121 173 205 292 277 127
split_gain=1.11955e+07 5.29206e+06 7.32385e+06 3.60445e+06 6.29713e+06 2.69865e+06 3.30548e+06 5.25799e+06 4.87606e+06 3.32868e+06 7.05516e+06 3.10145e+06 3.0064e+06 2.87345e+06 2.80029e+06 3.24536e+06 2.69095e+06 2.73491e+06 5.07252e+06 2.80812e+06 3.916e+06 2.61621e+06 2.59972e+06 3.28821e+06 2.52745e+06 2.49616e+06 5.51846e+06 4.38308e+06 3.12153e+06 2.73753e+06
threshold=5310.4257812500009 719.73504638671886 587.72634887695324 1012.183807373047 852.46588134765636 -75.249999999999986 3709.7500000000005 609.70101928710949 492.26103210449224 3220.504516601563 601.57815551757824 2541.7500000000005 1012.183807373047 518.25000000000011 1387.7500000000002 542.71502685546886 120.75000000000001 1940.7500000000002 -837.24999999999989 2536.3295898437505 1806.2500000000002 904.46777343750011 -1385.2499999999998 -3849.6298828124995 1.0000000180025095e-35 569.17248535156261 1295.7500000000002 679.19335937500011 4037.757446289063 3301.0000000000005
decision_type=2 2 2 2 2 2 2 2 2 2 2 2 2 2 2 2 2 2 2 2 2 2 2 2 2 2 2 2 2 2
left_child=3 2 -2 5 24 6 9 8 -8 12 13 -12 16 -11 15 -15 21 18 -18 -20 -21 22 -1 -24 -5 27 -27 28 29 -16
right_child=1 -3 -4 4 -6 -7 7 -9 -10 10 11 -13 -14 14 25 -17 17 -19 19 20 -22 -23 23 -25 -26 26 -28 -29 -30 -31
leaf_value=-1.9706437125000904 23.304413695865208 37.79512888244961 -8.2790179898661957 -35.999970512390142 2.8958646024465562 0.8165027647340497 -11.266949349436267 -31.617238653273809 15.939320141336195 -15.106002033233644 5.0086616222675033 26.981988373256868 -15.27125493217917 0.91115804127284461 1.7475190686658024 22.600794876323029 -25.432951771129265 6.9982703508790012 -1.2008796704334967 -4.2382094992531671 -26.607343860626219 15.288397370065963 10.692808777173362 0.18645072786934513 -12.895541816333244 1.3149724505228155 -22.775958292412039 20.971689550338255 19.549335416158044 -13.057457271016933
leaf_weight=1488 45 23 31 20 50 6868 58 21 23 25 26 42 34 35 200 34 22 97 5136 90 25 28 75 10588 29 85 33 31 21 37
leaf_count=1488 45 23 31 20 50 6868 58 21 23 25 26 42 34 35 200 34 22 97 5136 90 25 28 75 10588 29 85 33 31 21 37
internal_value=5.53993e-08 16.7812 10.4217 -0.0658711 -9.58765 -0.028348 -0.34622 -9.32197 -3.54171 -0.295783 3.46808 18.5804 -0.417585 1.41691 2.28471 11.5988 -0.388807 -1.32124 -1.47428 -1.3739 -9.10106 0.0223219 -0.0128563 0.260349 -22.3259 0.705657 -5.42232 3.20774 1.07331 -0.563806
internal_weight=25320 99 76 25221 99 25122 18254 102 81 18152 569 68 17583 501 476 69 17549 5370 5273 5251 115 12179 12151 10663 49 407 118 289 258 237
internal_count=25320 99 76 25221 99 25122 18254 102 81 18152 569 68 17583 501 476 69 17549 5370 5273 5251 115 12179 12151 10663 49 407 118 289 258 237
is_linear=0
shrinkage=0.05


Tree=4
num_leaves=31
num_cat=0
split_feature=6 198 110 180 5 285 289 121 222 180 34 26 284 2 197 65 53 96 192 242 87 222 82 206 189 130 96 110 61 180
split_gain=1.01039e+07 4.95147e+06 5.71521e+06 3.34477e+06 3.29746e+06 6.82175e+06 2.48952e+06 2.981e+06 4.74534e+06 4.40064e+06 3.03721e+06 7.03808e+06 5.1547e+06 4.88683e+06 4.66696e+06 4.07599e+06 3.64344e+06 4.22966e+06 4.66094e+06 3.34108e+06 3.00599e+06 2.92497e+06 2.87642e+06 5.70533e+06 3.89227e+06 3.51072e+06 2.83326e+06 4.57656e+06 2.70742e+06 3.35929e+06
threshold=5310.4257812500009 818.75000000000011 587.72634887695324 744.84381103515636 1012.183807373047 744.84381103515636 -75.249999999999986 3709.7500000000005 609.70101928710949 492.26103210449224 2757.118041992188 601.57815551757824 2200.132446289063 2646.5000000000005 2197.7500000000005 518.25000000000011 3527.444946289063 797.33575439453136 1009.2500000000001 2330.6000976562505 1387.7500000000002 488.82228088378912 529.70809936523449 1545.2500000000002 1204.7500000000002 2636.119995117188 852.46588134765636 719.73504638671886 569.17248535156261 557.84716796875011
decision_type=2 2 2 2 2 2 2 2 2 2 2 2 2 2 2 2 2 2 2 2 2 2 2 2 2 2 2 2 2 2
left_child=4 -2 -3 -4 6 -6 7 10 9 -9 12 15 16 14 28 -12 17 -1 -19 -18 21 -17 25 24 -24 -22 27 -13 29 -14
right_child=1 2 3 -5 5 -7 -8 8 -10 -11 11 26 13 -15 -16 20 19 18 -20 -21 22 -23 23 -25 -26 -27 -28 -29 -30 -31
leaf_value=-0.25285317596588308 38.165916245579716 24.644198000108872 -15.760153180902655 12.491998081207276 -26.918126842635019 0.53623974993824963 0.78460509138126477 -10.703601806122682 -30.036375917707172 15.142353787629501 -18.831739850997927 18.559667816528908 -5.0780965132638816 -29.732032241225244 13.630742291248206 -1.2361005902290345 17.036136224813628 -11.691079663165979 13.569645343508041 -3.5784802067279813 -8.1941586157083517 17.419322416132147 -9.9173954114913947 -23.902852660768175 19.675870280265812 3.5112573623521457 30.728236365318299 -9.096349386941819 -11.676464716404894 11.871747852094245
leaf_weight=16620 20 37 22 20 35 64 6870 58 21 23 25 52 256 20 33 34 57 140 21 30 75 55 25 34 20 439 23 21 137 33
leaf_count=16620 20 37 22 20 35 64 6870 58 21 23 25 52 256 20 33 34 57 140 21 30 75 55 25 34 20 439 23 21 137 33
internal_value=-5.89411e-09 15.9421 10.3158 -2.30675 -0.0625776 -9.16985 -0.026688 -0.332056 -8.85587 -3.36463 -0.284154 2.72209 -0.423314 -5.53805 -4.48385 0.997182 -0.278071 -0.330982 -8.3962 9.92765 1.72405 10.2925 0.438053 -8.44449 3.23517 1.80327 15.4253 10.6038 -5.88709 -3.14265
internal_weight=25320 99 79 42 25221 99 25122 18252 102 81 18150 803 17347 479 459 707 16868 16781 161 87 682 89 593 79 45 514 96 73 426 289
internal_count=25320 99 79 42 25221 99 25122 18252 102 81 18150 803 17347 479 459 707 16868 16781 161 87 682 89 593 79 45 514 96 73 426 289
is_linear=0
shrinkage=0.05


Tree=5
num_leaves=31
num_cat=0
split_feature=6 138 110 5 285 6 128 194 124 68 110 73 164 108 163 4 68 229 95 148 173 213 26 82 140 19 257 205 183 194
split_gain=9.11877e+06 4.67897e+06 5.9293e+06 2.97596e+06 6.15663e+06 2.36901e+06 2.27763e+06 7.71505e+06 5.33697e+06 3.35381e+06 3.61349e+06 3.29971e+06 5.45119e+06 2.18827e+06 2.11774e+06 3.47609e+06 4.178e+06 3.55736e+06 3.36309e+06 5.17463e+06 3.23358e+06 3.05268e+06 2.81742e+06 3.21559e+06 2.81463e+06 2.51561e+06 2.27855e+06 4.90942e+06 6.82114e+06 4.65356e+06
threshold=5310.4257812500009 719.73504638671886 587.72634887695324 1012.183807373047 744.84381103515636 -1851.1693725585935 3128.0000000000005 679.19335937500011 304.82710266113287 529.70809936523449 430.85429382324224 3903.7500000000005 2506.2500000000005 4687.2500000000009 -1921.9999999999998 4642.2600097656259 517.10519409179699 434.22257995605474 -5397.1774902343741 -259.24999999999994 904.46777343750011 -2011.9999999999998 295.52578735351568 342.25267028808599 -2714.2499999999995 587.72634887695324 719.73504638671886 -1633.4999999999998 -279.24999999999994 661.46316528320324
decision_type=2 2 2 2 2 2 2 2 2 2 2 2 2 2 2 2 2 2 2 2 2 2 2 2 2 2 2 2 2 2
left_child=3 2 13 6 -5 -6 11 8 -8 10 -10 14 -13 -2 15 16 21 -18 19 -16 25 22 -1 -24 -25 -19 29 -28 -29 -20
right_child=1 -3 -4 4 5 -7 7 -9 9 -11 -12 12 -14 -15 18 -17 17 20 26 -21 -22 -23 23 24 -26 -27 27 28 -30 -31
leaf_value=-10.872754608501088 8.4293980693817137 34.904270223171814 -7.6611256999354218 -25.572220720563617 -13.758948330879214 6.9950533010742895 -24.009580806891123 -33.976187358583722 2.1428551465272903 14.714008871714274 -17.737431339025498 0.78786388364705173 30.825294594142747 30.618617492675781 1.5197608369191489 17.197211426755658 -27.636920480728151 -9.125395345779566 0.077584352013020524 25.035190773010257 -20.199240571430753 -1.9991180903248855 23.856703812987718 -4.1286950920820242 12.0593170075581 0.43768255026781394 -7.0893592663823739 28.829654797640714 4.3685493973738838 -6.0413224244496178
leaf_weight=22 20 23 31 35 20 44 24 21 96 36 30 44 23 25 75 23 20 130 22902 34 35 696 27 50 58 146 73 33 209 315
leaf_count=22 20 23 31 35 20 44 24 21 96 36 30 44 23 25 75 23 20 130 22902 34 35 696 27 50 58 146 73 33 209 315
internal_value=3.59667e-08 15.145 9.16524 -0.0594487 -8.71136 0.509428 -0.0253535 -5.24848 -2.00502 1.25491 -2.59055 0.0180415 11.0992 20.7567 -0.0118378 -2.0547 -2.42868 -7.19671 0.0924614 8.85485 -5.88223 -0.578488 5.71934 8.42323 4.56487 -4.06667 0.0518741 4.27582 7.70415 -0.0054348
internal_weight=25320 99 76 25221 99 64 25122 207 186 162 126 24915 67 45 24848 1207 1184 331 23641 109 311 853 157 135 108 276 23532 315 242 23217
internal_count=25320 99 76 25221 99 64 25122 207 186 162 126 24915 67 45 24848 1207 1184 331 23641 109 311 853 157 135 108 276 23532 315 242 23217
is_linear=0
shrinkage=0.05


Tree=6
num_leaves=31
num_cat=0
split_feature=34 275 152 212 12 243 57 239 47 272 269 152 4 220 178 60 68 5 205 184 263 219 149 54 157 69 89 271 94 222
split_gain=8.26147e+06 5.56532e+06 4.86418e+06 3.83021e+06 2.69222e+06 4.93815e+06 2.55733e+06 3.0154e+06 6.11217e+06 4.36616e+06 6.85329e+06 3.74848e+06 3.76541e+06 2.89845e+06 2.68186e+06 2.89496e+06 2.53687e+06 3.47776e+06 3.17299e+06 3.12392e+06 3.97263e+06 3.63463e+06 2.99856e+06 2.9585e+06 2.95556e+06 2.8281e+06 2.80347e+06 3.08375e+06 3.43945e+06 4.43588e+06
threshold=5174.9631347656259 -132.74999999999997 513.46029663085949 1702.2500000000002 1012.183807373047 852.46588134765636 5261.2500000000009 1783.2500000000002 581.48425292968761 1654.1351318359377 849.75000000000011 542.71502685546886 3339.0900878906255 1793.7500000000002 2817.0000000000005 4842.1301269531259 534.11987304687511 408.32109069824224 -2735.7499999999995 200.25000000000003 -1735.2650146484373 -2122.2499999999995 -2719.4999999999995 1012.183807373047 -3281.2499999999995 -1228.6992187499998 1012.183807373047 700.57888793945324 470.75000000000006 619.95794677734386
decision_type=2 2 2 2 2 2 2 2 2 2 2 2 2 2 2 2 2 2 2 2 2 2 2 2 2 2 2 2 2 2
left_child=4 3 -3 -2 6 -6 7 9 11 14 -11 -9 -13 -10 15 16 17 24 -18 21 -21 22 -19 26 -1 -22 27 28 -20 -30
right_child=1 2 -4 -5 5 -7 -8 8 13 10 -12 12 -14 -15 -16 -17 18 19 23 20 25 -23 -24 -25 -26 -27 -28 -29 29 -31
leaf_value=11.332441309148615 43.947062053680419 22.346670046719638 -7.8262826078078325 14.028784395300825 -19.566038709270714 2.7690034809112554 -14.613745555877685 2.8470521960465165 4.1648190096804969 -1.3440571693273693 -29.61066924929619 0.92975682590318776 -28.734376945495605 21.75674940015449 -16.090025435044215 6.0605124281853753 -13.347494104452302 0.49618964276071326 -0.73996697596164474 24.328252239660785 -11.119202706473216 0.11982363389517753 15.900708108263856 15.705926143646241 -0.27658977793638573 3.2745167358373899 -19.773716699509393 4.2253410893925878 -3.662568875631198 -16.9798101464363
leaf_weight=55 20 22 34 23 49 50 30 323 38 65 32 23 20 61 26 194 57 59 1331 22 35 3207 68 25 17337 1367 21 217 436 73
leaf_count=55 20 22 34 23 49 50 30 323 38 65 32 23 20 61 26 194 57 59 1331 22 35 3207 68 25 17337 1367 21 217 436 73
internal_value=4.12798e-09 14.4155 4.02738 27.9443 -0.0565852 -8.28571 -0.0241561 -0.00671283 3.98219 -0.0820302 -10.6691 1.00081 -12.8675 15.0043 -0.0401652 -0.0231355 -0.0716845 0.0878176 -1.70732 1.28565 3.24601 0.44835 8.74428 -1.39182 -0.239878 2.91519 -1.59752 -1.41196 -2.07679 -5.57251
internal_weight=25320 99 56 43 25221 99 25122 25092 465 24627 97 366 43 99 24530 24504 24310 22150 2160 4758 1424 3334 127 2103 17392 1402 2078 2057 1840 509
internal_count=25320 99 56 43 25221 99 25122 25092 465 24627 97 366 43 99 24530 24504 24310 22150 2160 4758 1424 3334 127 2103 17392 1402 2078 2057 1840 509
is_linear=0
shrinkage=0.05


Tree=7
num_leaves=31
num_cat=0
split_feature=34 275 152 212 5 285 57 269 204 231 141 239 272 269 89 152 152 178 60 43 10 233 86 170 123 148 210 275 74 271
split_gain=7.45597e+06 5.0227e+06 4.38992e+06 3.45676e+06 2.46574e+06 5.19311e+06 2.30806e+06 2.87459e+06 3.96418e+06 2.90577e+06 2.84748e+06 2.69244e+06 3.68846e+06 6.30895e+06 3.26008e+06 5.27556e+06 5.08999e+06 2.41969e+06 2.86455e+06 2.39746e+06 2.96944e+06 2.37551e+06 2.62334e+06 2.26085e+06 2.53383e+06 4.7209e+06 2.43118e+06 2.63815e+06 5.50085e+06 2.83214e+06
threshold=5174.9631347656259 -132.74999999999997 513.46029663085949 1702.2500000000002 1012.183807373047 744.84381103515636 5261.2500000000009 1689.5000000000002 2978.2500000000005 2709.2500000000005 2353.0000000000005 1783.2500000000002 1654.1351318359377 849.75000000000011 562.74551391601574 700.57888793945324 547.78625488281261 2817.0000000000005 4842.1301269531259 2100.2500000000005 2362.7500000000005 -1001.2499999999999 1258.2500000000002 -1883.2499999999998 -5213.3625488281241 -259.24999999999994 -1971.2499999999998 -1022.9999999999999 280.85749816894537 557.84716796875011
decision_type=2 2 2 2 2 2 2 2 2 2 2 2 2 2 2 2 2 2 2 2 2 2 2 2 2 2 2 2 2 2
left_child=4 3 -3 -2 6 -6 7 9 10 11 -9 12 17 -14 16 -16 -13 18 23 -20 -21 -22 -23 26 25 -25 -1 28 -28 -29
right_child=1 2 -4 -5 5 -7 -8 8 -10 -11 -12 14 13 -15 15 -17 -18 -19 19 20 21 22 -24 24 -26 -27 27 29 -30 -31
leaf_value=1.549139324227969 41.749707298278814 21.229336428642274 -7.4349686790915106 13.327344695381496 -23.414534581048148 0.53942135227844124 -13.883058230082193 15.123320002989338 29.016743984222412 -15.090736271440983 -10.037882269983706 3.7283597217082121 -1.0300735965607659 -28.888662846883136 24.905308668003528 -2.4140717538197838 -21.255269432067873 -15.285524041836078 17.680891280704074 -9.9546835133523661 22.248702857607888 -10.680029539267224 8.19539494755902 1.1183583540252493 0.00026424771431010391 24.142536830902102 -4.0996389057901172 -4.5569431935505174 -34.25808770315988 2.1940697930788211
leaf_weight=315 20 22 34 23 35 64 30 22 20 32 23 278 63 30 43 30 22 26 36 33 21 24 79 79 23023 31 54 574 21 213
leaf_count=315 20 22 34 23 35 64 30 22 20 32 23 278 63 30 43 30 22 26 36 33 21 24 79 79 23023 31 54 574 21 213
internal_value=-1.22099e-08 13.6947 3.82601 26.547 -0.053756 -7.92915 -0.0227209 -0.00614946 10.495 -0.0334231 2.26315 -0.0141458 -0.0780176 -10.0167 4.20208 13.6782 1.89623 -0.0403357 -0.0241591 6.04324 3.37474 6.92208 3.79724 -0.072329 0.0364351 7.60699 -2.21 -3.5837 -12.544 -2.72979
internal_weight=25320 99 56 43 25221 99 25122 25092 65 25027 45 24995 24622 93 373 73 300 24529 24503 193 157 124 103 24310 23133 110 1177 862 75 787
internal_count=25320 99 56 43 25221 99 25122 25092 65 25027 45 24995 24622 93 373 73 300 24529 24503 193 157 124 103 24310 23133 110 1177 862 75 787
is_linear=0
shrinkage=0.05


Tree=8
num_leaves=31
num_cat=0
split_feature=34 275 226 212 289 57 89 11 234 23 26 251 163 13 155 256 274 66 289 163 236 262 232 271 278 61 205 220 205 229
split_gain=6.72902e+06 4.53299e+06 4.24565e+06 3.11973e+06 2.355e+06 2.8271e+06 2.50639e+06 3.81394e+06 3.52142e+06 2.9617e+06 4.92647e+06 2.57287e+06 2.85989e+06 2.45475e+06 2.42471e+06 2.32571e+06 2.29458e+06 2.04898e+06 2.00343e+06 1.90756e+06 1.80698e+06 2.31951e+06 4.98649e+06 3.4749e+06 4.31835e+06 4.45755e+06 3.73135e+06 4.72266e+06 6.2082e+06 4.65439e+06
threshold=5174.9631347656259 -132.74999999999997 2095.5000000000005 1702.2500000000002 -75.249999999999986 5261.2500000000009 904.46777343750011 1553.9849853515627 965.25000000000011 -1064.2499999999998 719.73504638671886 3104.618774414063 3133.7500000000005 3444.619262695313 -147.74999999999997 4185.3376464843759 1578.5000000000002 -3612.2499999999995 -368.74999999999994 -394.74999999999994 298.57344055175787 -1241.4999999999998 -2078.7499999999995 679.19335937500011 661.46316528320324 537.77215576171886 -1595.2499999999998 2034.0000000000002 1038.2500000000002 904.46777343750011
decision_type=2 2 2 2 2 2 2 2 2 2 2 2 2 2 2 2 2 2 2 2 2 2 2 2 2 2 2 2 2 2
left_child=4 3 -3 -2 5 6 11 19 9 14 -11 12 15 -14 -9 20 17 -6 -17 -8 -1 -22 -23 24 -24 -26 29 28 -28 -25
right_child=1 2 -4 -5 16 -7 7 8 -10 10 -12 -13 13 -15 -16 18 -18 -19 -20 -21 21 22 23 26 25 -27 27 -29 -30 -31
leaf_value=0.535692523297434 39.662223250269896 -7.0293766948155003 21.408182107834591 12.660977757495383 14.972720046997072 -16.822918065694662 -29.388482613997027 -15.608282760620117 -15.22498284420797 -3.9913362526893614 31.10305551677942 14.362893501917521 -0.73683545430501307 -20.645113939046862 7.1514594034715131 -1.7443374061584471 16.50374634810116 0.63231012690101296 18.685579338073733 -8.7944864210875142 -5.4713686995426478 17.351418649233306 -0.63588873675836521 2.0695906287147885 0.34740852232902286 -25.688660948617116 5.446828069951799 -15.412819766998291 26.117311757109889 -21.469618725776673
leaf_weight=4887 20 35 21 23 25 26 22 25 35 20 20 30 30 32 22 20 23 6837 30 23 239 39 12359 84 31 35 234 22 43 28
leaf_count=4887 20 35 21 23 25 26 22 25 35 20 20 30 30 32 22 20 23 6837 30 23 239 39 12359 84 31 35 234 22 43 28
internal_value=-4.72082e-08 13.01 3.63471 25.2197 -0.0510682 -0.347131 -0.323736 -6.42117 -1.83209 3.55586 13.5559 -0.267611 -0.291843 -11.0121 -4.95479 -0.255022 0.737401 0.684556 10.5136 -18.8627 -0.284934 -0.590744 -0.500145 -0.554383 -0.704007 -13.4596 3.9689 6.88468 8.6556 -3.81521
internal_weight=25320 99 56 43 25221 18336 18310 167 122 87 40 18143 18113 62 47 18051 6885 6862 50 45 18001 13114 12875 12836 12425 66 411 299 277 112
internal_count=25320 99 56 43 25221 18336 18310 167 122 87 40 18143 18113 62 47 18051 6885 6862 50 45 18001 13114 12875 12836 12425 66 411 299 277 112
is_linear=0
shrinkage=0.05


Tree=9
num_leaves=31
num_cat=0
split_feature=6 201 103 289 26 161 212 240 101 275 5 212 194 243 96 187 282 36 92 135 269 227 5 272 285 110 136 13 136 61
split_gain=6.07866e+06 3.84719e+06 7.62968e+06 2.08354e+06 2.49586e+06 2.95969e+06 4.52954e+06 3.11482e+06 3.01096e+06 2.69545e+06 2.10034e+06 2.5422e+06 2.39817e+06 2.26795e+06 2.01437e+06 3.14318e+06 1.86509e+06 1.93245e+06 1.75477e+06 2.23064e+06 1.75307e+06 2.5825e+06 6.45315e+06 4.79844e+06 2.97216e+06 2.69388e+06 4.42523e+06 2.44131e+06 3.12294e+06 2.9627e+06
threshold=5310.4257812500009 852.46588134765636 594.14135742187511 -75.249999999999986 904.46777343750011 -333.24999999999994 1512.7500000000002 -693.24999999999989 -706.24999999999989 -200.74999999999997 405.36363220214849 954.50000000000011 485.88380432128912 537.77215576171886 601.57815551757824 644.34121704101574 155.75000000000003 2300.2500000000005 597.75000000000011 -1815.9999999999998 367.75000000000006 1939.0000000000002 609.70101928710949 1654.1351318359377 587.72634887695324 594.14135742187511 3756.0000000000005 3188.551635742188 1419.7500000000002 547.78625488281261
decision_type=2 2 2 2 2 2 2 2 2 2 2 2 2 2 2 2 2 2 2 2 2 2 2 2 2 2 2 2 2 2
left_child=3 2 -2 4 20 8 7 -7 -6 -9 13 12 -12 -5 15 -14 17 -13 19 -16 -1 23 25 27 -25 26 -23 29 -29 -22
right_child=1 -3 -4 10 5 6 -8 9 -10 -11 11 16 14 -15 18 -17 -18 -19 -20 -21 21 22 -24 24 -26 -27 -28 28 -30 -31
leaf_value=-0.070082780482989104 18.406286329639201 29.789378853638965 -15.103301679171048 0.12679450881382451 -3.0761059847745029 -9.3240394556894906 -23.380023632049561 22.393696412086488 -27.994919735634767 -0.0096854995036947319 3.1585916105590162 8.7733004372695387 -2.4247599680326424 9.2497754335403446 9.9601125396788124 -22.154258254441348 15.025496219098569 -7.6312192916870121 10.399395736610449 -6.1663441614004286 -1.1006056801845641 7.9341215064525601 26.391737369128634 -7.0501283457030119 -26.210551089664985 -16.363709475880579 -14.249573081115196 14.738167229524027 -2.0029201308886213 -6.5120047834823866
leaf_weight=15529 49 24 26 5366 22 32 20 25 27 29 881 58 245 69 32 22 64 26 54 65 1979 100 28 67 29 21 29 52 60 290
leaf_count=15529 49 24 26 5366 22 32 20 25 27 29 881 58 245 69 32 22 64 26 54 65 1979 100 28 67 29 21 29 52 60 290
internal_value=-6.86065e-09 12.3653 6.78963 -0.0485376 -0.326931 -6.64481 -1.94725 3.03712 -16.8069 10.3623 0.693319 2.38618 1.67878 0.242615 -1.44015 -4.05041 8.59508 3.69571 3.17535 -0.846276 -0.273078 -1.46039 4.35677 -1.87842 -12.8382 0.243578 2.94709 -1.43653 5.76973 -1.79223
internal_weight=25320 99 75 25221 18339 155 106 86 49 54 6882 1447 1299 5435 418 267 148 84 151 97 18184 2655 178 2477 96 150 129 2381 112 2269
internal_count=25320 99 75 25221 18339 155 106 86 49 54 6882 1447 1299 5435 418 267 148 84 151 97 18184 2655 178 2477 96 150 129 2381 112 2269
is_linear=0
shrinkage=0.05


Tree=10
num_leaves=31
num_cat=0
split_feature=34 138 110 282 261 12 159 257 16 169 2 122 244 289 271 222 208 219 83 278 113 176 261 5 275 182 250 106 112 156
split_gain=5.54642e+06 4.14432e+06 4.75383e+06 1.92914e+06 2.34946e+06 2.86563e+06 3.49312e+06 2.85126e+06 2.28101e+06 2.30146e+06 4.31597e+06 5.64e+06 3.66267e+06 2.13976e+06 2.14882e+06 3.34011e+06 3.28714e+06 2.81266e+06 2.0752e+06 4.25286e+06 3.11147e+06 2.03243e+06 1.99746e+06 1.9859e+06 1.83878e+06 2.94649e+06 4.16419e+06 4.11706e+06 3.69683e+06 2.88968e+06
threshold=5174.9631347656259 719.73504638671886 569.17248535156261 -288.24999999999994 -242.74999999999997 904.46777343750011 797.33575439453136 719.73504638671886 4411.5000000000009 -1833.2499999999998 -624.74999999999989 -1653.2499999999998 -2009.4178466796873 -502.24999999999994 436.34002685546881 630.97421264648449 609.70101928710949 -225.74999999999997 3686.738403320313 679.19335937500011 3434.2500000000005 1495.7500000000002 1686.0000000000002 376.69180297851568 -245.74999999999997 1861.2500000000002 537.77215576171886 1810.2500000000002 2072.2500000000005 -1794.4999999999998
decision_type=2 2 2 2 2 2 2 2 2 2 2 2 2 2 2 2 2 2 2 2 2 2 2 2 2 2 2 2 2 2
left_child=3 2 -2 8 7 22 -7 13 9 10 -1 -12 -11 23 21 16 -16 -17 20 -20 24 -15 -6 -5 25 28 27 -27 -14 -26
right_child=1 -3 -4 4 5 6 -8 -9 -10 12 11 -13 18 14 15 17 -18 -19 19 -21 -22 -23 -24 -25 29 26 -28 -29 -30 -31
leaf_value=-2.4657013362208118 17.603477025032046 32.14346645355225 -7.0878876713344034 0.82361863851547246 -0.13606286832726708 -21.743940461733764 -0.40571490526199344 9.4052511229373437 -11.95739486720827 16.971947809855145 -38.829954463243489 -3.5126995563507082 -0.13651134531416598 0.66351990970797781 3.3226541309450974 -1.3408300100228727 17.963340508900583 -21.956110954284668 -2.4428062068379446 20.877660111819999 -15.947692931782115 -7.8651066398956404 9.3286223785153464 -21.19124327273596 -13.113361956557988 19.212786384820941 20.562974588391256 -7.9604640486447709 -9.1603133858631143 -1.7678602495820599
leaf_weight=313 44 20 35 20 12238 34 44 101 45 30 20 26 5263 4331 923 78 40 21 46 34 33 71 56 21 59 20 41 46 116 1151
leaf_count=313 44 20 35 20 12238 34 44 101 45 30 20 26 5263 4331 923 78 40 21 46 34 33 71 56 21 59 20 41 46 116 1151
internal_value=8.17254e-10 11.8116 6.66426 -0.046364 0.231198 -0.153563 -9.70699 1.08033 -0.735305 -0.665148 -4.56739 -18.868 -0.460307 0.927597 1.01299 3.03171 3.93078 -5.71377 -0.537112 7.46839 -0.632288 0.525961 -0.0929506 -10.4523 -0.556809 -0.167681 8.04819 0.273854 -0.331113 -2.32107
internal_weight=25320 99 79 25221 17978 12372 78 5606 7243 7198 359 46 6839 5505 5464 1062 963 99 6809 80 6729 4402 12294 41 6696 5486 107 66 5379 1210
internal_count=25320 99 79 25221 17978 12372 78 5606 7243 7198 359 46 6839 5505 5464 1062 963 99 6809 80 6729 4402 12294 41 6696 5486 107 66 5379 1210
is_linear=0
shrinkage=0.05


Tree=11
num_leaves=31
num_cat=0
split_feature=100 268 2 121 258 4 106 12 243 54 89 264 69 282 222 288 116 65 243 189 240 185 95 4 150 44 101 120 120 124
split_gain=5.0233e+06 4.92734e+06 4.00699e+06 2.87678e+06 3.64395e+06 2.5252e+06 2.40553e+06 1.85844e+06 4.30814e+06 2.08085e+06 2.91397e+06 1.98717e+06 3.79963e+06 4.10183e+06 4.15174e+06 3.9825e+06 3.76279e+06 2.972e+06 2.79655e+06 3.9851e+06 2.8469e+06 2.45878e+06 2.42117e+06 3.06258e+06 2.9594e+06 2.39211e+06 3.32522e+06 2.20223e+06 2.15898e+06 4.94922e+06
threshold=4483.7500000000009 -168.74999999999997 5103.7500000000009 3709.7500000000005 2970.2917480468755 2676.085083007813 4328.7500000000009 1012.183807373047 852.46588134765636 1012.183807373047 1012.183807373047 719.73504638671886 3784.744750976563 -1049.7499999999998 852.46588134765636 152.25000000000003 3637.275024414063 997.25000000000011 661.46316528320324 1504.5000000000002 -1301.2499999999998 -274.24999999999994 4655.6149902343759 4642.2600097656259 765.25000000000011 1457.7500000000002 1685.5000000000002 2476.7500000000005 3116.7500000000005 294.11299133300787
decision_type=2 2 2 2 2 2 2 2 2 2 2 2 2 2 2 2 2 2 2 2 2 2 2 2 2 2 2 2 2 2
left_child=3 -2 -3 4 7 -5 -7 9 -9 10 11 18 13 15 16 -13 17 21 22 20 -20 -15 23 28 -25 -24 -27 -14 -1 -30
right_child=1 2 -4 5 -6 6 -8 8 -10 -11 -12 12 27 14 -16 -17 -18 -19 19 -21 -22 -23 25 24 -26 26 -28 -29 29 -31
leaf_value=0.04099682858016096 28.237309214274088 -9.2612806320190426 15.593833283817069 4.2341198784964424 19.070094139099123 -24.918414960588731 -6.1712110042572021 -18.456404176083478 2.9955889225006107 13.158228492736818 -16.138901835680009 4.9389718339556739 3.5058003926277159 12.674025317930408 -3.0309009132949454 -23.65169713250522 -5.6363225060540278 21.670903227464208 -14.282414279381435 -24.807531262998996 -0.93398590989473496 -4.391625472903252 20.455429712931316 -17.764894106012324 -2.416629173117455 -10.338806493142073 7.3117567741101794 24.925369052886964 -29.107738130092624 -2.4303497779638246
leaf_weight=23744 30 31 34 28 25 28 44 44 50 30 28 21 20 62 131 29 37 53 48 23 238 32 24 46 99 34 124 30 20 133
leaf_count=23744 30 31 34 28 25 28 44 44 50 30 28 21 20 62 131 29 37 53 48 23 238 32 24 46 99 34 124 30 20 133
internal_value=2.783e-08 11.4759 3.73986 -0.0432194 -0.00953296 -8.50694 -13.4618 -0.0285366 -7.04577 -0.00215811 -0.0179657 0.000127334 3.43113 1.66039 3.77214 -11.6436 8.61561 12.2028 -0.0579115 -4.78452 -3.17428 6.86444 0.00238089 -0.0411111 -7.28573 5.74763 3.51353 16.3575 0.00284711 -5.91759
internal_weight=25320 95 65 25225 25125 100 72 25100 94 25006 24976 24948 415 365 315 50 184 147 24533 309 286 94 24224 24042 145 182 158 50 23897 153
internal_count=25320 95 65 25225 25125 100 72 25100 94 25006 24976 24948 415 365 315 50 184 147 24533 309 286 94 24224 24042 145 182 158 50 23897 153
is_linear=0
shrinkage=0.05


Tree=12
num_leaves=31
num_cat=0
split_feature=100 268 2 121 258 4 276 163 276 68 229 271 95 148 157 240 239 141 236 257 264 289 242 273 252 71 116 4 5 169
split_gain=4.53353e+06 4.44693e+06 3.61631e+06 2.5963e+06 3.28866e+06 2.279e+06 2.19088e+06 1.77606e+06 3.15934e+06 3.18002e+06 3.75837e+06 3.03114e+06 2.79293e+06 4.19701e+06 2.46972e+06 2.29423e+06 3.28379e+06 2.16933e+06 1.97406e+06 4.06993e+06 3.70662e+06 3.66173e+06 5.53296e+06 2.9029e+06 5.47594e+06 4.52832e+06 2.75969e+06 2.78257e+06 2.5659e+06 2.84021e+06
threshold=4483.7500000000009 -168.74999999999997 5103.7500000000009 3709.7500000000005 2970.2917480468755 2676.085083007813 -169.74999999999997 -1921.9999999999998 715.75000000000011 517.10519409179699 436.49122619628912 1012.183807373047 -5397.1774902343741 -259.24999999999994 -3281.2499999999995 -161.74999999999997 -134.24999999999997 -2666.7499999999995 587.72634887695324 644.34121704101574 700.57888793945324 -374.74999999999994 622.58499145507824 920.75000000000011 690.50000000000011 2479.2500000000005 4533.0676269531259 4642.2600097656259 399.93339538574224 1425.2500000000002
decision_type=2 2 2 2 2 2 2 2 2 2 2 2 2 2 2 2 2 2 2 2 2 2 2 2 2 2 2 2 2 2
left_child=3 -2 -3 4 7 -5 -7 8 9 14 -11 12 13 -9 -1 16 17 -12 19 26 23 22 -22 24 -20 -25 27 28 29 -14
right_child=1 2 -4 5 -6 6 -8 11 -10 10 15 -13 18 -15 -16 -17 -18 -19 20 -21 21 -23 -24 25 -26 -27 -28 -29 -30 -31
leaf_value=8.2921877764165401 26.825443941752116 -8.7982165859591586 14.814141727896299 4.0224138804844456 18.11658968734741 0.80345837729317804 -18.385472241569968 1.4259302584330242 17.818252153396607 -26.74295456182389 -18.068117743730546 14.986303985820099 -0.04690630740812872 22.603840871067611 -1.3882338219629506 -16.833360022968716 7.8040830088111592 -4.0796116282974468 -5.603716828017367 18.514898586273194 -21.710809151331585 5.0964448626427092 0.68242525811922761 -1.5388769626617433 6.3575044230889475 -29.49731786591666 6.8231911662546612 -7.2248145494297269 0.97885617873184416 -2.5067158395286104
leaf_weight=72 30 31 34 28 25 21 51 75 20 21 32 34 15156 34 776 36 53 207 506 30 36 272 118 30 118 28 151 131 5892 1272
leaf_count=72 30 31 34 28 25 21 51 75 20 21 32 34 15156 34 776 36 53 207 506 30 36 272 118 30 118 28 151 131 5892 1272
internal_value=-1.72893e-09 10.9021 3.55286 -0.0410585 -0.00905634 -8.08159 -12.7887 -0.0271098 -1.89031 -2.21961 -6.23681 0.0678331 0.0465648 8.03188 -0.566311 -4.92391 -3.45563 -5.95255 0.00990092 0.110784 -2.05074 1.60838 -4.55236 -4.33634 -3.34182 -15.0361 0.086356 0.0410456 0.0836902 -0.237366
internal_weight=25320 95 65 25225 25125 100 72 25100 1217 1197 349 23883 23849 109 848 328 292 239 23740 22632 1108 426 154 682 624 58 22602 22451 22320 16428
internal_count=25320 95 65 25225 25125 100 72 25100 1217 1197 349 23883 23849 109 848 328 292 239 23740 22632 1108 426 154 682 624 58 22602 22451 22320 16428
is_linear=0
shrinkage=0.05


Tree=13
num_leaves=31
num_cat=0
split_feature=6 138 110 194 289 26 141 101 212 190 156 274 66 267 269 227 5 279 68 260 236 292 170 204 23 156 222 168 233 13
split_gain=4.13697e+06 3.20951e+06 3.81346e+06 1.82789e+06 1.82587e+06 2.08441e+06 2.70923e+06 4.64862e+06 4.00314e+06 2.92645e+06 1.9799e+06 1.96578e+06 1.70335e+06 1.59121e+06 2.91792e+06 2.63605e+06 6.30885e+06 4.41669e+06 4.50759e+06 3.27316e+06 2.87614e+06 3.41425e+06 3.24477e+06 2.6091e+06 2.36797e+06 4.11851e+06 2.22441e+06 2.08466e+06 3.21938e+06 1.86141e+06
threshold=5310.4257812500009 719.73504638671886 587.72634887695324 569.17248535156261 -75.249999999999986 904.46777343750011 122.00000000000001 -674.74999999999989 1512.7500000000002 1358.2500000000002 539.25000000000011 1578.5000000000002 -3612.2499999999995 425.25000000000006 -402.74999999999994 1939.0000000000002 609.70101928710949 1446.2200927734377 569.17248535156261 1443.2500000000002 509.73971557617193 661.46316528320324 2073.5000000000005 2666.2500000000005 2041.2500000000002 1971.7500000000002 569.17248535156261 1040.7500000000002 1095.7500000000002 3188.551635742188
decision_type=2 2 2 2 2 2 2 2 2 2 2 2 2 2 2 2 2 2 2 2 2 2 2 2 2 2 2 2 2 2
left_child=4 2 3 -2 5 13 7 -7 9 10 -8 12 -6 -1 -15 17 20 19 24 29 21 22 -17 -24 -19 -26 -22 28 -21 -16
right_child=1 -3 -4 -5 11 6 8 -9 -10 -11 -12 -13 -14 14 15 16 -18 18 -20 27 26 -23 23 -25 25 -27 -28 -29 -30 -31
leaf_value=0.0028663449752631249 24.40015697479248 26.565958114292314 -8.2457804956743797 4.2408149692145258 13.6329265127182 -2.3660611645928746 -7.8459249602500778 -32.845493976636369 -20.947436707360406 20.152171480655671 11.19609260559082 15.247500019488127 0.55783799604352902 17.049351492795079 -1.667958033967613 11.95011609224386 25.053530694592386 3.6712425827980044 -30.610964012145999 4.4708871214013355 -22.288580086117701 23.261782343983654 -19.29901125534721 0.81043479707505972 -26.341582429820097 -3.9332383619035998 0.46189091313969011 0.53809746173711925 28.171797478717309 3.9497650669718336
leaf_weight=14035 23 23 31 22 25 29 43 22 21 20 20 23 6834 22 3470 43 31 42 22 38 21 20 23 54 29 70 22 65 23 154
leaf_count=14035 23 23 31 22 25 29 43 22 21 20 20 23 6834 22 3470 43 31 42 22 38 21 20 23 54 29 70 22 65 23 154
internal_value=-2.15858e-08 10.201 5.24845 14.5445 -0.040042 -0.300653 -6.07434 -15.5141 -1.44525 3.48904 -1.80084 0.654429 0.605495 -0.251439 -1.11169 -1.2085 4.19504 -1.50402 -9.56124 -1.15379 0.66163 4.13555 0.947843 -5.19628 -6.27688 -10.4973 -10.6488 6.76842 13.4073 -1.42924
internal_weight=25320 99 76 45 25221 18339 155 51 104 83 63 6882 6859 18184 4149 4127 214 3913 163 3750 183 140 120 77 141 99 43 126 61 3624
internal_count=25320 99 76 45 25221 18339 155 51 104 83 63 6882 6859 18184 4149 4127 214 3913 163 3750 183 140 120 77 141 99 43 126 61 3624
is_linear=0
shrinkage=0.05


Tree=14
num_leaves=31
num_cat=0
split_feature=93 268 5 146 269 234 231 239 197 166 60 272 147 231 0 68 183 96 95 7 31 123 171 11 19 23 6 284 115 20
split_gain=3.96393e+06 4.1392e+06 4.87882e+06 2.39666e+06 2.29877e+06 5.74879e+06 3.5923e+06 2.30949e+06 3.3167e+06 4.74865e+06 2.71236e+06 3.04631e+06 3.30989e+06 2.34873e+06 3.3766e+06 2.23836e+06 3.29613e+06 3.12108e+06 4.34853e+06 2.96055e+06 3.24211e+06 3.97759e+06 3.77621e+06 3.0187e+06 3.32749e+06 2.90586e+06 2.79856e+06 4.16349e+06 3.7244e+06 3.94872e+06
threshold=4543.5000000000009 -168.74999999999997 569.17248535156261 4506.3398437500009 1689.5000000000002 2658.2500000000005 2709.2500000000005 1783.2500000000002 2806.5000000000005 529.70809936523449 4842.1301269531259 1654.1351318359377 2674.2500000000005 -207.24999999999997 3119.5000000000005 534.11987304687511 2117.0000000000005 495.52513122558599 -2173.682495117187 -471.24999999999994 -2615.4999999999995 -4498.7949218749991 -1947.9999999999998 -2889.055053710937 495.52513122558599 -4351.9999999999991 2935.2753906250005 2200.132446289063 1370.2500000000002 1921.3115234375002
decision_type=2 2 2 2 2 2 2 2 2 2 2 2 2 2 2 2 2 2 2 2 2 2 2 2 2 2 2 2 2 2
left_child=3 -2 -3 4 6 -6 7 8 10 -10 11 15 -13 14 -12 17 19 -1 25 20 21 22 -17 -22 -25 -19 27 28 -21 -30
right_child=1 2 -4 -5 5 -7 -8 -9 9 -11 13 12 -14 -15 -16 16 -18 18 -20 26 23 -23 -24 24 -26 -27 -28 -29 29 -31
leaf_value=-0.054061357530945368 24.852968597412112 12.389547139690038 -17.614751834869384 -14.658395045144218 -0.45420307017241912 30.911318224952335 -16.054317934853692 3.8436797888704426 0.163577257353684 -31.056324395679294 2.9554278855738434 -23.097945240338646 0.59084343745790679 2.9169466860993896 31.046284341812136 -12.335205687647282 10.857289866071483 -1.3093129756838777 1.2771281448413196 -4.3761749314326144 -4.0384550334433831 -9.4485323711286622 11.99597320189843 22.642080402374269 2.8059432997144897 13.656663996895606 2.8378758012856311 -12.228322330218596 10.320117670431566 -11.208533860955921
leaf_weight=21178 32 42 20 28 48 21 35 380 29 21 23 30 29 167 20 23 52 43 799 809 169 158 52 22 542 132 152 147 89 28
leaf_count=21178 32 42 20 28 48 21 35 380 29 21 23 30 29 167 20 23 52 43 799 809 169 158 52 22 542 132 152 147 89 28
internal_value=-1.88615e-08 10.2485 2.71074 -0.0381892 -0.0219433 9.09183 -0.0469681 -0.0246418 -0.0841207 -12.9488 -0.0580409 -0.106631 -11.4543 5.60015 16.0209 -0.0791862 -1.58432 0.0732166 2.84066 -1.87961 0.190125 -4.94758 4.53441 1.82326 3.57969 9.97931 -3.51174 -4.41122 -3.17027 5.16796
internal_weight=25320 94 62 25226 25198 69 25129 25094 24714 50 24664 24454 59 210 43 24395 2243 22152 974 2191 966 233 75 733 564 175 1225 1073 926 117
internal_count=25320 94 62 25226 25198 69 25129 25094 24714 50 24664 24454 59 210 43 24395 2243 22152 974 2191 966 233 75 733 564 175 1225 1073 926 117
is_linear=0
shrinkage=0.05


Tree=15
num_leaves=31
num_cat=0
split_feature=100 267 117 127 121 258 106 65 163 276 68 229 271 213 26 89 140 95 148 180 14 99 240 239 141 5 142 278 5 96
split_gain=3.63449e+06 3.69474e+06 3.50851e+06 2.38085e+06 2.2691e+06 2.7761e+06 2.03122e+06 1.96972e+06 1.58749e+06 2.85469e+06 2.74615e+06 3.3707e+06 2.55608e+06 2.35551e+06 2.44743e+06 2.72486e+06 2.61463e+06 2.34775e+06 3.7387e+06 2.09759e+06 2.99294e+06 2.50592e+06 2.03433e+06 2.96727e+06 1.93321e+06 1.81239e+06 3.93594e+06 2.57935e+06 1.71471e+06 3.26953e+06
threshold=4483.7500000000009 537.75000000000011 644.34121704101574 4691.0000000000009 3709.7500000000005 2970.2917480468755 4328.7500000000009 4162.0000000000009 -1921.9999999999998 715.75000000000011 517.10519409179699 436.49122619628912 1012.183807373047 -2011.9999999999998 295.52578735351568 347.87043762207037 -2714.2499999999995 -5397.1774902343741 -259.24999999999994 501.99871826171881 -137.74999999999997 -2756.9999999999995 -161.74999999999997 -134.24999999999997 -2666.7499999999995 1012.183807373047 -401.24999999999994 719.73504638671886 399.93339538574224 425.17701721191412
decision_type=2 2 2 2 2 2 2 2 2 2 2 2 2 2 2 2 2 2 2 2 2 2 2 2 2 2 2 2 2 2
left_child=4 -2 3 -3 5 8 -6 -8 9 10 13 -12 17 14 -1 -16 -17 18 -10 20 -15 -21 23 24 -13 28 -27 -28 29 -19
right_child=1 2 -4 -5 6 -7 7 -9 12 -11 11 22 -14 19 15 16 -18 25 -20 21 -22 -23 -24 -25 -26 26 27 -29 -30 -31
leaf_value=-10.497473630038176 28.85627296447754 -2.5709525871276857 -13.264100856781006 19.05464058331081 -17.054973120159573 16.646504232406617 5.7754209354945596 -11.845509443611935 1.1332479987243811 16.949291601181031 -25.250875586555118 -17.015873668435962 13.765943273376017 -2.2936817137897019 20.231350188702347 -4.8353159875285874 11.116085918082133 -0.076820890256716345 21.12143025678747 14.76608860116256 -19.351837172773152 -0.65174784497466209 -15.80235252512826 7.4982011777050097 -3.8105791354524921 -26.70193769454956 -14.831460738182068 6.5800034082852878 0.69600894941674329 -3.2998302274640054
leaf_weight=22 20 20 20 35 36 25 35 29 75 20 21 32 34 540 32 49 54 15840 34 38 27 86 36 53 207 20 22 39 6991 828
leaf_count=22 20 20 20 35 36 25 35 29 75 20 21 32 34 540 32 49 54 15840 34 38 27 86 36 53 207 20 22 39 6991 828
internal_value=-1.40212e-09 9.76144 4.66948 11.1908 -0.0367626 -0.00684489 -7.55359 -2.20906 -0.0234319 -1.78495 -2.09797 -5.83108 0.0663296 -0.561592 4.96686 7.48697 3.52755 0.0467989 7.36809 -1.81769 -3.10597 4.07307 -4.58774 -3.20511 -5.57865 0.0131839 -7.45322 -1.14216 0.0387462 -0.236927
internal_weight=25320 95 75 55 25225 25125 100 64 25100 1217 1197 349 23883 848 157 135 103 23849 109 691 567 124 328 292 239 23740 81 61 23659 16668
internal_count=25320 95 75 55 25225 25125 100 64 25100 1217 1197 349 23883 848 157 135 103 23849 109 691 567 124 328 292 239 23740 81 61 23659 16668
is_linear=0
shrinkage=0.05


end of trees

feature_importances:
Column_5=14
Column_6=12
Column_289=12
Column_110=11
Column_121=9
Column_152=9
Column_68=8
Column_239=8
Column_243=8
Column_269=8
Column_271=8
Column_12=7
Column_26=7
Column_222=7
Column_279=7
Column_4=6
Column_95=6
Column_96=6
Column_138=6
Column_180=6
Column_205=6
Column_212=6
Column_229=6
Column_275=6
Column_2=5
Column_34=5
Column_89=5
Column_163=5
Column_208=5
Column_272=5
Column_60=4
Column_61=4
Column_65=4
Column_113=4
Column_141=4
Column_148=4
Column_194=4
Column_231=4
Column_240=4
Column_257=4
Column_267=4
Column_274=4
Column_278=4
Column_285=4
Column_0=3
Column_13=3
Column_23=3
Column_47=3
Column_57=3
Column_66=3
Column_100=3
Column_101=3
Column_106=3
Column_128=3
Column_156=3
Column_183=3
Column_198=3
Column_215=3
Column_227=3
Column_236=3
Column_258=3
Column_263=3
Column_264=3
Column_268=3
Column_276=3
Column_282=3
Column_11=2
Column_19=2
Column_43=2
Column_53=2
Column_54=2
Column_69=2
Column_82=2
Column_87=2
Column_94=2
Column_116=2
Column_120=2
Column_123=2
Column_124=2
Column_127=2
Column_136=2
Column_140=2
Column_149=2
Column_157=2
Column_169=2
Column_170=2
Column_173=2
Column_178=2
Column_189=2
Column_197=2
Column_204=2
Column_213=2
Column_219=2
Column_220=2
Column_233=2
Column_234=2
Column_242=2
Column_261=2
Column_273=2
Column_284=2
Column_292=2
Column_3=1
Column_7=1
Column_10=1
Column_14=1
Column_16=1
Column_20=1
Column_24=1
Column_31=1
Column_36=1
Column_41=1
Column_44=1
Column_58=1
Column_71=1
Column_73=1
Column_74=1
Column_83=1
Column_86=1
Column_90=1
Column_92=1
Column_93=1
Column_99=1
Column_103=1
Column_108=1
Column_112=1
Column_115=1
Column_117=1
Column_122=1
Column_130=1
Column_135=1
Column_142=1
Column_146=1
Column_147=1
Column_150=1
Column_155=1
Column_159=1
Column_161=1
Column_164=1
Column_166=1
Column_168=1
Column_171=1
Column_176=1
Column_182=1
Column_184=1
Column_185=1
Column_187=1
Column_190=1
Column_191=1
Column_192=1
Column_201=1
Column_206=1
Column_210=1
Column_221=1
Column_225=1
Column_226=1
Column_232=1
Column_235=1
Column_244=1
Column_246=1
Column_249=1
Column_250=1
Column_251=1
Column_252=1
Column_254=1
Column_256=1
Column_259=1
Column_260=1
Column_262=1
Column_277=1
Column_288=1

parameters:
[boosting: gbdt]
[objective: regression]
[metric: l2]
[tree_learner: serial]
[device_type: cpu]
[data_sample_strategy: bagging]
[data: ]
[valid: ]
[num_iterations: 1000]
[learning_rate: 0.05]
[num_leaves: 31]
[num_threads: 0]
[seed: 42]
[deterministic: 1]
[force_col_wise: 0]
[force_row_wise: 0]
[histogram_pool_size: -1]
[max_depth: -1]
[min_data_in_leaf: 20]
[min_sum_hessian_in_leaf: 0.001]
[bagging_fraction: 1]
[pos_bagging_fraction: 1]
[neg_bagging_fraction: 1]
[bagging_freq: 0]
[bagging_seed: 400]
[bagging_by_query: 0]
[feature_fraction: 1]
[feature_fraction_bynode: 1]
[feature_fraction_seed: 30056]
[extra_trees: 0]
[extra_seed: 12879]
[early_stopping_round: 0]
[early_stopping_min_delta: 0]
[first_metric_only: 0]
[max_delta_step: 0]
[lambda_l1: 0]
[lambda_l2: 0]
[linear_lambda: 0]
[min_gain_to_split: 0]
[drop_rate: 0.1]
[max_drop: 50]
[skip_drop: 0.5]
[xgboost_dart_mode: 0]
[uniform_drop: 0]
[drop_seed: 17869]
[top_rate: 0.2]
[other_rate: 0.1]
[min_data_per_group: 100]
[max_cat_threshold: 32]
[cat_l2: 10]
[cat_smooth: 10]
[max_cat_to_onehot: 4]
[top_k: 20]
[monotone_constraints: ]
[monotone_constraints_method: basic]
[monotone_penalty: 0]
[feature_contri: ]
[forcedsplits_filename: ]
[refit_decay_rate: 0.9]
[cegb_tradeoff: 1]
[cegb_penalty_split: 0]
[cegb_penalty_feature_lazy: ]
[cegb_penalty_feature_coupled: ]
[path_smooth: 0]
[interaction_constraints: ]
[verbosity: -1]
[saved_feature_importance_type: 0]
[use_quantized_grad: 0]
[num_grad_quant_bins: 4]
[quant_train_renew_leaf: 0]
[stochastic_rounding: 1]
[linear_tree: 0]
[max_bin: 255]
[max_bin_by_feature: ]
[min_data_in_bin: 3]
[bin_construct_sample_cnt: 200000]
[data_random_seed: 175]
[is_enable_sparse: 1]
[enable_bundle: 1]
[use_missing: 1]
[zero_as_missing: 0]
[feature_pre_filter: 1]
[pre_partition: 0]
[two_round: 0]
[header: 0]
[label_column: ]
[weight_column: ]
[group_column: ]
[ignore_column: ]
[categorical_feature: ]
[forcedbins_filename: ]
[precise_float_parser: 0]
[parser_config_file: ]
[objective_seed: 16083]
[num_class: 1]
[is_unbalance: 0]
[scale_pos_weight: 1]
[sigmoid: 1]
[boost_from_average: 1]
[reg_sqrt: 0]
[alpha: 0.9]
[fair_c: 1]
[poisson_max_delta_step: 0.7]
[tweedie_variance_power: 1.5]
[lambdarank_truncation_level: 30]
[lambdarank_norm: 1]
[label_gain: ]
[lambdarank_position_bias_regularization: 0]
[eval_at: ]
[multi_error_top_k: 1]
[auc_mu_weights: ]
[num_machines: 1]
[local_listen_port: 12400]
[time_out: 120]
[machine_list_filename: ]
[machines: ]
[gpu_platform_id: -1]
[gpu_device_id: -1]
[gpu_device_id_list: ]
[gpu_use_dp: 0]
[num_gpu: 1]

end of parameters

pandas_categorical:null
