tree
version=v4
num_class=1
num_tree_per_iteration=1
label_index=0
max_feature_idx=146
objective=regression
feature_names=Column_0 Column_1 Column_2 Column_3 Column_4 Column_5 Column_6 Column_7 Column_8 Column_9 Column_10 Column_11 Column_12 Column_13 Column_14 Column_15 Column_16 Column_17 Column_18 Column_19 Column_20 Column_21 Column_22 Column_23 Column_24 Column_25 Column_26 Column_27 Column_28 Column_29 Column_30 Column_31 Column_32 Column_33 Column_34 Column_35 Column_36 Column_37 Column_38 Column_39 Column_40 Column_41 Column_42 Column_43 Column_44 Column_45 Column_46 Column_47 Column_48 Column_49 Column_50 Column_51 Column_52 Column_53 Column_54 Column_55 Column_56 Column_57 Column_58 Column_59 Column_60 Column_61 Column_62 Column_63 Column_64 Column_65 Column_66 Column_67 Column_68 Column_69 Column_70 Column_71 Column_72 Column_73 Column_74 Column_75 Column_76 Column_77 Column_78 Column_79 Column_80 Column_81 Column_82 Column_83 Column_84 Column_85 Column_86 Column_87 Column_88 Column_89 Column_90 Column_91 Column_92 Column_93 Column_94 Column_95 Column_96 Column_97 Column_98 Column_99 Column_100 Column_101 Column_102 Column_103 Column_104 Column_105 Column_106 Column_107 Column_108 Column_109 Column_110 Column_111 Column_112 Column_113 Column_114 Column_115 Column_116 Column_117 Column_118 Column_119 Column_120 Column_121 Column_122 Column_123 Column_124 Column_125 Column_126 Column_127 Column_128 Column_129 Column_130 Column_131 Column_132 Column_133 Column_134 Column_135 Column_136 Column_137 Column_138 Column_139 Column_140 Column_141 Column_142 Column_143 Column_144 Column_145 Column_146
feature_infos=[-11835:7450] [-11550:7580.5] [-11907.5:7151] [-11555:7353] [-17674.1796875:11836.419921875] [121.37053680419922:1669.31494140625] [-14002.11328125:8333.611328125] [-11557.5:7350] [-11275:7822.5] [-11890:6663.5] [-11865:7032.5] [-17583.755859375:11687.330078125] [121.37053680419922:1669.31494140625] [-13807.830078125:8181.5556640625] [-11865:7018.5] [-11350:7750] [-11967.5:7014] [-11507.5:7354.5] [-17493.654296875:11536.5] [121.37053680419922:1669.31494140625] [-13598.708984375:7994.59619140625] [-11507.5:7354.5] [-9390:7766.5] [-11785:7007] [-9865:7276] [-17377.205078125:11389.3798828125] [121.37053680419922:1669.31494140625] [-13229.7353515625:7728.5419921875] [-9865:7268] [-9405:7583.5] [-9967.5:6824] [-9657.5:7093] [-17260.85546875:11264.7099609375] [121.37053680419922:1669.31494140625] [-12902.0322265625:7452.08349609375] [-9657.5:7085] [-9142.5:7408.5] [-9785:6258] [-9317.5:6685] [-17150.080078125:11134.4501953125] [121.37053680419922:1669.31494140625] [-12576.166015625:7149.62158203125] [-9320:6680] [-9012.5:7500] [-9577.5:6195] [-9135:6980] [-17042.9296875:10997.919921875] [121.37053680419922:1669.31494140625] [-12263.3330078125:6940.33984375] [-9137.5:6975] [-8892.5:7652.5] [-9545:5985] [-9235:6462.5] [-16934.8046875:10866.9599609375] [121.37053680419922:1669.31494140625] [-11988.029296875:6841.67236328125] [-9232.5:6457.5] [-9120:7135] [-9965:5879] [-9637.5:6148] [-16828.654296875:10733.240234375] [121.37053680419922:1669.31494140625] [-11774.3447265625:6743.611328125] [-9637.5:6140] [-8507.5:6970] [-9815:5378] [-8662.5:6450] [-16720.904296875:10613.3701171875] [121.37053680419922:1669.31494140625] [-11491.4501953125:6591.5556640625] [-8662.5:6445] [-7120:7122.5] [-8857.5:5355] [-7637.5:6510] [-16606.10546875:10497.5654296875] [121.37053680419922:1669.31494140625] [-11039.7275390625:6444.0986328125] [-7637.5:6505] [-6912.5:7665] [-7894:5436.5] [-7586.5:7145] [-16487.3046875:10386.4345703125] [121.37053680419922:1669.31494140625] [-10546.1162109375:6426.68017578125] [-7584:7140] [-6637.5:7947.5] [-7776.5:5210] [-7190:7427.5] [-16370.0546875:10263.8603515625] [121.37053680419922:1669.31494140625] [-10078.5146484375:6340.1640625] [-7190:7422.5] [-6690:8100] [-7430:5375] [-6992.5:6940] [-16245.1298828125:10132.96484375] [121.37053680419922:1669.31494140625] [-9660.0126953125:6304.0126953125] [-6992.5:6935] [-5730:7612.5] [-7020:4580] [-6192.5:6659] [-16122.73046875:10004.740234375] [121.37053680419922:1669.31494140625] [-9261.1484375:6011.375] [-6197.5:6654] [-4652.5:7331.5] [-6252.5:4299] [-5441.5:5176.5] [-15977.3349609375:9880.25] [121.37053680419922:1669.31494140625] [-8692.634765625:5738.29541015625] [-5446.5:5179] [-4357.5:5181.5] [-5591.5:3443] [-4775:4169] [-15841.41015625:9753.75] [121.37053680419922:1669.31494140625] [-8155.5771484375:5460.95068359375] [-4775:4170] [-4275:4370] [-5015:3680.5] [-4822.5:3974] [-15703.03515625:9636.349609375] [121.37053680419922:1669.31494140625] [-7614.8427734375:5240.63671875] [-4822.5:3973.5] [-4322.5:4209] [-5062.5:3695.5] [-4625:4094.5] [-15563.4853515625:9519.73046875] [121.37053680419922:1669.31494140625] [-7104.40234375:5009.89697265625] [-4625:4095.5] [-3362.5:4557.5] [-4652.5:2971] [-3825:3609] [-15418.16015625:9394.419921875] [121.37053680419922:1669.31494140625] [-6647.86572265625:4672.17919921875] [-3830:3611] [0:3649.5] [-3885:0] none [-15250.91015625:9254.9453125] [121.37053680419922:1669.31494140625] [-6043.5146484375:4247.435546875]
tree_sizes=2804 2793 2806 2843 2852 2852 2843 2825 2832 2790 2829 2814 2898 2860 2867 2804 2855 2835 2835

Tree=0
num_leaves=31
num_cat=0
split_feature=5 145 132 106 106 51 61 138 47 138 11 105 122 108 117 0 33 15 3 5 130 13 29 88 13 39 117 144 75 54
split_gain=8.86867e+06 9.55462e+06 1.55642e+07 1.29892e+07 1.91761e+07 9.63888e+06 7.89769e+06 6.75084e+06 6.78932e+06 8.03106e+06 6.67048e+06 7.94665e+06 6.76603e+06 7.76537e+06 6.11996e+06 1.03558e+07 1.17322e+07 7.20675e+06 6.84158e+06 5.57796e+06 7.42657e+06 6.31778e+06 9.81327e+06 5.41156e+06 5.08994e+06 4.96664e+06 4.67746e+06 4.26401e+06 4.15015e+06 6.10302e+06
threshold=909.93881225585949 1080.143493652344 488.92228698730474 -809.49999999999989 -2038.9999999999998 -2053.7499999999995 841.86529541015636 876.19470214843761 943.51049804687511 943.51049804687511 7502.3374023437509 -246.74999999999997 338.75000000000006 572.75000000000011 943.51049804687511 -4204.4999999999991 770.76763916015636 792.25000000000011 -3508.2499999999995 789.40969848632824 -1880.8300170898435 -576.35873413085926 -259.74999999999994 1133.9849853515627 -69.849258422851548 -2068.910034179687 813.04827880859386 1595.4749755859377 813.04827880859386 754.00469970703136
decision_type=2 2 2 2 2 2 2 2 2 2 2 2 2 2 2 2 2 2 2 2 2 2 2 2 2 2 2 2 2 2
left_child=14 5 3 4 -3 -2 -7 26 9 -9 11 23 13 -13 15 16 -1 -16 25 -20 -21 -22 -23 -10 -5 -17 -8 -24 29 -29
right_child=1 2 -4 24 -6 6 7 8 10 -11 -12 12 -14 -15 17 18 -18 -19 19 20 21 22 27 -25 -26 -27 -28 28 -30 -31
leaf_value=4.9064262927821849 -36.099842385361661 -20.677948152857365 28.334232375428293 -32.14121757014329 46.969097206537405 12.808453772752969 -5.5751040652731012 -0.96726697602152556 -9.1016989062600757 -41.664152130565832 23.285006028683732 -11.081036998643292 -1.3974969565257902 -45.570865007874716 -24.185017506503613 -7.4948238612585696 51.808301510972449 0.63446675098543093 -0.29164916268876873 28.599110057375317 -15.090053849058691 34.096448171875849 -3.7821777568074748 24.052832747859419 -1.1166985534005789 -35.51759133345476 -29.902787203982879 24.79550371844692 26.173718304795681 -8.9523407943501567
leaf_weight=40 33 20 47 39 22 41 29 22 20 27 22 51 83 24 58 64 20 59 24197 34 38 29 107 32 20 21 62 21 30 37
leaf_count=40 33 20 47 39 22 41 29 22 20 27 22 51 83 24 58 64 20 59 24197 34 38 29 107 32 20 21 62 21 30 37
internal_value=-0.405736 -6.44323 4.56506 -6.49584 14.7562 -10.0962 -8.01844 -10.3139 -6.48082 -23.3921 -2.90905 -5.65319 -11.2331 -22.1178 -0.260865 -0.20669 20.5404 -11.6692 -0.257337 -0.208194 6.61396 3.76093 6.95886 11.3011 -21.6244 -14.4181 -22.15 2.92301 11.0759 3.26671
internal_weight=25349 594 148 101 42 446 413 372 281 49 232 210 158 75 24755 24638 60 117 24578 24493 296 262 224 52 59 85 91 195 88 58
internal_count=25349 594 148 101 42 446 413 372 281 49 232 210 158 75 24755 24638 60 117 24578 24493 296 262 224 52 59 85 91 195 88 58
is_linear=0
shrinkage=1


Tree=1
num_leaves=31
num_cat=0
split_feature=5 145 118 99 106 127 31 99 0 106 31 117 0 33 16 3 5 130 8 29 64 9 106 59 138 89 6 39 96 124
split_gain=8.00398e+06 8.62304e+06 1.40473e+07 1.26737e+07 1.35503e+07 9.02192e+06 1.02935e+07 8.84353e+06 6.18195e+06 6.45884e+06 1.05862e+07 5.52326e+06 9.34611e+06 1.05883e+07 6.65124e+06 6.17453e+06 5.03411e+06 6.70248e+06 5.87135e+06 1.41202e+07 4.97596e+06 5.61195e+06 5.16869e+06 4.74338e+06 4.53587e+06 7.29622e+06 5.21564e+06 4.48239e+06 4.35017e+06 4.27923e+06
threshold=909.93881225585949 1080.143493652344 408.61856079101568 -886.49999999999989 -2038.9999999999998 426.25000000000006 -1718.4999999999998 1410.2500000000002 2836.5000000000005 53.750000000000007 784.25000000000011 943.51049804687511 -4204.4999999999991 770.76763916015636 -3154.4999999999995 -3508.2499999999995 789.40969848632824 -1880.8300170898435 -291.74999999999994 -236.24999999999997 2238.5000000000005 1134.7500000000002 433.75000000000006 1369.0000000000002 813.04827880859386 713.34976196289074 2093.345336914063 -2068.910034179687 1080.143493652344 738.81893920898449
decision_type=2 2 2 2 2 2 2 2 2 2 2 2 2 2 2 2 2 2 2 2 2 2 2 2 2 2 2 2 2 2
left_child=11 5 3 4 -3 6 -2 8 9 -8 -11 12 13 -1 -13 27 -17 -18 29 -20 21 22 -7 -4 25 -21 -27 -14 -16 -19
right_child=1 2 23 -5 -6 20 7 -9 -10 10 -12 14 15 -15 28 16 17 18 19 24 -22 -23 -24 -25 -26 26 -28 -29 -30 -31
leaf_value=5.0465534865856174 -47.62293683624268 -19.258601455688478 44.753955945968634 -24.407339992328566 35.041051857559772 11.635981510579587 -1.6306090165983957 -40.951583456993106 12.433461360273689 -50.533384863535566 -4.0430802459716793 -32.465748783394147 -6.7346339248586453 49.603334131240842 -10.799473310239387 0.10838229594883134 27.55460299884572 2.9389976517907508 47.781590805053717 19.149068690884501 -11.25261046238113 15.145360461303168 -12.975107739679515 13.713680601119997 14.745559396900115 -17.284640056856215 7.5705329060554511 -33.356263769240606 14.058554973204933 -24.721870182178641
leaf_weight=40 25 20 20 49 27 32 53 24 29 24 25 27 64 20 66 24197 34 29 20 31 114 56 64 32 61 62 32 21 24 27
leaf_count=40 25 20 20 49 27 32 53 24 29 24 25 27 64 20 66 24197 34 29 20 31 114 56 64 32 61 62 32 21 24 27
internal_value=-1.90066e-08 -5.73562 4.72225 -6.61483 11.9348 -9.20595 -17.8508 -13.0488 -7.93687 -13.7284 -26.8138 0.137627 0.189094 19.8988 -10.7003 0.140978 0.187664 6.66871 3.95833 7.86088 -3.35606 2.56635 -4.77141 25.6522 3.56833 -1.88616 -8.8233 -13.3117 -4.17067 -10.3975
internal_weight=25349 594 148 96 47 446 180 155 131 102 49 24755 24638 60 117 24578 24493 296 262 206 266 152 96 52 186 125 94 85 90 56
internal_count=25349 594 148 96 47 446 180 155 131 102 49 24755 24638 60 117 24578 24493 296 262 206 266 152 96 52 186 125 94 85 90 56
is_linear=0
shrinkage=0.05


Tree=2
num_leaves=31
num_cat=0
split_feature=5 145 132 106 106 127 31 99 0 91 117 25 15 61 138 99 5 130 75 6 8 133 13 31 23 112 11 132 9 71
split_gain=7.22359e+06 7.78229e+06 1.28171e+07 1.10774e+07 1.60033e+07 8.14229e+06 9.28984e+06 7.98129e+06 5.57921e+06 6.05259e+06 4.98475e+06 8.43821e+06 6.2312e+06 4.95603e+06 5.50453e+06 4.67277e+06 4.67707e+06 7.24014e+06 5.55212e+06 5.04183e+06 6.96391e+06 5.25138e+06 4.56628e+06 4.33922e+06 4.27696e+06 4.18726e+06 4.80944e+06 3.82376e+06 9.14223e+06 6.12018e+06
threshold=909.93881225585949 1080.143493652344 488.92228698730474 -809.49999999999989 -2038.9999999999998 426.25000000000006 -1718.4999999999998 1410.2500000000002 2836.5000000000005 -444.74999999999994 943.51049804687511 -6915.0073242187491 792.25000000000011 841.86529541015636 876.19470214843761 -2166.7499999999995 789.40969848632824 -1880.8300170898435 909.93881225585949 1739.003356933594 2414.0000000000005 396.25000000000006 -69.849258422851548 784.25000000000011 -338.74999999999994 -452.24999999999994 7502.3374023437509 1520.0227050781252 1157.5000000000002 3324.2500000000005
decision_type=2 2 2 2 2 2 2 2 2 2 2 2 2 2 2 2 2 2 2 2 2 2 2 2 2 2 2 2 2 2
left_child=10 5 3 4 -3 6 -2 8 9 24 11 -1 -12 -7 -15 -13 -17 -18 19 21 -21 -19 -5 -11 -8 -16 27 28 -27 -29
right_child=1 2 -4 22 -6 13 7 -9 -10 23 12 15 -14 14 25 16 17 18 -20 20 -22 -23 -24 -25 -26 26 -28 29 -30 -31
leaf_value=25.446258663408685 -45.241789731979374 -18.295673456192016 26.055918494691241 -29.483382181020886 43.502182830463759 20.123205003284273 17.144783383324036 -38.904004391034448 11.811788460303998 -35.628921476277441 -21.803194868975673 -14.411860143488106 1.2753720412820073 -21.430215284436247 18.862789162722503 0.10251727755167556 28.150758468403538 -8.0322573057516973 25.069118329330728 31.096883306832151 -1.0835639947652818 14.835979858521492 -0.098096370697021484 -7.6873756607373558 -13.753105525672437 -11.726332778602407 16.591851488749185 -32.755511665344237 20.961848635058249 0.4947768230438232
leaf_weight=33 25 20 47 39 22 21 21 24 29 33 58 55 59 43 22 24257 34 132 27 29 40 31 20 24 24 69 24 31 31 25
leaf_count=33 25 20 47 39 22 21 21 24 29 33 58 55 59 43 22 24257 34 132 27 29 40 31 20 24 24 69 24 31 31 25
internal_value=4.2538e-08 -5.44884 4.48614 -5.55128 14.0746 -8.74565 -16.9582 -12.3964 -7.54003 -13.042 0.130746 0.179639 -10.1653 -3.18826 -5.18639 0.145752 0.178366 6.45774 3.61 1.11261 12.4416 -3.68308 -19.5223 -23.8641 0.665909 -1.72854 -4.24526 -7.45097 -1.593 -17.9116
internal_weight=25349 594 148 101 42 446 180 155 131 102 24755 24638 117 266 245 24605 24550 293 259 232 69 163 59 57 45 202 180 156 100 56
internal_count=25349 594 148 101 42 446 180 155 131 102 24755 24638 117 266 245 24605 24550 293 259 232 69 163 59 57 45 202 180 156 100 56
is_linear=0
shrinkage=0.05


Tree=3
num_leaves=31
num_cat=0
split_feature=82 22 131 62 0 19 52 66 51 8 44 0 48 107 106 105 68 124 32 87 68 59 3 2 120 102 128 35 135 57
split_gain=6.69212e+06 1.41174e+07 1.31784e+07 1.28765e+07 9.66249e+06 1.33748e+07 8.65568e+06 6.60356e+06 5.29506e+06 1.29806e+07 6.20617e+06 6.42563e+06 5.17042e+06 5.08221e+06 6.17993e+06 4.98674e+06 6.47288e+06 7.21123e+06 9.05781e+06 6.02681e+06 8.9827e+06 7.9208e+06 5.51282e+06 4.62751e+06 4.42521e+06 4.24622e+06 7.68924e+06 6.23825e+06 4.21897e+06 4.53266e+06
threshold=943.51049804687511 -3603.2499999999995 1080.143493652344 1242.1962890625002 -4204.4999999999991 789.40969848632824 -3476.2499999999995 979.75000000000011 -1628.7499999999998 -984.49999999999989 1311.7500000000002 266.25000000000006 2013.3288574218752 742.75000000000011 2494.2500000000005 971.25000000000011 943.51049804687511 909.93881225585949 684.78747558593761 -91.749999999999986 598.86972045898449 -149.24999999999997 -2111.2499999999995 -2728.7499999999995 1074.7500000000002 -1383.1925048828123 -377.74999999999994 400.75000000000006 -538.24999999999989 1079.7500000000002
decision_type=2 2 2 2 2 2 2 2 2 2 2 2 2 2 2 2 2 2 2 2 2 2 2 2 2 2 2 2 2 2
left_child=4 -2 3 25 5 -1 -6 12 9 -4 11 -10 -5 -9 -15 16 17 19 -19 23 -21 22 -22 -8 -23 26 -3 -27 29 -25
right_child=1 2 8 7 6 -7 15 13 10 -11 -12 -13 -14 14 -16 -17 -18 18 -20 20 21 24 -24 28 -26 27 -28 -29 -30 -31
leaf_value=4.2387811779975895 -40.241143148286 -31.642447977480682 17.884592157999673 -0.17805311783500341 -26.341269193541621 52.080671876952763 -4.9707291796776332 -16.956140783883757 10.372733920329326 -30.38399567237267 -0.98325230538845065 42.119875064917977 34.137078857421876 14.24562435593716 -18.845217795599076 -2.252317532900951 24.777058191652653 -44.214069061279304 -4.2846388386220351 0.7406842695706779 -5.8577549680074057 4.8606648439185527 17.157860298576406 2.033212685435513 -7.352640990323799 -38.510404615582161 6.7835563802719125 -10.818319148728342 -0.76251709735916706 -15.390983079609118
leaf_weight=48 28 23 30 23 31 21 549 59 37 26 40 28 21 43 21 2072 27 20 49 10551 30 539 196 2098 86 53 30 33 8499 38
leaf_count=48 28 23 30 23 31 21 549 59 37 26 40 28 21 43 21 2072 27 20 49 10551 30 539 196 2098 86 53 30 33 8499 38
internal_value=8.35058e-08 -5.75661 -3.68902 -9.78151 0.114651 18.7994 0.0626334 -0.424051 7.89051 -4.52582 14.5125 24.0484 16.1996 -6.37073 3.38769 0.0956996 0.310191 0.281032 -15.8584 0.330337 1.13925 6.08082 14.1027 -0.494344 3.18011 -21.0239 -9.89188 -27.8844 -0.263264 1.72323
internal_weight=25349 495 467 306 24854 69 24785 167 161 56 105 65 44 123 64 24754 22682 22655 69 22586 11402 851 226 11184 625 139 53 86 10635 2136
internal_count=25349 495 467 306 24854 69 24785 167 161 56 105 65 44 123 64 24754 22682 22655 69 22586 11402 851 226 11184 625 139 53 86 10635 2136
is_linear=0
shrinkage=0.05


Tree=4
num_leaves=31
num_cat=0
split_feature=5 145 84 106 106 51 92 127 117 126 112 19 100 0 117 131 24 23 79 3 96 82 100 101 22 84 79 135 128 51
split_gain=6.15811e+06 6.69923e+06 1.17274e+07 9.2339e+06 1.46706e+07 7.22706e+06 6.27608e+06 5.46705e+06 6.8772e+06 6.79795e+06 5.84992e+06 5.62552e+06 5.31041e+06 4.93923e+06 4.15597e+06 7.93856e+06 1.01488e+07 1.66349e+07 7.3835e+06 5.63214e+06 4.64971e+06 4.07493e+06 4.21407e+06 4.1616e+06 4.36753e+06 4.14099e+06 4.16628e+06 4.13034e+06 4.08514e+06 3.89487e+06
threshold=909.93881225585949 1080.143493652344 998.75000000000011 -809.49999999999989 -2038.9999999999998 -2099.2499999999995 -528.49999999999989 1025.2500000000002 813.04827880859386 1096.2500000000002 -558.24999999999989 983.12179565429699 1.0000000180025095e-35 -558.74999999999989 943.51049804687511 841.86529541015636 -3010.9999999999995 -1487.2499999999998 -1093.7499999999998 -2535.7499999999995 1080.143493652344 876.19470214843761 -2483.2499999999995 1111.7500000000002 4807.0000000000009 -88.749999999999986 -1141.2499999999998 -538.24999999999989 -514.24999999999989 2483.5000000000005
decision_type=2 2 2 2 2 2 2 2 2 2 2 2 2 2 2 2 2 2 2 2 2 2 2 2 2 2 2 2 2 2
left_child=14 5 3 4 -3 -2 -7 8 -8 -9 -10 12 -12 -5 15 21 -17 -18 -19 -16 29 22 -1 25 -25 27 -27 28 -24 -21
right_child=1 2 -4 13 -6 6 7 9 10 -11 11 -13 -14 -15 19 16 17 18 -20 20 -22 -23 23 24 -26 26 -28 -29 -30 -31
leaf_value=-9.6978103798086011 -31.377474965587737 -16.925547695159914 29.01229364871979 -29.098647712938714 41.627373991841857 16.958821865364357 4.9581451756613601 15.210165046185864 4.3445659299050616 -8.9326227694749836 -51.627440062436193 -13.581110570663796 -19.716129250824451 -2.3183234797583689 -29.803833491985614 39.553394804551054 -25.661927311348194 41.363909766787572 8.693701064586639 -17.714076512058579 16.016865213280138 18.82033021532256 0.7371939046947954 -2.9007395830121574 18.61364961862564 18.153862468855721 0.8772344290963372 -0.897970257796885 7.4580244120429544 8.5483754444122315
leaf_weight=110 31 20 36 33 23 27 49 49 31 72 22 133 32 36 26 26 33 21 98 48 23 29 1995 1379 24 35 11698 8935 255 20
leaf_count=110 31 20 36 33 23 27 49 49 31 72 22 133 32 36 26 26 33 21 98 48 23 29 1995 1379 24 35 11698 8935 255 20
internal_value=3.0073e-09 -5.03097 4.1868 -3.79282 14.3935 -8.08978 -6.35022 -7.97224 -11.9677 0.844209 -15.7721 -19.107 -32.717 -15.1263 0.120719 0.165363 10.6863 5.74856 14.459 -9.28051 -3.41671 0.0887999 0.0665653 0.110728 -2.53271 0.272555 0.928771 -0.415813 1.49889 -9.98983
internal_weight=25349 594 148 112 43 446 415 388 267 121 218 187 54 69 24755 24638 178 152 119 117 91 24460 24431 24321 1403 22918 11733 11185 2250 68
internal_count=25349 594 148 112 43 446 415 388 267 121 218 187 54 69 24755 24638 178 152 119 117 91 24460 24431 24321 1403 22918 11733 11185 2250 68
is_linear=0
shrinkage=0.05


Tree=5
num_leaves=31
num_cat=0
split_feature=5 4 68 142 140 127 127 0 4 129 108 75 117 131 24 23 79 4 82 106 101 87 75 65 51 103 22 4 129 58
split_gain=5.55769e+06 6.10137e+06 1.07772e+07 4.47189e+06 5.0699e+06 7.31871e+06 6.23108e+06 6.83493e+06 6.59415e+06 6.5646e+06 4.96496e+06 4.86089e+06 3.75077e+06 7.16455e+06 9.15929e+06 1.5013e+07 6.66361e+06 5.30181e+06 3.67762e+06 3.82725e+06 3.71966e+06 3.96806e+06 6.09549e+06 5.13763e+06 6.39722e+06 4.17059e+06 3.9417e+06 3.68016e+06 3.65042e+06 3.84399e+06
threshold=909.93881225585949 7580.2800292968759 943.51049804687511 -32.249999999999993 430.25000000000006 999.25000000000011 349.25000000000006 2836.5000000000005 -7138.5773925781241 -31.749999999999996 -225.74999999999997 876.19470214843761 943.51049804687511 841.86529541015636 -3010.9999999999995 -1487.2499999999998 -1093.7499999999998 -3781.734985351562 876.19470214843761 -2038.9999999999998 1111.7500000000002 -91.749999999999986 590.47375488281261 -556.24999999999989 -965.24999999999989 725.27545166015636 4807.0000000000009 6175.4626464843759 88.750000000000014 2606.5000000000005
decision_type=2 2 2 2 2 2 2 2 2 2 2 2 2 2 2 2 2 2 2 2 2 2 2 2 2 2 2 2 2 2
left_child=12 3 -3 4 6 -6 7 8 -2 -10 -8 -12 13 18 -15 -16 -17 -14 19 -1 21 27 -23 24 25 -24 28 -21 29 -22
right_child=1 2 -4 -5 5 -7 10 -9 9 -11 11 -13 17 14 15 16 -18 -19 -20 20 26 22 23 -25 -26 -27 -28 -29 -30 -31
leaf_value=-12.993095912252153 8.0126127890178136 -18.195021514892581 27.815247181483677 13.831713379346409 -34.450278057196208 -6.6277347151438395 18.362595976723565 9.9686671579585351 -14.366982175622667 -44.3457302910941 20.117091519492014 -5.7550031974244478 -27.792507307870046 37.575724139580359 -24.37883047624068 39.295714605422248 8.2590159584064882 -2.8465026244688572 17.879313666245036 -0.39163861275431505 -5.9289033075648367 0.55554894348314821 10.189561073501389 2.9809451024821807 23.816182457665874 -13.315058736801149 17.682967241605123 -20.412807045812194 -1.3530940509652711 -27.156788096220595
leaf_weight=56 28 20 35 26 39 60 36 34 140 21 21 134 28 26 33 21 98 89 29 11088 293 10953 77 733 73 25 24 23 1063 23
leaf_count=56 28 20 35 26 39 60 36 34 140 21 21 134 28 26 33 21 98 89 29 11088 293 10953 77 733 73 25 24 23 1063 23
internal_value=-4.32165e-08 -4.77942 11.0842 -6.39816 -7.42346 -17.5881 -4.99277 -10.6697 -14.3825 -18.2773 1.6353 -2.24975 0.114683 0.157095 10.152 5.46113 13.7361 -8.81649 0.0843599 0.063237 0.093233 0.245877 0.881904 4.81865 12.516 4.42862 -2.40607 -0.433083 -2.7557 -7.47397
internal_weight=25349 594 55 539 513 99 414 223 189 161 191 155 24755 24638 178 152 119 117 24460 24431 24375 22972 11861 908 175 102 1403 11111 1379 316
internal_count=25349 594 55 539 513 99 414 223 189 161 191 155 24755 24638 178 152 119 117 24460 24431 24375 22972 11861 908 175 102 1403 11111 1379 316
is_linear=0
shrinkage=0.05


Tree=6
num_leaves=31
num_cat=0
split_feature=127 2 118 26 75 23 68 4 145 124 127 100 108 142 75 40 138 145 124 8 65 82 99 65 11 73 67 100 106 114
split_gain=5.14304e+06 8.05758e+06 5.55408e+06 1.0639e+07 7.95498e+06 6.01971e+06 1.13932e+07 4.65973e+06 4.08881e+06 9.73477e+06 7.23929e+06 6.91325e+06 6.72451e+06 6.31043e+06 5.19435e+06 4.4755e+06 4.82878e+06 4.37061e+06 4.92359e+06 6.43364e+06 5.13502e+06 4.14116e+06 5.4508e+06 4.41963e+06 4.07591e+06 5.94016e+06 4.02611e+06 4.21526e+06 6.43357e+06 3.86956e+06
threshold=-1350.2499999999998 -3492.2499999999995 -2769.094848632812 770.76763916015636 909.93881225585949 -3076.2499999999995 1080.143493652344 -566.81747436523426 1080.143493652344 909.93881225585949 481.75000000000006 1016.7500000000001 572.75000000000011 -798.74999999999989 983.12179565429699 943.51049804687511 876.19470214843761 634.06787109375011 646.21759033203136 855.25000000000011 -1440.2499999999998 651.73046875000011 1174.2500000000002 -1524.7499999999998 7502.3374023437509 1636.7500000000002 1476.7849731445315 -1734.7499999999998 421.25000000000006 907.75000000000011
decision_type=2 2 2 2 2 2 2 2 2 2 2 2 2 2 2 2 2 2 2 2 2 2 2 2 2 2 2 2 2 2
left_child=1 -1 3 -2 -5 6 7 -4 9 15 12 26 13 -11 -15 17 -17 18 21 20 -20 -7 23 -23 25 -12 -10 -28 -29 -19
right_child=2 -3 5 4 -6 8 -8 -9 11 10 24 -13 -14 14 -16 16 -18 29 19 -21 -22 22 -24 -25 -26 -27 27 28 -30 -31
leaf_value=-37.267649642280915 -5.8711933883460796 -3.5915494740009311 -1.7807225388288499 53.625841445922859 9.0305045700073237 0.027099052233591381 -40.872971878881039 -21.558635543374454 -13.953364413125176 11.058471107482911 2.7899234941085944 28.219404879037075 -37.071134522557259 -30.687011122703552 -6.172896660135148 -17.131568145751952 9.6779917695305571 3.651303760832167 -0.93180850102351265 2.9169171822071078 -23.351634037816851 -10.924537239074708 -15.584565119309858 14.260740520380162 16.722110916137694 -15.892905521392823 27.949221229553224 -21.668603782653811 13.21125965607472 -3.4194006782557285
leaf_weight=23 37 78 240 20 20 22280 23 34 28 25 104 34 32 40 47 71 22 1421 39 80 74 20 22 135 25 72 20 20 39 224
leaf_count=23 37 78 240 20 20 22280 23 34 28 25 104 34 32 40 47 71 22 1421 39 80 74 20 22 135 25 72 20 20 39 224
internal_value=4.37282e-08 -11.2604 0.0450451 13.4532 31.3282 0.00402865 -7.07221 -4.23492 0.0885202 0.0401178 -8.30002 8.57884 -16.8571 -11.0817 -17.4438 0.1581 -10.7895 0.200007 0.0192763 -7.93268 -15.6138 0.087617 7.70536 11.011 -2.16957 -4.85305 2.33792 8.11204 1.38758 2.68848
internal_weight=25349 101 25248 77 40 25171 297 274 24874 24733 345 141 144 112 87 24388 93 24295 22650 193 113 22457 177 155 201 176 107 79 59 1645
internal_count=25349 101 25248 77 40 25171 297 274 24874 24733 345 141 144 112 87 24388 93 24295 22650 193 113 22457 177 155 201 176 107 79 59 1645
is_linear=0
shrinkage=0.05


Tree=7
num_leaves=31
num_cat=0
split_feature=82 1 131 62 0 19 52 66 99 111 27 87 84 24 6 48 107 106 105 68 124 4 92 68 63 16 137 127 102 128
split_gain=4.64372e+06 1.14606e+07 1.03274e+07 1.0506e+07 7.77922e+06 1.08164e+07 7.25149e+06 5.8587e+06 5.59914e+06 1.07339e+07 5.47198e+06 5.1621e+06 6.50821e+06 4.46371e+06 4.43726e+06 4.28342e+06 4.26597e+06 5.46993e+06 3.90237e+06 5.61905e+06 5.60385e+06 7.38636e+06 4.52067e+06 6.48668e+06 7.0711e+06 4.50598e+06 4.39075e+06 3.92123e+06 3.77192e+06 7.25282e+06
threshold=943.51049804687511 -3872.7499999999995 1080.143493652344 1242.1962890625002 -4204.4999999999991 789.40969848632824 -3476.2499999999995 979.75000000000011 -886.49999999999989 -74.099384307861314 -1437.9240112304685 2194.7500000000005 998.75000000000011 1680.2500000000002 -3268.3210449218745 2013.3288574218752 742.75000000000011 2494.2500000000005 971.25000000000011 943.51049804687511 909.93881225585949 693.33499145507824 392.25000000000006 598.86972045898449 -148.74999999999997 -482.24999999999994 -2036.7899780273435 432.25000000000006 -1383.1925048828123 -377.74999999999994
decision_type=2 2 2 2 2 2 2 2 2 2 2 2 2 2 2 2 2 2 2 2 2 2 2 2 2 2 2 2 2 2
left_child=4 -2 3 28 5 -1 -6 15 -4 10 -10 12 13 -11 -8 -5 -9 -18 19 20 22 -22 -16 -24 25 -25 -20 -23 29 -3
right_child=1 2 8 7 6 -7 14 16 9 11 -12 -13 -14 -15 18 -17 17 -19 26 -21 21 27 23 24 -26 -27 -28 -29 -30 -31
leaf_value=3.7666617135206857 -34.229381588966618 -28.044877566461981 25.734518483552069 0.84389652169269069 -24.11862286290815 46.790099807012652 -7.877386776961643 -15.206838621931562 0.82474160194396973 24.709577608108521 -35.311299454082146 -7.0571127494176231 41.386129097316577 -8.6959086799621588 -0.14257966123418783 32.077199390956331 13.647051895496459 -17.484955499285743 13.332241406129754 23.122428971749766 -39.534326343536378 -17.33532413482666 0.88106137363920878 8.765790943341834 3.1486561815457152 25.883892726997534 -2.2899783397053479 10.959290266036987 -24.973134120952253 10.500371063672581
leaf_weight=48 31 23 33 23 31 21 174 59 20 20 22 24 23 20 15276 21 43 21 46 27 20 25 6430 107 542 60 2023 24 86 26
leaf_count=48 31 23 33 23 31 21 174 59 20 20 22 24 23 20 15276 21 43 21 46 27 20 25 6430 107 542 60 2023 24 86 26
internal_value=1.00541e-08 -4.79533 -2.82883 -8.2922 0.0955053 16.8608 0.0488318 0.0926137 7.35598 2.6545 -18.1037 12.6757 20.1929 8.00683 0.0790972 15.7507 -5.50865 3.43186 0.135421 0.326417 0.299043 -13.9282 0.342838 1.38153 5.92037 14.916 -1.94265 -3.47674 -18.6645 -7.5923
internal_weight=25349 495 464 302 24854 69 24785 167 162 129 42 87 63 40 24754 44 123 64 24580 22511 22484 69 22415 7139 709 167 2069 49 135 49
internal_count=25349 495 464 302 24854 69 24785 167 162 129 42 87 63 40 24754 44 123 64 24580 22511 22484 69 22415 7139 709 167 2069 49 135 49
is_linear=0
shrinkage=0.05


Tree=8
num_leaves=31
num_cat=0
split_feature=127 0 118 26 75 23 4 50 124 54 62 97 89 106 11 51 44 2 129 136 17 144 141 142 33 83 18 95 135 94
split_gain=4.53956e+06 7.31842e+06 4.87475e+06 9.19616e+06 6.68264e+06 5.12178e+06 1.01676e+07 4.75387e+06 3.50583e+06 8.43567e+06 4.85846e+06 6.07287e+06 5.38087e+06 4.5197e+06 5.34619e+06 4.27688e+06 6.60275e+06 4.41853e+06 4.04693e+06 4.60741e+06 3.98816e+06 3.63341e+06 3.21824e+06 4.29645e+06 4.41437e+06 1.25139e+07 5.59714e+06 4.30038e+06 5.09669e+06 3.85143e+06
threshold=-1350.2499999999998 -3004.9999999999995 -2769.094848632812 770.76763916015636 909.93881225585949 -3076.2499999999995 -566.81747436523426 -1972.7499999999998 1080.143493652344 909.93881225585949 1242.1962890625002 649.06344604492199 876.19470214843761 103.25000000000001 7502.3374023437509 -1628.7499999999998 1311.7500000000002 -372.74999999999994 -371.24999999999994 -412.74999999999994 3447.7500000000005 3492.997436523438 100.75000000000001 -402.24999999999994 754.00469970703136 -1169.161193847656 2864.599975585938 109.03249740600587 -824.49999999999989 844.25000000000011
decision_type=2 2 2 2 2 2 2 2 2 2 2 2 2 2 2 2 2 2 2 2 2 2 2 2 2 2 2 2 2 2
left_child=1 -1 3 -2 -5 6 -4 -8 9 22 11 18 -12 -14 21 -10 17 -17 19 -11 -18 -15 29 24 -24 -26 27 -27 -29 -7
right_child=2 -3 5 4 -6 8 7 -9 15 10 12 -13 13 14 -16 16 20 -19 -20 -21 -22 -23 23 -25 25 26 -28 28 -30 -31
leaf_value=-36.083803991837939 -5.3625294865788646 -3.4765427344962014 -2.5628382643024286 49.659324913024903 8.7856246185302744 -0.3203283584115188 -14.03594182087825 -46.460259246826176 -9.0359689844065709 -4.2500749254226688 -23.870531162848842 -33.717978788191274 20.1954104385376 3.4412276498202625 17.909847089979383 10.397465268770855 -17.664007949829102 36.149646371410739 -3.1879282616447289 -37.063662985096805 13.185954380035401 -12.642143380240109 2.2462156088795662 0.30105261088567736 48.238751335144045 15.084336574872337 22.341523557720762 -28.729452258890326 3.1851051848510217 -4.4456895590871817
leaf_weight=22 37 79 251 20 20 8329 26 20 29 20 26 31 25 58 27 36 22 31 91 23 20 89 1542 13740 20 24 33 22 29 607
leaf_count=22 37 79 251 20 20 8329 26 20 29 20 26 31 25 58 27 36 22 31 91 23 20 89 1542 13740 20 24 33 22 29 607
internal_value=-2.85761e-09 -10.5791 0.0423198 12.6037 29.2225 0.00389357 -6.52327 -28.1335 0.0818291 0.037492 -7.25786 -13.7747 -2.47885 0.316038 -2.54019 8.0291 12.5693 22.3127 -9.16095 -21.8015 -2.97355 -6.29632 0.154357 0.592117 2.98686 11.9093 5.18162 -2.36874 -10.582 -0.600554
internal_weight=25349 101 25248 77 40 25171 297 46 24874 24736 390 165 225 199 174 138 109 67 134 43 42 147 24346 15410 1670 128 108 75 51 8936
internal_count=25349 101 25248 77 40 25171 297 46 24874 24736 390 165 225 199 174 138 109 67 134 43 42 147 24346 15410 1670 128 108 75 51 8936
is_linear=0
shrinkage=0.05


Tree=9
num_leaves=31
num_cat=0
split_feature=127 2 87 33 124 127 129 11 36 142 6 44 29 124 42 69 141 40 82 78 138 139 22 117 17 61 82 126 71 52
split_gain=4.09695e+06 6.67581e+06 4.47287e+06 7.21975e+06 5.22542e+06 8.18547e+06 6.99256e+06 5.32402e+06 4.64038e+06 6.00506e+06 5.81268e+06 5.5937e+06 4.56816e+06 4.32976e+06 4.25626e+06 3.91701e+06 3.8984e+06 3.74384e+06 5.9511e+06 7.02576e+06 4.17859e+06 3.78955e+06 3.59618e+06 6.2591e+06 4.79804e+06 3.26856e+06 4.19411e+06 3.50775e+06 2.89833e+06 5.82166e+06
threshold=-1350.2499999999998 -3492.2499999999995 -2773.9999999999995 770.76763916015636 909.93881225585949 488.75000000000006 98.750000000000014 7502.3374023437509 597.75000000000011 -798.74999999999989 -1812.2450561523435 817.25000000000011 -1054.7499999999998 983.12179565429699 -583.74999999999989 4203.1918945312509 161.25000000000003 943.51049804687511 876.19470214843761 493.25000000000006 876.19470214843761 912.25350952148449 -1690.7499999999998 1080.143493652344 -69.249999999999986 909.93881225585949 1023.3112182617189 898.25000000000011 409.75000000000006 2162.5000000000005
decision_type=2 2 2 2 2 2 2 2 2 2 2 2 2 2 2 2 2 2 2 2 2 2 2 2 2 2 2 2 2 2
left_child=1 -1 3 -2 17 6 8 16 10 -10 -6 13 -12 -11 -14 -9 -7 18 -4 -20 28 -21 -18 25 -25 -24 27 -27 -19 -30
right_child=2 -3 4 -5 5 7 -8 15 9 11 12 -13 14 -15 -16 -17 22 20 19 21 -22 -23 23 24 -26 26 -28 -29 29 -31
leaf_value=-33.722692941582721 -5.5390997563638997 -3.0697963212736141 0.10627175900396289 26.608559961318971 3.0067765052501976 15.60812191282 -34.49939592997233 33.104524631500247 18.280992969444821 -11.60645055770874 -44.848695621490485 -21.282150676704589 0.30969473975045342 21.294013850688938 -30.513306337594987 1.8115092754364015 -18.682666646109688 0.33121150493621832 33.459304835878577 -10.101103632538408 9.1387301141565498 18.218886893136162 5.9429540314172442 -2.4318438565289533 26.857852169563031 -33.180236176786757 -2.8226256356310491 -5.9614595937728883 -37.437533279827669 -3.4878663933795431
leaf_weight=23 31 78 24462 40 26 28 30 20 28 20 20 42 21 20 24 20 36 20 29 27 22 21 38 27 29 29 67 20 28 23
leaf_count=23 31 78 24462 40 26 28 30 20 28 20 20 42 21 20 24 20 36 20 29 27 22 21 38 27 29 29 67 20 28 23
internal_value=-4.66549e-08 -10.0502 0.0402038 12.5723 0.00486295 -4.83775 -11.9819 0.417995 -8.62112 -1.71119 -16.9738 -8.53779 -24.966 4.84378 -16.1292 17.458 -2.0696 0.112009 0.149957 14.0284 -9.90103 2.28889 -4.0817 -1.57868 12.736 -6.78402 -10.9532 -22.0705 -15.8007 -22.1269
internal_weight=25349 101 25248 71 25177 545 231 314 201 110 91 82 65 40 45 40 274 24632 24539 77 93 48 246 210 56 154 116 49 71 51
internal_count=25349 101 25248 71 25177 545 231 314 201 110 91 82 65 40 45 40 274 24632 24539 77 93 48 246 210 56 154 116 49 71 51
is_linear=0
shrinkage=0.05


Tree=10
num_leaves=31
num_cat=0
split_feature=113 128 127 97 92 19 82 56 11 47 51 87 124 106 8 16 38 51 68 124 101 33 107 15 72 6 4 64 50 50
split_gain=3.83345e+06 6.63727e+06 3.72604e+06 7.44968e+06 6.12726e+06 5.42576e+06 7.60806e+06 4.27124e+06 3.43044e+06 5.44245e+06 4.92367e+06 8.53695e+06 6.09724e+06 7.02681e+06 5.77664e+06 4.77486e+06 4.19721e+06 5.57561e+06 4.11615e+06 4.46738e+06 5.36391e+06 4.45748e+06 3.69004e+06 5.44224e+06 4.88187e+06 3.14125e+06 3.13402e+06 3.10424e+06 5.00146e+06 3.05987e+06
threshold=2726.2500000000005 199.75000000000003 -1350.2499999999998 -3163.645141601562 -2336.4999999999995 738.81893920898449 909.93881225585949 -3474.7499999999995 7502.3374023437509 909.93881225585949 -2099.2499999999995 -1435.4999999999998 1080.143493652344 175.25000000000003 -1004.7499999999999 -564.24999999999989 2079.7500000000005 3014.2500000000005 943.51049804687511 909.93881225585949 258.25000000000006 909.93881225585949 -914.74999999999989 1459.2500000000002 -938.74999999999989 -3268.3210449218745 5632.8825683593759 481.75000000000006 1294.7500000000002 880.25000000000011
decision_type=2 2 2 2 2 2 2 2 2 2 2 2 2 2 2 2 2 2 2 2 2 2 2 2 2 2 2 2 2 2
left_child=2 -2 4 5 -1 -4 -7 -5 9 18 14 -12 22 -14 -11 -15 -10 -18 19 21 -21 25 23 -13 -24 -9 -3 -26 29 -29
right_child=1 26 3 7 -6 6 -8 8 16 10 11 12 13 15 -16 -17 17 -19 -20 20 -22 -23 24 -25 27 -27 -28 28 -30 -31
leaf_value=-31.606463058789572 -28.58107453584671 9.2067092343739105 -0.90002366035215331 -19.490669914654323 -2.6721769812819249 43.491175814028139 3.3642320269630073 -6.6833452684639472 27.254825805664066 -4.1109807402999321 24.810809036254884 24.525481190681461 -15.932297470456078 1.6011222955855455 -37.8245973110199 33.251069993239184 -9.7562684535980235 20.629783021486723 20.813159521420801 -28.034715637083977 -0.47313270539772223 19.724092934049409 -33.043670866706158 -8.9285254847618845 4.8947348891077818 0.15718102420352156 -14.552773413450822 -14.453221367145407 -6.6744717982553299 -39.874979915618894
leaf_weight=24 32 35 31 28 77 27 21 169 25 27 25 20 21 22 24 26 36 26 24 31 41 29 22 31 37 24198 23 29 168 20
leaf_count=24 32 35 31 28 77 27 21 169 25 27 25 20 21 22 24 26 36 26 24 31 41 29 22 31 37 24198 23 29 168 20
internal_value=-5.88939e-08 -10.3008 0.0367026 0.0751802 -9.54765 15.4052 25.9356 0.02689 0.0487052 0.0141642 -5.30387 -3.52646 -5.31543 8.19093 -19.9762 18.7448 9.95999 2.98627 0.116651 0.0963505 -12.3399 0.133054 -8.1654 4.19069 -10.4486 0.109738 -0.215155 -8.49153 -10.774 -24.8294
internal_weight=25349 90 25259 25158 101 79 48 25079 25051 24964 472 421 396 69 51 48 87 62 24492 24468 72 24396 327 51 276 24367 58 254 217 49
internal_count=25349 90 25259 25158 101 79 48 25079 25051 24964 472 421 396 69 51 48 87 62 24492 24468 72 24396 327 51 276 24367 58 254 217 49
is_linear=0
shrinkage=0.05


Tree=11
num_leaves=31
num_cat=0
split_feature=113 128 127 97 2 19 82 56 11 54 78 118 131 132 50 107 141 106 127 141 43 128 110 6 83 85 5 97 24 89
split_gain=3.45969e+06 5.99013e+06 3.36275e+06 6.72334e+06 5.60987e+06 4.89675e+06 6.86628e+06 3.8548e+06 3.09598e+06 4.94037e+06 3.86128e+06 4.36354e+06 3.79058e+06 5.14437e+06 4.92373e+06 5.93722e+06 4.48965e+06 4.2096e+06 3.83842e+06 4.48018e+06 3.5922e+06 3.38158e+06 3.35838e+06 3.26743e+06 4.70723e+06 3.94326e+06 3.23107e+06 6.64028e+06 7.85173e+06 4.63955e+06
threshold=2726.2500000000005 199.75000000000003 -1350.2499999999998 -3163.645141601562 -3492.2499999999995 738.81893920898449 909.93881225585949 -3474.7499999999995 7502.3374023437509 909.93881225585949 1764.2500000000002 2607.3046875000005 1080.143493652344 488.92228698730474 -958.74999999999989 -901.74999999999989 348.75000000000006 -145.74999999999997 1025.2500000000002 242.75000000000003 -489.74999999999994 572.25000000000011 909.93881225585949 384.78808593750006 1072.9812622070315 1235.2500000000002 789.40969848632824 -1003.5141296386718 -1845.4999999999998 713.34976196289074
decision_type=2 2 2 2 2 2 2 2 2 2 2 2 2 2 2 2 2 2 2 2 2 2 2 2 2 2 2 2 2 2
left_child=2 -2 4 5 -1 -4 -7 -5 9 26 -10 -12 14 16 -11 17 -14 -16 19 22 -18 -20 -17 -21 -25 -26 -9 28 -28 -29
right_child=1 -3 3 7 -6 6 -8 8 10 12 11 -13 13 -15 15 18 20 -19 21 23 -22 -23 -24 24 25 -27 27 29 -30 -31
leaf_value=-30.770738274118173 -27.152021044492724 -0.20439692612352045 -0.85502243964902824 -18.516136516843524 -2.6714118853593485 41.316616630554201 3.1960205259777252 0.041853372433668913 -8.6439529158852331 -31.712729396820066 32.522583524386093 5.6784957490316259 8.0744439511685755 17.881866353441421 -1.4617883089426402 -18.244734454154969 -0.78338555335998539 27.00983175754547 9.7169988723028276 -5.6604890207449596 -30.391969589960009 -9.9060962200164795 3.1625065317693748 -46.016941070556641 0.12011984825134277 -27.071060671806336 1.934324170803202 16.584495413038464 38.727615557045773 -0.86607872302974431
leaf_weight=23 32 58 31 28 78 27 21 24141 22 20 24 41 37 38 37 28 20 20 42 30 21 46 53 20 20 40 29 45 29 248
leaf_count=23 32 58 31 28 78 27 21 24141 22 20 24 41 37 38 37 28 20 20 42 30 21 46 53 20 20 40 29 45 29 248
internal_value=-5.8025e-09 -9.78577 0.0348676 0.0714213 -9.07027 14.6349 24.6389 0.0255456 0.04627 0.013456 9.46199 15.5902 -5.05334 2.79626 -7.61108 -6.17646 -4.55314 8.52825 -9.18064 -13.1614 -15.9488 -0.540528 -4.23753 -19.7327 -25.0097 -18.0073 0.111101 4.87382 20.331 1.81404
internal_weight=25349 90 25259 25158 101 79 48 25079 25051 24964 87 65 472 116 356 336 78 57 279 191 41 88 81 110 80 60 24492 351 58 293
internal_count=25349 90 25259 25158 101 79 48 25079 25051 24964 87 65 472 116 356 336 78 57 279 191 41 88 81 110 80 60 24492 351 58 293
is_linear=0
shrinkage=0.05


Tree=12
num_leaves=31
num_cat=0
split_feature=101 30 117 129 87 93 43 40 20 65 99 88 134 130 64 129 12 71 135 106 4 98 138 120 82 106 73 68 51 135
split_gain=3.36761e+06 5.78699e+06 9.48252e+06 4.51114e+06 4.3913e+06 4.02038e+06 6.24274e+06 5.16842e+06 4.68313e+06 4.39469e+06 5.61357e+06 5.67889e+06 4.09372e+06 3.88201e+06 3.69734e+06 3.40648e+06 2.94284e+06 2.90354e+06 2.89557e+06 2.74628e+06 1.21508e+07 8.27513e+06 6.88789e+06 3.07151e+06 4.57364e+06 6.83489e+06 6.07928e+06 4.26491e+06 7.29104e+06 3.41021e+06
threshold=1111.7500000000002 -2068.9999999999995 1178.973083496094 88.750000000000014 2358.2500000000005 -197.74999999999997 2885.2500000000005 526.19961547851574 3444.103393554688 -360.24999999999994 970.75000000000011 -1369.6949462890623 1492.0000000000002 -2063.7375488281245 1329.0000000000002 309.25000000000006 526.17337036132824 -127.74999999999999 -307.24999999999994 -2038.9999999999998 -543.30749511718739 -2608.7499999999995 909.93881225585949 -680.24999999999989 943.51049804687511 278.75000000000006 -12.749999999999998 909.93881225585949 -420.74999999999994 -384.74999999999994
decision_type=2 2 2 2 2 2 2 2 2 2 2 2 2 2 2 2 2 2 2 2 2 2 2 2 2 2 2 2 2 2
left_child=5 -2 3 4 -3 6 8 16 12 10 11 -9 14 -5 19 -16 -7 18 -13 20 22 -21 -1 -23 27 29 -27 -25 -29 -26
right_child=1 2 -4 13 -6 7 -8 9 -10 -11 -12 17 -14 -15 15 -17 -18 -19 -20 21 -22 23 -24 24 25 26 -28 28 -30 -31
leaf_value=-6.8948419001102454 -28.903551344871524 -5.6899847177878318 32.373721389770509 21.026385154724125 -28.238056945800782 0.52935134505768922 -19.933280116755789 1.3082717154242776 18.140365668605355 1.9669042507313794 -5.0426993218021119 18.422165932193881 -20.260809810344991 -1.1796915413994298 -4.4408784672496768 -23.232124947706861 -5.2844254987439641 19.067009163837806 -1.8280794376280249 24.039917045320784 -34.576544372881614 2.2267222853380879 27.823753633201125 -0.51239164973600038 -9.5881958670086345 -41.864801205635075 -6.6343153059482578 36.220595838910064 -5.9618631076812747 14.17573650616866
leaf_weight=50 20 353 20 20 23 9099 41 110 34 1288 69 31 26 1235 123 30 223 153 41 35 31 1090 20 11032 36 25 24 21 20 26
leaf_count=50 20 353 20 20 23 9099 41 110 34 1288 69 31 26 1235 123 30 223 153 41 35 31 1090 20 11032 36 25 24 21 20 26
internal_value=-6.34792e-08 -2.16938 -1.84552 -2.26513 -7.06926 0.153097 -0.454504 0.851722 -0.391236 3.39405 7.94394 10.6188 -0.441286 -0.82581 -0.400268 -8.12544 0.390275 15.1706 6.89078 -0.305026 -8.51624 -0.23765 3.02476 -0.306879 -0.553805 -10.6527 -24.6091 -0.45257 15.6438 0.377324
internal_weight=25349 1671 1651 1631 376 23678 12664 11014 12623 1692 404 335 12589 1255 12563 153 9322 225 72 12410 101 12309 70 12274 11184 111 49 11073 41 62
internal_count=25349 1671 1651 1631 376 23678 12664 11014 12623 1692 404 335 12589 1255 12563 153 9322 225 72 12410 101 12309 70 12274 11184 111 49 11073 41 62
is_linear=0
shrinkage=0.05


Tree=13
num_leaves=31
num_cat=0
split_feature=105 87 57 107 106 144 101 5 120 66 145 124 137 22 26 78 99 4 127 111 26 1 68 61 58 114 113 100 47 41
split_gain=3.08116e+06 4.22503e+06 5.26545e+06 9.09065e+06 4.72757e+06 4.26422e+06 5.4981e+06 4.59692e+06 4.48825e+06 3.98778e+06 6.15922e+06 5.42256e+06 4.17717e+06 3.71463e+06 3.76558e+06 3.72782e+06 3.69772e+06 1.2302e+07 4.3771e+06 4.06674e+06 4.56275e+06 3.57733e+06 3.54183e+06 5.27068e+06 5.69236e+06 4.21607e+06 5.96009e+06 4.27515e+06 3.66175e+06 3.86103e+06
threshold=971.25000000000011 -91.749999999999986 1097.2500000000002 -1269.4999999999998 272.25000000000006 2720.1025390625005 -1356.4999999999998 770.76763916015636 354.25000000000006 -938.74999999999989 1080.143493652344 1023.3112182617189 -2036.7899780273435 3113.7500000000005 983.12179565429699 2197.5000000000005 -2166.7499999999995 -543.30749511718739 -195.49999999999997 -2932.6574707031245 754.00469970703136 270.75000000000006 598.86972045898449 841.86529541015636 137.25000000000003 -485.74999999999994 236.25000000000003 -264.24999999999994 738.81893920898449 -2454.927368164062
decision_type=2 2 2 2 2 2 2 2 2 2 2 2 2 2 2 2 2 2 2 2 2 2 2 2 2 2 2 2 2 2
left_child=1 2 5 -4 -5 16 -7 21 -9 -2 11 12 -11 14 -14 -15 17 18 -1 20 -18 -8 -3 24 28 26 -25 -27 29 -24
right_child=9 22 3 4 -6 6 7 8 -10 10 -12 -13 13 15 -16 -17 19 -19 -20 -21 -22 -23 23 25 -26 27 -28 -29 -30 -31
leaf_value=-7.4728766570091256 -23.99755320072174 0.56931999985317872 -40.277876410484318 0.11292571262687656 -16.453603416873563 30.610034257715398 28.165014638900757 -26.658092984699067 6.4379343414306653 12.364896765122047 15.77930976676941 -20.446288595902615 -2.5172254459324903 12.116913918607375 -20.381155657122534 -0.44017524325970525 -1.9474166123763377 -39.62742805480957 19.728917021978472 -0.46099098807885652 28.910732269287109 5.0747737747688708 -13.777454605102541 -2.4949717294602167 1.4017357108668034 -23.981748416207054 26.358460109710695 -3.5657473804639737 19.892957249130699 8.8934074141375437
leaf_weight=50 20 10552 20 141 62 22 20 21 20 52 50 39 1769 85 30 194 23 26 21 10953 25 104 20 63 413 33 25 115 73 308
leaf_count=50 20 10552 20 141 62 22 20 21 20 52 50 39 1769 85 30 194 23 26 21 10953 25 104 20 63 413 33 25 115 73 308
internal_value=-1.41341e-09 0.171583 -0.507232 -8.11551 -4.9468 -0.356887 7.13068 4.00009 -10.5137 -1.771 -1.57068 -1.97063 -1.63234 -1.98261 -2.81512 3.38546 -0.483052 -10.2026 0.572724 -0.397351 14.1245 8.79901 0.844898 3.61433 5.52177 -2.96475 5.70203 -8.11796 9.7651 7.51104
internal_weight=25349 23110 11508 223 203 11285 187 165 41 2239 2219 2169 2130 2078 1799 279 11098 97 71 11001 48 124 11602 1050 814 236 88 148 401 328
internal_count=25349 23110 11508 223 203 11285 187 165 41 2239 2219 2169 2130 2078 1799 279 11098 97 71 11001 48 124 11602 1050 814 236 88 148 401 328
is_linear=0
shrinkage=0.05


Tree=14
num_leaves=31
num_cat=0
split_feature=113 128 134 82 11 58 24 2 4 140 141 122 141 128 136 75 89 123 6 16 40 22 39 8 117 135 47 138 82 107
split_gain=3.07223e+06 5.13539e+06 2.88834e+06 5.48612e+06 4.35298e+06 5.02678e+06 3.91175e+06 3.55943e+06 5.09754e+06 4.06994e+06 3.53345e+06 6.19895e+06 3.94179e+06 3.39191e+06 4.08687e+06 3.71456e+06 3.45842e+06 3.11944e+06 2.98701e+06 3.77538e+06 4.2713e+06 3.37317e+06 3.27709e+06 3.62818e+06 3.73692e+06 4.72713e+06 3.78605e+06 3.82741e+06 3.51813e+06 3.44987e+06
threshold=2726.2500000000005 199.75000000000003 36.250000000000007 909.93881225585949 7502.3374023437509 1058.7500000000002 3390.7500000000005 643.25000000000011 4740.7299804687509 -331.74999999999994 755.25000000000011 -193.74999999999997 941.50000000000011 -2116.7499999999995 -722.24999999999989 691.42440795898449 383.28387451171881 189.98249816894534 5146.3300781250009 2741.5000000000005 659.34884643554699 3313.7500000000005 -6715.6350097656241 -3751.7499999999995 1080.143493652344 -578.74999999999989 909.93881225585949 876.19470214843761 876.19470214843761 -327.74999999999994
decision_type=2 2 2 2 2 2 2 2 2 2 2 2 2 2 2 2 2 2 2 2 2 2 2 2 2 2 2 2 2 2
left_child=2 -2 3 13 10 -6 -7 9 -9 17 18 12 -12 -1 15 -15 -16 -5 19 21 -21 22 -4 -24 26 -26 28 -28 -25 -30
right_child=1 -3 4 7 5 6 -8 8 -10 -11 11 -13 -14 14 16 -17 -18 -19 -20 20 -22 -23 23 24 25 -27 27 -29 29 -31
leaf_value=-14.017301589884656 -25.301113899052144 -0.35004587091248612 15.293428785293489 -36.607746744155882 33.742250442504883 -10.811152497927349 15.397344247954232 13.588077572413855 -19.462338447570801 -0.50667827606201177 -9.1071197319030759 -1.7730001052630318 -36.933025403022768 2.2167228357498718 0.24455689040674652 15.160544955098269 -2.0571863293214596 -13.210335580233872 -17.950827451185749 2.5682519743209165 17.026636840275355 -13.432661490819672 -17.586736556461879 0.41719823861841915 32.026282646542505 2.467043735479054 -20.244081677709307 -2.6485086960670277 29.189201672871906 1.9418677650965177
leaf_weight=47 32 58 37 28 20 24 35 28 20 25 35 679 20 346 3451 66 3096 29 22 189 70 44 28 16655 21 38 42 117 21 26
leaf_count=47 32 58 37 28 20 24 35 28 20 25 35 679 20 346 3451 66 3096 29 22 189 70 44 28 16655 21 38 42 117 21 26
internal_value=-3.08057e-08 -9.22154 0.0328571 -0.819209 0.368362 12.0795 4.73626 -10.9966 -0.182929 -17.3266 0.317088 -3.08076 -19.2256 -0.630362 -0.539948 4.29025 -0.843911 -24.7038 0.461167 0.484598 6.47592 0.393474 0.429291 0.39684 0.4266 12.9881 0.382645 -7.2964 0.455748 14.1162
internal_weight=25349 90 25259 7136 18123 79 59 130 48 82 18044 734 55 7006 6959 412 6547 57 17310 17288 259 17029 16985 16948 16920 59 16861 159 16702 47
internal_count=25349 90 25259 7136 18123 79 59 130 48 82 18044 734 55 7006 6959 412 6547 57 17310 17288 259 17029 16985 16948 16920 59 16861 159 16702 47
is_linear=0
shrinkage=0.05


Tree=15
num_leaves=31
num_cat=0
split_feature=10 4 1 47 82 25 40 11 19 145 100 124 142 127 108 142 47 44 48 99 117 4 121 64 38 10 22 43 112 114
split_gain=2.77837e+06 8.95469e+06 9.44498e+06 4.17949e+06 8.26176e+06 9.9931e+06 7.47219e+06 6.88286e+06 3.62317e+06 3.40145e+06 6.04824e+06 5.75498e+06 5.84864e+06 4.32213e+06 6.32913e+06 5.36248e+06 4.21437e+06 3.70788e+06 5.44547e+06 3.64311e+06 3.39767e+06 3.30962e+06 3.28368e+06 3.10981e+06 2.97041e+06 2.89954e+06 3.5393e+06 4.77361e+06 2.77664e+06 3.52956e+06
threshold=-2392.2499999999995 537.77749633789074 -2549.9999999999995 738.81893920898449 909.93881225585949 -6915.0073242187491 713.34976196289074 -3892.6699218749995 575.62823486328136 1080.143493652344 1016.7500000000001 909.93881225585949 -43.249999999999993 481.75000000000006 572.75000000000011 -798.74999999999989 909.93881225585949 2414.2500000000005 2492.4101562500005 1866.7500000000002 586.37289428710949 3241.8525390625005 -1444.7499999999998 -1442.7499999999998 631.25000000000011 -1360.7499999999998 206.50000000000003 2671.2500000000005 981.75000000000011 -262.24999999999994
decision_type=2 2 2 2 2 2 2 2 2 2 2 2 2 2 2 2 2 2 2 2 2 2 2 2 2 2 2 2 2 2
left_child=1 3 -3 6 5 -5 8 -6 20 11 25 28 13 14 15 -13 -17 18 21 -19 -1 -15 -7 -10 -23 -11 -27 -28 -2 -30
right_child=9 2 -4 4 7 22 -8 -9 23 10 -12 12 -14 17 -16 16 -18 19 -20 -21 -22 24 -24 -25 -26 26 27 -29 29 -31
leaf_value=-1.9560608073682983 0.28602384557897143 -48.457252320789159 -7.0481592798233041 48.730004295110703 -27.102000898122789 -8.190237790062314 -28.254439364160813 8.5635795885516757 -2.4306362849015457 16.648314733858463 27.329365545703521 9.1287959419447802 13.692680246179755 5.4782283119857311 -35.248210474650065 -35.84202741622925 -9.5953762763280146 -30.274870967864992 22.549709243774416 -3.3026282540732819 -13.219813023084477 -25.995704472583277 19.15634809576947 12.810173960008484 -0.58428312695544704 -17.11388418056347 18.659057326316834 -10.046625964982169 18.497185053144182 -2.1366887278271594
leaf_weight=386 22444 21 40 20 24 21 28 31 65 27 31 29 33 48 30 20 65 21 25 31 81 23 23 69 23 27 30 28 21 1584
leaf_count=386 22444 21 40 20 24 21 28 31 65 27 31 29 33 48 30 20 65 21 25 31 81 23 23 69 23 27 30 28 21 1584
internal_value=3.56296e-09 -2.88302 -21.3037 -1.38079 7.21197 19.425 -3.00645 -6.99958 -1.83017 0.0950433 7.78396 0.0499757 -6.33388 -8.4319 -14.8142 -9.43689 -15.7711 -3.05729 1.80973 -14.1953 -3.90973 -3.70622 6.10457 5.41724 -13.29 2.37407 -2.1601 4.80114 0.142353 -1.86671
internal_weight=25349 809 61 748 119 64 629 55 601 24540 143 24397 348 315 144 114 85 171 119 52 467 94 44 134 46 112 85 58 24049 1605
internal_count=25349 809 61 748 119 64 629 55 601 24540 143 24397 348 315 144 114 85 171 119 52 467 94 44 134 46 112 85 58 24049 1605
is_linear=0
shrinkage=0.05


Tree=16
num_leaves=31
num_cat=0
split_feature=113 134 102 141 106 23 29 84 58 53 70 93 22 106 88 32 89 57 12 18 116 5 85 82 114 69 75 117 104 134
split_gain=2.74256e+06 4.47545e+06 3.32656e+06 2.7547e+06 2.72216e+06 2.93432e+06 2.64316e+06 2.48282e+06 6.16221e+06 7.37473e+06 4.60729e+06 6.59388e+06 6.47917e+06 5.02373e+06 3.31451e+06 5.85886e+06 5.73088e+06 7.08165e+06 6.68487e+06 7.86446e+06 6.84764e+06 6.61421e+06 5.53816e+06 4.08937e+06 6.34202e+06 4.50189e+06 3.73735e+06 5.92957e+06 3.22768e+06 3.16454e+06
threshold=2726.2500000000005 574.25000000000011 3124.242553710938 89.250000000000014 980.75000000000011 -709.24999999999989 -1556.7499999999998 -128.24999999999997 526.25000000000011 3072.9050292968755 852.25000000000011 -611.74999999999989 2865.2500000000005 507.25000000000006 5322.0925292968759 4073.5725097656255 1023.3112182617189 -1895.4999999999998 789.40969848632824 -3308.7099609374995 1844.4175415039065 909.93881225585949 -628.74999999999989 725.27545166015636 -55.249999999999993 -1342.790832519531 909.93881225585949 813.04827880859386 -885.06335449218739 159.75000000000003
decision_type=2 2 2 2 2 2 2 2 2 2 2 2 2 2 2 2 2 2 2 2 2 2 2 2 2 2 2 2 2 2
left_child=3 -2 -3 4 6 -6 -1 8 14 29 12 -12 -9 -14 15 16 18 -18 23 21 26 -20 -17 -5 25 -25 27 -21 -27 -10
right_child=1 2 -4 7 5 -7 -8 10 9 -11 11 -13 13 -15 -16 22 17 -19 19 20 -22 -23 -24 24 -26 28 -28 -29 -30 -31
leaf_value=-4.2935339574450433 -25.744326239162024 12.292557811737062 -11.044738929336136 -0.14170305038657105 -19.263124767426522 -3.3567395789569545 -0.2707733116968094 1.5171518085645019 5.3383537253818005 -38.760062281290693 -23.980350348154705 -0.42921185880474488 0.65073769887288413 32.536572205225632 -17.953146527363703 35.171220328591083 -33.373308471153528 -0.37366292927716233 49.032171211242684 2.8255965889274304 29.154556888082755 8.8552951994396398 4.6700103676837426 -1.1963107958706942 14.123837492201062 -34.649195785522458 15.608171601131046 -23.072457633479949 -13.265694258213044 -13.950182850897313
leaf_weight=433 27 26 37 6644 31 448 7168 6627 37 21 30 3191 21 30 26 22 29 37 20 77 23 21 46 55 27 25 29 31 60 50
leaf_count=433 27 26 37 6644 31 448 7168 6627 37 21 30 3191 21 30 26 22 29 37 20 77 23 21 46 55 27 25 29 31 60 50
internal_value=2.89145e-08 -8.71273 -1.41347 0.0310442 -0.730319 -4.38617 -0.499935 0.389145 -0.311782 -12.1662 0.904627 -0.648564 1.65378 19.4071 -0.133272 -0.0684359 -0.208764 -14.8735 -0.0707329 8.91603 3.90948 28.4538 14.538 -0.335942 -8.06362 -12.3426 -0.328747 -4.6081 -19.555 -5.74701
internal_weight=25349 90 63 25259 8080 479 7601 17179 7280 108 9899 3221 6678 51 7172 7146 7078 66 7012 201 160 41 68 6811 167 140 137 108 85 87
internal_count=25349 90 63 25259 8080 479 7601 17179 7280 108 9899 3221 6678 51 7172 7146 7078 66 7012 201 160 41 68 6811 167 140 137 108 85 87
is_linear=0
shrinkage=0.05


Tree=17
num_leaves=31
num_cat=0
split_feature=127 57 87 33 124 127 129 51 47 9 50 51 92 145 121 136 117 120 36 42 122 141 142 106 145 136 54 61 57 4
split_gain=2.51537e+06 4.82242e+06 3.37609e+06 5.81112e+06 3.07588e+06 6.34657e+06 5.69718e+06 3.75554e+06 4.57645e+06 4.5792e+06 4.10338e+06 3.73917e+06 7.30868e+06 4.84167e+06 4.07012e+06 4.44662e+06 3.53948e+06 3.55357e+06 2.80332e+06 4.26748e+06 2.78782e+06 2.69256e+06 3.47107e+06 3.13919e+06 3.13164e+06 3.47293e+06 3.76026e+06 4.90508e+06 4.0958e+06 3.05007e+06
threshold=-1350.2499999999998 -3076.2499999999995 -2773.9999999999995 770.76763916015636 909.93881225585949 488.75000000000006 98.750000000000014 -2053.7499999999995 876.19470214843761 2165.7500000000005 -241.24999999999997 -1547.7499999999998 115.25000000000001 983.12179565429699 183.25000000000003 846.75000000000011 943.51049804687511 1377.7500000000002 818.25000000000011 1345.5000000000002 294.75000000000006 100.75000000000001 -402.24999999999994 1033.7500000000002 634.06787109375011 -399.74999999999994 841.86529541015636 754.00469970703136 74.500000000000014 -212.14749908447263
decision_type=2 2 2 2 2 2 2 2 2 2 2 2 2 2 2 2 2 2 2 2 2 2 2 2 2 2 2 2 2 2
left_child=1 -1 3 -2 21 6 7 -6 -9 10 -10 -7 -13 16 20 -16 -14 -18 -12 -20 -15 23 24 -4 -23 29 27 -27 -29 -26
right_child=2 -3 4 -5 5 11 -8 8 9 -11 18 12 13 14 15 -17 17 -19 19 -21 -22 22 -24 -25 25 26 -28 28 -30 -31
leaf_value=-29.199278876894994 -5.329543956633537 -2.2772052130103115 -0.38422899306481528 23.511992149353031 -21.126739158128441 -10.198597590649715 -30.330340140660606 -24.341784133081852 13.78352049951968 17.039563167095185 -21.169623369329116 31.838870348249163 5.9855058193206787 6.1788267384404723 18.020246458053588 -7.9360785802205402 -6.4443927931785581 -32.257074203491207 11.147584865711353 -17.233243788205662 -19.018541953677225 1.3593745729986895 0.21833090445722189 -4.5520948092767526 9.157005294164021 8.8907379322213895 -6.1203696378072108 13.177946017005226 44.441451921463013 -3.5023802170987994
leaf_weight=21 31 80 8546 40 38 61 30 23 23 30 34 21 30 23 77 21 40 20 27 26 21 1283 13892 477 78 162 30 22 20 122
leaf_count=21 31 80 8546 40 38 61 30 23 23 30 34 21 30 23 77 21 40 20 27 26 21 1283 13892 477 78 162 30 22 20 122
internal_value=-9.95008e-09 -7.87486 0.0315019 10.9192 0.000798236 -3.71459 -10.0053 -6.97172 -3.67178 -0.275992 -4.99842 0.913295 3.59245 1.03566 6.78609 12.4582 -8.03724 -15.0486 -9.96376 -2.77509 -5.84719 0.0830038 0.480461 -0.604563 2.60132 6.27278 10.4078 12.8384 28.0653 1.43478
internal_weight=25349 101 25248 71 25177 545 231 201 163 140 110 314 253 232 142 98 90 60 87 53 44 24632 15609 9023 1717 434 234 204 42 200
internal_count=25349 101 25248 71 25177 545 231 201 163 140 110 314 253 232 142 98 90 60 87 53 44 24632 15609 9023 1717 434 234 204 42 200
is_linear=0
shrinkage=0.05


Tree=18
num_leaves=31
num_cat=0
split_feature=93 99 133 98 117 82 1 99 69 96 70 0 19 52 58 47 6 68 124 53 40 22 4 141 65 105 69 108 68 102
split_gain=2.4607e+06 4.24519e+06 4.22216e+06 3.31674e+06 3.27427e+06 2.87688e+06 8.00979e+06 6.84989e+06 6.86872e+06 5.85641e+06 5.49202e+06 4.90704e+06 6.5252e+06 4.86551e+06 3.55039e+06 3.50801e+06 3.48566e+06 4.02974e+06 3.68712e+06 9.08421e+06 4.07304e+06 3.40284e+06 3.17371e+06 3.07864e+06 3.06178e+06 3.05699e+06 4.40378e+06 3.5944e+06 4.37884e+06 4.82259e+06
threshold=1661.0000000000002 2278.7500000000005 79.250000000000014 1903.5000000000002 541.61633300781261 943.51049804687511 -3872.7499999999995 -1094.2499999999998 1179.2924804687502 1080.143493652344 975.75000000000011 -4204.4999999999991 789.40969848632824 -3476.2499999999995 -1174.2499999999998 1178.973083496094 -3268.3210449218745 943.51049804687511 909.93881225585949 478.68249511718756 841.86529541015636 2865.2500000000005 5182.8273925781259 361.25000000000006 -195.24999999999997 971.25000000000011 2749.067993164063 261.25000000000006 725.27545166015636 -1706.472473144531
decision_type=2 2 2 2 2 2 2 2 2 2 2 2 2 2 2 2 2 2 2 2 2 2 2 2 2 2 2 2 2 2
left_child=1 5 4 -3 -2 11 -7 -8 9 14 -10 12 -1 -13 -9 -11 -15 18 21 -20 -21 25 -12 -17 -16 26 -18 -27 29 -29
right_child=2 3 -4 -5 -6 6 7 8 10 15 22 13 -14 16 24 23 17 -19 19 20 -22 -23 -24 -25 -26 27 -28 28 -30 -31
leaf_value=3.2467837154865267 0.83479447746276847 1.45965393781662 -1.4550833973653463 22.922621711095175 -21.051570516603967 -28.567710925686743 17.712562030400985 -34.727274982745833 18.044337170682056 6.7158932349898599 7.6938401099963061 -19.731667567837626 36.66331333887009 -6.9618837057173941 -2.1921923497143916 0.7237379160794345 0.19676704953893981 17.600807556961524 -39.76196340560913 -19.063032159280208 7.906009552237534 4.5870834115743637 -11.253908103353837 -26.040962128412158 -22.485669043587478 10.513133409288194 22.578188584067604 11.257840129079728 -15.515240363469202 -2.7042610069595132
leaf_weight=48 25 36 392 36 54 31 39 26 47 55 39 31 21 174 34 22 22106 33 20 21 42 425 51 21 41 54 22 65 63 1275
leaf_count=48 25 36 392 36 54 31 39 26 47 55 39 31 21 174 34 22 22106 33 20 21 42 425 51 21 41 54 22 65 63 1275
internal_value=9.03749e-09 0.0677831 -3.58027 12.1911 -14.1255 0.0325948 -4.14171 -2.1225 -4.42478 -10.3564 4.1912 0.102052 13.417 0.0642927 -18.8055 -1.64861 0.0895468 0.140403 0.116487 -10.4037 -1.08367 0.152855 -3.04322 -12.3474 -13.286 0.0729501 0.219019 -2.14545 -2.63267 -2.02699
internal_weight=25349 24878 471 72 79 24806 406 375 336 199 137 24400 69 24331 101 98 24300 24126 24093 83 63 24010 90 43 75 23585 22128 1457 1403 1340
internal_count=25349 24878 471 72 79 24806 406 375 336 199 137 24400 69 24331 101 98 24300 24126 24093 83 63 24010 90 43 75 23585 22128 1457 1403 1340
is_linear=0
shrinkage=0.05


end of trees

feature_importances:
Column_106=22
Column_127=18
Column_4=15
Column_82=15
Column_117=14
Column_124=14
Column_0=11
Column_5=11
Column_51=11
Column_68=11
Column_99=11
Column_145=10
Column_11=9
Column_22=9
Column_75=9
Column_141=9
Column_6=8
Column_47=8
Column_87=8
Column_128=8
Column_138=8
Column_19=7
Column_129=7
Column_142=7
Column_2=6
Column_8=6
Column_23=6
Column_33=6
Column_40=6
Column_100=6
Column_107=6
Column_135=6
Column_24=5
Column_50=5
Column_57=5
Column_58=5
Column_61=5
Column_65=5
Column_89=5
Column_101=5
Column_105=5
Column_108=5
Column_113=5
Column_131=5
Column_1=4
Column_3=4
Column_16=4
Column_26=4
Column_29=4
Column_31=4
Column_44=4
Column_52=4
Column_54=4
Column_64=4
Column_69=4
Column_84=4
Column_92=4
Column_97=4
Column_102=4
Column_114=4
Column_118=4
Column_120=4
Column_130=4
Column_132=4
Column_134=4
Column_136=4
Column_9=3
Column_13=3
Column_15=3
Column_39=3
Column_43=3
Column_48=3
Column_62=3
Column_66=3
Column_71=3
Column_78=3
Column_79=3
Column_88=3
Column_93=3
Column_96=3
Column_112=3
Column_122=3
Column_144=3
Column_10=2
Column_12=2
Column_17=2
Column_18=2
Column_25=2
Column_32=2
Column_36=2
Column_38=2
Column_42=2
Column_53=2
Column_56=2
Column_59=2
Column_70=2
Column_73=2
Column_83=2
Column_85=2
Column_98=2
Column_111=2
Column_121=2
Column_126=2
Column_133=2
Column_137=2
Column_140=2
Column_20=1
Column_27=1
Column_30=1
Column_35=1
Column_41=1
Column_63=1
Column_67=1
Column_72=1
Column_91=1
Column_94=1
Column_95=1
Column_103=1
Column_104=1
Column_110=1
Column_116=1
Column_123=1
Column_139=1

parameters:
[boosting: gbdt]
[objective: regression]
[metric: l2]
[tree_learner: serial]
[device_type: cpu]
[data_sample_strategy: bagging]
[data: ]
[valid: ]
[num_iterations: 1000]
[learning_rate: 0.05]
[num_leaves: 31]
[num_threads: 0]
[seed: 42]
[deterministic: 1]
[force_col_wise: 0]
[force_row_wise: 0]
[histogram_pool_size: -1]
[max_depth: -1]
[min_data_in_leaf: 20]
[min_sum_hessian_in_leaf: 0.001]
[bagging_fraction: 1]
[pos_bagging_fraction: 1]
[neg_bagging_fraction: 1]
[bagging_freq: 0]
[bagging_seed: 400]
[bagging_by_query: 0]
[feature_fraction: 1]
[feature_fraction_bynode: 1]
[feature_fraction_seed: 30056]
[extra_trees: 0]
[extra_seed: 12879]
[early_stopping_round: 0]
[early_stopping_min_delta: 0]
[first_metric_only: 0]
[max_delta_step: 0]
[lambda_l1: 0]
[lambda_l2: 0]
[linear_lambda: 0]
[min_gain_to_split: 0]
[drop_rate: 0.1]
[max_drop: 50]
[skip_drop: 0.5]
[xgboost_dart_mode: 0]
[uniform_drop: 0]
[drop_seed: 17869]
[top_rate: 0.2]
[other_rate: 0.1]
[min_data_per_group: 100]
[max_cat_threshold: 32]
[cat_l2: 10]
[cat_smooth: 10]
[max_cat_to_onehot: 4]
[top_k: 20]
[monotone_constraints: ]
[monotone_constraints_method: basic]
[monotone_penalty: 0]
[feature_contri: ]
[forcedsplits_filename: ]
[refit_decay_rate: 0.9]
[cegb_tradeoff: 1]
[cegb_penalty_split: 0]
[cegb_penalty_feature_lazy: ]
[cegb_penalty_feature_coupled: ]
[path_smooth: 0]
[interaction_constraints: ]
[verbosity: -1]
[saved_feature_importance_type: 0]
[use_quantized_grad: 0]
[num_grad_quant_bins: 4]
[quant_train_renew_leaf: 0]
[stochastic_rounding: 1]
[linear_tree: 0]
[max_bin: 255]
[max_bin_by_feature: ]
[min_data_in_bin: 3]
[bin_construct_sample_cnt: 200000]
[data_random_seed: 175]
[is_enable_sparse: 1]
[enable_bundle: 1]
[use_missing: 1]
[zero_as_missing: 0]
[feature_pre_filter: 1]
[pre_partition: 0]
[two_round: 0]
[header: 0]
[label_column: ]
[weight_column: ]
[group_column: ]
[ignore_column: ]
[categorical_feature: ]
[forcedbins_filename: ]
[precise_float_parser: 0]
[parser_config_file: ]
[objective_seed: 16083]
[num_class: 1]
[is_unbalance: 0]
[scale_pos_weight: 1]
[sigmoid: 1]
[boost_from_average: 1]
[reg_sqrt: 0]
[alpha: 0.9]
[fair_c: 1]
[poisson_max_delta_step: 0.7]
[tweedie_variance_power: 1.5]
[lambdarank_truncation_level: 30]
[lambdarank_norm: 1]
[label_gain: ]
[lambdarank_position_bias_regularization: 0]
[eval_at: ]
[multi_error_top_k: 1]
[auc_mu_weights: ]
[num_machines: 1]
[local_listen_port: 12400]
[time_out: 120]
[machine_list_filename: ]
[machines: ]
[gpu_platform_id: -1]
[gpu_device_id: -1]
[gpu_device_id_list: ]
[gpu_use_dp: 0]
[num_gpu: 1]

end of parameters

pandas_categorical:null
