tree
version=v4
num_class=1
num_tree_per_iteration=1
label_index=0
max_feature_idx=146
objective=regression
feature_names=Column_0 Column_1 Column_2 Column_3 Column_4 Column_5 Column_6 Column_7 Column_8 Column_9 Column_10 Column_11 Column_12 Column_13 Column_14 Column_15 Column_16 Column_17 Column_18 Column_19 Column_20 Column_21 Column_22 Column_23 Column_24 Column_25 Column_26 Column_27 Column_28 Column_29 Column_30 Column_31 Column_32 Column_33 Column_34 Column_35 Column_36 Column_37 Column_38 Column_39 Column_40 Column_41 Column_42 Column_43 Column_44 Column_45 Column_46 Column_47 Column_48 Column_49 Column_50 Column_51 Column_52 Column_53 Column_54 Column_55 Column_56 Column_57 Column_58 Column_59 Column_60 Column_61 Column_62 Column_63 Column_64 Column_65 Column_66 Column_67 Column_68 Column_69 Column_70 Column_71 Column_72 Column_73 Column_74 Column_75 Column_76 Column_77 Column_78 Column_79 Column_80 Column_81 Column_82 Column_83 Column_84 Column_85 Column_86 Column_87 Column_88 Column_89 Column_90 Column_91 Column_92 Column_93 Column_94 Column_95 Column_96 Column_97 Column_98 Column_99 Column_100 Column_101 Column_102 Column_103 Column_104 Column_105 Column_106 Column_107 Column_108 Column_109 Column_110 Column_111 Column_112 Column_113 Column_114 Column_115 Column_116 Column_117 Column_118 Column_119 Column_120 Column_121 Column_122 Column_123 Column_124 Column_125 Column_126 Column_127 Column_128 Column_129 Column_130 Column_131 Column_132 Column_133 Column_134 Column_135 Column_136 Column_137 Column_138 Column_139 Column_140 Column_141 Column_142 Column_143 Column_144 Column_145 Column_146
feature_infos=[-5250:6855] [-4895:7072.5] [-5620:6749.5] [-5370:6850] [-6320.93994140625:9875.134765625] [151.30067443847656:1441.2490234375] [-5503.49755859375:7571.0166015625] [-5365:6852.5] [-4782.5:6875] [-5465:6335] [-5085:6470] [-6283.76513671875:9809.7353515625] [151.30067443847656:1441.2490234375] [-5465.45263671875:7470.923828125] [-5077.5:6470] [-4957.5:6672.5] [-6055:6094.5] [-5807.5:6250] [-6254.240234375:9740.39453125] [151.30067443847656:1441.2490234375] [-5416.5478515625:7356.7490234375] [-5802.5:6250] [-5547.5:6637.5] [-6645:6100] [-6397.5:6350] [-6227.10986328125:9671.294921875] [151.30067443847656:1441.2490234375] [-5345.72509765625:7265.2265625] [-6392.5:6350] [-5712.5:6390] [-6492.5:6020] [-6082.5:6290] [-6195.93505859375:9600.0947265625] [151.30067443847656:1441.2490234375] [-5310.43212890625:7176.5693359375] [-6082.5:6285] [-5237.5:6360] [-6292:5625] [-5985:5740] [-6162.06005859375:9524.1201171875] [151.30067443847656:1441.2490234375] [-5255.16552734375:7045.97216796875] [-5977.5:5740] [-5387.5:6432.5] [-6272.5:5560] [-5440:5690] [-6115.884765625:9443.9697265625] [151.30067443847656:1441.2490234375] [-5169.01416015625:6917.7021484375] [-5445:5692.5] [-5102.5:5940] [-6035:5257.5] [-5445:5440] [-6071.3349609375:9356.794921875] [151.30067443847656:1441.2490234375] [-5092.740234375:6768.36572265625] [-5452.5:5440] [-4460:6047.5] [-5632.5:5185] [-4667.5:5540] [-6023.51513671875:9263.5947265625] [151.30067443847656:1441.2490234375] [-5019.763671875:6656.69580078125] [-4660:5540] [-4540:5845] [-5417.5:5095] [-4775:5372.5] [-5975.4150390625:9172.044921875] [151.30067443847656:1441.2490234375] [-4908.8759765625:6539.95068359375] [-4770:5372.5] [-4427.5:6160] [-5305:5205] [-4890:5650] [-5925.06494140625:9079.599609375] [151.30067443847656:1441.2490234375] [-4716.47802734375:6408.13720703125] [-4887.5:5647.5] [-3482.5:5650] [-5112.5:4862.5] [-3945:4895] [-5876.5400390625:8983.0498046875] [151.30067443847656:1441.2490234375] [-4497.70751953125:6270.5791015625] [-3942.5:4892.5] [-3235:5285] [-4167.5:4370] [-3605:4435] [-5827.240234375:8883.275390625] [151.30067443847656:1441.2490234375] [-4282.0068359375:6080.07177734375] [-3605:4435] [-3180:4955] [-3987.5:4207.5] [-3572.5:4240] [-5780.4599609375:8783.5947265625] [151.30067443847656:1441.2490234375] [-4061.824462890625:5881.42919921875] [-3570:4235] [-2922.5:4462.5] [-4365:3720] [-3250:3865] [-5731.134765625:8692.044921875] [151.30067443847656:1441.2490234375] [-3873.476806640625:5698.1171875] [-3247.5:3867.5] [-2625:4570] [-4483:3590] [-2967.5:3895] [-5677.93505859375:8599.599609375] [151.30067443847656:1441.2490234375] [-3634.978759765625:5534.19775390625] [-2975:3900] [-2245.5:4370] [-4391:3550] [-2829.5:3732.5] [-5618.009765625:8503.0498046875] [151.30067443847656:1441.2490234375] [-3406.15234375:5354.2705078125] [-2829.5:3732.5] [-2114.5:4682.5] [-4291.5:3727.5] [-2382.5:4172.5] [-5556.009765625:8403.275390625] [151.30067443847656:1441.2490234375] [-3216.27490234375:5114.56396484375] [-2387.5:4170] [-1950:4172.5] [-3794.5:2895] [-2412.5:3182.5] [-5501.1650390625:8282.125] [151.30067443847656:1441.2490234375] [-3097.75:4709.1494140625] [-2410:3190] [-1555:3807.5] [-4102:2291] [-1870:2502.5] [-5450.1650390625:8166.9248046875] [151.30067443847656:1441.2490234375] [-2902.04541015625:4459.56396484375] [-2160:2505] [0:2642.5] [-4206.5:0] none [-5395.26513671875:8037.8251953125] [151.30067443847656:1441.2490234375] [-2638.22314453125:4054.149169921875]
tree_sizes=2837 2858 2861 2866 2826 2863 2836 2835 2861 2852 2844 2831 2854 2850 2812 2825 2841

Tree=0
num_leaves=31
num_cat=0
split_feature=114 103 93 80 11 6 127 30 106 67 135 62 100 107 138 114 96 16 34 119 27 96 124 77 18 103 138 108 61 40
split_gain=3.45018e+06 4.26649e+06 3.59757e+06 3.31601e+06 4.15983e+06 4.5841e+06 2.95214e+06 3.15712e+06 2.85324e+06 2.77047e+06 2.51904e+06 3.54937e+06 2.39582e+06 2.59697e+06 2.34963e+06 4.44185e+06 4.2948e+06 5.0163e+06 5.20939e+06 3.29645e+06 2.45549e+06 2.33472e+06 2.67209e+06 2.50596e+06 2.40466e+06 4.96834e+06 2.08685e+06 1.8576e+06 1.84186e+06 1.90734e+06
threshold=463.75000000000006 1045.2505493164065 -856.74999999999989 320.75000000000006 4051.777465820313 1787.5529785156252 982.75000000000011 3105.2500000000005 -166.74999999999997 4989.7924804687509 38.750000000000007 3426.820190429688 720.50000000000011 -114.74999999999999 674.41351318359386 -125.74999999999999 674.41351318359386 1171.7500000000002 560.32061767578136 352.25000000000006 2519.9526367187505 598.99819946289074 560.00579833984386 639.75000000000011 3116.567504882813 452.66287231445318 724.36727905273449 -167.74999999999997 449.77992248535162 480.18733215332037
decision_type=2 2 2 2 2 2 2 2 2 2 2 2 2 2 2 2 2 2 2 2 2 2 2 2 2 2 2 2 2 2
left_child=2 10 3 4 5 -1 7 9 -6 14 21 -12 13 -8 20 16 -16 18 26 -17 27 22 24 -23 -2 -26 -18 28 -4 -30
right_child=1 -3 6 -5 8 -7 12 -9 -10 -11 11 -13 -14 -15 15 19 17 -19 -20 -21 -22 23 -24 -25 25 -27 -28 -29 29 -31
leaf_value=-0.43845169495819325 -2.3146118544286645 21.816481056593787 1.6530848018400466 -19.925450168576006 26.984035720376323 -17.481643838502041 18.366869409505835 -17.287703314691033 1.4927312786636602 19.847731666945347 -0.1793289819086662 18.891731536053548 25.030231442831884 0.33023132608128369 -17.558268373108977 -28.694768243189188 -0.090304551425364088 28.035231533430942 -16.156462174658149 -5.7104737693699468 9.2601792078543976 -26.394173474158492 15.493981136464008 -6.1407507385979816 0.32791648655537653 -32.098934847587564 19.391805432841334 0.91206574706582932 8.298545221442998 2.62440142055994
leaf_weight=2891 749 20 5573 22 23 40 29 23 21 20 1012 25 20 64 25 26 28 20 31 39 96 21 20 56 27 21 27 13410 215 476
leaf_count=2891 749 20 5573 22 23 40 29 23 21 20 1012 25 20 64 25 26 28 20 31 39 96 21 20 56 27 21 27 13410 215 476
internal_value=0.86077 -1.15838 1.03117 -0.584988 -0.441966 -0.671044 1.27188 1.22636 14.8177 1.24767 -1.39634 0.280436 9.33078 5.95456 1.22904 -4.21849 1.08357 5.48023 0.234882 -14.9042 1.28305 -3.34133 -2.5569 -11.6644 -3.00987 -13.8588 9.47364 1.24412 1.95499 4.38987
internal_weight=25070 1951 23119 2997 2975 2931 20122 20009 44 19986 1931 1037 113 93 19966 196 131 106 86 65 19770 894 817 77 797 48 55 19674 6264 691
internal_count=25070 1951 23119 2997 2975 2931 20122 20009 44 19986 1931 1037 113 93 19966 196 131 106 86 65 19770 894 817 77 797 48 55 19674 6264 691
is_linear=0
shrinkage=1


Tree=1
num_leaves=31
num_cat=0
split_feature=114 103 106 110 102 125 74 86 1 135 62 75 96 124 77 18 103 19 106 122 113 121 106 53 54 134 63 89 112 106
split_gain=3.11378e+06 3.85051e+06 3.32415e+06 4.00309e+06 3.57372e+06 4.28969e+06 3.35628e+06 2.78493e+06 4.90517e+06 2.27343e+06 3.20331e+06 2.23787e+06 2.10708e+06 2.41156e+06 2.26163e+06 2.17021e+06 4.48393e+06 1.97123e+06 5.34515e+06 4.0575e+06 3.64991e+06 3.04309e+06 3.69973e+06 1.94676e+06 2.22342e+06 3.35514e+06 2.26611e+06 2.83468e+06 3.39178e+06 3.04141e+06
threshold=463.75000000000006 1045.2505493164065 -517.74999999999989 578.96932983398449 4778.7873535156259 1889.8634033203127 2874.3750000000005 -1579.4999999999998 -169.74999999999997 38.750000000000007 3426.820190429688 552.32839965820324 598.99819946289074 560.00579833984386 639.75000000000011 3116.567504882813 452.66287231445318 775.33657836914074 466.25000000000006 107.75000000000001 787.25000000000011 -959.74999999999989 89.250000000000014 -2047.532531738281 455.76057434082037 764.75000000000011 -1261.2499999999998 611.19790649414074 783.25000000000011 988.75000000000011
decision_type=2 2 2 2 2 2 2 2 2 2 2 2 2 2 2 2 2 2 2 2 2 2 2 2 2 2 2 2 2 2
left_child=2 9 3 11 17 -6 7 8 -5 12 -11 -1 13 15 -14 -2 -17 23 21 -20 -21 -19 -23 -4 -25 26 -26 29 -29 -28
right_child=1 -3 4 6 5 -7 -8 -9 -10 10 -12 -13 14 -15 -16 16 -18 18 19 20 -22 22 -24 24 25 -27 27 28 -30 -31
leaf_value=-1.4363457798656791 -3.0166125514359279 19.907926445007327 -1.5643122155772102 -10.810666525363922 28.829029746850331 -2.524649543762207 5.2209974401137416 -4.8259842031142295 -38.674373149871826 -0.98809389067379394 17.129413696289063 8.312505992514188 -25.892196164812361 13.901551055908204 -6.6514447724180563 -0.50621073864124433 -31.311720793587821 20.910627241134645 -25.95901567559493 10.382715304001518 -16.498770470278604 -12.651166019524847 10.507093782985912 0.29374893797000451 7.6179085677945544 10.676742765138734 1.4985208768221634 -1.7293298435661031 -22.029452880946074 11.822507970174154
leaf_weight=1683 749 20 1240 56 24 20 34 68 22 1012 25 61 21 20 56 27 21 20 38 23 28 35 34 17608 143 106 1461 318 22 75
leaf_count=1683 749 20 1240 56 24 20 34 68 22 1012 25 61 21 20 56 27 21 20 38 23 28 35 34 17608 143 106 1461 318 22 75
internal_value=-1.69101e-08 -1.9182 0.161875 -1.82806 0.342514 14.5774 -8.92715 -12.2219 -18.6697 -2.14426 -0.551317 -1.09536 -3.99199 -3.24679 -11.8989 -3.67711 -13.9836 0.312902 -4.92664 -13.5911 -4.37575 3.73779 -1.23985 0.357371 0.478127 2.0059 1.55068 1.08819 -3.04287 2.00262
internal_weight=25070 1951 23119 1924 21195 44 180 146 78 1931 1037 1744 894 817 77 797 48 21151 178 89 51 89 69 20973 19733 2125 2019 1876 340 1536
internal_count=25070 1951 23119 1924 21195 44 180 146 78 1931 1037 1744 894 817 77 797 48 21151 178 89 51 89 69 20973 19733 2125 2019 1876 340 1536
is_linear=0
shrinkage=0.05


Tree=2
num_leaves=31
num_cat=0
split_feature=114 127 92 131 19 119 100 45 132 117 30 34 89 113 135 103 65 64 20 100 100 106 45 122 4 106 131 141 0 75
split_gain=2.88525e+06 4.50973e+06 3.67329e+06 4.47306e+06 4.31566e+06 4.49089e+06 3.36282e+06 3.54726e+06 3.54026e+06 3.16261e+06 3.14116e+06 5.16533e+06 2.73305e+06 4.91025e+06 2.56963e+06 2.37112e+06 4.08673e+06 3.58317e+06 2.49678e+06 2.25917e+06 2.3197e+06 2.15833e+06 2.85178e+06 2.10069e+06 2.34493e+06 1.83291e+06 1.81417e+06 1.79428e+06 1.7911e+06 1.78685e+06
threshold=257.75000000000006 790.25000000000011 2650.0000000000005 636.49594116210949 724.36727905273449 1388.7500000000002 -897.74999999999989 1438.0000000000002 320.09722900390631 500.19013977050787 3105.2500000000005 3008.447387695313 696.40509033203136 -50.249999999999993 -371.24999999999994 653.59622192382824 -1340.2499999999998 -244.24999999999997 -2333.882202148437 160.75000000000003 -100.74999999999999 1519.2500000000002 512.25000000000011 909.00000000000011 3172.295043945313 460.25000000000006 879.99746704101574 166.75000000000003 1152.7500000000002 422.71945190429693
decision_type=2 2 2 2 2 2 2 2 2 2 2 2 2 2 2 2 2 2 2 2 2 2 2 2 2 2 2 2 2 2
left_child=1 6 4 -4 14 21 7 8 15 -3 11 12 29 -14 -2 28 18 -18 -17 20 25 22 -6 24 -11 -15 -20 -16 -1 -8
right_child=2 9 3 -5 5 -7 10 -9 -10 23 -12 -13 13 19 27 16 17 -19 26 -21 -22 -23 -24 -25 -26 -27 -28 -29 -30 -31
leaf_value=-0.9634098236777846 -7.1351689793597686 0.76358572238857314 -2.8234588887240437 21.445198709536825 -25.604268005619879 8.9702741336822509 0.21919796803569921 -18.456662227261454 19.006464367821106 11.031379689110651 -18.951975086757116 21.127089456717172 14.045068534851076 -4.9916242355995992 -2.5004478712422795 -16.04047353154137 -34.689760742187502 -9.3395405966302629 -2.2680538982152938 -20.219496208582171 7.8903318653935974 -31.298959087190173 -2.2028810969988508 -0.66629277070363369 28.083939961024694 -22.759559794834683 14.130936334683344 -0.11252346428389959 -11.919705892864027 1.6305117768234081
leaf_weight=2031 174 103 37 39 23 20 15865 31 21 72 21 30 25 47 1182 21 20 46 48 39 23 21 30 24 28 21 26 2352 38 2612
leaf_count=2031 174 103 37 39 23 20 15865 31 21 72 21 30 25 47 1182 21 20 46 48 39 23 21 30 24 28 21 26 2352 38 2612
internal_value=3.62591e-08 0.229458 -1.25391 9.63019 -1.47148 -12.0517 0.153561 -1.65836 -1.42702 7.23907 0.374875 0.396623 0.363244 -6.24847 -1.20326 -1.61944 -7.46414 -17.0214 -0.824339 -10.1511 -5.83604 -17.7333 -12.3582 12.6179 15.8061 -10.4788 3.49375 -0.911201 -1.16464 0.418708
internal_weight=25070 21192 3878 76 3802 94 20965 2282 2251 227 18683 18662 18632 155 3708 2230 161 66 95 130 91 74 53 124 100 68 74 3534 2069 18477
internal_count=25070 21192 3878 76 3802 94 20965 2282 2251 227 18683 18662 18632 155 3708 2230 161 66 95 130 91 74 53 124 100 68 74 3534 2069 18477
is_linear=0
shrinkage=0.05


Tree=3
num_leaves=31
num_cat=0
split_feature=114 103 93 80 11 127 24 48 12 17 31 108 114 65 99 135 62 108 44 46 96 124 50 77 42 110 15 68 19 23
split_gain=2.66233e+06 3.35328e+06 2.97646e+06 4.53987e+06 3.75893e+06 2.39362e+06 2.63807e+06 3.79943e+06 2.83778e+06 2.44826e+06 2.16942e+06 3.44893e+06 2.39383e+06 2.08486e+06 2.02599e+06 1.93834e+06 2.77758e+06 1.92901e+06 3.56139e+06 2.29879e+06 1.90653e+06 2.15886e+06 2.04516e+06 2.00024e+06 1.8976e+06 2.87102e+06 2.18574e+06 2.00116e+06 1.76792e+06 1.74403e+06
threshold=463.75000000000006 1045.2505493164065 -739.74999999999989 320.75000000000006 4701.2824707031259 982.75000000000011 2823.7500000000005 2825.1052246093755 476.75883483886724 1397.7500000000002 600.25000000000011 -963.24999999999989 -286.74999999999994 130.25000000000003 -691.99999999999989 38.750000000000007 3426.820190429688 -167.74999999999997 -2074.2499999999995 -3275.912475585937 598.99819946289074 560.00579833984386 2782.0000000000005 639.75000000000011 1241.2500000000002 444.00724792480474 1809.5000000000002 491.92401123046881 598.99819946289074 365.25000000000006
decision_type=2 2 2 2 2 2 2 2 2 2 2 2 2 2 2 2 2 2 2 2 2 2 2 2 2 2 2 2 2 2
left_child=2 15 3 4 10 6 7 17 -8 -7 13 -12 14 -1 -13 20 -17 24 -19 -20 21 22 -2 -22 25 -4 27 29 -16 -27
right_child=1 -3 5 -5 -6 9 8 -9 -10 -11 11 12 -14 -15 28 16 -18 18 19 -21 23 -23 -24 -25 -26 26 -28 -29 -30 -31
leaf_value=-0.89965646594488669 -2.9724330715316629 18.594492435455322 0.8978183009499503 -19.279222421085137 20.167285233452208 2.1257882777282169 4.4573634600639345 20.280778437852859 -19.152396599905831 17.632359266281128 -26.32402214050293 -14.832071875958215 -19.815291868448259 15.28604022026062 -1.6566586502014644 -0.92051205730927088 15.950170392513275 -19.192488078276316 -10.83690069889029 0.12482796463734339 -24.371848551432294 13.243082666397095 -18.785728291102821 -6.2770893301282618 -5.3371923503008762 10.78844949710057 20.096702753413808 1.7416023691722327 15.095117578052339 0.21841183889586971
leaf_weight=3805 776 20 4805 34 21 70 20 24 35 40 20 21 20 20 63 1012 25 24 48 13345 21 20 21 56 110 148 22 350 21 53
leaf_count=3805 776 20 4805 34 21 70 20 24 35 40 20 21 20 20 63 1012 25 24 48 13345 21 20 21 56 110 148 22 350 21 53
internal_value=-3.08875e-08 -1.7737 0.149681 -1.08598 -0.930992 0.410159 0.367545 0.399316 -10.567 7.76454 -1.0426 -7.04574 -3.96121 -0.815025 -0.941386 -1.98466 -0.513794 0.374077 0.0510575 0.0855415 -3.6908 -2.98194 -3.38909 -11.212 1.16379 1.29676 4.64215 4.02509 2.53129 8.00133
internal_weight=25070 1951 23119 4025 3991 19094 18984 18929 55 110 3970 145 125 3825 105 1931 1037 18905 13417 13393 894 817 797 77 5488 5378 573 551 84 201
internal_count=25070 1951 23119 4025 3991 19094 18984 18929 55 110 3970 145 125 3825 105 1931 1037 18905 13417 13393 894 817 797 77 5488 5378 573 551 84 201
is_linear=0
shrinkage=0.05


Tree=4
num_leaves=31
num_cat=0
split_feature=82 37 117 120 106 105 20 134 114 86 127 1 100 107 142 120 142 136 6 121 121 27 40 138 103 27 6 4 44 63
split_gain=2.54404e+06 1.15393e+07 7.5095e+06 4.71734e+06 6.21426e+06 4.70001e+06 3.87823e+06 3.57696e+06 2.70446e+06 2.46961e+06 2.39837e+06 2.35438e+06 2.16575e+06 2.61551e+06 1.89467e+06 1.68181e+06 2.62454e+06 2.23927e+06 2.18739e+06 1.57359e+06 1.92784e+06 1.54594e+06 6.3294e+06 6.58271e+06 2.83908e+06 3.5814e+06 3.24475e+06 2.12928e+06 1.50465e+06 2.34047e+06
threshold=1045.2505493164065 -2503.7499999999995 879.99746704101574 1479.7500000000002 1138.0000000000002 402.75000000000006 80.747730255126967 220.25000000000003 463.75000000000006 -884.24999999999989 982.75000000000011 1681.7500000000002 634.75000000000011 -114.74999999999999 -62.749999999999993 1608.7500000000002 -499.24999999999994 473.25000000000006 1475.9356079101565 43.250000000000007 132.25000000000003 2519.9526367187505 588.47909545898449 674.41351318359386 696.40509033203136 309.14047241210943 1621.309509277344 274.78999328613287 -279.74999999999994 302.75000000000006
decision_type=2 2 2 2 2 2 2 2 2 2 2 2 2 2 2 2 2 2 2 2 2 2 2 2 2 2 2 2 2 2
left_child=2 -2 8 4 7 6 -3 -4 9 11 21 28 13 -12 15 16 -10 18 -17 -16 -21 24 23 -23 -11 27 -27 -26 -1 -30
right_child=1 5 3 -5 -6 -7 -8 -9 14 10 12 -13 -14 -15 19 17 -18 -19 -20 20 -22 22 -24 -25 25 26 -28 -29 29 -31
leaf_value=-1.3012241567564324 -23.848820390010424 -9.0416694068908701 -24.143193096584746 5.4174253940582275 -43.900975768566134 33.551260423660281 19.786250938688006 1.5939504340842918 -15.571069230919793 0.34419779017699736 17.672970541318261 -12.914010120573501 21.600238125220589 -2.3435312757305069 13.471275793987772 9.3536010246276859 -2.8579627038274773 13.89530124646776 -9.791531919788671 -15.115864459648728 0.70564856434226497 5.0874232149615732 23.676818198627899 -26.416481919288636 -8.6157628019650776 -26.292863452795782 -3.9476095914840701 11.679902592727117 4.91308057161576 -12.327921242063695
leaf_weight=2772 22 20 27 24 20 28 28 27 42 19571 24 42 23 51 23 25 1215 34 37 20 516 97 36 20 24 33 32 28 187 22
leaf_count=2772 22 20 27 24 20 28 28 27 42 19571 24 42 23 51 23 25 1215 34 37 20 516 97 36 20 24 33 32 28 187 22
internal_value=4.79634e-08 8.04023 -0.031553 -13.8452 -20.0926 17.2713 7.77462 -11.2746 0.0228708 0.173315 0.37522 -1.1584 8.17793 4.06175 -1.78388 -2.79558 -3.28274 3.58327 -2.07172 0.664824 0.115294 0.336681 5.34324 -0.29786 0.297774 -7.46777 -15.2921 2.31267 -0.992775 3.09824
internal_weight=25070 98 24972 98 74 76 48 54 24874 22962 19939 3023 98 75 1912 1353 1257 96 62 559 536 19841 153 117 19688 117 65 52 2981 209
internal_count=25070 98 24972 98 74 76 48 54 24874 22962 19939 3023 98 75 1912 1353 1257 96 62 559 536 19841 153 117 19688 117 65 52 2981 209
is_linear=0
shrinkage=0.05


Tree=5
num_leaves=31
num_cat=0
split_feature=114 127 92 131 19 120 93 117 70 6 92 135 63 11 117 122 120 89 114 5 79 99 142 65 106 15 9 44 141 121
split_gain=2.30325e+06 3.74434e+06 3.08351e+06 3.87986e+06 3.84407e+06 3.8208e+06 2.69665e+06 2.67966e+06 2.63943e+06 3.90658e+06 2.60243e+06 2.17752e+06 2.10268e+06 2.82865e+06 4.37203e+06 1.94627e+06 2.19074e+06 1.7661e+06 4.63785e+06 2.95129e+06 1.79826e+06 2.70379e+06 1.68394e+06 1.60885e+06 1.60462e+06 1.8401e+06 5.3731e+06 2.21657e+06 1.58709e+06 1.67859e+06
threshold=257.75000000000006 790.25000000000011 2650.0000000000005 636.49594116210949 724.36727905273449 1479.7500000000002 -967.24999999999989 500.19013977050787 2280.0000000000005 3261.934692382813 1355.2500000000002 -371.24999999999994 662.75000000000011 4051.777465820313 879.99746704101574 909.00000000000011 843.75000000000011 696.40509033203136 -565.74999999999989 879.99746704101574 -145.74999999999997 515.75000000000011 -92.249999999999986 254.25000000000003 321.25000000000006 486.75000000000006 58.750000000000007 -271.74999999999994 166.75000000000003 47.750000000000007
decision_type=2 2 2 2 2 2 2 2 2 2 2 2 2 2 2 2 2 2 2 2 2 2 2 2 2 2 2 2 2 2
left_child=1 6 4 -4 11 10 12 -3 9 17 -6 -2 13 14 22 16 -9 -8 19 -19 21 -20 24 -22 25 27 -27 -1 -13 -30
right_child=2 7 3 -5 5 -7 8 15 -10 -11 -12 28 -14 -15 -16 -17 -18 18 20 -21 23 -23 -24 -25 -26 26 -28 -29 29 -31
leaf_value=-2.0213571612226224 -6.5271298212566595 0.6315653784055878 -2.7467099395958154 19.855529389014613 -11.236482090950012 2.4003210098454448 0.36504119938086704 9.4182573161908056 -13.800002271478826 16.161293386801695 -32.972729923043936 -2.2923494927975936 -14.681111660003664 13.642239355271863 -20.851790546548781 -1.243305810292562 25.157051502574575 -1.9844734977273379 -8.9096704183306024 22.221256155967712 6.7964067077636718 -31.955316367149351 1.9318287259525999 -11.511426916122439 10.163563428101718 -31.671542882919312 -3.5174333780735463 7.7769798950850975 4.8165064164363978 -0.41341540710851521
leaf_weight=1518 174 103 37 39 40 33 18571 67 33 39 21 1182 30 31 29 24 33 34 35 20 20 20 337 30 27 20 111 60 165 2187
leaf_count=1518 174 103 37 39 40 33 18571 67 33 39 21 1182 30 31 29 24 33 34 35 20 20 20 337 30 27 20 111 60 165 2187
internal_value=-4.36532e-08 0.205013 -1.12033 8.85181 -1.31967 -11.3051 0.135856 6.59215 0.328192 0.353032 -18.7195 -1.06653 -1.53604 -1.35116 -1.57228 11.5433 14.6121 0.320116 -4.92708 6.98061 -11.051 -17.2899 -1.30257 -4.18829 -1.93044 -2.12151 -7.81577 -1.6488 -0.797672 -0.0465204
internal_weight=25070 21192 3878 76 3802 94 20965 227 18802 18769 61 3708 2163 2133 2102 124 100 18730 159 54 105 55 2073 50 1736 1709 131 1578 3534 2352
internal_count=25070 21192 3878 76 3802 94 20965 227 18802 18769 61 3708 2163 2133 2102 124 100 18730 159 54 105 55 2073 50 1736 1709 131 1578 3534 2352
is_linear=0
shrinkage=0.05


Tree=6
num_leaves=31
num_cat=0
split_feature=82 37 117 105 127 31 66 20 114 91 73 71 113 66 20 145 135 138 12 26 6 82 89 29 27 5 86 64 51 29
split_gain=2.24449e+06 1.01919e+07 6.62475e+06 4.16843e+06 4.14638e+06 4.44939e+06 3.34639e+06 3.28729e+06 2.29276e+06 2.14748e+06 2.72919e+06 2.65419e+06 1.88367e+06 1.82242e+06 2.03674e+06 1.94814e+06 1.5612e+06 3.83202e+06 2.61352e+06 3.41254e+06 2.50932e+06 2.43404e+06 2.37728e+06 3.05387e+06 2.72718e+06 2.49505e+06 2.38259e+06 1.96079e+06 2.62387e+06 2.40205e+06
threshold=1045.2505493164065 -2503.7499999999995 879.99746704101574 402.75000000000006 681.25000000000011 737.75000000000011 1634.0000000000002 80.747730255126967 423.25000000000006 -721.74999999999989 -16.249999999999996 242.75000000000003 1422.7500000000002 -1321.4999999999998 -2333.882202148437 512.03503417968761 -371.24999999999994 696.40509033203136 518.72827148437511 530.86532592773449 725.78320312500011 537.80807495117199 467.49603271484381 3038.0000000000005 2519.9526367187505 469.80149841308599 1359.2500000000002 2349.7500000000005 1024.2500000000002 738.75000000000011
decision_type=2 2 2 2 2 2 2 2 2 2 2 2 2 2 2 2 2 2 2 2 2 2 2 2 2 2 2 2 2 2
left_child=2 -2 8 7 5 -4 -6 -3 9 10 11 -1 13 -11 15 -15 -10 18 22 20 -20 -21 23 24 -18 26 -24 28 29 -23
right_child=1 3 4 -5 6 -7 -8 -9 16 12 -12 -13 -14 14 -16 -17 17 -19 19 21 -22 27 25 -25 -26 -27 -28 -29 -30 -31
leaf_value=-1.1523248664632577 -22.417540473829618 -8.1982122039794927 -9.3791935205459591 31.559209820202422 13.759798374176027 -37.531415199279785 -14.817809559050062 18.342667405945914 -6.8807128315791495 6.2585654001018796 -16.955013434975239 13.114150716319228 14.351111745834352 -2.8792879203955337 0.32611652478881109 -21.45299520969391 -1.400961350653235 14.334106106788685 -6.1770363439684335 7.5529423570632934 -28.8493313569289 -13.142886744988594 -5.4625850389923976 -20.779624432474378 13.813979915777843 13.617902711459571 14.595402584075927 6.2999523849487309 -20.136666604634879 4.2067229259581795
leaf_weight=2700 22 20 32 28 20 25 21 28 128 129 27 33 24 48 19700 20 1612 39 23 40 26 38 57 20 30 56 20 25 37 42
leaf_count=2700 22 20 32 28 20 25 21 28 128 129 27 33 24 48 19700 20 1612 39 23 40 26 38 57 20 30 56 20 25 37 42
internal_value=-7.40178e-08 7.55207 -0.0296374 16.2275 -13.0041 -21.7267 -0.877513 7.28397 0.02148 0.170747 -1.13634 -0.980062 0.35184 0.334954 0.296299 -8.34214 -1.52231 -1.19017 -1.489 -6.49499 -18.2072 -3.34169 -0.84478 -1.35952 -1.12298 5.58754 -0.252718 -6.4106 -9.12653 -4.03434
internal_weight=25070 98 24972 76 98 57 41 48 24874 22681 2760 2733 19921 19897 19768 68 2193 2065 2026 231 49 182 1795 1662 1642 133 77 142 117 80
internal_count=25070 98 24972 76 98 57 41 48 24874 22681 2760 2733 19921 19897 19768 68 2193 2065 2026 231 49 182 1795 1662 1642 133 77 142 117 80
is_linear=0
shrinkage=0.05


Tree=7
num_leaves=31
num_cat=0
split_feature=82 37 117 120 106 105 141 20 114 97 40 33 142 96 127 42 53 75 1 65 120 141 128 0 91 12 97 114 120 50
split_gain=2.02566e+06 9.19823e+06 5.97884e+06 3.8326e+06 5.39426e+06 3.76201e+06 3.25185e+06 2.96678e+06 2.09412e+06 2.26855e+06 4.41992e+06 5.18425e+06 1.91877e+06 1.86576e+06 3.01463e+06 5.05095e+06 3.80001e+06 2.60451e+06 3.36994e+06 2.90856e+06 2.41953e+06 2.41067e+06 2.1709e+06 2.09406e+06 2.08222e+06 3.50764e+06 2.04607e+06 2.03717e+06 2.80843e+06 2.6765e+06
threshold=1045.2505493164065 -2503.7499999999995 879.99746704101574 1479.7500000000002 1138.0000000000002 402.75000000000006 400.25000000000006 80.747730255126967 567.25000000000011 1905.2769775390627 588.47909545898449 464.46438598632818 -62.749999999999993 598.99819946289074 229.25000000000003 1187.7500000000002 -876.80249023437489 545.15829467773449 1286.2500000000002 -1621.7499999999998 -397.74999999999994 203.75000000000003 -193.74999999999997 -1543.4999999999998 -721.74999999999989 523.98001098632824 -751.58074951171864 -417.24999999999994 -225.74999999999997 -259.74999999999994
decision_type=2 2 2 2 2 2 2 2 2 2 2 2 2 2 2 2 2 2 2 2 2 2 2 2 2 2 2 2 2 2
left_child=2 -2 8 4 6 7 -4 -3 9 13 11 -11 -10 17 15 16 20 24 19 23 -15 -17 -16 -19 25 -1 -27 28 29 -18
right_child=1 5 3 -5 -6 -7 -8 -9 12 10 -12 -13 -14 14 22 21 27 18 -20 -21 -22 -23 -24 -25 -26 26 -28 -29 -30 -31
leaf_value=-0.93026485909420453 -21.296663544394754 -7.7883017730712893 -22.502378052931565 5.0087020476659143 -40.167026157379155 29.98124964577811 2.054135424750192 17.425533742564067 -3.0640836276755885 9.5773898386436951 21.275400151433175 -13.046739017963411 1.1403973515759758 -28.221084013439363 7.5733369869845255 -29.29521621743838 -11.292169713039025 5.3681950948676285 11.734621851956383 -0.08714707689233589 -7.2625481344759466 -6.8848764801025402 -1.4364900458367571 24.239662179492768 0.2573040784092398 -6.8281084706233104 -24.780138079325358 -7.3719890884864032 9.3780465313150909 4.8286023066594055
leaf_weight=2343 22 20 26 24 20 28 28 28 975 69 37 40 376 21 91 30 51 49 103 369 40 20 252 21 19692 65 21 78 79 52
leaf_count=2343 22 20 26 24 20 28 28 28 975 69 37 40 376 21 91 30 51 49 103 369 40 20 252 21 19692 65 21 78 79 52
internal_value=-4.37672e-08 7.17446 -0.0281555 -12.3539 -17.985 15.4161 -9.76937 6.91977 0.020406 0.130352 6.34356 1.27496 -1.89392 0.0915477 -2.42505 -5.54895 -3.24644 0.170833 3.59517 1.68546 -14.4778 -20.3311 0.953872 11.0296 0.0869315 -1.29429 -11.2117 -0.611395 2.286 -3.15353
internal_weight=25070 98 24972 98 74 76 54 48 24874 23523 146 109 1351 23377 714 371 321 22663 542 439 61 50 343 70 22121 2429 86 260 182 103
internal_count=25070 98 24972 98 74 76 54 48 24874 23523 146 109 1351 23377 714 371 321 22663 542 439 61 50 343 70 22121 2429 86 260 182 103
is_linear=0
shrinkage=0.05


Tree=8
num_leaves=31
num_cat=0
split_feature=142 145 114 57 0 92 131 117 127 96 123 49 85 85 100 127 128 121 126 80 2 135 122 68 136 94 131 12 117 5
split_gain=1.96665e+06 2.74589e+06 2.4079e+06 3.52926e+06 3.56207e+06 3.1997e+06 3.52798e+06 3.14782e+06 2.81666e+06 2.94139e+06 3.19918e+06 2.38122e+06 3.97565e+06 3.36595e+06 2.28779e+06 2.2016e+06 4.23022e+06 3.35819e+06 2.13045e+06 1.98131e+06 2.08054e+06 1.9719e+06 1.82006e+06 2.01477e+06 1.83806e+06 2.09753e+06 1.7469e+06 2.37811e+06 1.92848e+06 2.03152e+06
threshold=-30.249999999999996 674.41351318359386 257.75000000000006 3167.5000000000005 3882.5000000000005 2650.0000000000005 636.49594116210949 879.99746704101574 790.25000000000011 636.49594116210949 -387.84249877929682 1768.7500000000002 985.25000000000011 564.75000000000011 504.25000000000006 229.25000000000003 -184.74999999999997 -357.74999999999994 -380.74999999999994 -47.249999999999993 -848.24999999999989 -371.24999999999994 -217.74999999999997 696.40509033203136 -546.24999999999989 -509.74999999999994 696.40509033203136 724.36727905273449 636.49594116210949 578.96932983398449
decision_type=2 2 2 2 2 2 2 2 2 2 2 2 2 2 2 2 2 2 2 2 2 2 2 2 2 2 2 2 2 2
left_child=2 -2 3 4 8 7 -7 21 9 -1 18 12 13 15 19 17 -17 22 -11 20 -10 -4 23 -12 -25 -26 27 28 29 -23
right_child=1 -3 5 -5 -6 6 -8 -9 14 10 11 -13 -14 -15 -16 16 -18 -19 -20 -21 -22 26 -24 24 25 -27 -28 -29 -30 -31
leaf_value=0.10613585084679958 1.1592790206598824 17.191563613326462 -6.4910353222942874 -20.925731887817385 20.670306087675552 -2.5458142974159936 20.087564754486085 -17.47465037684287 -0.91175196426255367 -23.072957561910155 -11.370782004011438 -14.009989477458754 13.242910876057365 -15.304080629348755 21.253341790220958 13.554391778101687 -6.6540647141138711 -19.083142625131917 -6.1174511115659369 -0.80519280677200644 16.111453607559206 -1.2387460253171256 13.052080336809158 -10.910994661422004 -0.65866890308019288 19.438999447822571 9.7884243726730347 -14.639963358098811 -12.982521758360022 6.4328498797470264
leaf_weight=18542 2465 27 184 20 21 33 36 31 28 32 47 38 44 46 22 61 45 31 44 93 50 2840 20 21 37 20 36 33 34 89
leaf_count=18542 2465 27 184 20 21 33 36 31 28 32 47 38 44 46 22 61 45 31 44 93 50 2840 20 21 37 20 36 33 34 89
internal_value=1.89068e-08 1.33298 -0.147125 0.0671159 0.0889357 -1.39161 9.26291 -1.61802 0.0664494 0.00549138 -3.83432 -2.08775 -0.869889 -2.76307 6.07634 -0.717373 4.97533 -4.14593 -13.2566 4.12375 10.0006 -1.46518 -0.952461 -3.19319 1.73434 6.39314 -1.16018 -1.29174 -1.14307 -1.00564
internal_weight=25070 2492 22578 19262 19242 3316 69 3247 19221 19028 486 410 372 328 193 282 106 176 76 171 78 3216 145 125 78 57 3032 2996 2963 2929
internal_count=25070 2492 22578 19262 19242 3316 69 3247 19221 19028 486 410 372 328 193 282 106 176 76 171 78 3216 145 125 78 57 3032 2996 2963 2929
is_linear=0
shrinkage=0.05


Tree=9
num_leaves=31
num_cat=0
split_feature=82 37 117 127 31 105 66 91 114 141 29 113 114 12 116 6 124 44 96 47 115 53 121 96 117 38 68 43 4 123
split_gain=1.831e+06 8.12401e+06 5.2486e+06 3.44333e+06 3.91437e+06 3.39998e+06 3.0585e+06 2.73165e+06 1.81426e+06 1.87684e+06 2.80484e+06 2.09385e+06 2.07905e+06 1.5176e+06 3.78249e+06 3.03414e+06 2.74262e+06 2.25934e+06 2.20984e+06 2.63126e+06 1.80866e+06 1.46092e+06 2.62716e+06 2.33728e+06 1.99428e+06 2.27303e+06 1.9588e+06 2.15714e+06 1.77074e+06 1.50674e+06
threshold=1045.2505493164065 -2503.7499999999995 879.99746704101574 681.25000000000011 737.75000000000011 402.75000000000006 1634.0000000000002 -471.74999999999994 423.25000000000006 50.250000000000007 1225.2500000000002 1422.7500000000002 -1546.4999999999998 775.33657836914074 1583.1400146484377 1055.0736083984377 775.33657836914074 -634.24999999999989 724.36727905273449 696.40509033203136 789.75000000000011 -2047.532531738281 -1411.2499999999998 611.19790649414074 505.92158508300787 -2012.2499999999998 512.03503417968761 -1429.2499999999998 -2900.589965820312 -3099.4999999999995
decision_type=2 2 2 2 2 2 2 2 2 2 2 2 2 2 2 2 2 2 2 2 2 2 2 2 2 2 2 2 2 2
left_child=2 -2 8 4 -4 7 -5 -3 9 10 12 13 -1 16 -15 -16 18 -18 20 -20 21 22 -11 24 25 -24 28 -28 -26 -29
right_child=1 5 3 6 -6 -7 -8 -9 -10 11 -12 -13 -14 14 15 -17 17 -19 19 -21 -22 -23 23 -25 26 -27 27 29 -30 -31
leaf_value=-14.841710166931154 -19.935982623967259 16.57018072605133 -7.9427174627780914 13.469029998779298 -34.348142265319829 28.413082068307059 -13.851660419078101 -7.6239214134216313 -1.3545482892799585 11.227564269740407 -6.0298522355167439 15.455628867771317 -0.38070070262248934 -16.006572959017245 18.813815340995788 -6.8806614734508376 2.7619302255135998 24.628984905424574 -22.561716701673426 0.6549117400096014 11.145835158763788 0.49433007555673164 -12.961693265127099 -18.173493893941245 17.842771777591192 -1.6102571599143609 9.8042384907603264 -16.670849747007544 -0.069929018887606539 0.027778704507010324
leaf_weight=25 22 28 32 20 25 28 21 20 2193 41 239 23 4275 47 20 27 27 21 23 26 39 16565 46 21 37 1068 32 22 22 35
leaf_count=25 22 28 32 20 25 28 21 20 2193 41 239 23 4275 47 20 27 27 21 23 26 39 16565 46 21 37 1068 32 22 22 35
internal_value=-8.31181e-11 6.82103 -0.0267684 -11.5753 -19.524 14.5665 -0.524494 6.4893 0.0187309 0.151512 -0.757804 0.379016 -0.464776 0.359878 -5.97671 4.05316 0.392923 12.3288 0.361054 -10.2427 0.390035 0.366586 -1.23166 -1.62981 -1.35452 -2.07899 4.0986 -0.584841 11.1635 -6.41731
internal_weight=25070 98 24972 98 57 76 41 48 24874 22681 4539 18142 4300 18119 94 47 18025 48 17977 49 17928 17889 1324 1283 1262 1114 148 89 59 57
internal_count=25070 98 24972 98 57 76 41 48 24874 22681 4539 18142 4300 18119 94 47 18025 48 17977 49 17928 17889 1324 1283 1262 1114 148 89 59 57
is_linear=0
shrinkage=0.05


Tree=10
num_leaves=31
num_cat=0
split_feature=106 82 38 121 110 2 110 129 4 4 66 145 114 75 10 129 66 15 11 30 5 19 135 138 12 33 96 64 51 64
split_gain=1.77743e+06 3.18815e+06 5.74112e+06 3.83925e+06 3.13758e+06 5.71015e+06 2.74399e+06 2.66382e+06 2.57087e+06 3.59484e+06 3.07607e+06 2.02014e+06 1.98836e+06 1.91361e+06 1.91193e+06 1.48771e+06 1.47187e+06 1.47154e+06 1.5786e+06 2.00333e+06 1.80552e+06 1.69129e+06 1.45052e+06 2.34028e+06 2.62869e+06 3.59168e+06 2.38515e+06 3.62314e+06 2.84815e+06 2.342e+06
threshold=-517.74999999999989 1045.2505493164065 -552.24999999999989 -501.74999999999994 879.99746704101574 2808.7500000000005 578.96932983398449 -166.24999999999997 2642.9250488281255 988.70248413085949 -1172.2499999999998 879.99746704101574 423.25000000000006 552.32839965820324 -1976.7499999999998 -757.24999999999989 -1497.2499999999998 -1958.4999999999998 48.380001068115241 179.75000000000003 500.19013977050787 452.66287231445318 -324.74999999999994 696.40509033203136 518.72827148437511 537.80807495117199 530.86532592773449 2349.7500000000005 1024.2500000000002 1389.2500000000002
decision_type=2 2 2 2 2 2 2 2 2 2 2 2 2 2 2 2 2 2 2 2 2 2 2 2 2 2 2 2 2 2
left_child=6 4 -3 -4 11 7 13 -6 9 10 14 12 -2 17 -8 -10 -15 -1 19 21 -20 -19 -14 24 -24 29 -27 28 -28 -26
right_child=1 2 3 -5 5 -7 8 -9 15 -11 -12 -13 22 16 -16 -17 -18 18 20 -21 -22 -23 23 -25 25 26 27 -29 -30 -31
leaf_value=-6.9896873100131165 0.261320650490521 -12.004017839431762 33.056169289809013 5.6137935256958009 -17.206555489301682 -32.123543977737427 -5.2716810561143435 4.8009774944999002 -8.4287122045244498 -24.317823090424412 4.0776812178748001 16.008163871765138 -6.0024809142211817 18.565167095547633 -25.299245678294792 8.6983079433441173 2.2184696370363235 -0.38719906778590768 -2.5709286041918644 -14.515864231275476 -15.159269160224547 5.0450478767206572 -0.54600463131351162 11.84792372090476 -8.1948583180563794 8.7416060035293182 -3.8719564199447634 12.793291204625911 -21.430909229727355 -28.005909567612868
leaf_weight=102 20784 20 26 25 20 21 26 44 21 37 42 20 154 21 22 32 40 1009 351 23 31 167 1771 35 35 37 72 22 34 26
leaf_count=102 20784 20 26 25 20 21 26 44 21 37 42 20 154 21 22 32 40 1009 351 23 31 167 1771 35 35 37 72 22 34 26
internal_value=2.28353e-08 0.121382 10.7004 19.604 0.0888311 -9.49979 -1.46024 -2.07638 -7.33778 -11.198 -5.80427 0.124283 0.110453 -0.853612 -14.451 1.91213 7.84602 -1.16893 -0.793396 0.0983939 -3.5925 0.384217 -1.32397 -0.969395 -1.19403 -6.27218 -2.43964 -5.67171 -9.50407 -16.6389
internal_weight=25070 23146 71 51 23075 85 1924 64 180 127 90 22990 22970 1744 48 53 61 1683 1581 1199 382 1176 2186 2032 1997 226 165 128 106 61
internal_count=25070 23146 71 51 23075 85 1924 64 180 127 90 22990 22970 1744 48 53 61 1683 1581 1199 382 1176 2186 2032 1997 226 165 128 106 61
is_linear=0
shrinkage=0.05


Tree=11
num_leaves=31
num_cat=0
split_feature=142 145 74 52 86 89 141 127 106 80 134 105 31 18 60 137 114 0 47 114 75 136 99 121 120 44 133 126 117 49
split_gain=1.74807e+06 2.37012e+06 2.05214e+06 5.59099e+06 5.76718e+06 3.82031e+06 3.44092e+06 3.14752e+06 2.96133e+06 5.25519e+06 3.98076e+06 2.99343e+06 2.98786e+06 3.10418e+06 2.88699e+06 2.5526e+06 2.51157e+06 2.78722e+06 2.43852e+06 2.23892e+06 2.78538e+06 2.51047e+06 2.07906e+06 2.07651e+06 2.03055e+06 2.0663e+06 2.02576e+06 1.9364e+06 1.92212e+06 1.85317e+06
threshold=-30.249999999999996 674.41351318359386 3937.1674804687505 1432.2500000000002 172.75000000000003 598.99819946289074 375.25000000000006 382.25000000000006 970.25000000000011 769.25000000000011 722.75000000000011 -841.24999999999989 737.75000000000011 3477.025024414063 3468.6274414062505 4515.6274414062509 -197.74999999999997 -1824.7499999999998 1045.2505493164065 613.00000000000011 545.15829467773449 450.25000000000006 132.25000000000003 840.50000000000011 -359.24999999999994 -2074.2499999999995 332.25000000000006 -964.49999999999989 636.49594116210949 -1429.2499999999998
decision_type=2 2 2 2 2 2 2 2 2 2 2 2 2 2 2 2 2 2 2 2 2 2 2 2 2 2 2 2 2 2
left_child=2 -2 5 6 -5 19 -4 -6 11 10 -10 12 13 24 28 26 18 -18 -13 20 -1 29 -19 -17 27 -26 -9 -7 -11 -22
right_child=1 -3 3 4 7 8 -8 15 9 14 -12 16 -14 -15 -16 23 17 22 -20 -21 21 -23 -24 -25 25 -27 -28 -29 -30 -31
leaf_value=-0.050688918225912608 1.0953446819544082 15.990299005861637 5.6116884274408223 -24.854598161448607 -11.366824597662145 -5.7945900917053228 23.77531909509139 12.020339574813844 -30.791518030411158 -9.0594387439581077 -3.3548114728927616 1.439725616422235 -23.846591930389408 13.156581935882569 -18.976688130696616 25.596139474537065 -22.305780544281006 -15.386526846002651 19.482753181457522 -2.5650650153158012 9.8681191005813886 19.482729196548462 -0.31482759014765427 5.1516370314138911 11.859814186096193 -8.3940954993752879 -7.6390935546473457 -22.812116032838823 7.7013927884101863 1.5386904611667196
leaf_weight=20107 2465 27 64 23 33 35 44 20 39 26 20 294 25 20 21 23 20 27 20 858 80 24 150 27 20 34 38 32 50 404
leaf_count=20107 2465 27 64 23 33 35 44 20 39 26 20 294 25 20 21 23 20 27 20 858 80 24 150 27 20 34 38 32 50 404
internal_value=3.51761e-08 1.25673 -0.138709 4.17804 -1.63923 -0.191347 13.0117 2.14767 -3.5136 -9.72405 -21.4909 -2.08253 -7.91587 -5.09127 -2.56687 6.2771 -0.187557 -4.61308 2.58896 -0.0624674 0.0416912 3.69816 -2.6139 14.5561 -8.10745 -0.892647 -0.859979 -13.9224 1.96742 2.91546
internal_weight=25070 2492 22578 272 164 22306 108 141 833 156 59 677 166 141 97 108 511 197 314 21473 20615 508 177 50 121 54 58 67 76 484
internal_count=25070 2492 22578 272 164 22306 108 141 833 156 59 677 166 141 97 108 511 197 314 21473 20615 508 177 50 121 54 58 67 76 484
is_linear=0
shrinkage=0.05


Tree=12
num_leaves=31
num_cat=0
split_feature=0 82 124 105 20 106 19 16 65 51 44 131 75 110 145 114 96 110 114 115 114 141 29 6 113 127 115 142 70 86
split_gain=1.63562e+06 3.33535e+06 6.84301e+06 4.09516e+06 3.12747e+06 2.86978e+06 1.87282e+06 2.93778e+06 3.47057e+06 4.10664e+06 2.64485e+06 1.51327e+06 1.50057e+06 2.26873e+06 1.48707e+06 4.02636e+06 3.34495e+06 2.78077e+06 2.51525e+06 1.96164e+06 1.63598e+06 1.71261e+06 2.35165e+06 1.58985e+06 3.57599e+06 1.56639e+06 2.10536e+06 1.54581e+06 1.94138e+06 1.78793e+06
threshold=-2175.9999999999995 1045.2505493164065 1045.2505493164065 402.75000000000006 29.779231071472172 447.25000000000006 775.33657836914074 -1505.2499999999998 1702.7500000000002 1195.7500000000002 -538.24999999999989 724.36727905273449 611.19790649414074 545.15829467773449 724.36727905273449 -844.74999999999989 724.36727905273449 724.36727905273449 -385.74999999999994 420.25000000000006 567.25000000000011 50.250000000000007 1225.2500000000002 2512.5976562500005 997.75000000000011 78.750000000000014 40.250000000000007 -62.749999999999993 98.250000000000014 189.25000000000003
decision_type=2 2 2 2 2 2 2 2 2 2 2 2 2 2 2 2 2 2 2 2 2 2 2 2 2 2 2 2 2 2
left_child=5 2 6 4 -3 11 14 -8 9 10 -9 12 13 -1 16 -16 20 19 -19 -17 21 22 -2 -23 25 -25 -27 28 -22 -30
right_child=1 3 -4 -5 -6 -7 7 8 -10 -11 -12 -13 -14 -15 15 17 -18 18 -20 -21 27 23 -24 24 -26 26 -28 -29 29 -31
leaf_value=-3.8906548292735432 -0.42339355989721472 -11.850943071191962 -28.511523292178197 27.524360831578573 12.34318857052747 -18.044891872406009 9.3541130213901909 -22.659633037022182 10.67553832644508 -30.362984690458877 -2.6687824374590168 9.4313221013104478 -13.54511897524198 6.9933972251617309 -7.0953389520230505 -10.20818437576294 -14.973038688865868 32.367021641731263 10.251955262819926 11.202693972380267 7.5156495852903893 0.33775523810547015 -5.3753350469540422 -10.474486598514375 22.592689918518069 14.978667334949272 0.62920323899648722 1.0986673568767278 -13.574212042987348 -2.7567813255419988
leaf_weight=254 4274 22 21 24 34 30 29 21 21 23 78 27 30 59 46 20 37 20 36 23 44 18206 254 21 25 34 103 366 40 848
leaf_count=254 4274 22 21 24 34 30 29 21 21 23 78 27 30 59 46 20 37 20 36 23 44 18206 254 21 25 34 103 366 40 848
internal_value=2.5057e-08 0.0514257 0.0182651 10.2442 2.83835 -3.17168 0.0426505 -5.15646 -8.09916 -11.3309 -6.90927 -1.96574 -2.86288 -1.83903 0.0793045 5.12775 0.0491204 10.8072 18.1502 1.24415 0.0720739 0.169882 -0.701175 0.384366 5.02151 2.24126 4.19038 -1.65479 -2.73608 -3.24405
internal_weight=25070 24670 24590 80 56 400 24569 172 143 122 99 370 343 313 24397 145 24252 99 56 43 24215 22917 4528 18389 183 158 137 1298 932 888
internal_count=25070 24670 24590 80 56 400 24569 172 143 122 99 370 343 313 24397 145 24252 99 56 43 24215 22917 4528 18389 183 158 137 1298 932 888
is_linear=0
shrinkage=0.05


Tree=13
num_leaves=31
num_cat=0
split_feature=106 82 36 121 110 2 129 110 4 67 66 145 115 141 121 138 101 75 119 12 33 54 122 89 64 5 22 110 0 29
split_gain=1.55923e+06 2.49758e+06 4.89858e+06 3.5646e+06 2.63385e+06 4.83639e+06 2.33413e+06 2.25926e+06 2.19766e+06 3.16024e+06 2.71148e+06 1.74306e+06 1.65996e+06 2.41031e+06 2.47628e+06 1.81122e+06 1.92414e+06 1.59899e+06 1.46478e+06 1.4288e+06 5.55973e+06 2.98789e+06 2.83886e+06 2.558e+06 2.36416e+06 2.27667e+06 2.04359e+06 1.8863e+06 2.45911e+06 1.57514e+06
threshold=-517.74999999999989 1045.2505493164065 373.75000000000006 -501.74999999999994 879.99746704101574 2808.7500000000005 -166.24999999999997 578.96932983398449 2642.9250488281255 1146.362487792969 -1172.2499999999998 879.99746704101574 420.25000000000006 164.25000000000003 55.750000000000007 696.40509033203136 1069.7500000000002 552.32839965820324 -949.74999999999989 518.72827148437511 537.80807495117199 570.11660766601574 415.75000000000006 480.18733215332037 1325.2500000000002 461.08456420898443 3128.7500000000005 483.63320922851568 2444.7500000000005 2197.2500000000005
decision_type=2 2 2 2 2 2 2 2 2 2 2 2 2 2 2 2 2 2 2 2 2 2 2 2 2 2 2 2 2 2
left_child=7 4 -3 -4 11 6 -6 17 9 10 18 12 -2 -14 -15 19 -17 -1 -9 23 24 -22 -23 26 -21 29 27 28 -16 -25
right_child=1 2 3 -5 5 -7 -8 8 -10 -11 -12 -13 13 14 15 16 -18 -19 -20 20 21 22 -24 25 -26 -27 -28 -29 -30 -31
leaf_value=-1.1054654403077799 0.28911018115667481 -8.337874938964843 33.696665651148017 5.8330404957135524 -16.031465792655947 -29.521386004629591 4.5692103299227629 -7.0599146864630953 1.8513280796554854 -25.100784724099299 2.9892405582798851 14.871764488220215 -2.7560672291901351 5.6694058747264933 -0.5575758005437923 -1.7155101432800295 17.066360435287159 7.1351488392433673 -23.952133612263772 -8.2427463960647582 10.599658203767795 9.288222430092949 -6.8224263069152826 5.9721321432214038 -26.810801696777347 13.120705025123829 -14.306361779901716 -12.114960145950318 10.18195649103685 -10.606103909533957
leaf_weight=1683 19325 25 22 24 20 21 44 33 53 28 45 20 1160 179 1727 25 30 61 21 40 51 35 125 38 30 66 27 34 55 23
leaf_count=1683 19325 25 22 24 20 21 44 33 53 28 45 20 1160 179 1727 25 30 61 21 40 51 35 125 38 30 66 27 34 55 23
internal_value=-2.28149e-09 0.113688 9.47708 19.1591 0.0848771 -8.70039 -1.8685 -1.36768 -6.70088 -10.2699 -6.07531 0.117359 0.104512 -0.874189 0.00427397 -0.435474 8.52915 -0.817233 -13.6291 -0.654512 -3.98992 0.0609814 -3.29822 -0.178751 -16.2005 6.68478 -0.651713 -0.448697 -0.226109 -0.278678
internal_weight=25070 23146 71 46 23075 85 64 1924 180 127 99 22990 22970 3645 2485 2306 55 1744 54 2251 281 211 160 1970 70 127 1843 1816 1782 61
internal_count=25070 23146 71 46 23075 85 64 1924 180 127 99 22990 22970 3645 2485 2306 55 1744 54 2251 281 211 160 1970 70 127 1843 1816 1782 61
is_linear=0
shrinkage=0.05


Tree=14
num_leaves=31
num_cat=0
split_feature=142 145 74 52 86 110 54 141 127 114 110 137 136 139 104 6 0 78 73 18 9 113 100 27 121 114 70 99 79 141
split_gain=1.51942e+06 2.09976e+06 1.69935e+06 4.82288e+06 5.1058e+06 3.2579e+06 3.73451e+06 2.90795e+06 2.90401e+06 2.30702e+06 2.33012e+06 2.29751e+06 1.78431e+06 1.73143e+06 3.93116e+06 2.70729e+06 3.0724e+06 2.10646e+06 2.5574e+06 2.07128e+06 2.75349e+06 1.87416e+06 1.87055e+06 1.8422e+06 1.71911e+06 1.66609e+06 1.61652e+06 1.52668e+06 1.47533e+06 1.44216e+06
threshold=-30.249999999999996 674.41351318359386 3937.1674804687505 1432.2500000000002 172.75000000000003 653.59622192382824 578.96932983398449 375.25000000000006 382.25000000000006 593.75000000000011 598.99819946289074 4515.6274414062509 192.75000000000003 -945.45758056640614 -1003.154815673828 599.40771484375011 268.25000000000006 103.75000000000001 524.25000000000011 -14.260000228881834 58.750000000000007 513.25000000000011 791.75000000000011 -2499.384643554687 840.50000000000011 122.25000000000001 90.250000000000014 -1134.7499999999998 -250.74999999999997 39.250000000000007
decision_type=2 2 2 2 2 2 2 2 2 2 2 2 2 2 2 2 2 2 2 2 2 2 2 2 2 2 2 2 2 2
left_child=2 -2 5 7 -5 9 -7 -4 -6 29 26 12 -10 23 -15 19 21 -18 28 -16 -21 -17 -20 -8 -13 -9 -11 -25 -19 -1
right_child=1 -3 3 4 8 6 13 25 11 10 -12 24 -14 14 15 16 17 18 22 20 -22 -23 -24 27 -26 -27 -28 -29 -30 -31
leaf_value=-0.93070719794800072 1.0197563203829236 15.039460457475096 5.2005270380526785 -23.447693575983465 -11.022060107913886 -20.750553667545319 -6.6613639727882719 32.080662645612442 8.551536086753563 7.6479033702757313 -17.235322001347175 23.82516478870226 -9.0299651115171375 -20.561393883649043 -6.6439438099331332 -26.707679399962611 6.266470132872116 -7.4387159620012557 4.0714345971012822 2.2498431004496182 22.869531402587892 -6.6247995376586921 -13.970535125732424 1.3292804658412933 5.2231021510230171 12.601397950752922 -2.5026493051664609 20.865664176940921 -26.413742103576659 0.20467143529612097
leaf_weight=3328 2465 27 64 23 33 32 23 21 27 41 26 23 31 34 45 26 43 21 51 85 20 21 20 20 27 23 905 20 20 17525
leaf_count=3328 2465 27 64 23 33 32 23 21 27 41 26 23 31 34 45 26 43 21 51 85 20 21 20 20 27 23 905 20 20 17525
internal_value=2.79586e-08 1.17166 -0.129319 3.7989 -1.60402 -0.17722 -4.24758 12.0033 1.95913 -0.0875133 -2.46857 5.9256 -0.845473 -3.07142 -4.32579 -2.75758 -6.53623 -3.14063 -6.75228 2.331 6.1774 -17.7345 -1.01081 4.61409 13.7801 21.8983 -2.06272 11.0975 -16.6948 0.0234726
internal_weight=25070 2492 22578 272 164 22306 481 108 141 21825 972 108 58 449 386 352 202 155 112 150 105 47 71 63 50 44 946 40 41 20853
internal_count=25070 2492 22578 272 164 22306 481 108 141 21825 972 108 58 449 386 352 202 155 112 150 105 47 71 63 50 44 946 40 41 20853
is_linear=0
shrinkage=0.05


Tree=15
num_leaves=31
num_cat=0
split_feature=133 86 132 64 82 79 117 127 85 99 52 117 124 37 85 114 142 134 117 128 108 131 43 13 19 87 101 22 9 30
split_gain=1.44722e+06 2.50083e+06 2.76692e+06 4.29863e+06 2.28874e+06 4.56597e+06 3.32881e+06 3.70872e+06 2.44226e+06 2.00356e+06 1.66317e+06 4.02527e+06 3.87796e+06 1.9142e+06 1.90672e+06 1.72895e+06 1.99439e+06 1.6931e+06 3.42324e+06 1.64485e+06 2.01712e+06 1.38267e+06 1.35202e+06 1.3509e+06 2.36064e+06 2.12249e+06 2.79648e+06 1.46353e+06 1.38562e+06 2.10439e+06
threshold=-400.74999999999994 932.75000000000011 911.87719726562511 1746.0000000000002 1045.2505493164065 -100.74999999999999 879.99746704101574 681.25000000000011 -138.24999999999997 -20.749999999999996 2483.2500000000005 518.72827148437511 461.08456420898443 2945.0000000000005 2101.0000000000005 727.00000000000011 -85.749999999999986 295.75000000000006 387.31033325195318 -1164.2499999999998 -399.74999999999994 370.77702331542974 1301.7500000000002 2474.7209472656255 578.96932983398449 681.25000000000011 582.75000000000011 2810.2500000000005 1752.7500000000002 2095.7500000000005
decision_type=2 2 2 2 2 2 2 2 2 2 2 2 2 2 2 2 2 2 2 2 2 2 2 2 2 2 2 2 2 2
left_child=1 2 3 9 6 8 10 -8 -6 22 15 12 -12 14 -13 23 17 18 21 -11 -21 -17 -1 27 25 26 -25 -2 -27 -30
right_child=4 -3 -4 -5 5 -7 7 -9 -10 19 11 13 -14 -15 -16 16 -18 -19 -20 20 -22 -23 -24 24 -26 28 -28 -29 29 -31
leaf_value=-1.6442878814173345 0.14415148302026112 -15.125610215961935 16.597234184091743 -23.212321833047 11.335957319840141 28.667688451494492 -22.314734627859934 0.10505982423440004 -12.554314966201783 -11.619201996212915 9.3761548213958754 8.4660715012323298 -17.495814954823462 4.3344787328671188 29.096322363366681 -11.155302057266235 1.1839235050836578 -2.9964049180886048 -23.567994934320453 9.6383715362775888 0.95189295186908973 7.2141468910943907 -14.726510353088379 1.0811594561526652 15.084352698922158 18.310279604196548 -20.64929843902588 -11.2944048506873 -2.5452426890937652 15.281881965637206
leaf_weight=1578 21741 32 22 22 23 21 35 39 20 21 25 21 29 39 24 20 256 379 32 84 327 21 20 57 40 20 20 28 49 25
leaf_count=1578 21741 32 22 22 23 21 35 39 20 21 25 21 29 39 24 20 256 379 32 84 327 21 20 57 40 20 20 28 49 25
internal_value=6.37395e-09 -1.25445 -1.04043 -1.22953 0.115044 9.55722 0.0886558 -10.4989 0.224203 -0.991294 0.12298 5.59543 -5.05509 12.4422 19.4689 0.0896935 -2.34229 -4.33943 -11.3121 2.02984 2.72723 -1.74656 -1.80802 0.16803 4.14953 1.59167 -4.56312 0.129439 6.63336 3.47743
internal_weight=25070 2106 2074 2052 22964 64 22900 74 43 2030 22826 138 54 84 45 22688 708 452 73 432 411 41 1598 21980 211 171 77 21769 94 74
internal_count=25070 2106 2074 2052 22964 64 22900 74 43 2030 22826 138 54 84 45 22688 708 452 73 432 411 41 1598 21980 211 171 77 21769 94 74
is_linear=0
shrinkage=0.05


Tree=16
num_leaves=31
num_cat=0
split_feature=0 106 82 124 105 20 19 16 65 51 52 139 131 124 111 96 138 75 110 12 131 142 121 131 5 33 33 68 134 54
split_gain=1.38098e+06 2.49164e+06 2.43947e+06 5.41652e+06 3.30638e+06 2.57911e+06 1.61239e+06 2.63579e+06 2.93308e+06 3.65969e+06 2.37136e+06 1.85547e+06 1.39091e+06 1.28273e+06 2.24463e+06 1.46313e+06 1.49557e+06 1.2455e+06 2.069e+06 1.44528e+06 1.16554e+06 1.13415e+06 1.54505e+06 2.6636e+06 1.67168e+06 3.14539e+06 2.48583e+06 3.18876e+06 2.4842e+06 1.85057e+06
threshold=-2175.9999999999995 447.25000000000006 1045.2505493164065 1045.2505493164065 402.75000000000006 29.779231071472172 775.33657836914074 -1505.2499999999998 1702.7500000000002 1195.7500000000002 615.25000000000011 -99.105014801025376 724.36727905273449 775.33657836914074 912.07113647460949 724.36727905273449 696.40509033203136 611.19790649414074 545.15829467773449 491.92401123046881 483.63320922851568 -32.249999999999993 285.25000000000006 653.59622192382824 518.72827148437511 537.80807495117199 487.39910888671881 473.41499328613287 764.75000000000011 570.11660766601574
decision_type=2 2 2 2 2 2 2 2 2 2 2 2 2 2 2 2 2 2 2 2 2 2 2 2 2 2 2 2 2 2
left_child=1 12 3 6 5 -4 13 -8 9 10 11 -9 17 15 -15 21 -17 18 19 20 -1 22 -2 24 26 28 -24 -28 -26 -27
right_child=2 -3 4 -5 -6 -7 7 8 -10 -11 -12 -13 -14 14 -16 16 -18 -19 -20 -21 -22 -23 23 -25 25 29 27 -29 -30 -31
leaf_value=-4.1445843781400846 0.097895482343648213 -16.773051943778992 -11.229669354178689 -25.363645526341031 24.291339937845866 10.741232498954325 8.9610386517541158 -2.0110825276374817 9.6888807478405194 -28.508391065182895 3.4367327941091439 -19.742367937829762 9.135904753649676 0.17151863118435473 18.480667392107158 -19.015672221183777 -1.7844646552029779 -12.38285872856776 6.7166996479034431 -11.391744231204598 4.3164506388562067 1.0591548723435582 -1.459029877859586 11.337807500653151 -6.4063989858369572 6.8874770104885101 -7.5609271934399231 13.300302978454818 -26.146057626179289 -5.4363743102911748
leaf_weight=149 19428 30 22 21 24 34 29 25 21 23 38 36 27 47 26 20 34 30 59 49 56 2603 1902 41 37 44 26 62 28 99
leaf_count=149 19428 30 22 21 24 34 29 25 21 23 38 36 27 47 26 20 34 30 59 49 56 2603 1902 41 37 44 26 62 28 99
internal_value=2.33951e-08 -2.91435 0.0472534 0.0188938 8.76427 2.10981 0.0405892 -4.7835 -7.57086 -10.5418 -6.36774 -12.4754 -1.79067 0.0745993 6.69259 0.0547377 -8.16639 -2.65078 -1.71799 -3.67723 -1.83328 0.0730295 -0.0454403 -1.28918 -1.52471 -5.7898 -1.07891 7.13676 -14.9096 -1.64442
internal_weight=25070 400 24670 24590 80 56 24569 172 143 122 99 61 370 24397 73 24324 54 343 313 254 205 24270 21667 2239 2198 208 1990 88 65 143
internal_count=25070 400 24670 24590 80 56 24569 172 143 122 99 61 370 24397 73 24324 54 343 313 254 205 24270 21667 2239 2198 208 1990 88 65 143
is_linear=0
shrinkage=0.05


end of trees

feature_importances:
Column_114=24
Column_106=15
Column_117=14
Column_127=14
Column_110=12
Column_121=12
Column_96=11
Column_82=10
Column_131=10
Column_141=10
Column_142=10
Column_0=8
Column_6=8
Column_12=8
Column_19=8
Column_75=8
Column_120=8
Column_124=8
Column_135=8
Column_20=7
Column_86=7
Column_100=7
Column_103=7
Column_105=7
Column_138=7
Column_145=7
Column_4=6
Column_5=6
Column_44=6
Column_64=6
Column_65=6
Column_66=6
Column_89=6
Column_113=6
Column_27=5
Column_29=5
Column_33=5
Column_37=5
Column_99=5
Column_122=5
Column_134=5
Column_11=4
Column_18=4
Column_30=4
Column_31=4
Column_51=4
Column_52=4
Column_54=4
Column_68=4
Column_80=4
Column_85=4
Column_92=4
Column_108=4
Column_115=4
Column_136=4
Column_1=3
Column_2=3
Column_9=3
Column_15=3
Column_16=3
Column_40=3
Column_53=3
Column_62=3
Column_63=3
Column_70=3
Column_74=3
Column_77=3
Column_79=3
Column_91=3
Column_93=3
Column_119=3
Column_128=3
Column_129=3
Column_22=2
Column_34=2
Column_38=2
Column_42=2
Column_43=2
Column_45=2
Column_47=2
Column_49=2
Column_50=2
Column_67=2
Column_73=2
Column_97=2
Column_101=2
Column_107=2
Column_123=2
Column_126=2
Column_132=2
Column_133=2
Column_137=2
Column_139=2
Column_10=1
Column_13=1
Column_17=1
Column_23=1
Column_24=1
Column_26=1
Column_36=1
Column_46=1
Column_48=1
Column_57=1
Column_60=1
Column_61=1
Column_71=1
Column_78=1
Column_87=1
Column_94=1
Column_102=1
Column_104=1
Column_111=1
Column_112=1
Column_116=1
Column_125=1

parameters:
[boosting: gbdt]
[objective: regression]
[metric: l2]
[tree_learner: serial]
[device_type: cpu]
[data_sample_strategy: bagging]
[data: ]
[valid: ]
[num_iterations: 1000]
[learning_rate: 0.05]
[num_leaves: 31]
[num_threads: 0]
[seed: 42]
[deterministic: 1]
[force_col_wise: 0]
[force_row_wise: 0]
[histogram_pool_size: -1]
[max_depth: -1]
[min_data_in_leaf: 20]
[min_sum_hessian_in_leaf: 0.001]
[bagging_fraction: 1]
[pos_bagging_fraction: 1]
[neg_bagging_fraction: 1]
[bagging_freq: 0]
[bagging_seed: 400]
[bagging_by_query: 0]
[feature_fraction: 1]
[feature_fraction_bynode: 1]
[feature_fraction_seed: 30056]
[extra_trees: 0]
[extra_seed: 12879]
[early_stopping_round: 0]
[early_stopping_min_delta: 0]
[first_metric_only: 0]
[max_delta_step: 0]
[lambda_l1: 0]
[lambda_l2: 0]
[linear_lambda: 0]
[min_gain_to_split: 0]
[drop_rate: 0.1]
[max_drop: 50]
[skip_drop: 0.5]
[xgboost_dart_mode: 0]
[uniform_drop: 0]
[drop_seed: 17869]
[top_rate: 0.2]
[other_rate: 0.1]
[min_data_per_group: 100]
[max_cat_threshold: 32]
[cat_l2: 10]
[cat_smooth: 10]
[max_cat_to_onehot: 4]
[top_k: 20]
[monotone_constraints: ]
[monotone_constraints_method: basic]
[monotone_penalty: 0]
[feature_contri: ]
[forcedsplits_filename: ]
[refit_decay_rate: 0.9]
[cegb_tradeoff: 1]
[cegb_penalty_split: 0]
[cegb_penalty_feature_lazy: ]
[cegb_penalty_feature_coupled: ]
[path_smooth: 0]
[interaction_constraints: ]
[verbosity: -1]
[saved_feature_importance_type: 0]
[use_quantized_grad: 0]
[num_grad_quant_bins: 4]
[quant_train_renew_leaf: 0]
[stochastic_rounding: 1]
[linear_tree: 0]
[max_bin: 255]
[max_bin_by_feature: ]
[min_data_in_bin: 3]
[bin_construct_sample_cnt: 200000]
[data_random_seed: 175]
[is_enable_sparse: 1]
[enable_bundle: 1]
[use_missing: 1]
[zero_as_missing: 0]
[feature_pre_filter: 1]
[pre_partition: 0]
[two_round: 0]
[header: 0]
[label_column: ]
[weight_column: ]
[group_column: ]
[ignore_column: ]
[categorical_feature: ]
[forcedbins_filename: ]
[precise_float_parser: 0]
[parser_config_file: ]
[objective_seed: 16083]
[num_class: 1]
[is_unbalance: 0]
[scale_pos_weight: 1]
[sigmoid: 1]
[boost_from_average: 1]
[reg_sqrt: 0]
[alpha: 0.9]
[fair_c: 1]
[poisson_max_delta_step: 0.7]
[tweedie_variance_power: 1.5]
[lambdarank_truncation_level: 30]
[lambdarank_norm: 1]
[label_gain: ]
[lambdarank_position_bias_regularization: 0]
[eval_at: ]
[multi_error_top_k: 1]
[auc_mu_weights: ]
[num_machines: 1]
[local_listen_port: 12400]
[time_out: 120]
[machine_list_filename: ]
[machines: ]
[gpu_platform_id: -1]
[gpu_device_id: -1]
[gpu_device_id_list: ]
[gpu_use_dp: 0]
[num_gpu: 1]

end of parameters

pandas_categorical:null
