tree
version=v4
num_class=1
num_tree_per_iteration=1
label_index=0
max_feature_idx=146
objective=regression
feature_names=Column_0 Column_1 Column_2 Column_3 Column_4 Column_5 Column_6 Column_7 Column_8 Column_9 Column_10 Column_11 Column_12 Column_13 Column_14 Column_15 Column_16 Column_17 Column_18 Column_19 Column_20 Column_21 Column_22 Column_23 Column_24 Column_25 Column_26 Column_27 Column_28 Column_29 Column_30 Column_31 Column_32 Column_33 Column_34 Column_35 Column_36 Column_37 Column_38 Column_39 Column_40 Column_41 Column_42 Column_43 Column_44 Column_45 Column_46 Column_47 Column_48 Column_49 Column_50 Column_51 Column_52 Column_53 Column_54 Column_55 Column_56 Column_57 Column_58 Column_59 Column_60 Column_61 Column_62 Column_63 Column_64 Column_65 Column_66 Column_67 Column_68 Column_69 Column_70 Column_71 Column_72 Column_73 Column_74 Column_75 Column_76 Column_77 Column_78 Column_79 Column_80 Column_81 Column_82 Column_83 Column_84 Column_85 Column_86 Column_87 Column_88 Column_89 Column_90 Column_91 Column_92 Column_93 Column_94 Column_95 Column_96 Column_97 Column_98 Column_99 Column_100 Column_101 Column_102 Column_103 Column_104 Column_105 Column_106 Column_107 Column_108 Column_109 Column_110 Column_111 Column_112 Column_113 Column_114 Column_115 Column_116 Column_117 Column_118 Column_119 Column_120 Column_121 Column_122 Column_123 Column_124 Column_125 Column_126 Column_127 Column_128 Column_129 Column_130 Column_131 Column_132 Column_133 Column_134 Column_135 Column_136 Column_137 Column_138 Column_139 Column_140 Column_141 Column_142 Column_143 Column_144 Column_145 Column_146
feature_infos=[-5250:6855] [-4895:7072.5] [-5620:6749.5] [-5370:6850] [-6320.93994140625:9875.134765625] [151.30067443847656:1441.2490234375] [-5503.49755859375:7571.0166015625] [-5365:6852.5] [-4782.5:6875] [-5465:6335] [-5085:6470] [-6283.76513671875:9809.7353515625] [151.30067443847656:1441.2490234375] [-5465.45263671875:7470.923828125] [-5077.5:6470] [-4957.5:6672.5] [-6055:6094.5] [-5807.5:6250] [-6254.240234375:9740.39453125] [151.30067443847656:1441.2490234375] [-5416.5478515625:7356.7490234375] [-5802.5:6250] [-5547.5:6637.5] [-6645:6100] [-6397.5:6350] [-6227.10986328125:9671.294921875] [151.30067443847656:1441.2490234375] [-5345.72509765625:7265.2265625] [-6392.5:6350] [-5712.5:6390] [-6492.5:6020] [-6082.5:6290] [-6195.93505859375:9600.0947265625] [151.30067443847656:1441.2490234375] [-5310.43212890625:7176.5693359375] [-6082.5:6285] [-5237.5:6360] [-6292:5625] [-5985:5740] [-6162.06005859375:9524.1201171875] [151.30067443847656:1441.2490234375] [-5255.16552734375:7045.97216796875] [-5977.5:5740] [-5387.5:6432.5] [-6272.5:5560] [-5440:5690] [-6115.884765625:9443.9697265625] [151.30067443847656:1441.2490234375] [-5169.01416015625:6917.7021484375] [-5445:5692.5] [-5102.5:5940] [-6035:5257.5] [-5445:5440] [-6071.3349609375:9356.794921875] [151.30067443847656:1441.2490234375] [-5092.740234375:6768.36572265625] [-5452.5:5440] [-4460:6047.5] [-5632.5:5185] [-4667.5:5540] [-6023.51513671875:9263.5947265625] [151.30067443847656:1441.2490234375] [-5019.763671875:6656.69580078125] [-4660:5540] [-4540:5845] [-5417.5:5095] [-4775:5372.5] [-5975.4150390625:9172.044921875] [151.30067443847656:1441.2490234375] [-4908.8759765625:6539.95068359375] [-4770:5372.5] [-4427.5:6160] [-5305:5205] [-4890:5650] [-5925.06494140625:9079.599609375] [151.30067443847656:1441.2490234375] [-4716.47802734375:6408.13720703125] [-4887.5:5647.5] [-3482.5:5650] [-5112.5:4862.5] [-3945:4895] [-5876.5400390625:8983.0498046875] [151.30067443847656:1441.2490234375] [-4497.70751953125:6270.5791015625] [-3942.5:4892.5] [-3235:5285] [-4167.5:4370] [-3605:4435] [-5827.240234375:8883.275390625] [151.30067443847656:1441.2490234375] [-4282.0068359375:6080.07177734375] [-3605:4435] [-3180:4955] [-3987.5:4207.5] [-3572.5:4240] [-5780.4599609375:8783.5947265625] [151.30067443847656:1441.2490234375] [-4061.824462890625:5881.42919921875] [-3570:4235] [-2922.5:4462.5] [-4365:3720] [-3250:3865] [-5731.134765625:8692.044921875] [151.30067443847656:1441.2490234375] [-3873.476806640625:5698.1171875] [-3247.5:3867.5] [-2625:4570] [-4483:3590] [-2967.5:3895] [-5677.93505859375:8599.599609375] [151.30067443847656:1441.2490234375] [-3634.978759765625:5534.19775390625] [-2975:3900] [-2245.5:4370] [-4391:3550] [-2829.5:3732.5] [-5618.009765625:8503.0498046875] [151.30067443847656:1441.2490234375] [-3406.15234375:5354.2705078125] [-2829.5:3732.5] [-2114.5:4682.5] [-4291.5:3727.5] [-2382.5:4172.5] [-5556.009765625:8403.275390625] [151.30067443847656:1441.2490234375] [-3216.27490234375:5114.56396484375] [-2387.5:4170] [-1950:4172.5] [-3794.5:2895] [-2412.5:3182.5] [-5501.1650390625:8282.125] [151.30067443847656:1441.2490234375] [-3097.75:4709.1494140625] [-2410:3190] [-1555:3807.5] [-4102:2291] [-1870:2502.5] [-5450.1650390625:8166.9248046875] [151.30067443847656:1441.2490234375] [-2902.04541015625:4459.56396484375] [-2160:2505] [0:2642.5] [-4206.5:0] none [-5395.26513671875:8037.8251953125] [151.30067443847656:1441.2490234375] [-2638.22314453125:4054.149169921875]
tree_sizes=2830 2834 2810 2814 2806 2793 2770 2812 2773 2756 2806 2735 2776 2784 2733 2808 2766

Tree=0
num_leaves=31
num_cat=0
split_feature=129 137 45 73 36 79 30 93 30 115 142 112 68 73 61 54 22 124 20 70 122 25 120 26 112 126 64 120 35 97
split_gain=1.34832e+06 1.69585e+06 2.79503e+06 3.20751e+06 1.49126e+06 2.29656e+06 1.24032e+06 913805 1.41121e+06 2.37123e+06 1.39835e+06 1.33088e+06 1.3238e+06 1.55692e+06 1.23346e+06 1.22198e+06 1.68173e+06 1.30908e+06 1.41629e+06 1.20307e+06 1.11328e+06 1.2825e+06 1.05962e+06 1.04439e+06 996915 2.11891e+06 1.92087e+06 1.52028e+06 1.34203e+06 1.22864e+06
threshold=-1079.4999999999998 4515.6274414062509 1843.7500000000002 2613.7500000000005 3698.2500000000005 2246.7500000000005 -2075.2499999999995 -856.74999999999989 665.75000000000011 -15.749999999999998 -257.74999999999994 -129.74999999999997 436.54501342773443 959.75000000000011 624.58282470703136 578.96932983398449 -1278.2499999999998 491.92401123046881 -521.15264892578114 465.25000000000006 391.75000000000006 3962.5825195312505 570.75000000000011 476.75883483886724 729.25000000000011 1041.0000000000002 2349.7500000000005 826.25000000000011 1636.5000000000002 1786.8929443359377
decision_type=2 2 2 2 2 2 2 2 2 2 2 2 2 2 2 2 2 2 2 2 2 2 2 2 2 2 2 2 2 2
left_child=6 4 -3 -4 7 -6 -1 8 20 10 -10 12 -9 19 -15 17 -17 -13 -19 -14 21 22 -2 -22 27 26 28 -18 -26 -27
right_child=1 2 3 -5 5 -7 -8 11 9 -11 -12 15 13 14 -16 16 24 18 -20 -21 23 -23 -24 -25 25 29 -28 -29 -30 -31
leaf_value=-14.294305425532844 -0.32768012515760842 23.253611079917455 -7.1853998619338197 13.994844733031407 -21.214662695773626 2.4595637787612716 -1.8678842874343007 0.85713729012075968 -8.5486542373284777 -21.912162609942939 7.9338602660162856 0.28642005263241987 3.0886678183029574 4.4013791067916301 21.214087509266356 -15.801150679522651 -1.2488690702365399 -2.5063797243692032 3.8538069036758347 -2.4890941804268176 -0.66954856479981073 12.284087461582637 -10.469373947032478 14.132549104214753 -7.1939655098964765 11.769980445427938 5.7460876580395448 7.4178376046337835 -20.958293622950329 -4.4559123143038999
leaf_weight=28 2738 21 39 33 20 21 71 6276 31 20 22 13505 798 24 20 21 323 107 481 110 22 20 26 26 113 28 25 60 21 20
leaf_count=28 2738 21 39 33 20 21 71 6276 31 20 22 13505 798 24 20 21 323 107 481 110 22 20 26 26 113 28 25 60 21 20
internal_value=0.441145 0.464233 7.2035 2.52221 0.43904 -9.08884 -5.38243 0.454768 -0.378554 -7.24256 -1.70686 0.565146 1.12068 2.85806 12.0435 0.292064 -1.89703 0.386972 2.69643 2.41295 -0.201622 -0.331792 -0.42308 7.34825 -1.40214 -4.19782 -6.9773 0.10884 -9.35106 5.00919
internal_weight=25070 24971 93 72 24878 41 99 24837 2905 73 53 21932 7228 952 44 14704 611 14093 588 908 2832 2784 2764 48 590 207 159 383 134 48
internal_count=25070 24971 93 72 24878 41 99 24837 2905 73 53 21932 7228 952 44 14704 611 14093 588 908 2832 2784 2764 48 590 207 159 383 134 48
is_linear=0
shrinkage=1


Tree=1
num_leaves=31
num_cat=0
split_feature=105 70 130 103 98 75 3 55 110 37 105 135 71 47 110 93 120 107 121 3 120 122 108 104 115 116 110 23 86 38
split_gain=1.23087e+06 1.84861e+06 2.71162e+06 2.46036e+06 1.83575e+06 1.7424e+06 2.98827e+06 1.29988e+06 1.17881e+06 1.31491e+06 963099 1.28975e+06 2.10385e+06 1.31066e+06 1.13707e+06 1.27364e+06 1.07055e+06 1.201e+06 1.05297e+06 1.04404e+06 999271 1.03163e+06 931724 895136 1.07978e+06 1.76937e+06 1.46379e+06 870043 1.29231e+06 854145
threshold=-913.24999999999989 380.25000000000006 2493.2099609375005 653.59622192382824 -1561.7499999999998 1045.2505493164065 -77.749999999999986 -775.21130371093739 879.99746704101574 1644.2500000000002 537.75000000000011 -87.249999999999986 2929.7500000000005 422.71945190429693 424.76710510253912 932.75000000000011 861.00000000000011 -110.24999999999999 191.75000000000003 -1202.2499999999998 327.75000000000006 222.75000000000003 -317.24999999999994 2188.7651367187505 879.50000000000011 2565.8574218750005 624.58282470703136 3193.5000000000005 1758.7500000000002 599.75000000000011
decision_type=2 2 2 2 2 2 2 2 2 2 2 2 2 2 2 2 2 2 2 2 2 2 2 2 2 2 2 2 2 2
left_child=1 2 3 22 -5 8 -7 -6 10 -10 16 19 13 14 -13 -16 -2 18 -18 -12 -15 -22 -1 24 29 26 -26 28 -21 -23
right_child=5 -3 -4 4 7 6 -8 -9 9 -11 11 12 -14 20 15 -17 17 -19 -20 27 21 23 -24 -25 25 -27 -28 -29 -30 -31
leaf_value=-0.76440473671241482 0.16918770377162073 -12.781237231360542 13.30982163644606 -20.463932770490647 2.1487164115905766 -1.2144644604788888 20.564618161320688 -14.070723052251907 -0.90772665571801525 -14.065559445658039 -13.228951783180236 0.24616549592428327 11.730919674823159 -12.722784051028166 2.3772862707056217 15.601786806106569 2.0469359961423006 1.5812419665165436 16.448425134023033 -1.8157041531338252 6.2011689108771257 -7.2810560231732424 -11.671750872135163 -9.6246294188499455 -3.3154170486552661 11.462975531465867 11.286566350460053 -10.442637246847154 7.2021445530216868 -1.4416953879279018
leaf_weight=930 20073 36 31 28 30 36 28 21 49 31 20 1517 38 22 67 25 22 156 30 1281 37 107 20 40 121 34 20 28 41 151
leaf_count=930 20073 36 31 28 30 36 28 21 49 31 20 1517 38 22 67 25 22 156 30 1281 37 107 20 40 121 34 20 28 41 151
internal_value=-2.02824e-09 -1.63856 -1.26013 -1.69907 -10.1774 0.0749089 8.31388 -4.52988 0.0528556 -6.00639 0.0731971 -0.686666 0.0691261 -0.137856 0.573497 5.9709 0.206167 3.7748 10.3555 -1.88876 -2.2893 -1.83922 -0.994033 -2.46818 -1.80707 1.22461 -1.24421 -1.72076 -1.53603 -3.86345
internal_weight=25070 1096 1060 1029 79 23974 64 51 23910 80 23830 3549 2179 2141 1609 92 20281 208 52 1370 532 510 950 473 433 175 141 1350 1322 258
internal_count=25070 1096 1060 1029 79 23974 64 51 23910 80 23830 3549 2179 2141 1609 92 20281 208 52 1370 532 510 950 473 433 175 141 1350 1322 258
is_linear=0
shrinkage=0.05


Tree=2
num_leaves=31
num_cat=0
split_feature=129 137 45 73 36 79 121 113 114 128 24 40 31 86 10 93 31 115 142 107 85 122 80 136 61 131 26 69 89 22
split_gain=1.13821e+06 1.52012e+06 2.3815e+06 2.8894e+06 1.32773e+06 1.95424e+06 1.09707e+06 929331 855257 1.10202e+06 1.27273e+06 1.62679e+06 2.20749e+06 1.0943e+06 945978 883720 1.27146e+06 1.39455e+06 1.3848e+06 1.04633e+06 1.54388e+06 965878 999174 1.34717e+06 1.09455e+06 1.12783e+06 957009 918749 846109 1.56525e+06
threshold=-1079.4999999999998 4515.6274414062509 1843.7500000000002 2613.7500000000005 3698.2500000000005 2246.7500000000005 -1411.2499999999998 -1207.7499999999998 727.00000000000011 470.50000000000006 2563.7500000000005 416.59812927246099 1805.7500000000002 1758.7500000000002 415.75000000000006 -856.74999999999989 737.75000000000011 -15.749999999999998 -257.74999999999994 -557.74999999999989 1219.0000000000002 391.75000000000006 -2029.4999999999998 28.250000000000004 879.99746704101574 724.36727905273449 476.75883483886724 -2471.2958984374995 611.19790649414074 -1246.2499999999998
decision_type=2 2 2 2 2 2 2 2 2 2 2 2 2 2 2 2 2 2 2 2 2 2 2 2 2 2 2 2 2 2
left_child=6 4 -3 -4 8 -6 7 -1 13 10 11 -10 14 15 -13 16 21 18 -18 20 -17 22 23 27 25 -24 -23 -2 -21 -30
right_child=1 2 3 -5 5 -7 -8 -9 9 -11 -12 12 -14 -15 -16 19 17 -19 -20 28 -22 26 24 -25 -26 -27 -28 -29 29 -31
leaf_value=-4.973581929888045 9.2496191761710431 21.21704519362677 -7.1330304268078937 12.969492946971549 -20.178622035980226 1.6600661141531809 0.65597361308890723 -18.278296342350188 -1.7050774951607495 0.42279998155343046 6.315920978976834 -13.350577368407414 -21.983725669860842 8.127703223341987 -2.8766133870752086 0.9752839766864736 -8.8515623496799929 -17.214431493178658 5.5734574896948681 0.082230036265938278 12.384858190218608 -1.4099286715189616 -0.88131435490092103 16.033117160797119 -10.056575250625611 7.5785249823331844 12.941017403969397 -3.5291725011972286 -15.856918773651124 -1.5150455882342964
leaf_weight=35 22 21 39 33 20 21 43 21 236 346 31 29 25 42 84 2536 41 23 28 18164 30 21 2612 20 32 40 26 39 20 390
leaf_count=35 22 21 39 33 20 21 43 21 236 346 31 29 25 42 84 2536 41 23 28 18164 30 21 2612 20 32 40 26 39 20 390
internal_value=3.19915e-09 0.0212131 6.40175 2.08063 -0.00263889 -8.99295 -5.35063 -9.96285 0.012202 -1.64942 -3.41975 -4.22672 -8.5391 0.0640111 -5.56462 0.0499255 -0.767933 -6.55206 -2.99793 0.162275 1.10868 -0.578694 -0.69951 4.77181 -0.864628 -0.753715 6.52889 1.07957 0.031529 -2.21465
internal_weight=25070 24971 93 72 24878 41 99 56 24837 751 405 374 138 24086 113 24044 2904 92 69 21140 2566 2812 2765 81 2684 2652 47 61 18574 410
internal_count=25070 24971 93 72 24878 41 99 56 24837 751 405 374 138 24086 113 24044 2904 92 69 21140 2566 2812 2765 81 2684 2652 47 61 18574 410
is_linear=0
shrinkage=0.05


Tree=3
num_leaves=31
num_cat=0
split_feature=105 66 130 103 98 75 114 55 110 0 120 108 105 135 71 47 106 114 64 131 3 100 91 117 138 35 134 93 89 134
split_gain=1.06089e+06 1.64625e+06 2.34518e+06 2.13864e+06 1.58466e+06 1.56403e+06 2.634e+06 1.15535e+06 1.07146e+06 1.27738e+06 863019 844794 833136 1.15749e+06 1.81136e+06 1.13157e+06 969660 1.12368e+06 1.08565e+06 988746 929091 869076 809296 1.74694e+06 998748 1.67973e+06 1.0436e+06 1.16405e+06 853175 799440
threshold=-913.24999999999989 427.75000000000006 2493.2099609375005 653.59622192382824 -1561.7499999999998 1045.2505493164065 -515.74999999999989 -775.21130371093739 879.99746704101574 3111.2500000000005 1078.5000000000002 -317.24999999999994 537.75000000000011 -84.749999999999986 2929.7500000000005 724.36727905273449 695.75000000000011 105.25000000000001 2349.7500000000005 775.33657836914074 -1202.2499999999998 52.750000000000007 671.25000000000011 545.15829467773449 560.00579833984386 2739.0000000000005 924.25000000000011 1337.0000000000002 500.19013977050787 462.25000000000006
decision_type=2 2 2 2 2 2 2 2 2 2 2 2 2 2 2 2 2 2 2 2 2 2 2 2 2 2 2 2 2 2
left_child=1 2 3 11 -5 8 -7 -6 12 10 -10 -1 16 20 15 22 18 21 19 -2 -14 -18 23 28 25 -24 27 -26 -15 -22
right_child=5 -3 -4 4 7 6 -8 -9 9 -11 -12 -13 13 14 -16 -17 17 -19 -20 -21 29 -23 24 -25 26 -27 -28 -29 -30 -31
leaf_value=-0.70199573223171985 0.14039147683351616 -12.19054045540946 12.380691549854895 -19.039200716785022 2.0614768218994142 19.377080847961565 -1.0703063633706835 -13.229729438963393 -6.2892580717037889 -16.318251042138964 6.4856827461719524 -11.087936387062072 -12.467187266349793 -1.0778771224658232 10.903089917333503 -9.0264714949471614 12.874755630493164 1.1111726497334462 -10.715673269914545 9.5428227311798519 -2.1842442109712685 3.4216791472127364 0.58056011971622501 -10.69583066004388 4.7402506780624396 -13.673096084594727 -1.199205346788679 19.513865451812748 8.3518876314163215 0.94953588529762978
leaf_weight=931 19804 35 31 28 30 28 36 21 39 21 20 20 20 592 38 35 40 324 23 28 1114 62 1313 47 40 21 35 20 25 249
leaf_count=931 19804 35 31 28 30 28 36 21 39 21 20 20 20 592 38 35 40 324 23 28 1114 62 1313 47 40 21 35 20 25 249
internal_value=-2.66619e-08 -1.52122 -1.16927 -1.57708 -9.482 0.0695446 7.87543 -4.2349 0.0486505 -5.72813 -1.95877 -0.920417 0.0680438 -0.638693 0.0828423 -0.110376 0.191717 2.55201 0.141075 0.153666 -1.76873 7.12877 0.0387222 -1.40363 0.708926 0.356177 5.66226 9.66479 -0.695796 -1.61175
internal_weight=25070 1096 1061 1030 79 23974 64 51 23910 80 59 951 23830 3549 2166 2128 20281 426 19855 19832 1383 102 2093 664 1429 1334 95 60 617 1363
internal_count=25070 1096 1061 1030 79 23974 64 51 23910 80 59 951 23830 3549 2166 2128 20281 426 19855 19832 1383 102 2093 664 1429 1334 95 60 617 1363
is_linear=0
shrinkage=0.05


Tree=4
num_leaves=31
num_cat=0
split_feature=78 124 30 134 135 78 19 114 13 114 121 101 93 113 112 103 135 122 1 61 106 57 120 128 79 36 4 113 91 138
split_gain=980814 2.57353e+06 2.40191e+06 1.26211e+06 1.06422e+06 1.17009e+06 1.04399e+06 893766 1.56238e+06 1.5663e+06 2.76314e+06 1.32583e+06 1.19923e+06 1.36465e+06 993143 986072 1.31062e+06 1.31515e+06 920863 892845 1.49705e+06 1.83284e+06 1.75467e+06 1.30334e+06 1.19834e+06 1.43021e+06 1.13786e+06 1.85792e+06 1.30392e+06 930960
threshold=2856.5000000000005 636.49594116210949 3105.2500000000005 820.25000000000011 -1092.2499999999998 876.75000000000011 467.49603271484381 727.00000000000011 2474.7209472656255 -879.24999999999989 -501.74999999999994 2021.2500000000002 694.75000000000011 997.75000000000011 79.750000000000014 388.53430175781256 -207.74999999999997 747.25000000000011 2793.7500000000005 653.59622192382824 817.75000000000011 1197.7500000000002 790.25000000000011 332.00000000000006 147.75000000000003 1515.2500000000002 3172.295043945313 -246.74999999999997 -1385.2499999999998 505.92158508300787
decision_type=2 2 2 2 2 2 2 2 2 2 2 2 2 2 2 2 2 2 2 2 2 2 2 2 2 2 2 2 2 2
left_child=2 6 4 -3 5 -1 -2 8 18 -10 -11 15 14 -14 -12 -9 17 -17 19 29 23 22 -22 24 25 26 28 -28 -21 -6
right_child=1 3 -4 -5 7 -7 -8 11 9 10 12 -13 13 -15 -16 16 -18 -19 -20 20 21 -23 -24 -25 -26 -27 27 -29 -30 -31
leaf_value=-2.3332747212000959 4.6190930193120785 4.561533923149109 -12.579720876091406 21.568414338429772 0.019739918297878665 -14.827586369287401 -10.616109109961469 -0.22919189865510403 -7.4056927913799884 20.171490284248634 8.2190505649894483 8.9858581440789376 3.1128987803178676 16.552208201090494 -1.7889826340025121 -18.366007138942852 -2.7360032870637481 -1.936167399088542 -7.5415845125168559 -14.8648519433063 -23.374199304580689 0.59926692033425366 -5.5704492815079227 11.734777355194092 5.7582198638916022 -15.523196535110475 16.607165682315827 -1.146206432580948 -2.1973550845836773 1.4370469062393403
leaf_weight=174 22 20 38 24 22012 21 23 352 28 27 32 28 51 30 110 29 307 21 40 23 25 39 31 20 50 20 20 56 174 1223
leaf_count=174 22 20 38 24 22012 21 23 352 28 27 32 28 51 30 110 29 307 21 40 23 25 39 31 20 50 20 20 56 174 1223
internal_value=5.58978e-08 5.23957 -0.018667 13.838 0.000469416 -3.67882 -3.16779 0.0294601 0.082103 3.80869 5.0647 -1.68561 3.23563 8.09042 0.466349 -2.10706 -3.95862 -11.4655 0.0384511 0.0512482 -2.13494 -7.72282 -13.5186 -0.672543 -1.396 -2.61686 -1.67134 3.52573 -3.6763 0.0943414
internal_weight=25070 89 24981 44 24943 195 45 24748 24011 278 250 737 223 81 142 709 357 50 23733 23693 458 95 56 363 343 293 273 76 197 23235
internal_count=25070 89 24981 44 24943 195 45 24748 24011 278 250 737 223 81 142 709 357 50 23733 23693 458 95 56 363 343 293 273 76 197 23235
is_linear=0
shrinkage=0.05


Tree=5
num_leaves=31
num_cat=0
split_feature=105 106 75 3 25 30 3 110 0 40 29 103 103 1 94 120 114 120 89 135 131 79 68 127 106 33 38 140 54 117
split_gain=942760 1.45283e+06 1.45088e+06 2.55692e+06 1.32276e+06 1.91542e+06 1.07533e+06 985248 1.21421e+06 908200 867894 1.09374e+06 1.09542e+06 944498 1.13407e+06 769036 755317 1.42073e+06 1.60283e+06 1.26849e+06 1.14552e+06 968155 1.27551e+06 1.09636e+06 2.17191e+06 1.0305e+06 1.01905e+06 913181 837620 1.23796e+06
threshold=-913.24999999999989 -244.74999999999997 1045.2505493164065 -77.749999999999986 3962.5825195312505 286.25000000000006 -822.24999999999989 879.99746704101574 3111.2500000000005 467.49603271484381 147.25000000000003 570.11660766601574 530.86532592773449 -223.24999999999997 -1560.7499999999998 1078.5000000000002 291.25000000000006 861.00000000000011 512.03503417968761 -4.2499999999999991 674.41351318359386 1672.0000000000002 588.47909545898449 860.25000000000011 1200.2500000000002 512.03503417968761 2668.0000000000005 -5.7499999999999991 426.99803161621099 422.71945190429693
decision_type=2 2 2 2 2 2 2 2 2 2 2 2 2 2 2 2 2 2 2 2 2 2 2 2 2 2 2 2 2 2
left_child=1 4 7 -4 5 10 -3 16 15 -7 11 12 -1 14 -13 -9 17 -2 -19 21 28 22 25 24 27 -18 -23 -24 29 -21
right_child=2 6 3 -5 -6 9 -8 8 -10 -11 -12 13 -14 -15 -16 -17 19 18 -20 20 -22 26 23 -25 -26 -27 -28 -29 -30 -31
leaf_value=-1.1440520539675674 0.14443694626194073 -2.9395876426696779 -1.230082389381197 18.915886954324588 11.373839995974587 -3.0894255763008482 -18.096432334726508 -5.9069802174201378 -15.818997789564589 -16.844730625833787 4.2051919156991984 -10.305621159777923 5.8840269414583846 -14.05509516398112 1.5791609472158006 6.152320339307189 -1.8763856351270922 0.27609140509023117 10.863167540232341 0.29393872660539871 9.6318377524614345 7.4247036018541879 -10.901379585266113 0.83055123942238951 -24.785409135818483 4.7711640225082155 -4.4010986394352392 2.9863919448852538 -1.8880181699919412 6.5152511635948631
leaf_weight=730 20247 25 36 28 21 21 22 39 21 28 79 34 60 27 49 20 1317 78 66 1349 32 56 29 28 20 61 27 20 415 85
leaf_count=730 20247 25 36 28 21 21 22 39 21 28 79 34 60 27 49 20 1317 78 66 1349 32 56 29 28 20 61 27 20 415 85
internal_value=2.1692e-09 -1.43403 0.0655584 7.58378 -1.0487 -1.30247 -10.0343 0.0454343 -5.49406 -10.9496 -0.819618 -1.26068 -0.610274 -5.93182 -3.2893 -1.81908 0.0640311 0.179634 5.1285 -0.621419 0.252531 -1.67655 -1.97222 -7.51407 -10.9003 -1.58212 3.57776 -5.2329 0.0902067 0.662706
internal_weight=25070 1096 23974 64 1049 1028 47 23910 80 49 979 900 790 110 83 59 23830 20391 144 3439 1881 1558 1475 97 69 1378 83 49 1849 1434
internal_count=25070 1096 23974 64 1049 1028 47 23910 80 49 979 900 790 110 83 59 23830 20391 144 3439 1881 1558 1475 97 69 1378 83 49 1849 1434
is_linear=0
shrinkage=0.05


Tree=6
num_leaves=31
num_cat=0
split_feature=78 96 50 47 0 105 30 114 120 89 134 61 126 107 140 137 128 101 112 122 133 66 141 31 58 29 4 13 39 131
split_gain=897895 2.34312e+06 2.20024e+06 1.35041e+06 1.20231e+06 1.0055e+06 2.27146e+06 851790 1.92067e+06 1.84648e+06 1.04088e+06 905750 1.65091e+06 1.07451e+06 871551 826503 925166 796216 792245 1.0236e+06 1.1427e+06 744324 695806 1.08978e+06 1.1177e+06 871082 677269 899227 818117 673516
threshold=2856.5000000000005 636.49594116210949 3300.7500000000005 487.39910888671881 3882.5000000000005 -913.24999999999989 665.75000000000011 291.25000000000006 861.00000000000011 512.03503417968761 283.25000000000006 653.59622192382824 1041.0000000000002 472.75000000000006 523.25000000000011 2671.3974609375005 -505.24999999999994 2021.2500000000002 -289.24999999999994 -80.749999999999986 -166.74999999999997 1014.2500000000001 695.25000000000011 -33.249999999999993 663.75000000000011 -353.24999999999994 3032.085083007813 1758.0993652343752 3374.927612304688 552.32839965820324
decision_type=2 2 2 2 2 2 2 2 2 2 2 2 2 2 2 2 2 2 2 2 2 2 2 2 2 2 2 2 2 2
left_child=2 3 4 -2 5 6 18 8 22 -10 15 17 13 -13 -11 16 -9 26 19 -1 -21 -15 -7 25 -25 -24 -12 -28 -29 -18
right_child=1 -3 -4 -5 -6 7 -8 10 9 14 11 12 -14 21 -16 -17 29 -19 -20 20 -22 -23 23 24 -26 -27 27 28 -30 -31
leaf_value=-1.3738575743399881 5.5281340952842468 15.331650930292467 -12.72857536428115 -10.269704290231068 10.544833954175314 0.15595812543295184 -14.414300918579102 -9.8696830215699549 0.19393773908285719 14.562641686309469 -0.22586795207222343 -1.4659535780549051 5.5269727016317436 -20.325480580329895 2.9717103626417081 -9.4927321354548138 -1.7420614754500339 9.1457133963704109 -9.5481796264648438 14.367145865304131 1.1520002091253125 -7.4358011672894166 -3.0387056446075444 5.389282453373859 -8.9840086778004959 -17.79575240135193 -3.1165502322347542 12.505180805921555 2.7632763877059476 5.332250397545951
leaf_weight=936 31 34 34 24 27 20189 33 34 76 55 2147 32 29 21 23 36 869 24 27 21 74 24 20 38 21 20 38 32 66 35
leaf_count=936 31 34 34 24 27 20189 33 34 76 55 2147 32 29 21 23 36 869 24 27 21 74 24 20 38 21 20 38 32 66 35
internal_value=-1.13568e-08 5.01321 -0.0178606 -1.36547 -0.000537303 -0.0119629 -1.49628 0.0559961 0.177679 5.74048 -0.678412 -0.12153 -4.64078 -8.47019 11.1448 -2.05804 -1.7727 0.0861169 -1.09336 -0.871942 4.07324 -13.451 0.135453 -4.04607 0.273365 -10.4172 -0.00912193 3.4126 5.94431 -1.46817
internal_weight=25070 89 24981 55 24947 24920 1091 23829 20442 154 3387 2413 106 77 78 974 938 2307 1058 1031 95 45 20288 99 59 40 2283 136 98 904
internal_count=25070 89 24981 55 24947 24920 1091 23829 20442 154 3387 2413 106 77 78 974 938 2307 1058 1031 95 45 20288 99 59 40 2283 136 98 904
is_linear=0
shrinkage=0.05


Tree=7
num_leaves=31
num_cat=0
split_feature=129 137 45 73 30 79 30 142 105 51 67 30 93 30 115 47 70 92 69 15 2 2 95 135 115 113 144 96 117 130
split_gain=859978 1.21592e+06 1.904e+06 2.39038e+06 1.05779e+06 2.19481e+06 992498 800520 932342 2.0512e+06 1.12107e+06 1.24383e+06 989233 1.53192e+06 1.36972e+06 1.10595e+06 1.8044e+06 1.4789e+06 1.02451e+06 1.4831e+06 2.18598e+06 993096 967796 1.00765e+06 898879 863632 859888 854508 2.29174e+06 1.8702e+06
threshold=-1079.4999999999998 4515.6274414062509 1843.7500000000002 2613.7500000000005 3105.2500000000005 2246.7500000000005 -2075.2499999999995 -72.749999999999986 550.25000000000011 -1400.7499999999998 3979.6049804687505 1277.2500000000002 -856.74999999999989 467.75000000000006 -15.749999999999998 436.54501342773443 1815.2500000000002 1147.2500000000002 294.23689270019537 610.25000000000011 146.25000000000003 740.25000000000011 3501.037475585938 -597.74999999999989 706.25000000000011 1999.0000000000002 2951.259887695313 570.11660766601574 523.98001098632824 2188.1699218750005
decision_type=2 2 2 2 2 2 2 2 2 2 2 2 2 2 2 2 2 2 2 2 2 2 2 2 2 2 2 2 2 2
left_child=6 4 -3 -4 7 -6 -1 8 12 -10 22 -12 13 18 -15 -14 17 -17 19 -2 -21 -19 23 -11 -13 26 27 28 -25 -29
right_child=1 2 3 -5 5 -7 -8 -9 9 10 11 24 15 14 -16 16 -18 21 -20 20 -22 -23 -24 25 -26 -27 -28 29 -30 -31
leaf_value=-12.62289970942906 -0.72326528040667604 18.971983344214305 -6.5191149959197423 11.765266381610523 -18.372072286191194 4.2756037425994879 -1.5070114521913127 0.47490375614266211 -17.034468472003937 -6.4630530227975145 14.166696212768555 -7.0557045324282219 -0.036406647733929501 -3.9048772940268885 -18.593108244169326 1.2246497933103599 -13.296167805081323 3.5216779791790511 4.2035680319748669 -20.781592325542285 -0.2932549285888672 18.755926788449287 -9.4027501188005722 -1.1084106409042025 6.4499419178281521 9.52605841677636 8.1243801226982697 -2.4466293434139157 7.4814095049728584 -18.942036609649659
leaf_weight=28 2270 21 39 33 23 20 71 6759 20 82 25 22 11342 65 21 1801 21 23 102 23 30 20 35 1877 28 20 26 122 81 20
leaf_count=28 2270 21 39 33 23 20 71 6759 20 82 25 22 11342 65 21 1801 21 23 102 23 30 20 35 1877 28 20 26 122 81 20
internal_value=-1.4384e-09 0.0184389 5.72495 1.86123 -0.00289336 -7.83827 -4.6509 0.010673 -0.162913 -1.09003 -0.953633 5.06054 -0.0238279 -0.93353 -7.49154 0.149131 1.27748 1.44344 -0.700958 -0.916309 -9.18442 10.6074 -1.15295 -1.02336 0.507457 -0.815502 -0.912788 -1.02468 -0.753061 -4.76993
internal_weight=25070 24971 93 72 24878 43 99 24835 18076 2358 2338 75 15718 2511 86 13207 1865 1844 2425 2323 53 43 2263 2228 50 2146 2126 2100 1958 142
internal_count=25070 24971 93 72 24878 43 99 24835 18076 2358 2338 75 15718 2511 86 13207 1865 1844 2425 2323 53 43 2263 2228 50 2146 2126 2100 1958 142
is_linear=0
shrinkage=0.05


Tree=8
num_leaves=31
num_cat=0
split_feature=129 116 50 120 141 36 40 30 64 142 61 113 136 100 136 13 33 23 128 37 114 121 102 45 43 106 73 122 115 135
split_gain=776130 1.10169e+06 1.79094e+06 2.22952e+06 1.63206e+06 1.09934e+06 1.7607e+06 895729 767939 732070 865767 1.21654e+06 2.46463e+06 1.69543e+06 1.05012e+06 1.65162e+06 1.01388e+06 1.86719e+06 917449 914436 892531 891808 928848 932351 880576 1.22675e+06 1.51706e+06 1.39229e+06 865262 847417
threshold=-1079.4999999999998 4677.9150390625009 2020.7500000000002 1479.7500000000002 622.25000000000011 3698.2500000000005 560.00579833984386 -2075.2499999999995 -63.249999999999993 -72.749999999999986 653.59622192382824 -450.74999999999994 -1.0000000180025095e-35 -1638.2499999999998 549.50000000000011 2821.7861328125005 598.99819946289074 1547.7500000000002 -973.24999999999989 1444.2500000000002 727.00000000000011 575.25000000000011 402.91999816894537 985.75000000000011 1622.7500000000002 802.25000000000011 900.25000000000011 329.25000000000006 286.25000000000006 -477.24999999999994
decision_type=2 2 2 2 2 2 2 2 2 2 2 2 2 2 2 2 2 2 2 2 2 2 2 2 2 2 2 2 2 2
left_child=7 5 -3 4 -4 9 -7 -1 -9 10 16 12 -12 -13 15 19 20 18 -18 24 -2 22 23 -22 25 28 27 -27 29 -15
right_child=1 2 3 -5 -6 6 -8 8 -10 -11 11 13 -14 14 -16 -17 17 -19 -20 -21 21 -23 -24 -25 -26 26 -28 -29 -30 -31
leaf_value=-11.991754589762007 -0.089196465344614395 18.715255197882652 3.8868648875327341 11.920777726173402 -16.070616221427919 1.9284544944763184 -18.800634627342227 1.8247124938403858 -9.7354127216339119 0.45486516588737874 -2.7284811277722203 -16.30434418761212 17.84733324701136 1.6188866066932679 -11.398074712753298 11.61912708715959 -7.679669532775879 15.209534521456119 2.2976208970862992 -10.849349407354993 -5.1607298851013184 -0.81132958678522837 -2.8584470934080848 -19.52015209197998 5.3289412131676315 -22.621038698113484 0.49609916051228842 -5.0270158941095531 5.4511221322146328 -5.1064336905437235
leaf_weight=28 16746 20 21 31 20 21 20 51 20 6757 43 23 22 80 30 22 25 27 294 30 26 319 103 20 39 23 30 22 44 113
leaf_count=28 16746 20 21 31 20 21 20 51 20 6757 43 23 22 80 30 22 25 27 294 30 26 319 103 20 39 23 30 22 44 113
internal_value=1.3622e-08 0.017517 5.47892 1.80217 -5.84849 -0.00267871 -8.1833 -4.41835 -1.43166 0.010825 -0.155116 -2.16376 4.23564 -3.07595 -2.37329 -1.70147 -0.0955202 2.5843 1.5157 -2.47064 -0.149384 -2.30303 -5.49666 -11.404 -1.75451 -2.63994 -8.21327 -14.0195 -0.876231 -2.31874
internal_weight=25070 24971 92 72 41 24879 41 99 71 24838 18081 521 65 456 433 403 17560 346 319 381 17214 468 149 46 351 312 75 45 237 193
internal_count=25070 24971 92 72 41 24879 41 99 71 24838 18081 521 65 456 433 403 17560 346 319 381 17214 468 149 46 351 312 75 45 237 193
is_linear=0
shrinkage=0.05


Tree=9
num_leaves=31
num_cat=0
split_feature=141 128 78 124 30 19 134 107 106 140 100 23 103 19 120 114 53 128 101 121 121 72 145 23 127 38 121 115 61 93
split_gain=727370 862975 764530 2.21229e+06 1.24446e+06 841959 818865 739298 1.05574e+06 1.35704e+06 941289 830398 1.16372e+06 1.4189e+06 1.73588e+06 3.20316e+06 1.40322e+06 1.33986e+06 1.15243e+06 1.10829e+06 1.74711e+06 1.30909e+06 997597 949160 891491 878927 821625 797806 1.47677e+06 1.12739e+06
threshold=40.250000000000007 -579.74999999999989 2856.5000000000005 636.49594116210949 3105.2500000000005 467.49603271484381 852.25000000000011 831.00000000000011 1394.0000000000002 327.25000000000006 850.50000000000011 2359.7500000000005 653.59622192382824 598.99819946289074 425.75000000000006 -182.24999999999997 2833.579956054688 -228.74999999999997 194.75000000000003 -1199.4999999999998 -924.74999999999989 -612.24999999999989 724.36727905273449 863.25000000000011 -48.249999999999993 760.25000000000011 -669.74999999999989 1651.2500000000002 674.41351318359386 1243.2500000000002
decision_type=2 2 2 2 2 2 2 2 2 2 2 2 2 2 2 2 2 2 2 2 2 2 2 2 2 2 2 2 2 2
left_child=1 -1 4 5 7 -4 -5 8 11 10 -10 12 -2 -14 15 19 17 -16 -13 21 -21 -15 -18 24 -22 -24 -26 28 -9 -30
right_child=2 -3 3 6 -6 -7 -8 27 9 -11 -12 18 13 14 16 -17 22 -19 -20 20 23 -23 25 -25 26 -27 -28 -29 29 -31
leaf_value=-2.5482137365887567 0.17644956105655413 -0.34067401969001621 4.0051183440468527 5.8094918892497107 -9.1967541043957066 -9.6767814304517668 19.612997361746704 -1.2629045935028951 8.3419727981090546 13.639033574768991 -4.7572307765483854 15.476517995595934 -9.1068617347514991 -1.9000120394938702 -12.893103768825533 -16.875903172065051 1.0494453936815262 2.2193007873405111 1.9492662751996841 10.923539329297615 -10.080545685026381 -17.777274353504179 6.34750233745575 8.2901779651641849 7.8890361397039328 20.410170288085936 -3.4255231380462647 5.677788394850654 -2.7508743104480562 -19.134592001778739
leaf_weight=516 19922 3117 22 21 36 23 22 637 24 33 32 20 66 37 20 39 32 55 74 33 36 20 25 20 21 20 68 37 21 21
leaf_count=516 19922 3117 22 21 36 23 22 637 24 33 32 20 66 37 20 39 32 55 74 33 36 20 25 20 21 20 68 37 21 21
internal_value=-1.83071e-08 -0.654214 0.110872 4.76173 0.0917011 -2.98785 12.8718 0.10739 0.162295 5.59623 0.856714 0.138713 0.117123 -2.2851 -1.22821 -3.60544 3.05706 -1.81067 4.8274 -1.40311 0.539971 -7.47098 7.79835 -1.82319 -3.44132 12.5976 -0.755796 -1.47205 -1.86166 -10.9427
internal_weight=25070 3633 21437 88 21349 45 43 21313 20597 89 56 20508 20414 492 426 274 152 75 94 235 178 57 77 145 125 45 89 716 679 42
internal_count=25070 3633 21437 88 21349 45 43 21313 20597 89 56 20508 20414 492 426 274 152 75 94 235 178 57 77 145 125 45 89 716 679 42
is_linear=0
shrinkage=0.05


Tree=10
num_leaves=31
num_cat=0
split_feature=75 77 78 110 134 37 77 121 137 103 130 75 117 37 38 116 40 4 141 64 86 106 43 126 78 1 1 15 2 93
split_gain=695745 2.66835e+06 2.08314e+06 1.90395e+06 1.59879e+06 1.41164e+06 1.31786e+06 1.01779e+06 739378 2.47299e+06 679113 1.14525e+06 1.04008e+06 1.46777e+06 1.24811e+06 947680 883955 755478 697652 1.28133e+06 829209 744211 1.0773e+06 1.02935e+06 820474 790216 838975 726889 927022 724597
threshold=1045.2505493164065 663.25000000000011 103.75000000000001 879.99746704101574 195.25000000000003 -1784.4999999999998 1235.7500000000002 -267.74999999999994 4515.6274414062509 653.59622192382824 -1757.4349975585935 588.47909545898449 505.92158508300787 -370.24999999999994 -2012.2499999999998 -2694.9999999999995 560.00579833984386 -3467.099975585937 76.750000000000014 2063.7500000000005 -1783.9999999999998 114.75000000000001 -1515.2499999999998 -652.24999999999989 -342.74999999999994 1406.7500000000002 942.75000000000011 377.75000000000006 146.25000000000003 293.25000000000006
decision_type=2 2 2 2 2 2 2 2 2 2 2 2 2 2 2 2 2 2 2 2 2 2 2 2 2 2 2 2 2 2
left_child=3 2 5 8 -5 -2 7 -6 10 -10 11 12 14 16 15 -1 -14 -13 19 20 -12 24 -23 -24 25 26 27 -20 -29 -22
right_child=1 -3 -4 4 6 -7 -8 -9 9 -11 18 17 13 -15 -16 -17 -18 -19 21 -21 29 22 23 -25 -26 -27 -28 28 -30 -31
leaf_value=-1.3430388212203981 -2.4492804770668348 17.934260199620173 -11.732871620743364 -17.885038543701171 -5.3720312309265141 15.301755310240248 -10.839020551741124 10.388374060676213 -5.3670461123639894 18.34041942032901 -7.664446662601673 -15.500218216578165 3.1491051050712322 -7.6540505524339357 -0.83561672690337252 -12.855755116695015 14.125142245065598 -3.4383905820986804 0.089534449264685068 -10.486331503621994 -0.068746993819279553 11.021536020799118 8.7595001394098464 -0.086688118539536535 1.0910683379873436 -9.2895540719446927 6.7101964370064113 -8.591459756663868 0.42755960596018827 -1.6333379511652855
leaf_weight=33 24 26 27 25 20 21 32 21 22 22 38 21 145 29 1460 39 21 34 2252 31 6109 22 33 9398 4140 23 46 56 58 842
leaf_count=33 24 26 27 25 20 21 32 21 22 22 38 21 145 29 1460 39 21 34 2252 31 6109 22 33 9398 4140 23 46 56 58 842
internal_value=-1.58711e-08 4.20467 -0.753242 -0.0165008 -6.97203 5.83454 -3.2347 2.70037 0.010903 6.48669 -0.000572396 -0.940979 -0.714774 2.72452 -1.15254 -7.57909 4.53764 -8.04382 0.0721369 -0.343529 -0.29854 0.254192 -0.0299543 -0.0557344 0.662713 -0.065578 0.0223787 -0.107647 -4.00284 -0.258272
internal_weight=25070 98 72 24972 98 45 73 41 24874 44 24830 1782 1727 195 1532 72 166 55 23048 7020 6989 16028 9453 9431 6575 2435 2412 2366 114 6951
internal_count=25070 98 72 24972 98 45 73 41 24874 44 24830 1782 1727 195 1532 72 166 55 23048 7020 6989 16028 9453 9431 6575 2435 2412 2366 114 6951
is_linear=0
shrinkage=0.05


Tree=11
num_leaves=31
num_cat=0
split_feature=129 137 45 73 121 30 79 113 80 87 136 0 108 45 145 134 69 107 27 105 140 128 17 136 115 37 26 106 142 12
split_gain=672747 897356 1.53545e+06 1.99906e+06 843798 812568 1.96509e+06 745035 681708 1.46701e+06 996227 934614 1.39133e+06 679136 798975 789226 673461 604614 983358 1.01493e+06 707569 954286 683506 695340 610202 633906 605737 803754 532040 999655
threshold=-1079.4999999999998 4515.6274414062509 1843.7500000000002 2613.7500000000005 -1411.2499999999998 3105.2500000000005 2246.7500000000005 -1207.7499999999998 -2029.4999999999998 -1897.7499999999998 -26.749999999999996 -2175.9999999999995 322.25000000000006 -2426.2499999999995 500.19013977050787 -26.749999999999996 -2471.2958984374995 831.00000000000011 2519.9526367187505 1098.2500000000002 95.250000000000014 -76.249999999999986 2885.5000000000005 623.25000000000011 1651.2500000000002 -137.24999999999997 588.47909545898449 1605.7500000000002 -72.749999999999986 674.41351318359386
decision_type=2 2 2 2 2 2 2 2 2 2 2 2 2 2 2 2 2 2 2 2 2 2 2 2 2 2 2 2 2 2
left_child=4 5 -3 -4 7 8 -7 -1 10 -10 16 12 13 -11 -15 -16 -2 18 28 20 -20 -22 23 24 25 -19 27 -25 -13 -30
right_child=1 2 3 -5 -6 6 -8 -9 9 11 -12 17 -14 14 15 -17 -18 22 19 -21 21 -23 -24 26 -26 -27 -28 -29 29 -31
leaf_value=-3.6912643780027121 8.1677262941996265 16.814672260908853 -6.2148152253566646 10.506095385912694 1.15425698868064 -16.836704556838324 4.593041760697961 -15.603919569651286 -11.443517092296055 -7.9833660979019969 13.128695976734162 -0.085984357777469184 -14.206848143413664 -2.9294988690084116 9.0072061885486949 -0.37236918968813759 -3.0428996743382637 -10.686266668438911 5.4908097901063808 14.443710812032222 -10.2119740100134 2.6514927166959517 -7.7942229943397727 0.95880111539086643 5.4918437809779732 -1.6317226977240897 -4.5995213508605959 11.844280683994294 0.39098625879639171 7.3516011980863727
leaf_weight=35 21 21 39 33 43 23 20 21 28 38 24 16996 24 173 33 70 37 20 85 20 21 46 39 43 29 577 20 28 6411 52
leaf_count=35 21 21 39 33 43 23 20 21 28 38 24 16996 24 173 33 70 37 20 85 20 21 46 39 43 29 577 20 28 6411 52
internal_value=-9.11422e-09 0.0163086 4.91862 1.44894 -4.11357 -0.00201737 -6.86938 -8.15851 0.00987297 -0.00520456 4.56126 0.00774884 -2.60344 -1.71656 -0.853737 2.63274 1.01612 0.0439395 0.0884692 3.85529 2.46208 -1.38034 -1.34797 -0.997333 -1.591 -1.93506 3.08657 5.25167 0.0608511 0.44699
internal_weight=25070 24971 93 72 99 24878 43 56 24835 24753 82 24725 338 314 276 103 58 24387 23631 172 152 67 756 717 626 597 91 71 23459 6463
internal_count=25070 24971 93 72 99 24878 43 56 24835 24753 82 24725 338 314 276 103 58 24387 23631 172 152 67 756 717 626 597 91 71 23459 6463
is_linear=0
shrinkage=0.05


Tree=12
num_leaves=31
num_cat=0
split_feature=126 44 82 79 110 134 2 64 15 82 141 108 137 131 142 114 129 120 33 136 142 20 134 115 79 106 6 21 108 6
split_gain=645120 1.70255e+06 1.38377e+06 2.07554e+06 1.54043e+06 1.49122e+06 1.39953e+06 1.79321e+06 1.19065e+06 1.51296e+06 1.1143e+06 888838 831403 2.31691e+06 641800 712585 868064 812506 1.30137e+06 828446 1.31752e+06 749483 739187 682425 663493 858998 650282 776562 1.28327e+06 633160
threshold=-676.24999999999989 1404.5000000000002 1045.2505493164065 94.750000000000014 879.99746704101574 398.25000000000006 2808.7500000000005 275.25000000000006 1893.0000000000002 1045.2505493164065 432.25000000000006 769.00000000000011 4515.6274414062509 674.41351318359386 -7.2499999999999991 291.25000000000006 -80.749999999999986 861.00000000000011 530.86532592773449 337.25000000000006 -294.74999999999994 -1349.5839233398435 764.75000000000011 879.50000000000011 -124.24999999999999 453.25000000000006 1055.0736083984377 -136.74999999999997 -96.749999999999986 -1176.278137207031
decision_type=2 2 2 2 2 2 2 2 2 2 2 2 2 2 2 2 2 2 2 2 2 2 2 2 2 2 2 2 2 2
left_child=1 8 4 5 12 -4 7 -6 9 10 -1 -9 14 -14 15 17 23 19 -19 -2 -21 -18 -20 -17 25 26 27 -22 -29 -23
right_child=2 -3 3 -5 6 -7 -8 11 -10 -11 -12 -13 13 -15 -16 16 21 18 22 20 24 29 -24 -25 -26 -27 -28 28 -30 -31
leaf_value=-1.2519298465133639 0.14095030870927538 -14.997460148551248 10.981965612328572 20.684643945693971 -15.301429252624514 -6.3433034596619784 -18.349765796363354 10.488414249420167 10.844514874049596 -14.463763529062271 7.3804262381333574 -4.4182804763317112 -4.1139104279604828 19.399881796836855 1.747913961623949 -2.492572949950894 -7.0129326324130226 0.23677189814489941 5.4168685468037925 -14.46952434539795 0.42980164279540384 6.3209382462501527 17.826431468725204 -10.08404059273856 -3.1039365799141478 6.5194624538222961 6.6980934262275698 -15.940809030118197 -0.6488498561522541 -0.44344795987335028
leaf_weight=902 19396 22 23 20 20 27 20 20 21 21 39 20 22 20 539 192 43 86 30 20 105 35 20 35 263 48 24 23 34 2980
leaf_count=902 19396 22 23 20 20 27 20 20 21 21 39 20 22 20 539 192 43 86 30 20 105 35 20 35 263 48 24 23 34 2980
internal_value=1.6135e-08 -1.24115 0.0518327 7.07156 0.0313542 1.62632 -6.89527 -3.0771 -0.933274 -1.19038 -0.89416 3.03507 0.054525 7.08313 0.0421595 0.00275769 -0.679852 0.114602 3.96615 0.0882973 -1.88706 -0.458404 10.3807 -3.66306 -1.38072 0.55606 -0.982882 -2.1208 -6.81929 -0.364923
internal_weight=25070 1005 24065 70 23995 50 80 60 983 962 941 40 23915 42 23873 23334 3285 20049 136 19913 517 3058 50 227 497 234 186 162 57 3015
internal_count=25070 1005 24065 70 23995 50 80 60 983 962 941 40 23915 42 23873 23334 3285 20049 136 19913 517 3058 50 227 497 234 186 162 57 3015
is_linear=0
shrinkage=0.05


Tree=13
num_leaves=31
num_cat=0
split_feature=86 78 120 82 15 106 145 85 75 120 103 62 96 1 31 57 27 131 0 29 85 37 29 33 2 9 135 113 142 124
split_gain=622556 1.6688e+06 1.16582e+06 966967 1.78428e+06 990891 1.26645e+06 1.1133e+06 1.05453e+06 795095 1.12065e+06 683084 659422 973216 901467 1.49173e+06 1.10912e+06 743971 1.45626e+06 1.11858e+06 1.09675e+06 734329 928795 733448 673895 806082 966220 1.83851e+06 650436 629179
threshold=-869.74999999999989 760.75000000000011 790.25000000000011 1045.2505493164065 695.25000000000011 114.75000000000001 1045.2505493164065 1248.2500000000002 696.40509033203136 563.75000000000011 578.96932983398449 -2017.0910644531248 1045.2505493164065 1755.2500000000002 -125.74999999999999 123.25000000000001 383.87712097167974 483.63320922851568 -647.74999999999989 -289.24999999999994 -969.74999999999989 285.25000000000006 727.75000000000011 491.92401123046881 -3148.2499999999995 -1219.7499999999998 -495.74999999999994 -359.74999999999994 -283.74999999999994 377.56471252441412
decision_type=2 2 2 2 2 2 2 2 2 2 2 2 2 2 2 2 2 2 2 2 2 2 2 2 2 2 2 2 2 2
left_child=1 2 9 5 -5 7 11 8 29 12 -11 -7 13 14 15 16 17 23 19 24 -20 22 -16 -1 -19 26 27 -26 -18 -2
right_child=3 -3 -4 4 -6 6 -8 -9 -10 10 -12 -13 -14 -15 21 -17 28 18 20 -21 -22 -23 -24 -25 25 -27 -28 -29 -30 -31
leaf_value=-0.74138525062305405 0.28144717109003875 -15.047733702659608 8.7896012855298604 -4.059692506790161 15.644281956884596 -9.4197209739685075 -12.778525958061218 11.231185404459637 -7.8637977857338761 -1.217999131577771 -15.007206286554752 -0.17197048696195816 6.4870136159839049 -9.2929238468408588 1.9873763917937994 -11.232738054499908 -11.476086776786381 -3.1779370755445764 -15.206407079242524 13.784066624641419 -1.2661865190018056 -4.0396444238045 11.909519334939811 -5.5657833471530829 2.7720639984259448 -3.8352934057062322 1.106752505276273 15.791147564619017 -2.413757531751286 1.3418233935611747
leaf_weight=2007 7364 20 33 20 27 20 20 24 38 41 23 12616 33 32 254 34 36 61 21 20 43 44 26 82 89 44 188 39 44 1727
leaf_count=2007 7364 20 33 20 27 20 20 24 38 41 23 12616 33 32 254 34 36 61 21 20 43 44 26 82 89 44 188 39 44 1727
internal_value=-3.02521e-10 -0.649747 -0.559591 0.0955476 7.25961 0.0801085 -0.206506 0.476415 0.448141 -0.657194 -6.1735 -0.186608 -0.543198 -0.618916 -0.527369 -0.825584 -0.693256 -0.514427 1.20779 2.23064 -5.84032 1.96511 2.90872 -0.930758 1.68178 2.50524 3.38809 6.73882 -6.49181 0.482885
internal_weight=25070 3214 3194 21856 47 21809 12656 9153 9129 3161 64 12636 3097 3064 3032 2708 2674 2594 505 441 64 324 280 2089 421 360 316 128 80 9091
internal_count=25070 3214 3194 21856 47 21809 12656 9153 9129 3161 64 12636 3097 3064 3032 2708 2674 2594 505 441 64 324 280 2089 421 360 316 128 80 9091
is_linear=0
shrinkage=0.05


Tree=14
num_leaves=31
num_cat=0
split_feature=78 124 50 0 134 54 135 85 31 139 141 101 114 103 134 64 145 106 114 120 103 96 117 122 7 125 124 99 24 80
split_gain=617384 1.76085e+06 1.63853e+06 907183 893301 770577 719593 1.45035e+06 590178 839109 601278 567267 822728 798864 875672 994509 1.28939e+06 1.0033e+06 922138 736635 851698 937735 916901 671424 666755 1.13599e+06 850232 689630 608682 569666
threshold=2856.5000000000005 636.49594116210949 3300.7500000000005 3882.5000000000005 820.25000000000011 469.80149841308599 -1092.2499999999998 498.25000000000006 -1065.2499999999998 -521.93795776367176 73.250000000000014 2021.2500000000002 727.00000000000011 388.53430175781256 298.75000000000006 1194.7500000000002 461.08456420898443 1930.2500000000002 976.25000000000011 1003.2500000000001 436.54501342773443 537.80807495117199 636.49594116210949 909.00000000000011 3051.0000000000005 1546.6129150390627 469.80149841308599 1881.0000000000002 538.75000000000011 -2029.4999999999998
decision_type=2 2 2 2 2 2 2 2 2 2 2 2 2 2 2 2 2 2 2 2 2 2 2 2 2 2 2 2 2 2
left_child=2 5 3 6 -3 -2 7 8 10 -10 -1 12 19 -14 -15 16 28 -17 -18 24 -21 -22 -23 -24 25 27 -27 29 -16 -8
right_child=1 4 -4 -5 -6 -7 11 -9 9 -11 -12 -13 13 14 15 17 18 -19 -20 20 21 22 23 -25 -26 26 -28 -29 -30 -31
leaf_value=-11.987278609871865 3.3229958971341453 3.4651233226060869 -10.983678290423226 9.1602435153943524 17.772979621092478 -9.7920296805245552 4.3763761663436886 -14.850263773876689 5.9283206386769081 -4.2158879068162705 -2.0364002120400233 6.285558230347104 0.0089701741743324834 -10.322325687110425 0.15542977406428413 -3.136214986669295 0.51936138033866885 -13.076519588331383 12.115843361218772 -0.56168916951055115 9.8674679048599749 -5.6318697844232837 10.441560302242157 -0.14278870286612674 -6.8712363869803301 2.1164717006683351 14.491744218701903 -9.2628443431854262 -11.010957593503207 0.011818490211615683
leaf_weight=20 24 20 34 27 24 21 75 23 47 36 63 36 352 40 26 165 40 30 30 115 62 28 31 29 35 35 23 20 23 23536
leaf_count=20 24 20 34 27 24 21 75 23 47 36 63 36 352 40 26 165 40 30 30 115 62 28 31 29 35 35 23 20 23 23536
internal_value=-1.11126e-11 4.157 -0.0148102 0.000139167 11.2694 -2.79735 -0.0097855 -3.08326 -1.45289 1.52842 -4.4342 0.0137027 0.00455966 -1.67772 -3.35487 -2.4673 1.13478 -4.66549 5.48928 0.0540693 2.67564 5.15759 1.83926 5.32579 0.0247861 0.0349748 7.02391 0.0178211 -5.08594 0.0256824
internal_weight=25070 89 24981 24947 44 45 24920 189 166 83 83 24731 24695 706 354 314 119 195 70 23989 265 150 88 60 23724 23689 58 23631 49 23611
internal_count=25070 89 24981 24947 44 45 24920 189 166 83 83 24731 24695 706 354 314 119 195 70 23989 265 150 88 60 23724 23689 58 23631 49 23611
is_linear=0
shrinkage=0.05


Tree=15
num_leaves=31
num_cat=0
split_feature=141 128 20 38 113 23 135 123 4 80 86 100 112 54 122 112 120 128 131 94 107 136 124 142 89 61 133 86 36 10
split_gain=605865 729879 653689 1.66409e+06 1.45118e+06 702075 631106 1.37903e+06 1.09426e+06 795690 1.38804e+06 1.51506e+06 754068 1.15443e+06 1.13503e+06 1.40788e+06 1.72425e+06 1.25769e+06 892449 1.15234e+06 943441 823295 767929 1.14954e+06 808164 958527 941855 908151 1.20828e+06 1.03658e+06
threshold=40.250000000000007 -579.74999999999989 3967.9338378906255 2668.0000000000005 1626.2500000000002 3193.5000000000005 -1092.2499999999998 1016.4200134277345 5370.3950195312509 -2029.4999999999998 -1937.7499999999998 -1788.4999999999998 -129.74999999999997 578.96932983398449 1106.7500000000002 729.25000000000011 843.75000000000011 -336.24999999999994 724.36727905273449 -878.49999999999989 -673.74999999999989 416.75000000000006 483.63320922851568 -582.74999999999989 410.69157409667974 388.53430175781256 775.75000000000011 -305.24999999999994 -678.74999999999989 -324.74999999999994
decision_type=2 2 2 2 2 2 2 2 2 2 2 2 2 2 2 2 2 2 2 2 2 2 2 2 2 2 2 2 2 2
left_child=1 -1 5 -4 -5 6 7 -2 9 -8 11 -11 18 22 15 16 17 -15 -12 -20 -21 -19 -14 -24 -25 -26 27 28 -27 -29
right_child=2 -3 3 4 -6 -7 8 -9 -10 10 12 -13 13 14 -16 -17 -18 21 19 20 -22 -23 23 24 25 26 -28 29 -30 -31
leaf_value=-2.3389087209896755 0.0029091886111668182 -0.30872697612443417 16.665183821178619 -6.0722269083324232 8.039064508165632 -8.4640984237194061 5.5839819843118841 -10.12656939054529 9.6586237780253086 -17.764454460144044 0.43986529753109593 -2.0662717179924832 -0.11412333090302168 -6.849288649997141 4.8826094926572319 -6.938338938126198 6.9720941312335158 0.51875756027131548 -1.6966228689466203 14.705811164114209 1.1615587401390077 -9.6594743988730691 -6.9869215784846119 10.887499752044679 -7.6793944035585113 5.7362108341285163 -4.600925979266564 -2.4206782210106947 -2.620635893336241 5.2681873095245706
leaf_weight=516 112 3117 21 38 35 24 66 48 30 22 7743 51 11851 117 51 156 54 205 35 36 20 22 37 25 26 63 48 51 138 312
leaf_count=516 112 3117 21 38 35 24 66 48 30 22 7743 51 11851 117 51 156 54 205 35 36 20 22 37 25 26 63 48 51 138 312
internal_value=-5.80011e-09 -0.597076 0.101189 4.26161 0.693461 0.082865 0.0924868 -3.03593 0.116143 0.102594 0.0854187 -6.79723 0.109355 -0.121904 -2.25521 -2.91231 -1.33426 -2.63817 0.49772 5.42042 9.86858 -0.467679 -0.019071 1.59017 2.06883 1.72327 2.12273 2.69495 -0.00132573 4.18793
internal_weight=25070 3633 21437 94 73 21343 21319 160 21159 21129 21063 73 20990 13156 605 554 398 344 7834 91 56 227 12551 700 663 638 612 564 201 363
internal_count=25070 3633 21437 94 73 21343 21319 160 21159 21129 21063 73 20990 13156 605 554 398 344 7834 91 56 227 12551 700 663 638 612 564 201 363
is_linear=0
shrinkage=0.05


Tree=16
num_leaves=31
num_cat=0
split_feature=0 108 75 120 124 79 137 96 110 0 142 36 127 78 124 138 141 134 26 121 0 141 47 89 131 52 23 142 114 86
split_gain=596275 1.3261e+06 739549 1.89888e+06 1.81445e+06 1.73905e+06 775581 1.81425e+06 901001 1.00293e+06 561079 1.27383e+06 1.40189e+06 879532 947212 788704 769415 765339 624573 600172 666355 591776 554082 556152 1.10274e+06 711918 2.20354e+06 553922 565489 1.08889e+06
threshold=-2175.9999999999995 322.25000000000006 1045.2505493164065 -397.74999999999994 1045.2505493164065 -100.74999999999999 4515.6274414062509 636.49594116210949 879.99746704101574 1628.2500000000002 -582.74999999999989 1856.0000000000002 494.75000000000006 -1177.2499999999998 578.96932983398449 552.32839965820324 84.750000000000014 -353.99999999999994 458.16539001464849 -1411.2499999999998 -1327.2499999999998 189.75000000000003 879.99746704101574 724.36727905273449 696.40509033203136 640.25000000000011 -1115.7499999999998 -7.2499999999999991 727.00000000000011 1758.7500000000002
decision_type=2 2 2 2 2 2 2 2 2 2 2 2 2 2 2 2 2 2 2 2 2 2 2 2 2 2 2 2 2 2
left_child=1 -1 4 -4 6 -5 8 -8 10 -10 11 13 -13 -2 15 -15 -16 18 -12 20 -19 -22 23 27 -25 26 -26 28 29 -21
right_child=2 -3 3 5 -6 -7 7 -9 9 -11 17 12 -14 14 16 -17 -18 19 -20 22 21 -23 -24 24 25 -27 -28 -29 -30 -31
leaf_value=-1.187663977462402 -7.1011301528215416 -13.310066097974778 -7.7361044759100146 3.3283263671092502 -14.021711975595228 21.462778320312502 -6.2788793039321904 12.412456094896472 -0.93750329298131607 -14.638405056433246 1.9223900268112655 -15.968343917528788 1.12144202709198 -0.54050421125703041 0.089607552992991918 -9.8827830870946247 10.154845575384194 -2.1037372055053711 9.5848598480224609 0.02986376341552956 1.840622213347392 12.887854712097734 6.9359031282622245 -11.893246708245114 6.4045439266023187 4.3333633798819324 -16.500740659804574 1.6243882811879757 -1.4035765542894945 8.8559841418266299
leaf_weight=376 50 24 22 39 23 20 20 37 34 22 137 30 20 385 39 24 37 25 33 22217 22 27 29 29 21 39 21 537 696 35
leaf_count=376 50 24 22 39 23 20 20 37 34 22 137 30 20 385 39 24 37 25 33 22217 22 27 29 29 21 39 21 537 696 35
internal_value=-6.02345e-09 -1.91501 0.03105 4.80081 0.0153376 9.4756 0.0284799 5.85409 0.0149314 -6.32 0.0294391 -1.5004 -9.13243 -0.787128 -0.1362 -1.08871 4.98979 0.0669351 3.40981 0.0429547 4.53882 7.92787 0.0288718 0.0203826 -3.52657 -0.531098 -5.0481 0.036996 -0.000150192 0.0437463
internal_weight=25070 400 24670 81 24589 59 24566 57 24509 56 24453 585 50 535 485 409 76 23868 170 23698 74 49 23624 23595 110 81 42 23485 22948 22252
internal_count=25070 400 24670 81 24589 59 24566 57 24509 56 24453 585 50 535 485 409 76 23868 170 23698 74 49 23624 23595 110 81 42 23485 22948 22252
is_linear=0
shrinkage=0.05


end of trees

feature_importances:
Column_120=17
Column_114=13
Column_30=12
Column_134=12
Column_106=11
Column_142=11
Column_103=10
Column_121=10
Column_135=10
Column_0=9
Column_78=9
Column_79=9
Column_115=9
Column_124=9
Column_128=9
Column_141=9
Column_93=8
Column_105=8
Column_110=8
Column_113=8
Column_122=8
Column_131=8
Column_137=8
Column_61=7
Column_75=7
Column_86=7
Column_136=7
Column_23=6
Column_36=6
Column_37=6
Column_45=6
Column_64=6
Column_73=6
Column_89=6
Column_107=6
Column_108=6
Column_112=6
Column_129=6
Column_1=5
Column_2=5
Column_3=5
Column_31=5
Column_38=5
Column_47=5
Column_96=5
Column_117=5
Column_4=4
Column_15=4
Column_26=4
Column_29=4
Column_33=4
Column_40=4
Column_54=4
Column_80=4
Column_85=4
Column_100=4
Column_101=4
Column_126=4
Column_130=4
Column_140=4
Column_145=4
Column_13=3
Column_19=3
Column_20=3
Column_50=3
Column_69=3
Column_70=3
Column_82=3
Column_116=3
Column_127=3
Column_138=3
Column_6=2
Column_10=2
Column_22=2
Column_24=2
Column_25=2
Column_27=2
Column_35=2
Column_43=2
Column_55=2
Column_57=2
Column_66=2
Column_68=2
Column_71=2
Column_77=2
Column_91=2
Column_94=2
Column_98=2
Column_133=2
Column_7=1
Column_9=1
Column_12=1
Column_17=1
Column_21=1
Column_39=1
Column_44=1
Column_51=1
Column_52=1
Column_53=1
Column_58=1
Column_62=1
Column_67=1
Column_72=1
Column_87=1
Column_92=1
Column_95=1
Column_97=1
Column_99=1
Column_102=1
Column_104=1
Column_123=1
Column_125=1
Column_139=1
Column_144=1

parameters:
[boosting: gbdt]
[objective: regression]
[metric: l2]
[tree_learner: serial]
[device_type: cpu]
[data_sample_strategy: bagging]
[data: ]
[valid: ]
[num_iterations: 1000]
[learning_rate: 0.05]
[num_leaves: 31]
[num_threads: 0]
[seed: 42]
[deterministic: 1]
[force_col_wise: 0]
[force_row_wise: 0]
[histogram_pool_size: -1]
[max_depth: -1]
[min_data_in_leaf: 20]
[min_sum_hessian_in_leaf: 0.001]
[bagging_fraction: 1]
[pos_bagging_fraction: 1]
[neg_bagging_fraction: 1]
[bagging_freq: 0]
[bagging_seed: 400]
[bagging_by_query: 0]
[feature_fraction: 1]
[feature_fraction_bynode: 1]
[feature_fraction_seed: 30056]
[extra_trees: 0]
[extra_seed: 12879]
[early_stopping_round: 0]
[early_stopping_min_delta: 0]
[first_metric_only: 0]
[max_delta_step: 0]
[lambda_l1: 0]
[lambda_l2: 0]
[linear_lambda: 0]
[min_gain_to_split: 0]
[drop_rate: 0.1]
[max_drop: 50]
[skip_drop: 0.5]
[xgboost_dart_mode: 0]
[uniform_drop: 0]
[drop_seed: 17869]
[top_rate: 0.2]
[other_rate: 0.1]
[min_data_per_group: 100]
[max_cat_threshold: 32]
[cat_l2: 10]
[cat_smooth: 10]
[max_cat_to_onehot: 4]
[top_k: 20]
[monotone_constraints: ]
[monotone_constraints_method: basic]
[monotone_penalty: 0]
[feature_contri: ]
[forcedsplits_filename: ]
[refit_decay_rate: 0.9]
[cegb_tradeoff: 1]
[cegb_penalty_split: 0]
[cegb_penalty_feature_lazy: ]
[cegb_penalty_feature_coupled: ]
[path_smooth: 0]
[interaction_constraints: ]
[verbosity: -1]
[saved_feature_importance_type: 0]
[use_quantized_grad: 0]
[num_grad_quant_bins: 4]
[quant_train_renew_leaf: 0]
[stochastic_rounding: 1]
[linear_tree: 0]
[max_bin: 255]
[max_bin_by_feature: ]
[min_data_in_bin: 3]
[bin_construct_sample_cnt: 200000]
[data_random_seed: 175]
[is_enable_sparse: 1]
[enable_bundle: 1]
[use_missing: 1]
[zero_as_missing: 0]
[feature_pre_filter: 1]
[pre_partition: 0]
[two_round: 0]
[header: 0]
[label_column: ]
[weight_column: ]
[group_column: ]
[ignore_column: ]
[categorical_feature: ]
[forcedbins_filename: ]
[precise_float_parser: 0]
[parser_config_file: ]
[objective_seed: 16083]
[num_class: 1]
[is_unbalance: 0]
[scale_pos_weight: 1]
[sigmoid: 1]
[boost_from_average: 1]
[reg_sqrt: 0]
[alpha: 0.9]
[fair_c: 1]
[poisson_max_delta_step: 0.7]
[tweedie_variance_power: 1.5]
[lambdarank_truncation_level: 30]
[lambdarank_norm: 1]
[label_gain: ]
[lambdarank_position_bias_regularization: 0]
[eval_at: ]
[multi_error_top_k: 1]
[auc_mu_weights: ]
[num_machines: 1]
[local_listen_port: 12400]
[time_out: 120]
[machine_list_filename: ]
[machines: ]
[gpu_platform_id: -1]
[gpu_device_id: -1]
[gpu_device_id_list: ]
[gpu_use_dp: 0]
[num_gpu: 1]

end of parameters

pandas_categorical:null
