tree
version=v4
num_class=1
num_tree_per_iteration=1
label_index=0
max_feature_idx=146
objective=regression
feature_names=Column_0 Column_1 Column_2 Column_3 Column_4 Column_5 Column_6 Column_7 Column_8 Column_9 Column_10 Column_11 Column_12 Column_13 Column_14 Column_15 Column_16 Column_17 Column_18 Column_19 Column_20 Column_21 Column_22 Column_23 Column_24 Column_25 Column_26 Column_27 Column_28 Column_29 Column_30 Column_31 Column_32 Column_33 Column_34 Column_35 Column_36 Column_37 Column_38 Column_39 Column_40 Column_41 Column_42 Column_43 Column_44 Column_45 Column_46 Column_47 Column_48 Column_49 Column_50 Column_51 Column_52 Column_53 Column_54 Column_55 Column_56 Column_57 Column_58 Column_59 Column_60 Column_61 Column_62 Column_63 Column_64 Column_65 Column_66 Column_67 Column_68 Column_69 Column_70 Column_71 Column_72 Column_73 Column_74 Column_75 Column_76 Column_77 Column_78 Column_79 Column_80 Column_81 Column_82 Column_83 Column_84 Column_85 Column_86 Column_87 Column_88 Column_89 Column_90 Column_91 Column_92 Column_93 Column_94 Column_95 Column_96 Column_97 Column_98 Column_99 Column_100 Column_101 Column_102 Column_103 Column_104 Column_105 Column_106 Column_107 Column_108 Column_109 Column_110 Column_111 Column_112 Column_113 Column_114 Column_115 Column_116 Column_117 Column_118 Column_119 Column_120 Column_121 Column_122 Column_123 Column_124 Column_125 Column_126 Column_127 Column_128 Column_129 Column_130 Column_131 Column_132 Column_133 Column_134 Column_135 Column_136 Column_137 Column_138 Column_139 Column_140 Column_141 Column_142 Column_143 Column_144 Column_145 Column_146
feature_infos=[-19376:17055.5] [-18577:21487.5] [-20293.5:14140.5] [-19239:14809] [-21341.234375:17087.904296875] [231.24867248535156:4343.349609375] [-19210.2421875:15723.0419921875] [-19239:14665] [-18908.5:20901.5] [-20021:13848] [-19448:15255] [-21216.880859375:17130] [231.24867248535156:4343.349609375] [-18816.765625:15680.4931640625] [-19448:15095] [-18964:21484.5] [-21256:12894] [-19140:14962.5] [-21087.67578125:17123.240234375] [231.24867248535156:4343.349609375] [-18581.60546875:15507.4482421875] [-19186:14802.5] [-18723:19938.5] [-19918:13353] [-19262.5:14313.5] [-20957.92578125:17132.8203125] [231.24867248535156:4343.349609375] [-18295.77734375:15356.0439453125] [-19262.5:14269] [-18778.5:20555.5] [-21070.5:13562] [-18954.5:14759.5] [-20820.57421875:17149.8359375] [231.24867248535156:4343.349609375] [-18276.650390625:15301.8125] [-19000.5:14715] [-17955:19147] [-19732.5:14008] [-18095.5:14467] [-20679.91015625:17160.744140625] [231.24867248535156:4343.349609375] [-18191.63671875:15210.9658203125] [-18109.5:14422.5] [-16513:19073.5] [-18452.5:13715.5] [-18340.5:14010] [-20527.724609375:17151.794921875] [231.24867248535156:4343.349609375] [-18091.150390625:14936.7421875] [-18358:14095] [-16661:18768] [-18400:12761.5] [-17156:13056] [-20359.4609375:17117.91015625] [231.24867248535156:4343.349609375] [-18006.13671875:14644.2421875] [-17141:13141] [-14312:17719] [-17420.5:10948] [-14807:11606] [-20182.89453125:17066.30078125] [231.24867248535156:4343.349609375] [-17429.033203125:14208.810546875] [-14792:11605] [-12533:19341] [-15846.5:9964.5] [-15395.5:11940.5] [-20010.8359375:17010.759765625] [231.24867248535156:4343.349609375] [-17244.16796875:13910.9638671875] [-15369.5:11939.5] [-12694.5:17738] [-16343.5:9010.5] [-14220.5:12113.5] [-19838.970703125:16927.720703125] [231.24867248535156:4343.349609375] [-16937.7421875:13555.0126953125] [-14156.5:12088] [-11423.5:17790.5] [-14497:9045] [-13350.5:12559.5] [-19659.904296875:16868.970703125] [231.24867248535156:4343.349609375] [-16544.265625:13351.8662109375] [-13299.5:12534] [-12509:16434] [-15858.5:9087.5] [-13957.5:12267] [-19470.5:16766.6796875] [231.24867248535156:4343.349609375] [-16309.10546875:13059.3662109375] [-13971:12241.5] [-11221.5:17689] [-14370:7795.5] [-13165:11313] [-19227.544921875:16625.23046875] [231.24867248535156:4343.349609375] [-16023.2783203125:12589.96875] [-13114:11287.5] [-11472:20011] [-13865:6692] [-12621:7477] [-18994.990234375:16486.689453125] [231.24867248535156:4343.349609375] [-15713.9794921875:11866.1533203125] [-12733:7476] [-9123:18923] [-12946:6441] [-10272:8059] [-18723.5390625:16361.8095703125] [231.24867248535156:4343.349609375] [-15101.390625:11212.00390625] [-10384:8148.5] [-9182.5:18290.5] [-11028:5839] [-9704.5:6891] [-18453.890625:16228.1904296875] [231.24867248535156:4343.349609375] [-14601.9462890625:10683.23046875] [-9581.5:6846] [-9301:17813] [-11715:5102.5] [-10849:7596.5] [-18200.55078125:16104.96484375] [231.24867248535156:4343.349609375] [-14155.451171875:10168.80078125] [-10726:7571] [-8052:15855.5] [-11010.5:4991.5] [-9338:7639] [-17963.685546875:15937.6103515625] [231.24867248535156:4343.349609375] [-13250.1826171875:9681.455078125] [-9535:7613.5] [-6333:16360] [-11118:4229] [-8546.5:4512] [-17689.669921875:15760.650390625] [231.24867248535156:4343.349609375] [-12259.166015625:8888.0498046875] [-8679.5:4437] [0:17026.5] [-9060.5:0] none [-17410.345703125:15558.2802734375] [231.24867248535156:4343.349609375] [-11144.6962890625:8080.04541015625]
tree_sizes=2850 2827 2841 2849 2834 2840 2846 2812 2822 2840 2844 2824 2819 2850 2823 2821

Tree=0
num_leaves=31
num_cat=0
split_feature=140 129 68 131 62 145 45 13 103 122 1 30 81 85 64 24 92 134 121 140 47 141 131 104 136 82 120 57 119 89
split_gain=2.00146e+07 1.58484e+07 2.40001e+07 2.70827e+07 2.6195e+07 1.84193e+07 1.62998e+07 1.25959e+07 1.24821e+07 1.10637e+07 1.55597e+07 9.89461e+06 1.23286e+07 8.25216e+06 7.83513e+06 5.53741e+06 1.17938e+07 6.72802e+06 7.07784e+06 7.67434e+06 6.2665e+06 6.24999e+06 4.3736e+06 5.27136e+06 4.29963e+06 9.79051e+06 1.20997e+07 9.62385e+06 7.44466e+06 7.22185e+06
threshold=-2261.9999999999995 1482.2500000000002 2883.3869628906255 2474.0510253906255 2125.844848632813 1610.0513305664065 -4533.9999999999991 -9457.1303710937482 2076.5380859375005 2750.2500000000005 1046.2500000000002 3773.5000000000005 -3379.212524414062 1549.7500000000002 121.25000000000001 4164.7500000000009 4788.0000000000009 -1725.2499999999998 -3879.2499999999995 -820.74999999999989 2280.3024902343755 664.75000000000011 2077.6770019531255 5287.2717285156259 -366.74999999999994 2077.6770019531255 1692.2500000000002 4037.2500000000005 -1295.2499999999998 1971.2244262695315
decision_type=2 2 2 2 2 2 2 2 2 2 2 2 2 2 2 2 2 2 2 2 2 2 2 2 2 2 2 2 2 2
left_child=8 2 3 7 -4 -3 -5 -2 -1 11 -11 12 14 -14 -7 16 17 -9 19 -19 22 -21 23 -17 27 28 -27 -20 -26 -30
right_child=1 5 4 6 -6 9 -8 15 -10 10 -12 -13 13 -15 -16 20 -18 18 24 21 -22 -23 -24 -25 25 26 -28 -29 29 -31
leaf_value=-8.7989836370283996 -31.46804855140585 1.5857164625580042 -79.348843465535865 70.019904970438262 -6.8309277323140538 23.205666719871701 14.501123209171018 27.021723719259178 -46.808010736196266 74.622406133920933 20.137273786010905 -17.108463499297589 12.59899615175984 52.639502653391148 -16.179737376829433 3.6954519153619616 -30.528655294033541 1.8380304091284485 -1.9621863750872011 -45.981969005951314 32.669905733377711 -10.914261352110922 -18.807594667165496 30.154905388862872 4.602093415515724 4.0931356548043825 39.158287971948099 -29.950013957861916 -0.54197098988796255 -26.913940712439494
leaf_weight=54 33 379 20 20 33 23 39 22 36 20 38 23 22 31 28 320 33 40 3341 24 20 27 20 20 722 89 34 31 16843 26
leaf_count=54 33 379 20 20 33 23 39 22 36 20 38 23 22 31 28 320 33 40 3341 24 20 27 20 20 722 89 34 31 16843 26
internal_value=-0.471153 -0.376272 -0.590781 -0.508718 -34.1962 7.89868 33.321 -0.600932 -24.0026 20.8317 38.9253 12.5685 19.1317 36.0189 1.58231 -0.5538 -0.660871 -0.614376 -0.643087 -14.5575 5.42866 -27.4167 3.91525 5.25189 -0.583037 -0.271525 13.7859 -2.21949 -0.369818 -0.582618
internal_weight=22411 22321 21757 21704 53 564 59 21645 90 185 58 127 104 53 51 21612 21232 21199 21177 91 380 51 360 340 21086 17714 123 3372 17591 16869
internal_count=22411 22321 21757 21704 53 564 59 21645 90 185 58 127 104 53 51 21612 21232 21199 21177 91 380 51 360 340 21086 17714 123 3372 17591 16869
is_linear=0
shrinkage=1


Tree=1
num_leaves=31
num_cat=0
split_feature=140 129 54 55 131 145 141 54 13 114 28 30 8 37 99 13 145 115 24 92 134 121 17 63 78 78 40 38 92 145
split_gain=1.80632e+07 1.43032e+07 2.18385e+07 3.1743e+07 2.37806e+07 1.66234e+07 1.36939e+07 1.17162e+07 1.13695e+07 1.04713e+07 1.32707e+07 1.33148e+07 9.32406e+06 1.0147e+07 8.71791e+06 8.23641e+06 7.28911e+06 5.47908e+06 4.99355e+06 1.06457e+07 6.07098e+06 6.38997e+06 7.43164e+06 9.61487e+06 5.82246e+06 8.31567e+06 5.87469e+06 5.55944e+06 4.24575e+06 1.30236e+07
threshold=-2261.9999999999995 1482.2500000000002 2883.3869628906255 2519.5725097656255 2474.0510253906255 1610.0513305664065 527.75000000000011 1005.9385681152345 -9457.1303710937482 2982.2500000000005 5779.0000000000009 -6294.7499999999991 -1974.7499999999998 431.25000000000006 -3434.7499999999995 1775.6968383789065 2169.7580566406255 1476.2500000000002 4164.7500000000009 4788.0000000000009 -1725.2499999999998 -3879.2499999999995 -1821.2499999999998 -4239.2499999999991 6275.2500000000009 5271.5000000000009 1971.2244262695315 -5411.9999999999991 3426.0000000000005 1667.0932617187502
decision_type=2 2 2 2 2 2 2 2 2 2 2 2 2 2 2 2 2 2 2 2 2 2 2 2 2 2 2 2 2 2
left_child=7 2 4 -4 8 -3 -6 -1 -2 10 11 -7 -13 17 -9 -15 -16 -14 19 20 -10 22 23 27 25 26 -20 -22 -23 -30
right_child=1 5 3 -5 6 9 -8 14 18 -11 -12 12 13 15 16 -17 -18 -19 24 -21 21 28 -24 -25 -26 -27 -28 -29 29 -31
leaf_value=5.2020031611124677 -29.447052649295696 1.9540257607097677 -81.85394220352174 -2.4692845050026389 -1.9718218040466309 -14.472090533233825 48.915816341302332 -59.556353621049361 26.118232358585704 51.04778695503871 -16.334791748612016 56.541193939248721 22.714302143454553 62.655641078948975 1.0624946665763855 17.82177376520066 -41.114404151553202 -11.071421643098196 4.0668922324619388 -28.554628175677678 -2.6745976578105584 -0.16178133555447063 -39.46942941801889 17.829622657210738 31.194743942079089 -24.977620692875078 27.610011626934181 -38.641147442658742 1.6140020037733991 42.107721837361652
leaf_weight=27 33 379 20 34 20 21 39 22 22 24 27 24 24 20 20 21 21 24 307 33 22 20946 21 27 21 23 29 21 115 24
leaf_count=27 33 379 20 34 20 21 39 22 22 24 27 24 24 20 20 21 21 24 307 33 22 20946 21 27 21 23 29 21 115 24
internal_value=5.88152e-08 0.0901366 -0.113647 -31.871 -0.0346304 7.95134 31.6658 -22.3549 -0.121043 20.2377 15.6449 22.0886 28.8831 21.4247 -34.165 39.692 -20.5403 5.82144 -0.0762626 -0.177945 -0.133769 -0.161043 -13.382 -5.55579 5.60482 4.10791 6.09889 -20.2397 -0.103983 8.60572
internal_weight=22411 22321 21757 54 21703 564 59 90 21644 185 161 134 113 89 63 41 41 48 21611 21231 21198 21176 91 70 380 359 336 43 21085 139
internal_count=22411 22321 21757 54 21703 564 59 90 21644 185 161 134 113 89 63 41 41 48 21611 21231 21198 21176 91 70 380 359 336 43 21085 139
is_linear=0
shrinkage=0.05


Tree=2
num_leaves=31
num_cat=0
split_feature=140 129 54 55 131 145 45 122 1 54 13 107 86 99 59 145 98 24 92 47 36 72 134 121 17 114 134 136 26 133
split_gain=1.6302e+07 1.29086e+07 1.97092e+07 2.86481e+07 2.1462e+07 1.50781e+07 1.28257e+07 1.19796e+07 1.48063e+07 1.05738e+07 1.0261e+07 7.88991e+06 9.83201e+06 7.86792e+06 7.37754e+06 6.57843e+06 5.46801e+06 4.59222e+06 1.05789e+07 6.77066e+06 6.54768e+06 1.28803e+07 5.46788e+06 6.37119e+06 8.31653e+06 8.70492e+06 5.19602e+06 5.25164e+06 5.02756e+06 1.55122e+07
threshold=-2261.9999999999995 1482.2500000000002 2883.3869628906255 2519.5725097656255 2474.0510253906255 1563.7959594726565 -4533.9999999999991 2750.2500000000005 1046.2500000000002 1005.9385681152345 -9457.1303710937482 -846.74999999999989 3066.7500000000005 -3434.7499999999995 1206.2500000000002 2169.7580566406255 1010.2500000000001 3625.2500000000005 4788.0000000000009 2280.3024902343755 4367.2500000000009 1394.2500000000002 -1725.2499999999998 -3879.2499999999995 -1821.2499999999998 -4185.2499999999991 -373.99999999999994 23.750000000000004 2076.5380859375005 397.75000000000006
decision_type=2 2 2 2 2 2 2 2 2 2 2 2 2 2 2 2 2 2 2 2 2 2 2 2 2 2 2 2 2 2
left_child=9 2 4 -4 10 -3 -6 11 -9 -1 -2 -7 14 -11 16 -15 -13 18 20 26 22 -22 -12 24 25 -24 -19 -28 -25 -30
right_child=1 5 3 -5 6 7 -8 8 -10 13 17 12 -14 15 -16 -17 -18 19 -20 -21 21 -23 23 28 -26 -27 27 -29 29 -31
leaf_value=4.94190239376492 -27.974698800751657 1.5407040159558989 -77.761244583129894 -2.3458200524835027 59.248119918159823 -8.6972838303981685 11.448877716064453 70.952028885341832 19.532352240880332 -56.578538166392939 24.812319662354213 31.085328093171121 -13.220688190460207 1.0093699860572816 43.494381469838764 -39.058685375395278 -5.0376139120622119 -21.885112676620484 -29.865835876464843 30.258376614252729 -40.956960270322604 2.1617037263027457 -16.820904901045928 -0.14801636796513407 -41.837335100173952 21.655437850952151 10.040096807695623 0.11626357433740937 -0.37330054893992304 31.014162842732556
leaf_weight=27 33 366 20 34 23 39 36 21 42 22 22 20 20 20 34 21 22 20 30 24 29 43 49 20590 20 21 221 336 153 53
leaf_count=27 33 366 20 34 23 39 36 21 42 22 22 20 20 20 34 21 22 20 30 24 29 43 49 20590 20 21 221 336 153 53
internal_value=9.33949e-09 0.0856298 -0.107965 -30.2775 -0.0328989 7.55378 30.0825 18.6688 36.6722 -21.2371 -0.114991 10.2673 17.9716 -32.4567 26.1801 -19.5133 12.1638 -0.0724495 -0.195723 4.23698 -0.153296 -15.2055 -0.101462 -0.127704 -13.4023 -5.278 3.15463 4.05373 -0.0702549 7.70211
internal_weight=22411 22321 21757 54 21703 564 59 198 63 90 21644 135 96 63 76 41 42 21611 21010 601 20980 72 20908 20886 90 70 577 557 20796 206
internal_count=22411 22321 21757 54 21703 564 59 198 63 90 21644 135 96 63 76 41 42 21611 21010 601 20980 72 20908 20886 90 70 577 557 20796 206
is_linear=0
shrinkage=0.05


Tree=3
num_leaves=31
num_cat=0
split_feature=121 5 4 114 0 108 42 68 5 107 129 93 76 104 80 120 51 33 70 66 142 92 140 23 95 126 22 66 141 45
split_gain=1.47849e+07 2.23244e+07 1.86549e+07 1.14511e+07 1.36136e+07 1.09068e+07 1.16814e+07 1.59146e+07 2.30267e+07 2.47894e+07 1.12757e+07 1.14813e+07 1.08316e+07 9.9839e+06 8.83935e+06 8.37317e+06 8.33157e+06 1.08636e+07 7.53424e+06 7.02977e+06 7.78575e+06 6.64026e+06 5.9615e+06 5.75579e+06 1.05415e+07 6.75858e+06 5.64725e+06 5.60571e+06 5.23909e+06 7.14849e+06
threshold=-3879.2499999999995 2472.5063476562505 1942.3024902343752 1924.0000000000002 -1554.7499999999998 2979.2500000000005 6507.7500000000009 2883.3869628906255 2368.7424316406255 -2769.2499999999995 2906.5000000000005 -6387.7499999999991 2454.552368164063 -6323.3217773437491 -2129.7499999999995 1733.2500000000002 -4527.7499999999991 1087.885681152344 1566.0000000000002 -6399.2499999999991 -2754.4999999999995 4297.5000000000009 -676.74999999999989 -7409.9999999999991 -7720.7575683593741 -426.74999999999994 -1999.7499999999998 -112.74999999999999 1540.0000000000002 -1049.4999999999998
decision_type=2 2 2 2 2 2 2 2 2 2 2 2 2 2 2 2 2 2 2 2 2 2 2 2 2 2 2 2 2 2
left_child=1 2 13 5 -5 6 7 8 10 -10 11 -2 -9 22 -11 -8 17 -15 27 -13 -21 -7 -1 24 -22 -26 -18 -16 -25 -30
right_child=3 -3 -4 4 -6 21 15 12 9 14 -12 19 -14 16 18 -17 26 -19 -20 20 23 -23 -24 28 25 -27 -28 -29 29 -31
leaf_value=-13.062887268066408 -34.683051069577537 -64.122357940673837 35.829359799339663 44.801713882446293 6.4369457723645427 -8.1049372162929796 5.4974847503330402 -57.313442497253419 61.559415659411201 -20.531010284423829 35.694386607950385 28.833654416175115 -7.0013904239820395 -6.4395038890838627 15.459893717263876 49.732909469604493 11.787985828944615 -52.400055173370575 -4.4761412225920578 -25.999090058228063 -38.866909528661665 -40.509988830566414 25.542478270530701 -0.11025640815645738 -17.946705514734443 22.21352219581604 -25.336104488372804 48.163259603977203 21.205522249705758 1.8894396322114126
leaf_weight=20 24 20 21 25 308 43 23 20 29 20 22 21 23 20 38 20 21 36 29 29 27 25 20 21210 22 20 20 20 67 168
leaf_count=20 24 20 21 25 308 43 23 20 29 20 22 21 23 20 38 20 21 36 29 29 27 25 20 21210 22 20 20 20 67 168
internal_value=2.28821e-08 -14.3528 -8.0529 0.114911 9.31718 -0.0250144 0.0372593 -0.0141197 0.0459692 20.5554 -0.0831046 -0.119565 -30.4023 -14.7794 9.44218 26.0721 -23.4471 -35.9856 16.3326 -0.0810969 -0.109283 -20.0186 6.2398 -0.0743844 -14.4922 1.17721 -6.32133 26.7369 -0.0279945 7.39658
internal_weight=22411 178 158 22233 333 21900 21832 21789 21746 136 21610 21588 43 137 107 43 97 56 87 21564 21543 68 40 21514 69 42 41 58 21445 235
internal_count=22411 178 158 22233 333 21900 21832 21789 21746 136 21610 21588 43 137 107 43 97 56 87 21564 21543 68 40 21514 69 42 41 58 21445 235
is_linear=0
shrinkage=0.05


Tree=4
num_leaves=31
num_cat=0
split_feature=135 64 121 61 141 85 129 145 134 122 1 121 64 125 5 20 2 37 64 19 33 24 15 142 114 98 122 29 117 142
split_gain=1.37524e+07 2.60441e+07 1.5593e+07 2.11696e+07 1.50127e+07 1.08763e+07 1.05979e+07 1.31678e+07 1.0657e+07 1.04684e+07 1.2803e+07 1.03559e+07 8.10017e+06 1.09826e+07 7.71219e+06 7.69723e+06 1.60835e+07 1.26515e+07 1.10027e+07 5.57147e+06 9.46983e+06 4.96503e+06 8.98794e+06 8.75144e+06 6.68366e+06 5.44102e+06 5.20831e+06 5.1713e+06 6.27746e+06 1.48793e+07
threshold=-2325.4999999999995 1525.7500000000002 -3879.2499999999995 2368.7424316406255 167.25000000000003 -2909.7499999999995 1482.2500000000002 1563.7959594726565 2975.7500000000005 2750.2500000000005 1046.2500000000002 -2688.7499999999995 -5827.7499999999991 -4397.3344726562491 2169.7580566406255 1818.668884277344 3204.2500000000005 431.25000000000006 84.250000000000014 1563.7959594726565 1005.9385681152345 4164.7500000000009 5966.5000000000009 -1114.2499999999998 -745.74999999999989 3900.5000000000005 49.250000000000007 4939.5000000000009 2281.4279785156255 -478.24999999999994
decision_type=2 2 2 2 2 2 2 2 2 2 2 2 2 2 2 2 2 2 2 2 2 2 2 2 2 2 2 2 2 2
left_child=1 2 4 5 -1 11 8 -8 12 15 -11 -4 -2 -14 19 17 -17 18 -9 20 -6 22 27 -23 26 -26 -25 28 -15 -30
right_child=6 -3 3 -5 14 -7 7 9 -10 10 -12 -13 13 21 -16 16 -18 -19 -20 -21 -22 23 -24 24 25 -27 -28 -29 29 -31
leaf_value=13.679085166931154 24.405619270661301 -49.458420476397954 -0.30148215702601844 49.270733278447935 -7.5720475387573245 -10.36512352697777 1.3038227572467158 28.012492548718171 -30.846773719787599 66.016309211367656 18.201628010613579 44.800632953643799 -23.908596603075665 -0.071299081646668039 -54.409262204170233 -40.864596691131595 18.293323905379683 53.139021139144894 -12.212406182289124 -0.096417231786818741 -56.228574981689455 31.122286662747786 -32.762997938337783 -22.587039272601789 4.0866411288729259 25.616357809124572 8.7961495327949528 -23.731471580007803 1.6631357684731485 45.854860473632812
leaf_weight=25 34 37 35 22 20 132 366 34 28 21 42 20 48 20844 24 20 27 20 34 21 20 31 21 39 265 33 20 23 80 25
leaf_count=25 34 37 35 22 20 132 366 34 28 21 42 20 48 20844 24 20 27 20 34 21 20 31 21 39 265 33 20 23 80 25
internal_value=1.41242e-07 -9.74894 -5.14314 2.87665 -20.3807 -2.58147 0.157362 6.92309 -0.0201943 17.3102 34.1399 16.0993 0.0200212 -0.0186698 -30.3983 9.45638 -6.88026 18.1816 7.90004 -20.9514 -31.9003 0.0349627 -0.068622 5.63948 3.42669 6.4708 -11.9487 -0.035884 -0.00986852 12.185
internal_weight=22411 356 319 209 110 187 22055 564 21491 198 63 55 21463 21429 85 135 47 88 68 61 40 21381 20993 388 357 298 59 20972 20949 105
internal_count=22411 356 319 209 110 187 22055 564 21491 198 63 55 21463 21429 85 135 47 88 68 61 40 21381 20993 388 357 298 59 20972 20949 105
is_linear=0
shrinkage=0.05


Tree=5
num_leaves=31
num_cat=0
split_feature=140 114 0 13 97 113 128 40 78 80 65 101 115 44 54 134 120 108 141 27 42 45 141 86 78 30 122 145 29 61
split_gain=1.2687e+07 9.9877e+06 1.32807e+07 1.07584e+07 1.73768e+07 1.32904e+07 1.26634e+07 9.73029e+06 1.21089e+07 2.71177e+07 1.65247e+07 1.57336e+07 1.3989e+07 1.24644e+07 8.984e+06 8.79734e+06 8.47188e+06 8.19563e+06 9.08702e+06 7.04328e+06 5.92913e+06 5.82142e+06 4.80505e+06 8.21408e+06 1.28909e+07 9.63811e+06 8.60933e+06 7.02371e+06 1.16143e+07 1.17475e+07
threshold=-2261.9999999999995 1924.0000000000002 -1554.7499999999998 -9457.1303710937482 -6571.1254882812491 267.25000000000006 -4257.7499999999991 2280.3024902343755 3055.7500000000005 883.75000000000011 -5008.9999999999991 585.75000000000011 84.750000000000014 -3915.2499999999995 1005.9385681152345 1574.2500000000002 -71.749999999999986 2979.2500000000005 1038.7500000000002 -6539.2055664062491 6507.7500000000009 4345.2500000000009 1540.0000000000002 -308.24999999999994 194.25000000000003 -67.249999999999986 1389.0000000000002 1354.744079589844 -4713.7499999999991 1354.744079589844
decision_type=2 2 2 2 2 2 2 2 2 2 2 2 2 2 2 2 2 2 2 2 2 2 2 2 2 2 2 2 2 2
left_child=14 3 -3 5 -5 -2 -6 17 9 10 -9 13 -10 -12 -1 16 -15 20 -19 -16 22 -14 27 24 -24 26 -25 -8 -29 -30
right_child=1 2 -4 4 6 -7 7 8 12 -11 11 -13 21 15 19 -17 -18 18 -20 -21 -22 -23 23 25 -26 -27 -28 28 29 -31
leaf_value=5.3958048431961627 -0.60570470408389454 44.507638726631804 5.8915715244683362 46.591253356933599 -28.874533994574296 -45.551134241038362 0.017536219584011883 -30.617566699048748 -43.313541288375859 62.791045605694812 -10.148045669283185 -17.960918978282386 -10.95447124640147 67.556680159135297 -7.7652903238932298 5.865819773890756 28.752270662478914 -3.7858749813503696 -45.172250629606708 -42.191553507095733 24.286615379333497 23.870739555358888 8.2437364194300269 13.566256661848591 -28.721067366880529 6.0912598596530021 58.892839279174808 -28.426241706342115 -18.115774386269706 -0.46878916738021315
leaf_weight=27 38 24 308 20 38 29 20532 23 20 27 21 28 24 22 24 22 39 36 21 39 25 24 77 22 34 89 20 49 112 597
leaf_count=27 38 24 308 20 38 29 20532 23 20 27 21 28 24 22 24 22 39 36 21 39 25 24 77 22 34 89 20 49 112 597
internal_value=3.84516e-08 0.075541 8.68309 -0.0544197 0.0067222 -20.0597 -0.0358169 0.0143053 9.82197 16.5482 8.493 15.3077 -8.18059 24.2647 -18.735 32.9715 42.7473 -0.0991358 -19.0335 -29.0768 -0.0490705 6.45813 -0.0773258 6.92846 -3.07882 15.4079 35.1503 -0.156959 -4.88354 -3.25647
internal_weight=22411 22321 332 21989 21922 67 21902 21864 250 182 155 132 68 104 90 83 61 21614 57 63 21557 48 21532 242 111 131 42 21290 758 709
internal_count=22411 22321 332 21989 21922 67 21902 21864 250 182 155 132 68 104 90 83 61 21614 57 63 21557 48 21532 242 111 131 42 21290 758 709
is_linear=0
shrinkage=0.05


Tree=6
num_leaves=31
num_cat=0
split_feature=135 64 95 131 114 141 6 78 129 145 134 122 15 93 23 64 125 20 3 37 64 129 127 75 103 114 113 121 135 115
split_gain=1.16519e+07 2.35408e+07 1.35392e+07 2.10771e+07 1.08817e+07 1.10597e+07 1.13477e+07 9.66904e+06 9.02772e+06 1.16244e+07 9.36292e+06 9.11687e+06 1.15948e+07 8.27506e+06 7.42484e+06 7.01666e+06 9.50222e+06 6.95772e+06 1.42414e+07 1.13264e+07 9.92703e+06 5.09508e+06 7.17916e+06 4.79718e+06 9.04346e+06 4.99026e+06 4.61518e+06 5.93928e+06 1.14819e+07 9.95384e+06
threshold=-2325.4999999999995 1525.7500000000002 -2756.180053710937 2077.6770019531255 -3681.9999999999995 167.25000000000003 -5911.9753417968741 -3137.9999999999995 1482.2500000000002 1563.7959594726565 2975.7500000000005 2750.2500000000005 6743.7500000000009 -6387.7499999999991 -611.24999999999989 -5827.7499999999991 -4397.3344726562491 1818.668884277344 4684.0000000000009 431.25000000000006 84.250000000000014 -1895.9999999999998 -1895.7499999999998 2883.3869628906255 2472.5063476562505 1924.0000000000002 -734.24999999999989 -2067.9999999999995 -1143.2499999999998 -1155.7499999999998
decision_type=2 2 2 2 2 2 2 2 2 2 2 2 2 2 2 2 2 2 2 2 2 2 2 2 2 2 2 2 2 2
left_child=1 2 4 14 5 -1 13 -6 10 -10 15 17 -13 -7 -4 -2 -17 19 -19 20 -11 22 -9 24 25 26 -18 28 29 -28
right_child=8 -3 3 -5 7 6 -8 21 9 11 -12 12 -14 -15 -16 16 23 18 -20 -21 -22 -23 -24 -25 -26 -27 27 -29 -30 -31
leaf_value=4.5898537801659627 22.714784812226014 -46.726442186252491 5.9082786122957867 51.935871223781419 21.241781398653984 -40.511794726053878 -64.055848511405614 -17.407502754756383 1.1096220952239846 26.490677437449207 -28.913419478280204 49.835514408833276 6.2658483505249025 3.0355118846893312 -28.528795967102056 -22.238927419980371 2.1983034021934031 -38.691657218933109 16.975454118516712 50.191018562316899 -11.717410662594965 -30.539962244033816 18.552767488230831 -18.204140484333038 23.24177685692197 8.9856065726941807 -9.0208413600921631 -0.23056779789305026 6.9940565109252937 -54.328357596830898
leaf_weight=23 34 37 72 23 32 24 23 35 366 34 28 37 26 20 20 48 2064 20 27 20 34 24 23 36 42 154 27 18997 39 22
leaf_count=23 34 37 72 23 32 24 23 35 366 34 28 37 26 20 20 48 2064 20 27 20 34 24 23 36 42 154 27 18997 39 22
internal_value=-3.58704e-08 -8.97358 -4.59472 9.12474 -12.3287 -25.3255 -35.5949 -2.06817 0.144847 6.3893 -0.0190298 16.1487 31.8544 -20.7176 -1.57804 0.018665 -0.0173455 8.81937 -6.71268 17.1149 7.38663 -11.1647 -3.1474 0.0325416 0.0632992 0.0176016 -0.0477004 -0.290601 -13.2502 -29.363
internal_weight=22411 356 319 115 204 90 67 114 22055 564 21491 198 63 44 92 21463 21429 135 47 88 68 82 58 21381 21345 21303 21149 19085 88 49
internal_count=22411 356 319 115 204 90 67 114 22055 564 21491 198 63 44 92 21463 21429 135 47 88 68 82 58 21381 21345 21303 21149 19085 88 49
is_linear=0
shrinkage=0.05


Tree=7
num_leaves=31
num_cat=0
split_feature=140 114 2 54 97 131 4 11 129 72 102 117 142 40 129 49 127 142 66 123 101 103 124 101 8 107 92 65 121 72
split_gain=1.06678e+07 8.53151e+06 1.49822e+07 1.24579e+07 4.2651e+07 1.5309e+07 1.67837e+07 1.14138e+07 8.84602e+06 8.4637e+06 1.12807e+07 8.49206e+06 2.13253e+07 1.69386e+07 1.21264e+07 1.74005e+07 1.68399e+07 1.47099e+07 1.45403e+07 1.14549e+07 8.92154e+06 8.35121e+06 8.18865e+06 1.52657e+07 1.83817e+07 1.05668e+07 1.1641e+07 8.12197e+06 7.23265e+06 5.99982e+06
threshold=-2261.9999999999995 2982.2500000000005 2284.5000000000005 2883.3869628906255 2066.9033203125005 2474.0510253906255 -4508.5175781249991 529.21749877929699 121.75000000000001 -7048.2499999999991 -8237.3051757812482 2370.3945312500005 -767.74999999999989 2076.5380859375005 620.25000000000011 -190.24999999999997 -1100.4999999999998 -407.24999999999994 -2668.4999999999995 1864.477478027344 -797.74999999999989 2076.5380859375005 1749.311706542969 1000.2500000000001 3055.7500000000005 1970.5000000000002 3233.7500000000005 -487.74999999999994 -1057.7499999999998 -961.24999999999989
decision_type=2 2 2 2 2 2 2 2 2 2 2 2 2 2 2 2 2 2 2 2 2 2 2 2 2 2 2 2 2 2
left_child=21 3 -3 5 -5 9 8 -6 -7 10 -2 13 20 22 16 -16 -15 -17 -18 28 -13 -1 -11 24 27 26 -25 -24 -20 -30
right_child=1 2 -4 4 7 6 -8 -9 -10 11 -12 12 -14 14 15 17 18 -19 19 -21 -22 -23 23 25 -26 -27 -28 -29 29 -31
leaf_value=-4.7436295297410753 -45.287164783477785 53.772704238891606 4.100654844253782 -75.13229049046835 35.420155944824216 23.078350468782279 52.417575592830261 -14.415169825377289 -21.152088232040406 0.043959937820259129 1.8252730616816768 -16.8018967368386 13.855131449843899 41.643631970440907 54.606125305758589 -21.578762262517756 -32.393118556340532 33.056078270503455 -20.663122574488323 29.682826137381632 -61.831032562255864 -35.833417744106718 -27.339222819754418 -3.7831281661987308 11.544597640991212 -24.468759434039779 36.035435407392441 -65.382164688110365 29.05707588195801 -6.2977225695337573
leaf_weight=54 24 20 63 24 20 26 29 27 20 21505 27 22 33 27 36 22 30 28 36 37 22 36 47 45 25 26 31 20 21 28
leaf_count=54 24 20 63 24 20 26 29 27 20 21505 27 22 33 27 36 22 30 28 36 37 22 36 47 45 25 26 31 20 21 28
internal_value=-5.36792e-08 0.0692692 16.0698 0.00954953 -20.9011 0.0765256 22.6281 6.79135 3.84772 -3.44519e-05 -20.3453 0.0470418 -16.5286 0.105152 12.6698 28.1007 5.25608 9.01675 -1.20749 6.4611 -39.3165 -17.1795 -0.0482945 -10.2748 -25.0432 3.04578 12.4587 -38.6953 -3.64718 8.85433
internal_weight=22411 22321 83 22238 71 22167 75 47 46 22092 51 22041 77 21964 265 86 179 50 152 122 44 90 21699 194 92 102 76 67 85 49
internal_count=22411 22321 83 22238 71 22167 75 47 46 22092 51 22041 77 21964 265 86 179 50 152 122 44 90 21699 194 92 102 76 67 85 49
is_linear=0
shrinkage=0.05


Tree=8
num_leaves=31
num_cat=0
split_feature=121 5 4 59 138 51 129 135 23 140 26 68 23 4 131 133 45 121 64 0 58 92 114 145 84 53 68 107 101 105
split_gain=1.00052e+07 1.86604e+07 1.51931e+07 9.14112e+06 8.00711e+06 9.65534e+06 7.6764e+06 9.88868e+06 9.31864e+06 7.16729e+06 8.4006e+06 1.23128e+07 2.34462e+07 1.14644e+07 1.78165e+07 1.21832e+07 1.1923e+07 1.16779e+07 1.15947e+07 8.95329e+06 8.16225e+06 7.34557e+06 7.25796e+06 8.45201e+06 7.52396e+06 1.20935e+07 8.66681e+06 7.93966e+06 1.52542e+07 1.05588e+07
threshold=-3879.2499999999995 2472.5063476562505 1942.3024902343752 -6866.7499999999991 1187.7677001953127 -4527.7499999999991 2906.5000000000005 617.75000000000011 1486.0000000000002 2191.0000000000005 2169.7580566406255 2883.3869628906255 3167.7500000000005 -12787.092285156248 2474.0510253906255 405.75000000000006 1417.7500000000002 -2688.7499999999995 -2138.7499999999995 -8809.4999999999982 -2404.9999999999995 848.25000000000011 1924.0000000000002 1354.744079589844 -2028.4999999999998 -7692.5424804687491 1354.744079589844 -2395.7499999999995 -1632.2499999999998 -1259.7499999999998
decision_type=2 2 2 2 2 2 2 2 2 2 2 2 2 2 2 2 2 2 2 2 2 2 2 2 2 2 2 2 2 2
left_child=1 2 3 -1 -5 -6 9 -8 -9 10 19 13 -13 -12 15 17 21 -15 -19 -2 -20 -17 23 -21 25 -25 -26 28 -28 -29
right_child=6 -3 -4 4 5 -7 7 8 -10 -11 11 12 -14 14 -16 16 -18 18 20 22 -22 -23 -24 24 26 -27 27 29 -30 -31
leaf_value=7.9948589816689495 -32.673834228515624 -57.309445095062259 33.554644693647113 3.3277060362008903 -45.80655799278847 -8.7490949124097828 -8.8968217602482564 53.116657274419609 10.274051694869996 -19.26089220841726 -19.673320962832527 -40.775287390116489 24.174983550608161 33.354917033513388 49.48733575271838 25.155365848541262 3.6209061834547258 -35.161786682128906 24.189112415621359 0.089802170803032266 -6.9142920371257901 64.829683403968815 8.5291868939571742 -27.531283701383149 -21.36706152871712 9.3529038786108973 -2.4393790141956231 26.217780425630771 -54.292552251401155 -4.8909286354102344
leaf_weight=40 21 20 21 26 39 32 27 22 30 48 26 33 24 24 33 28 36 25 31 20669 66 20 246 26 97 153 37 29 23 459
leaf_count=40 21 20 21 26 39 32 27 22 30 48 26 33 24 24 33 28 36 25 31 20669 66 20 246 26 97 153 37 29 23 459
internal_value=-1.05671e-07 -11.807 -6.04724 -12.1176 -20.4114 -29.1046 0.0945285 15.6528 28.3998 0.0390484 0.0809554 7.81064 -13.4278 11.9995 15.1307 10.2013 25.3726 1.47255 -4.79939 -0.0419522 3.02597 41.6863 -0.0104296 -0.108171 -5.07407 3.99542 -7.59103 -5.15257 -22.3164 -3.04226
internal_weight=22411 178 158 137 97 71 22233 79 52 22154 22106 346 57 289 263 230 84 146 122 21760 97 48 21739 21493 824 179 645 548 60 488
internal_count=22411 178 158 137 97 71 22233 79 52 22154 22106 346 57 289 263 230 84 146 122 21760 97 48 21739 21493 824 179 645 548 60 488
is_linear=0
shrinkage=0.05


Tree=9
num_leaves=31
num_cat=0
split_feature=135 101 121 61 131 85 141 121 129 110 134 71 114 145 121 131 113 64 72 23 122 128 86 139 75 103 78 23 142 85
split_gain=9.26351e+06 2.10508e+07 1.10725e+07 2.11431e+07 1.44193e+07 1.07724e+07 1.06556e+07 8.86775e+06 7.41559e+06 9.73265e+06 8.08008e+06 7.81703e+06 1.4623e+07 1.16788e+07 7.17209e+06 6.87217e+06 6.4965e+06 6.1094e+06 7.74618e+06 5.45284e+06 5.44478e+06 5.40351e+06 5.14169e+06 4.98174e+06 4.26071e+06 7.2938e+06 4.29099e+06 7.27615e+06 4.0986e+06 4.07289e+06
threshold=-2325.4999999999995 1017.7500000000001 -3879.2499999999995 2368.7424316406255 2281.4279785156255 -2909.7499999999995 175.25000000000003 -2688.7499999999995 1482.2500000000002 1439.9837036132815 2975.7500000000005 1216.2500000000002 1642.2500000000002 2076.5380859375005 2640.0000000000005 1971.4899902343752 3051.7500000000005 -5827.7499999999991 -5827.2499999999991 -439.24999999999994 -1753.4999999999998 830.25000000000011 -1997.9999999999998 -2356.4287109374995 2883.3869628906255 2472.5063476562505 3153.7500000000005 -1771.2499999999998 -1962.2499999999998 3247.2500000000005
decision_type=2 2 2 2 2 2 2 2 2 2 2 2 2 2 2 2 2 2 2 2 2 2 2 2 2 2 2 2 2 2
left_child=1 2 4 5 6 7 -1 -4 10 -10 17 22 16 -14 -15 19 21 -2 20 23 -19 -13 -11 -7 25 26 -20 -28 -8 -29
right_child=8 -3 3 -5 -6 15 28 -9 9 11 -12 12 13 14 -16 -17 -18 18 24 -21 -22 -23 -24 -25 -26 -27 27 29 -30 -31
leaf_value=23.736194304057534 21.193674224965715 -54.264651297745502 0.042115260532924109 47.029065057505733 -48.002955349560445 -15.319943057166206 -30.732989298502606 41.777943763732914 0.57506811336285801 16.644040667044148 -26.86143238885062 -14.587002038955688 0.55406401732872268 63.442539596557623 21.60558875401815 -35.847502716727881 -26.308659927933306 -38.77561466580346 -0.098248866774127058 -26.831604614257813 -6.3944415204665246 16.593467070839623 45.340624562016245 8.2072001218795787 -16.922237552178874 20.875530715215774 31.870770412942637 8.7240578536601632 -4.8084441154233879 -0.23739009168610645
leaf_weight=21 34 23 35 23 29 36 30 20 346 37 28 24 29 20 21 23 27 21 20733 25 34 33 27 60 37 42 23 204 31 335
leaf_count=21 34 23 35 23 29 36 30 20 346 37 28 24 29 20 21 23 27 21 20733 25 34 33 27 60 37 42 23 204 31 335
internal_value=-5.74948e-08 -8.00121 -4.80584 1.64114 -17.6998 -3.6047 -6.98282 15.2188 0.129151 5.78865 -0.0193741 14.0634 7.95973 24.8377 42.0139 -10.7942 -6.10521 0.0156433 -0.0179585 -6.03203 -18.7582 3.46485 28.7504 -0.615479 0.0302641 0.0596611 0.0186061 4.32955 -17.5582 3.15433
internal_weight=22411 356 333 222 111 199 82 55 22055 564 21491 218 154 70 41 144 84 21463 21429 121 55 57 64 96 21374 21337 21295 562 61 539
internal_count=22411 356 333 222 111 199 82 55 22055 564 21491 218 154 70 41 144 84 21463 21429 121 55 57 64 96 21374 21337 21295 562 61 539
is_linear=0
shrinkage=0.05


Tree=10
num_leaves=31
num_cat=0
split_feature=25 115 135 51 129 14 5 113 133 128 42 86 105 129 120 124 72 98 8 142 78 108 78 141 107 117 91 5 106 114
split_gain=8.69609e+06 1.34146e+07 9.0914e+06 1.43121e+07 7.89186e+06 1.28345e+07 8.8525e+06 1.62207e+07 1.71239e+07 1.44693e+07 1.42828e+07 1.25031e+07 8.31708e+06 9.7548e+06 8.03089e+06 6.15454e+06 5.55691e+06 6.56003e+06 6.27363e+06 4.88984e+06 4.63505e+06 8.76326e+06 4.62944e+06 9.00927e+06 1.23683e+07 6.1027e+06 1.60956e+07 8.68187e+06 9.3358e+06 1.06255e+07
threshold=-12343.965332031248 122.75000000000001 -3708.4999999999995 -3938.4999999999995 -3048.9999999999995 -2084.2499999999995 2368.7424316406255 -291.24999999999994 -1054.7499999999998 -715.74999999999989 5363.2500000000009 2179.0000000000005 1344.5000000000002 -367.74999999999994 3026.2500000000005 2472.5063476562505 4863.7500000000009 4581.0000000000009 6025.7500000000009 -2754.4999999999995 5271.5000000000009 2979.2500000000005 2802.5000000000005 1197.5000000000002 343.75000000000006 1610.2515869140627 1920.2500000000002 1863.8374633789065 -2213.2499999999995 -901.74999999999989
decision_type=2 2 2 2 2 2 2 2 2 2 2 2 2 2 2 2 2 2 2 2 2 2 2 2 2 2 2 2 2 2
left_child=1 2 -1 -4 5 -2 15 8 -8 12 11 14 13 -9 -11 16 17 19 -18 -6 22 -22 25 -24 -25 -21 27 -27 -29 -30
right_child=4 -3 3 -5 6 -7 7 9 -10 10 -12 -13 -14 -15 -16 -17 18 -19 -20 20 21 -23 23 24 -26 26 -28 28 29 -31
leaf_value=0.96520268576485779 -2.5810764957876771 19.332703063601542 -64.489175735473637 -9.1937026630748413 -21.292708326269079 -48.271407942338428 69.924713034856879 -19.818483140128002 6.0724408558436807 3.4032232666015627 49.514706665277487 -28.715948534011844 -40.587616701126102 22.098993268220323 41.013481356880881 23.441794988087246 -1.3841891433253435 -23.824003219604492 29.003175533839638 -0.0021236258546298093 -38.37168968374079 7.3583047819137581 1.2602807334049897 44.52909138969013 7.8683538844419081 -18.021150006353857 29.06294180552165 24.931457406503185 -15.045339894673184 9.4795104359879225
leaf_weight=21 51 21 25 22 27 22 21 35 21 40 24 20 20 23 22 28 33 29 35 20498 22 20 767 28 129 156 30 27 126 68
leaf_count=21 51 21 25 22 27 22 21 35 21 40 24 20 20 23 22 28 33 29 35 20498 22 20 767 28 129 156 30 27 126 68
internal_value=-4.29539e-08 -15.5981 -26.3856 -38.6062 0.0621913 -16.3508 0.116043 9.9614 37.9986 3.56161 15.5892 5.65984 -12.7836 -3.19604 16.7488 0.0150099 -0.0148128 -0.0590706 14.2564 -0.0275982 -0.00134615 -16.5955 0.0305818 3.49401 14.4066 -0.122502 -6.18518 -8.99007 -2.61519 -6.449
internal_weight=22411 89 68 47 22322 73 22249 226 42 184 106 82 78 58 62 22023 21995 21927 68 21898 21871 42 21829 924 157 20905 407 377 221 194
internal_count=22411 89 68 47 22322 73 22249 226 42 184 106 82 78 58 62 22023 21995 21927 68 21898 21871 42 21829 924 157 20905 407 377 221 194
is_linear=0
shrinkage=0.05


Tree=11
num_leaves=31
num_cat=0
split_feature=135 64 121 61 141 80 40 114 18 98 54 115 1 42 54 124 128 139 72 92 120 82 129 24 142 36 85 8 9 135
split_gain=7.8653e+06 1.87241e+07 1.02847e+07 1.53182e+07 1.13141e+07 8.6072e+06 7.26187e+06 6.49846e+06 1.32838e+07 6.17571e+06 8.0725e+06 5.83796e+06 5.41045e+06 5.35141e+06 7.2609e+06 1.10091e+07 1.12438e+07 1.03218e+07 9.26565e+06 6.5456e+06 6.06139e+06 5.6653e+06 1.31371e+07 1.1033e+07 1.40028e+07 9.05778e+06 1.19296e+07 8.99318e+06 6.54353e+06 6.50774e+06
threshold=-2325.4999999999995 1525.7500000000002 -3879.2499999999995 2368.7424316406255 167.25000000000003 -3182.7499999999995 958.94485473632824 2982.2500000000005 797.53750610351574 -3789.9999999999995 2076.5380859375005 3769.7500000000005 7078.0000000000009 6507.7500000000009 2883.3869628906255 2472.5063476562505 -1413.2499999999998 1954.1488037109377 -7048.2499999999991 -4610.9999999999991 1875.2500000000002 2077.6770019531255 1399.0000000000002 -5322.4999999999991 -274.74999999999994 2181.7500000000005 -1140.9999999999998 3055.7500000000005 -7754.9999999999991 156.25000000000003
decision_type=2 2 2 2 2 2 2 2 2 2 2 2 2 2 2 2 2 2 2 2 2 2 2 2 2 2 2 2 2 2
left_child=1 2 4 5 -1 6 -4 11 -9 10 -6 13 -10 14 15 18 -17 -16 -2 -20 -15 28 23 -23 25 26 -25 -27 -21 -24
right_child=7 -3 3 -5 9 -7 -8 8 12 -11 -12 -13 -14 20 17 16 -18 -19 19 21 -22 22 29 24 -26 27 -28 -29 -30 -31
leaf_value=13.725609504699708 -31.006863705317183 -41.042446786004149 -4.9284849364182044 42.510627720572735 -19.41117308020592 -9.2432277667906977 29.130056531990277 43.700346315824071 -11.639426454816546 -8.4305008370535717 -60.420581960678106 -26.283908689589726 20.003665464574642 -3.034530067443848 -41.556653166294097 51.36132118588403 3.658886636098226 5.4019357507879091 27.978835605439684 -19.52227387095607 33.082215881347658 -30.118858440717062 48.994814793268844 -18.948767089843752 40.684507728576662 -43.100036468505863 19.367882735775535 0.18482502142588297 0.0020679352532975911 13.51329995564052
leaf_weight=25 24 37 29 22 30 124 34 26 35 35 20 21 22 21 25 21 30 22 21 43 26 24 24 28 25 20 74 30 21465 28
leaf_count=25 24 37 29 22 30 124 34 26 35 35 20 21 22 21 25 21 30 22 21 43 26 24 24 28 25 20 74 30 21465 28
internal_value=-1.48481e-07 -7.37268 -3.46741 3.04579 -15.8425 -1.59714 13.4523 0.119006 14.0832 -24.539 -35.8149 0.0662553 0.573697 0.0914639 0.0553009 0.097515 23.3011 -19.576 0.0432464 0.0774583 16.9449 0.0505326 7.48897 1.69384 6.00743 0.30396 8.84959 -17.1291 -0.0369662 29.8894
internal_weight=22411 356 319 209 110 187 63 22055 83 85 50 21972 57 21951 21904 21857 51 47 21806 21782 47 21761 253 201 177 152 102 50 21508 52
internal_count=22411 356 319 209 110 187 63 22055 83 85 50 21972 57 21951 21904 21857 51 47 21806 21782 47 21761 253 201 177 152 102 50 21508 52
is_linear=0
shrinkage=0.05


Tree=12
num_leaves=31
num_cat=0
split_feature=25 115 133 129 10 5 128 142 108 19 115 3 1 33 124 72 142 98 129 96 65 135 70 64 70 5 106 106 107 136
split_gain=7.73775e+06 1.18238e+07 8.25163e+06 6.59109e+06 1.13775e+07 7.34086e+06 1.51746e+07 1.27338e+07 1.30647e+07 8.68698e+06 1.13074e+07 1.04624e+07 6.33532e+06 5.45862e+06 5.19768e+06 4.78298e+06 5.99264e+06 5.9122e+06 4.42623e+06 8.97509e+06 8.33101e+06 1.49925e+07 7.33264e+06 9.8326e+06 8.11738e+06 7.16381e+06 1.3334e+07 1.70352e+07 8.36154e+06 7.13599e+06
threshold=-12343.965332031248 122.75000000000001 -1497.9999999999998 -3048.9999999999995 -2331.9999999999995 2368.7424316406255 -2556.4999999999995 -407.24999999999994 2728.7500000000005 2472.5063476562505 -38.749999999999993 3082.7500000000005 3346.7500000000005 1486.5613403320315 2472.5063476562505 4863.7500000000009 -277.74999999999994 4581.0000000000009 -228.24999999999997 1563.7959594726565 -419.74999999999994 -1907.2499999999998 -1444.7499999999998 -2295.7499999999995 -876.74999999999989 1971.2244262695315 1721.7500000000002 114.75000000000001 646.75000000000011 -727.99999999999989
decision_type=2 2 2 2 2 2 2 2 2 2 2 2 2 2 2 2 2 2 2 2 2 2 2 2 2 2 2 2 2 2
left_child=1 2 -1 4 13 14 -7 8 9 -8 -11 -12 -9 -2 15 17 -17 18 19 -5 22 -22 23 29 -24 -20 27 -27 -28 -21
right_child=3 -3 -4 5 -6 6 7 12 -10 10 11 -13 -14 -15 -16 16 -18 -19 25 20 21 -23 24 -25 -26 26 28 -29 -30 -31
leaf_value=-7.9286985124860498 -16.190261438157826 18.080686612356278 -42.77873456116879 -0.72529248655133438 -43.145661534865695 39.339435917990556 20.419540766775611 42.868283541997272 -42.166862630844122 -30.286908288435502 -16.847972462177278 33.68243688855852 9.1062136910178442 17.361566211960533 21.54466874940055 1.1833786150304284 31.519486293086302 -22.61358372918491 0.34256603900010191 22.4491986469789 -59.005040723627275 -9.9042181122977784 32.3778977394104 -31.251838887821545 -2.9738174860996587 21.162141786619674 51.495768803358082 -22.387147540234508 14.806782189688901 -15.912852412682993
leaf_weight=35 27 21 33 6553 24 35 40 24 20 33 20 21 33 22 28 41 27 29 14935 22 22 53 22 44 62 43 24 47 44 27
leaf_count=35 27 21 33 6553 24 35 40 24 20 33 20 21 33 22 28 41 27 29 14935 22 22 53 22 44 62 43 24 47 44 27
internal_value=-3.75842e-08 -14.7136 -24.8412 0.0586644 -14.9408 0.107878 9.07333 3.52718 -4.89292 1.64636 -8.5013 9.03346 23.3218 -1.12618 0.0158749 -0.0115316 13.2286 -0.0525919 -0.0227138 -1.08138 -10.341 -24.3071 -4.42321 -14.0951 6.28497 0.454608 11.0454 -1.58026 27.7558 1.31093
internal_weight=22411 89 68 22322 73 22249 226 191 134 114 74 41 57 49 22023 21995 68 21927 21898 6805 252 75 177 93 84 15093 158 90 68 49
internal_count=22411 89 68 22322 73 22249 226 191 134 114 74 41 57 49 22023 21995 68 21927 21898 6805 252 75 177 93 84 15093 158 90 68 49
is_linear=0
shrinkage=0.05


Tree=13
num_leaves=31
num_cat=0
split_feature=25 131 7 10 129 14 5 113 129 128 42 86 0 94 77 124 137 72 142 78 119 142 141 140 2 91 113 129 57 138
split_gain=6.98332e+06 1.1064e+07 1.56615e+07 7.4907e+06 5.94846e+06 1.03281e+07 6.62512e+06 1.39613e+07 2.43633e+07 1.34559e+07 1.25465e+07 1.04322e+07 8.82074e+06 7.30943e+06 5.28802e+06 4.69091e+06 4.32999e+06 4.31664e+06 5.40836e+06 5.3554e+06 7.47274e+06 4.12356e+06 4.09261e+06 3.93276e+06 8.71032e+06 7.11102e+06 4.52299e+06 4.02877e+06 8.60992e+06 7.33992e+06
threshold=-12343.965332031248 2077.6770019531255 -8524.7499999999982 -4216.9999999999991 -3048.9999999999995 -2084.2499999999995 2368.7424316406255 -143.24999999999997 -1020.7499999999999 -715.74999999999989 5363.2500000000009 2179.0000000000005 4772.5000000000009 1778.2500000000002 -325.24999999999994 2472.5063476562505 -3997.2724609374995 4863.7500000000009 -277.74999999999994 5271.5000000000009 1893.7500000000002 -2754.4999999999995 389.75000000000006 -1769.2499999999998 -4131.2499999999991 -5732.9999999999991 -1142.2499999999998 -228.24999999999997 -4910.7499999999991 1610.0513305664065
decision_type=2 2 2 2 2 2 2 2 2 2 2 2 2 2 2 2 2 2 2 2 2 2 2 2 2 2 2 2 2 2
left_child=1 -1 -3 -4 5 22 15 8 -8 12 11 13 16 14 -11 17 -9 19 -19 21 -21 -6 -2 24 -23 -25 -26 29 -29 -27
right_child=4 2 3 -5 6 -7 7 9 -10 10 -12 -13 -14 -15 -16 -17 -18 18 -20 20 -22 23 -24 25 26 27 -28 28 -30 -31
leaf_value=18.766751365661623 13.181628874937694 -60.755055389404305 7.9845369996695688 -31.790916484594348 -19.537305973194265 -42.828470455516474 68.041618545850127 -17.790166534423829 -4.8033728534525091 21.342966041564942 45.556134529908498 -26.946859526634217 -40.564080652323639 39.460971126556402 -14.180467878688468 20.467434699194772 11.087572575056996 1.124209950609905 29.943511736834491 -39.942239208221437 -2.3508172626678761 33.563955020904544 -15.195455303898564 -23.956077600294545 10.631820049881936 -0.72841940899280544 -19.678792662620545 29.209871427829452 0.41213773353303812 -10.648056627251208
leaf_weight=20 24 20 29 20 27 22 24 25 22 20 24 20 22 20 22 28 27 41 27 20 39 28 27 31 32 6490 20 26 15022 192
leaf_count=20 24 20 29 20 27 22 24 25 22 20 24 20 22 20 22 28 27 41 27 20 39 28 27 31 32 6490 20 26 15022 192
internal_value=1.57043e-07 -13.9779 -23.4691 -8.25034 0.0557314 -14.1938 0.102485 8.61966 33.2027 2.33733 13.7596 4.45331 -14.0243 14.5824 2.73545 0.0150814 -2.79596 -0.0109548 12.5672 -0.0499621 -15.0937 -0.00937405 -1.84153 0.0147665 11.0804 -0.0259141 -1.02611 0.00822461 0.461895 -1.01345
internal_weight=22411 89 69 49 22322 73 22249 226 46 180 106 82 74 62 42 22023 52 21995 68 21927 59 21868 51 21841 80 21761 52 21730 15048 6682
internal_count=22411 89 69 49 22322 73 22249 226 46 180 106 82 74 62 42 22023 52 21995 68 21927 59 21868 51 21841 80 21761 52 21730 15048 6682
is_linear=0
shrinkage=0.05


Tree=14
num_leaves=31
num_cat=0
split_feature=140 103 114 18 54 97 103 128 11 3 145 114 1 131 117 142 40 33 73 101 135 138 91 17 21 131 141 79 21 22
split_gain=6.56202e+06 6.8129e+06 5.51368e+06 1.22414e+07 9.37467e+06 3.14547e+07 1.07715e+07 1.66403e+07 9.74851e+06 6.7357e+06 1.17266e+07 5.13715e+06 4.77387e+06 4.30263e+06 8.59116e+06 1.55193e+07 8.39083e+06 1.32283e+07 1.22246e+07 1.39714e+07 1.2405e+07 7.15629e+06 8.94775e+06 9.35598e+06 1.19001e+07 9.1865e+06 7.92937e+06 1.11387e+07 7.34711e+06 6.07627e+06
threshold=-2261.9999999999995 2076.5380859375005 2982.2500000000005 797.53750610351574 2883.3869628906255 2066.9033203125005 2472.5063476562505 -2759.9999999999995 529.21749877929699 -8535.2499999999982 2368.7424316406255 -1578.2499999999998 7078.0000000000009 2474.0510253906255 2370.3945312500005 -767.74999999999989 2076.5380859375005 2368.7424316406255 2743.2500000000005 -2242.4999999999995 -197.74999999999997 1667.0932617187502 1026.7500000000002 1906.7500000000002 -1679.2499999999998 1864.5585937500002 729.25000000000011 655.50000000000011 -2922.7499999999995 5921.7500000000009
decision_type=2 2 2 2 2 2 2 2 2 2 2 2 2 2 2 2 2 2 2 2 2 2 2 2 2 2 2 2 2 2
left_child=1 -1 4 -4 6 -6 9 -8 -7 10 -2 -9 -5 14 16 -16 21 18 19 -18 -21 -11 23 24 28 -26 27 -24 -23 -28
right_child=2 -3 3 12 5 8 7 11 -10 13 -12 -13 -14 -15 15 -17 17 -19 -20 20 -22 22 26 -25 25 -27 29 -29 -30 -31
leaf_value=-2.2416004110265662 5.0571154276529953 -30.322373167673749 41.348646046565136 -11.5234919493539 -64.705337429046637 32.106409988403321 58.004865479469302 -13.265861652208413 -13.950113345958568 0.060691517517676312 -45.4809531363574 17.516671838182393 18.199842812798241 22.661102714992708 -44.701915260841105 9.6530654271443694 41.190135973691945 -5.9447655143061038 51.168727460114859 -5.9187364738127766 31.479197025299072 -17.516980316088752 19.048055629730225 9.1614948868751522 -21.350672191067748 -60.376626857757572 31.386244333944013 -28.518145287409425 16.952206351540308 -3.9628069019317631
leaf_weight=54 24 36 26 35 24 20 20 23 27 21433 22 33 22 21 29 24 32 96 23 85 30 52 20 32 38 25 31 32 22 20
leaf_count=54 24 36 26 35 24 20 20 23 27 21433 22 33 22 21 29 24 32 96 23 85 30 52 20 32 38 25 31 32 22 20
internal_value=1.05961e-08 -13.4739 0.0543279 12.9173 0.0063186 -18.1331 0.0644185 18.8557 5.64841 -0.000229357 -19.1133 4.87385 -0.0513277 0.0396527 0.018083 -20.0883 0.0665851 8.89305 17.272 11.9685 3.83725 -0.0415853 -8.10077 -15.1805 -20.8662 -36.8372 3.51551 -10.2235 -7.26938 17.5239
internal_weight=22411 90 22321 83 22238 71 22167 76 47 22091 46 56 57 22045 22024 53 21971 266 170 147 115 21705 272 169 137 63 103 52 74 51
internal_count=22411 90 22321 83 22238 71 22167 76 47 22091 46 56 57 22045 22024 53 21971 266 170 147 115 21705 272 169 137 63 103 52 74 51
is_linear=0
shrinkage=0.05


Tree=15
num_leaves=31
num_cat=0
split_feature=25 115 135 51 141 127 128 110 124 136 142 6 24 4 4 100 98 93 98 4 21 10 8 59 103 33 145 133 135 17
split_gain=6.26186e+06 1.04216e+07 8.19568e+06 1.17748e+07 5.24402e+06 1.09788e+07 1.16842e+07 2.17696e+07 6.78587e+06 7.93063e+06 1.5317e+07 9.42539e+06 2.49313e+07 9.59305e+06 6.68536e+06 6.52087e+06 6.15961e+06 1.13296e+07 8.1144e+06 9.07739e+06 6.18639e+06 9.00383e+06 6.39217e+06 7.38603e+06 9.75036e+06 6.16093e+06 5.71116e+06 5.6644e+06 7.70003e+06 5.63908e+06
threshold=-12343.965332031248 122.75000000000001 -3708.4999999999995 -3938.4999999999995 512.25000000000011 -1895.7499999999998 -2759.9999999999995 2280.3024902343755 1563.7959594726565 -563.24999999999989 -1361.7499999999998 2849.324829101563 3625.2500000000005 690.76000976562511 -7722.2351074218741 -1217.2499999999998 -2137.2499999999995 -2468.7499999999995 -1873.2499999999998 -3652.609985351562 -6762.2499999999991 -6157.7499999999991 -3437.2499999999995 -2703.9999999999995 1610.0513305664065 1032.707214355469 1563.7959594726565 -110.74999999999999 -1332.7499999999998 -2328.4999999999995
decision_type=2 2 2 2 2 2 2 2 2 2 2 2 2 2 2 2 2 2 2 2 2 2 2 2 2 2 2 2 2 2
left_child=1 2 -1 -4 8 -6 7 -7 26 11 -11 13 -13 14 -10 29 17 -8 19 -18 -20 -22 25 24 -24 -23 -2 28 -12 -16
right_child=4 -3 3 -5 5 6 16 -9 9 10 27 12 -14 -15 15 -17 18 -19 20 -21 21 22 23 -25 -26 -27 -28 -29 -30 -31
leaf_value=3.2241781507219587 -0.2624013180997436 17.552188628628141 -57.824138358116151 -7.6690972068093046 -21.86391692352295 -1.6827806635336444 -2.7101339399373092 52.517377659678459 4.0521281454298235 39.548977366360759 5.3156463198039852 -73.955967748732789 2.2090566114945847 22.943758955455962 -18.107328594964127 -2.5572620596204487 38.208681836724281 -38.558083568016691 -21.474144950406306 4.1052931375503539 32.237204718589787 -1.3749077465183832 7.0920503719432935 1.5334751734842513 45.694661297116966 -25.351172249657768 24.670046200959579 4.0408157511033869 -31.926285999843056 -51.677132311734283
leaf_weight=21 16818 21 25 22 50 44 270 32 36 22 23 21 22 21 29 28 32 24 29 50 24 74 74 4387 21 42 23 69 35 22
leaf_count=21 16818 21 25 22 50 44 270 32 36 22 23 21 22 21 29 28 32 24 29 50 24 74 74 4387 21 42 23 69 35 22
internal_value=8.20557e-08 -13.2362 -22.7444 -34.3473 0.052774 1.45165 1.6801 21.1383 -0.367075 -7.48982 1.03177 -14.5832 -34.9878 -8.13174 -13.8064 -21.9445 1.38592 -5.6365 1.82213 17.4139 1.54724 1.69168 1.53225 1.83216 15.6253 -10.056 -0.228351 -5.6405 -17.1579 -32.5884
internal_weight=22411 89 68 47 22322 5153 5103 76 17169 328 149 179 43 136 115 79 5027 294 4733 82 4651 4622 4598 4482 95 116 16841 127 58 51
internal_count=22411 89 68 47 22322 5153 5103 76 17169 328 149 179 43 136 115 79 5027 294 4733 82 4651 4622 4598 4482 95 116 16841 127 58 51
is_linear=0
shrinkage=0.05


end of trees

feature_importances:
Column_129=19
Column_114=14
Column_121=14
Column_142=14
Column_141=13
Column_145=13
Column_131=12
Column_135=12
Column_64=11
Column_140=10
Column_5=9
Column_54=9
Column_78=9
Column_72=8
Column_92=8
Column_115=8
Column_128=8
Column_134=8
Column_4=7
Column_98=7
Column_103=7
Column_122=7
Column_1=6
Column_23=6
Column_24=6
Column_101=6
Column_107=6
Column_113=6
Column_124=6
Column_8=5
Column_13=5
Column_33=5
Column_40=5
Column_42=5
Column_45=5
Column_85=5
Column_86=5
Column_120=5
Column_133=5
Column_0=4
Column_17=4
Column_25=4
Column_51=4
Column_61=4
Column_68=4
Column_108=4
Column_117=4
Column_136=4
Column_2=3
Column_3=3
Column_10=3
Column_21=3
Column_30=3
Column_37=3
Column_59=3
Column_65=3
Column_66=3
Column_70=3
Column_80=3
Column_91=3
Column_93=3
Column_97=3
Column_106=3
Column_127=3
Column_138=3
Column_6=2
Column_11=2
Column_14=2
Column_15=2
Column_18=2
Column_19=2
Column_20=2
Column_22=2
Column_26=2
Column_29=2
Column_36=2
Column_47=2
Column_55=2
Column_57=2
Column_75=2
Column_82=2
Column_95=2
Column_99=2
Column_104=2
Column_105=2
Column_110=2
Column_119=2
Column_125=2
Column_139=2
Column_7=1
Column_9=1
Column_27=1
Column_28=1
Column_38=1
Column_44=1
Column_49=1
Column_53=1
Column_58=1
Column_62=1
Column_63=1
Column_71=1
Column_73=1
Column_76=1
Column_77=1
Column_79=1
Column_81=1
Column_84=1
Column_89=1
Column_94=1
Column_96=1
Column_100=1
Column_102=1
Column_123=1
Column_126=1
Column_137=1

parameters:
[boosting: gbdt]
[objective: regression]
[metric: l2]
[tree_learner: serial]
[device_type: cpu]
[data_sample_strategy: bagging]
[data: ]
[valid: ]
[num_iterations: 1000]
[learning_rate: 0.05]
[num_leaves: 31]
[num_threads: 0]
[seed: 42]
[deterministic: 1]
[force_col_wise: 0]
[force_row_wise: 0]
[histogram_pool_size: -1]
[max_depth: -1]
[min_data_in_leaf: 20]
[min_sum_hessian_in_leaf: 0.001]
[bagging_fraction: 1]
[pos_bagging_fraction: 1]
[neg_bagging_fraction: 1]
[bagging_freq: 0]
[bagging_seed: 400]
[bagging_by_query: 0]
[feature_fraction: 1]
[feature_fraction_bynode: 1]
[feature_fraction_seed: 30056]
[extra_trees: 0]
[extra_seed: 12879]
[early_stopping_round: 0]
[early_stopping_min_delta: 0]
[first_metric_only: 0]
[max_delta_step: 0]
[lambda_l1: 0]
[lambda_l2: 0]
[linear_lambda: 0]
[min_gain_to_split: 0]
[drop_rate: 0.1]
[max_drop: 50]
[skip_drop: 0.5]
[xgboost_dart_mode: 0]
[uniform_drop: 0]
[drop_seed: 17869]
[top_rate: 0.2]
[other_rate: 0.1]
[min_data_per_group: 100]
[max_cat_threshold: 32]
[cat_l2: 10]
[cat_smooth: 10]
[max_cat_to_onehot: 4]
[top_k: 20]
[monotone_constraints: ]
[monotone_constraints_method: basic]
[monotone_penalty: 0]
[feature_contri: ]
[forcedsplits_filename: ]
[refit_decay_rate: 0.9]
[cegb_tradeoff: 1]
[cegb_penalty_split: 0]
[cegb_penalty_feature_lazy: ]
[cegb_penalty_feature_coupled: ]
[path_smooth: 0]
[interaction_constraints: ]
[verbosity: -1]
[saved_feature_importance_type: 0]
[use_quantized_grad: 0]
[num_grad_quant_bins: 4]
[quant_train_renew_leaf: 0]
[stochastic_rounding: 1]
[linear_tree: 0]
[max_bin: 255]
[max_bin_by_feature: ]
[min_data_in_bin: 3]
[bin_construct_sample_cnt: 200000]
[data_random_seed: 175]
[is_enable_sparse: 1]
[enable_bundle: 1]
[use_missing: 1]
[zero_as_missing: 0]
[feature_pre_filter: 1]
[pre_partition: 0]
[two_round: 0]
[header: 0]
[label_column: ]
[weight_column: ]
[group_column: ]
[ignore_column: ]
[categorical_feature: ]
[forcedbins_filename: ]
[precise_float_parser: 0]
[parser_config_file: ]
[objective_seed: 16083]
[num_class: 1]
[is_unbalance: 0]
[scale_pos_weight: 1]
[sigmoid: 1]
[boost_from_average: 1]
[reg_sqrt: 0]
[alpha: 0.9]
[fair_c: 1]
[poisson_max_delta_step: 0.7]
[tweedie_variance_power: 1.5]
[lambdarank_truncation_level: 30]
[lambdarank_norm: 1]
[label_gain: ]
[lambdarank_position_bias_regularization: 0]
[eval_at: ]
[multi_error_top_k: 1]
[auc_mu_weights: ]
[num_machines: 1]
[local_listen_port: 12400]
[time_out: 120]
[machine_list_filename: ]
[machines: ]
[gpu_platform_id: -1]
[gpu_device_id: -1]
[gpu_device_id_list: ]
[gpu_use_dp: 0]
[num_gpu: 1]

end of parameters

pandas_categorical:null
