tree
version=v4
num_class=1
num_tree_per_iteration=1
label_index=0
max_feature_idx=146
objective=regression
feature_names=Column_0 Column_1 Column_2 Column_3 Column_4 Column_5 Column_6 Column_7 Column_8 Column_9 Column_10 Column_11 Column_12 Column_13 Column_14 Column_15 Column_16 Column_17 Column_18 Column_19 Column_20 Column_21 Column_22 Column_23 Column_24 Column_25 Column_26 Column_27 Column_28 Column_29 Column_30 Column_31 Column_32 Column_33 Column_34 Column_35 Column_36 Column_37 Column_38 Column_39 Column_40 Column_41 Column_42 Column_43 Column_44 Column_45 Column_46 Column_47 Column_48 Column_49 Column_50 Column_51 Column_52 Column_53 Column_54 Column_55 Column_56 Column_57 Column_58 Column_59 Column_60 Column_61 Column_62 Column_63 Column_64 Column_65 Column_66 Column_67 Column_68 Column_69 Column_70 Column_71 Column_72 Column_73 Column_74 Column_75 Column_76 Column_77 Column_78 Column_79 Column_80 Column_81 Column_82 Column_83 Column_84 Column_85 Column_86 Column_87 Column_88 Column_89 Column_90 Column_91 Column_92 Column_93 Column_94 Column_95 Column_96 Column_97 Column_98 Column_99 Column_100 Column_101 Column_102 Column_103 Column_104 Column_105 Column_106 Column_107 Column_108 Column_109 Column_110 Column_111 Column_112 Column_113 Column_114 Column_115 Column_116 Column_117 Column_118 Column_119 Column_120 Column_121 Column_122 Column_123 Column_124 Column_125 Column_126 Column_127 Column_128 Column_129 Column_130 Column_131 Column_132 Column_133 Column_134 Column_135 Column_136 Column_137 Column_138 Column_139 Column_140 Column_141 Column_142 Column_143 Column_144 Column_145 Column_146
feature_infos=[-19376:17055.5] [-18577:21487.5] [-20293.5:14140.5] [-19239:14809] [-21341.234375:17087.904296875] [231.24867248535156:4343.349609375] [-19210.2421875:15723.0419921875] [-19239:14665] [-18908.5:20901.5] [-20021:13848] [-19448:15255] [-21216.880859375:17130] [231.24867248535156:4343.349609375] [-18816.765625:15680.4931640625] [-19448:15095] [-18964:21484.5] [-21256:12894] [-19140:14962.5] [-21087.67578125:17123.240234375] [231.24867248535156:4343.349609375] [-18581.60546875:15507.4482421875] [-19186:14802.5] [-18723:19938.5] [-19918:13353] [-19262.5:14313.5] [-20957.92578125:17132.8203125] [231.24867248535156:4343.349609375] [-18295.77734375:15356.0439453125] [-19262.5:14269] [-18778.5:20555.5] [-21070.5:13562] [-18954.5:14759.5] [-20820.57421875:17149.8359375] [231.24867248535156:4343.349609375] [-18276.650390625:15301.8125] [-19000.5:14715] [-17955:19147] [-19732.5:14008] [-18095.5:14467] [-20679.91015625:17160.744140625] [231.24867248535156:4343.349609375] [-18191.63671875:15210.9658203125] [-18109.5:14422.5] [-16513:19073.5] [-18452.5:13715.5] [-18340.5:14010] [-20527.724609375:17151.794921875] [231.24867248535156:4343.349609375] [-18091.150390625:14936.7421875] [-18358:14095] [-16661:18768] [-18400:12761.5] [-17156:13056] [-20359.4609375:17117.91015625] [231.24867248535156:4343.349609375] [-18006.13671875:14644.2421875] [-17141:13141] [-14312:17719] [-17420.5:10948] [-14807:11606] [-20182.89453125:17066.30078125] [231.24867248535156:4343.349609375] [-17429.033203125:14208.810546875] [-14792:11605] [-12533:19341] [-15846.5:9964.5] [-15395.5:11940.5] [-20010.8359375:17010.759765625] [231.24867248535156:4343.349609375] [-17244.16796875:13910.9638671875] [-15369.5:11939.5] [-12694.5:17738] [-16343.5:9010.5] [-14220.5:12113.5] [-19838.970703125:16927.720703125] [231.24867248535156:4343.349609375] [-16937.7421875:13555.0126953125] [-14156.5:12088] [-11423.5:17790.5] [-14497:9045] [-13350.5:12559.5] [-19659.904296875:16868.970703125] [231.24867248535156:4343.349609375] [-16544.265625:13351.8662109375] [-13299.5:12534] [-12509:16434] [-15858.5:9087.5] [-13957.5:12267] [-19470.5:16766.6796875] [231.24867248535156:4343.349609375] [-16309.10546875:13059.3662109375] [-13971:12241.5] [-11221.5:17689] [-14370:7795.5] [-13165:11313] [-19227.544921875:16625.23046875] [231.24867248535156:4343.349609375] [-16023.2783203125:12589.96875] [-13114:11287.5] [-11472:20011] [-13865:6692] [-12621:7477] [-18994.990234375:16486.689453125] [231.24867248535156:4343.349609375] [-15713.9794921875:11866.1533203125] [-12733:7476] [-9123:18923] [-12946:6441] [-10272:8059] [-18723.5390625:16361.8095703125] [231.24867248535156:4343.349609375] [-15101.390625:11212.00390625] [-10384:8148.5] [-9182.5:18290.5] [-11028:5839] [-9704.5:6891] [-18453.890625:16228.1904296875] [231.24867248535156:4343.349609375] [-14601.9462890625:10683.23046875] [-9581.5:6846] [-9301:17813] [-11715:5102.5] [-10849:7596.5] [-18200.55078125:16104.96484375] [231.24867248535156:4343.349609375] [-14155.451171875:10168.80078125] [-10726:7571] [-8052:15855.5] [-11010.5:4991.5] [-9338:7639] [-17963.685546875:15937.6103515625] [231.24867248535156:4343.349609375] [-13250.1826171875:9681.455078125] [-9535:7613.5] [-6333:16360] [-11118:4229] [-8546.5:4512] [-17689.669921875:15760.650390625] [231.24867248535156:4343.349609375] [-12259.166015625:8888.0498046875] [-8679.5:4437] [0:17026.5] [-9060.5:0] none [-17410.345703125:15558.2802734375] [231.24867248535156:4343.349609375] [-11144.6962890625:8080.04541015625]
tree_sizes=2781 2798 2796 2806 2791 2789 2790 2800 2781 2815 2803 2790 2800 2786 2787 2805 2808 2797 2805 2815 2792 2808 2807 2803 2816 2811

Tree=0
num_leaves=31
num_cat=0
split_feature=145 145 141 96 57 145 101 121 113 120 140 4 127 119 129 106 20 123 67 141 145 63 134 63 100 73 73 127 110 53
split_gain=5.08157e+08 1.91461e+08 6.82212e+07 6.89875e+07 6.5861e+07 3.54376e+07 3.43065e+07 3.14657e+07 3.69893e+07 2.60851e+07 2.41609e+07 2.64418e+07 4.32473e+07 2.32184e+07 2.21685e+07 2.12776e+07 1.99856e+07 1.68661e+07 2.36837e+07 1.91073e+07 1.7026e+07 1.68564e+07 3.3434e+07 2.61956e+07 2.64033e+07 2.57375e+07 2.025e+07 1.73779e+07 1.49968e+07 1.6624e+07
threshold=1526.9197998046877 801.63983154296886 671.25000000000011 2169.7580566406255 -4910.7499999999991 525.08346557617199 -1348.7499999999998 -1409.4999999999998 503.75000000000006 3343.2500000000005 640.25000000000011 -5660.2875976562491 1948.7500000000002 -1504.7499999999998 2906.5000000000005 -3811.2499999999995 7185.7905273437509 -2386.3349609374995 4416.0725097656259 1648.2500000000002 2169.7580566406255 173.25000000000003 -422.74999999999994 -2979.4999999999995 -2260.7499999999995 454.75000000000006 -6271.9999999999991 -504.74999999999994 1323.400329589844 -5316.7700195312491
decision_type=2 2 2 2 2 2 2 2 2 2 2 2 2 2 2 2 2 2 2 2 2 2 2 2 2 2 2 2 2 2
left_child=1 5 16 9 -5 -1 15 8 13 17 11 -9 -13 -6 -12 -3 21 20 19 -19 -4 23 -23 26 -25 -26 -2 -28 -17 -30
right_child=2 6 3 4 7 -7 -8 10 -10 -11 14 12 -14 -15 -16 28 -18 18 -20 -21 -22 22 -24 24 25 -27 27 -29 29 -31
leaf_value=374.68586628260658 424.51145358458001 441.55587291653052 400.8500471464414 515.57594189178189 407.53637291398741 379.65095461605608 386.4355757133975 428.56387293941873 365.03801084414494 440.13252962452196 419.25433344063782 537.39287293941868 438.74887290127174 476.08530151084727 474.37637292352417 393.47255661697989 441.38083718426122 420.00081736478967 391.06811017906239 471.98205472292148 354.23343812363873 337.58053955840165 395.709440288927 450.01795455844785 388.00603707439797 445.08798004481008 358.68745782528583 400.68941638036188 389.87090411491289 437.9583851159324
leaf_weight=5779 31 25 132 29 30 9504 4792 24 29 67 76 25 20 21 24 1094 28 90 59 22 23 30 141 49 67 28 53 46 32 41
leaf_count=5779 31 25 132 29 30 9504 4792 24 29 67 76 25 20 21 24 1094 28 90 59 22 23 30 141 49 67 28 53 46 32 41
internal_value=382.488 380.742 414.951 425.202 444.264 377.773 388.324 435.959 410.125 411.718 448.188 470.947 493.551 435.762 432.484 395.914 400.408 405.878 416.706 430.211 393.933 397.83 385.511 405.517 420.207 404.83 389.246 378.204 394.937 416.879
internal_weight=22411 21267 1144 671 278 15283 5984 249 80 393 169 69 45 51 100 1192 473 326 171 112 155 445 171 274 144 95 130 99 1167 73
internal_count=22411 21267 1144 671 278 15283 5984 249 80 393 169 69 45 51 100 1192 473 326 171 112 155 445 171 274 144 95 130 99 1167 73
is_linear=0
shrinkage=1


Tree=1
num_leaves=31
num_cat=0
split_feature=145 145 141 96 57 138 122 57 101 127 121 78 117 0 121 20 41 126 12 63 134 63 100 73 73 127 16 119 121 73
split_gain=4.58612e+08 1.73448e+08 6.15696e+07 6.22612e+07 5.94396e+07 3.65816e+07 2.84973e+07 2.95791e+07 2.70608e+07 2.38464e+07 2.17835e+07 2.1724e+07 2.01745e+07 1.9209e+07 1.84629e+07 1.8037e+07 1.75198e+07 2.5439e+07 1.54647e+07 1.52129e+07 3.01742e+07 2.36415e+07 2.3829e+07 2.32281e+07 1.82756e+07 1.56836e+07 1.40449e+07 1.61853e+07 1.93471e+07 1.3746e+07
threshold=1526.9197998046877 819.09054565429699 671.25000000000011 2169.7580566406255 -4910.7499999999991 624.68844604492199 -1846.2499999999998 -3059.9999999999995 -1348.7499999999998 2529.0000000000005 -635.74999999999989 769.75000000000011 733.20480346679699 -2021.7499999999998 -361.24999999999994 7185.7905273437509 -2805.6447753906245 -732.24999999999989 1439.9837036132815 173.25000000000003 -422.74999999999994 -2979.4999999999995 -2260.7499999999995 454.75000000000006 -6271.9999999999991 -504.74999999999994 -2592.7499999999995 497.75000000000006 97.250000000000014 -1695.2499999999998
decision_type=2 2 2 2 2 2 2 2 2 2 2 2 2 2 2 2 2 2 2 2 2 2 2 2 2 2 2 2 2 2
left_child=1 5 15 9 -5 -1 -6 -8 12 16 11 -9 -3 -11 -12 19 -4 -18 -14 21 -21 24 29 -24 -2 -26 -19 -28 -29 -23
right_child=2 8 3 4 6 -7 7 10 -10 13 14 -13 18 -15 -16 -17 17 26 -20 20 -22 22 23 -25 25 -27 27 28 -30 -31
leaf_value=-6.2761135008334152 39.922006877776113 52.60150541490124 3.950144043535289 126.43326997592531 -0.99465319315592449 -1.3356346787283502 114.36193548202515 57.25791742479479 4.1700397195788277 88.419254080454508 104.9829198663885 4.1016553163528444 10.340691615829686 36.48737402238708 54.64896800922898 55.947921643938336 66.925535253576342 57.167529692857158 37.306888101782121 -42.662361106872567 12.560095149912733 40.248175875345872 5.2418623668044368 59.469708967208867 -22.610788431707419 17.291072484721308 -5.7848959062780656 64.744009392078098 12.697347601254782 93.491145151311699
leaf_weight=9562 31 31 101 29 24 6161 20 37 4406 24 22 40 1051 69 106 28 37 23 56 30 141 27 67 28 53 46 56 26 57 22
leaf_count=9562 31 31 101 29 24 6161 20 37 4406 24 22 40 1051 69 106 28 37 23 56 30 141 27 67 28 53 46 56 26 57 22
internal_value=2.97108e-07 -1.65891 30.8391 40.578 58.6869 -4.3402 50.7968 56.3212 5.94536 27.7682 50.6587 29.6443 12.8189 49.8891 63.3001 17.0235 20.9107 29.5188 11.7048 14.5743 2.87194 21.8776 35.8324 21.2248 6.42 -4.07053 20.9753 14.9866 29.0011 64.1532
internal_weight=22411 21267 1144 671 278 15723 249 225 5544 393 205 77 1138 93 128 473 300 199 1107 445 171 274 144 95 130 99 162 139 83 49
internal_count=22411 21267 1144 671 278 15723 249 225 5544 393 205 77 1138 93 128 473 300 199 1107 445 171 274 144 95 130 99 162 139 83 49
is_linear=0
shrinkage=0.05


Tree=2
num_leaves=31
num_cat=0
split_feature=145 145 131 5 134 138 5 68 43 5 101 120 38 133 76 80 117 120 127 86 140 94 28 128 51 12 135 85 63 15
split_gain=4.13897e+08 1.56547e+08 5.70444e+07 8.78184e+07 3.94531e+07 3.3834e+07 3.02968e+07 2.81588e+07 5.46326e+07 5.02878e+07 2.44429e+07 2.42114e+07 4.39058e+07 2.56447e+07 1.95385e+07 2.73808e+07 1.87476e+07 1.84868e+07 1.80706e+07 1.67104e+07 1.51846e+07 1.50157e+07 1.55026e+07 1.49102e+07 1.43079e+07 1.38057e+07 1.27825e+07 1.27394e+07 1.42941e+07 2.11288e+07
threshold=1526.9197998046877 822.62829589843761 2474.0510253906255 1863.8374633789065 355.25000000000006 632.78842163085949 1971.2244262695315 2883.3869628906255 6238.7500000000009 2472.5063476562505 -1348.7499999999998 1692.2500000000002 -2388.7499999999995 1330.7500000000002 4637.6896972656259 791.75000000000011 733.20480346679699 3343.2500000000005 -377.24999999999994 -539.74999999999989 879.75000000000011 3928.0000000000005 836.50000000000011 -2260.7499999999995 -5301.7499999999991 1439.9837036132815 -1907.2499999999998 399.25000000000006 -2979.4999999999995 -2012.9999999999998
decision_type=2 2 2 2 2 2 2 2 2 2 2 2 2 2 2 2 2 2 2 2 2 2 2 2 2 2 2 2 2 2
left_child=1 5 4 -4 14 -1 17 9 20 -5 16 13 -13 23 15 19 -3 18 -6 27 -9 22 -14 -8 -20 -18 -17 28 29 -2
right_child=2 10 3 7 6 -7 11 8 -10 -11 -12 12 21 -15 -16 26 25 -19 24 -21 -22 -23 -24 -25 -26 -27 -28 -29 -30 -31
leaf_value=-5.9010739621035064 14.530387468898997 52.687515926361087 151.48671280997141 34.186292257763093 60.02354614951394 -1.132311437548875 54.328432418360855 -27.621496279800642 73.623549495023838 124.91463745435078 4.0191362231215138 123.02397715319758 37.424474290082621 81.089365138178295 55.499276872114706 -54.330932677875865 9.9578750587921263 45.917539442869334 -24.820769736041196 56.711316517421182 27.283849010467534 8.6931367238362629 84.256134567260744 16.445810278908152 16.403468904187601 35.441544146622931 -5.6935185296194897 -16.716517711330106 32.342869582047335 -42.588255825042722
leaf_weight=9826 85 28 21 42 22 5985 33 34 34 24 4329 23 43 23 22 22 1043 65 23 21 20 21 30 122 248 56 35 37 74 20
leaf_count=9826 85 28 21 42 22 5985 33 34 34 24 4329 23 43 23 22 22 1043 65 23 21 20 21 30 122 248 56 35 37 74 20
internal_value=8.86436e-08 -1.57596 29.2972 55.57 24.5523 -4.09594 31.5707 42.4904 23.9744 67.1784 5.7267 43.435 61.1029 31.8218 10.0492 6.64817 12.2858 21.7942 16.4427 14.1313 -7.28618 45.952 56.6704 24.5111 12.9047 11.2564 -24.4659 9.99157 15.5122 3.65065
internal_weight=22411 21267 1144 175 969 15811 653 154 88 66 5456 295 117 178 316 294 1127 358 293 237 54 94 73 155 271 1099 57 216 179 105
internal_count=22411 21267 1144 175 969 15811 653 154 88 66 5456 295 117 178 316 294 1127 358 293 237 54 94 73 155 271 1099 57 216 179 105
is_linear=0
shrinkage=0.05


Tree=3
num_leaves=31
num_cat=0
split_feature=145 145 141 96 57 145 122 57 101 120 119 106 20 123 67 141 145 85 86 99 4 48 63 134 63 100 73 57 135 117
split_gain=3.73542e+08 1.41349e+08 5.23872e+07 5.27784e+07 4.97707e+07 2.8226e+07 2.57045e+07 2.59264e+07 2.55559e+07 2.07135e+07 1.85243e+07 1.82426e+07 1.52358e+07 1.47007e+07 2.06715e+07 1.65621e+07 1.53165e+07 1.36318e+07 3.00635e+07 1.80401e+07 1.50872e+07 1.36171e+07 1.35996e+07 2.62588e+07 2.02339e+07 2.0691e+07 2.11927e+07 1.59583e+07 1.34533e+07 1.32056e+07
threshold=1526.9197998046877 801.63983154296886 671.25000000000011 2169.7580566406255 -4910.7499999999991 525.08346557617199 -1846.2499999999998 -3059.9999999999995 -1348.7499999999998 3343.2500000000005 -1128.9999999999998 -3811.2499999999995 7185.7905273437509 -2386.3349609374995 4416.0725097656259 1648.2500000000002 2169.7580566406255 4096.7500000000009 -885.24999999999989 2284.2500000000005 -4399.8425292968741 3020.124633789063 173.25000000000003 -397.24999999999994 -2979.4999999999995 -2260.7499999999995 454.75000000000006 -6169.4999999999991 -1907.2499999999998 1063.386657714844
decision_type=2 2 2 2 2 2 2 2 2 2 2 2 2 2 2 2 2 2 2 2 2 2 2 2 2 2 2 2 2 2
left_child=1 5 12 9 -5 -1 -6 -8 11 13 -9 -3 22 16 15 -15 -4 18 -12 -20 -19 -11 24 -24 27 28 -27 -2 -26 -10
right_child=2 8 3 4 6 -7 7 10 29 21 17 -13 -14 14 -16 -17 -18 20 19 -21 -22 -23 23 -25 25 26 -28 -29 -30 -31
leaf_value=-6.8034402868066639 40.478943553337686 53.829771972656253 15.226344224178431 115.48047043372844 -2.919555409749349 -2.3722614974706193 105.85431968688965 1.7238800048828127 1.6867816848264803 69.44156236404028 37.827081879573079 10.663349289508998 50.862904885837011 33.0377757941352 5.974526926218453 81.433204720237043 -28.988132584613307 -3.8249472427368163 124.01038347880046 65.988285734846784 49.588875738779706 23.739243517603196 -39.062853553891188 11.174091577872957 82.692032821090137 3.7742168583087068 55.571725368499756 -3.3167265112583451 30.018910425359554 7.4383458834175675
leaf_weight=5779 26 25 132 29 24 9504 20 21 3375 39 67 1167 28 90 59 22 23 20 21 37 39 28 32 139 27 67 28 104 22 1417
leaf_count=5779 26 25 132 29 24 9504 20 21 3375 39 67 1167 28 90 59 22 23 20 21 37 39 28 32 139 27 67 28 104 22 1417
internal_value=9.26482e-08 -1.49716 27.8323 36.8157 53.4886 -4.04783 46.2686 51.5154 5.0172 25.0216 46.214 11.5687 15.0885 19.8177 29.9265 42.544 8.66549 51.2917 60.6416 86.9963 31.4825 50.3421 12.8375 1.77303 19.7427 32.6527 19.0409 5.44241 59.0429 3.38753
internal_weight=22411 21267 1144 671 278 15283 249 225 5984 393 205 1192 473 326 171 112 155 184 125 58 59 67 445 171 274 144 95 130 49 4792
internal_count=22411 21267 1144 671 278 15283 249 225 5984 393 205 1192 473 326 171 112 155 184 125 58 59 67 445 171 274 144 95 130 49 4792
is_linear=0
shrinkage=0.05


Tree=4
num_leaves=31
num_cat=0
split_feature=12 145 124 26 134 129 145 71 85 22 75 127 129 34 104 114 96 126 91 121 126 78 86 78 80 138 12 58 82 3
split_gain=3.39813e+08 1.17963e+08 6.81356e+07 6.93181e+07 3.77791e+07 2.71531e+07 2.54739e+07 2.36614e+07 5.39334e+07 2.3647e+07 3.53597e+07 2.43609e+07 2.18613e+07 1.73148e+07 1.56343e+07 1.55785e+07 3.35853e+07 1.55912e+07 1.50565e+07 1.4881e+07 2.92136e+07 2.12429e+07 3.11641e+07 1.97881e+07 1.71897e+07 1.36553e+07 1.3178e+07 2.29542e+07 2.84469e+07 2.06179e+07
threshold=1439.9837036132815 801.63983154296886 1863.8374633789065 1563.7959594726565 -18.249999999999996 2906.5000000000005 525.08346557617199 -481.24999999999994 377.25000000000006 -4229.2499999999991 723.26260375976574 2123.7500000000005 919.25000000000011 -3825.579223632812 2071.2380371093755 -1749.4999999999998 1563.7959594726565 1562.2500000000002 -1699.7499999999998 -635.74999999999989 -455.74999999999994 1625.7500000000002 1431.2500000000002 743.25000000000011 1268.2500000000002 1610.0513305664065 2076.5380859375005 -4381.9999999999991 2370.3945312500005 -5789.4999999999991
decision_type=2 2 2 2 2 2 2 2 2 2 2 2 2 2 2 2 2 2 2 2 2 2 2 2 2 2 2 2 2 2
left_child=1 6 13 -4 26 7 -1 8 12 10 -3 -12 -6 -2 -7 16 18 -17 -15 20 -9 23 24 -21 -23 -18 -5 29 -29 -28
right_child=2 9 3 4 5 14 -8 19 -10 -11 11 -13 -14 15 -16 17 25 -19 -20 21 -22 22 -24 -25 -26 -27 27 28 -30 -31
leaf_value=-6.4632685861254231 -17.395283104652584 81.652524566650399 125.38480319068545 -18.883595949808758 27.443766785164673 108.3410202571324 -2.2536486993071874 37.49793361549947 113.58622324713345 3.7151179650798443 9.677071960807039 65.318220738002239 84.906534328460694 32.097913163503016 48.670227482007903 6.7311694484021167 33.459111749558225 29.433120091418004 75.823575542994917 41.094279829661055 -10.750623121099958 47.302741598199916 26.428935745317645 -23.112515974044801 102.74203522780847 -17.021378542925859 20.490070016043529 65.752458281266058 -0.66602228709629607 -45.049169980911984
leaf_weight=5779 43 20 21 30 96 21 9504 67 29 5456 311 21 20 45 23 387 21 94 35 24 59 27 73 24 29 37 28 38 28 21
leaf_count=5779 43 20 21 30 96 21 9504 67 29 5456 311 21 20 45 23 387 21 94 35 24 59 27 73 24 29 37 28 38 28 21
internal_value=-4.15098e-08 -1.54027 24.6105 36.0048 33.0582 39.6686 -3.84544 35.9874 52.5982 4.52548 17.0861 13.1965 37.3511 13.2851 77.1495 15.4164 30.2252 11.1677 51.2279 28.0384 14.9054 37.3874 47.9535 8.99088 76.0124 1.25604 10.6285 18.3273 37.5749 -7.59818
internal_weight=22411 21091 1320 658 637 492 15283 448 145 5808 352 332 116 662 44 619 138 481 80 303 126 177 129 48 56 58 145 115 66 49
internal_count=22411 21091 1320 658 637 492 15283 448 145 5808 352 332 116 662 44 619 138 481 80 303 126 177 129 48 56 58 145 115 66 49
is_linear=0
shrinkage=0.05


Tree=5
num_leaves=31
num_cat=0
split_feature=12 145 124 40 128 43 138 142 61 61 22 134 68 131 40 145 142 65 50 135 34 129 128 114 40 26 114 96 107 137
split_gain=3.06682e+08 1.06948e+08 6.14923e+07 6.27579e+07 3.35696e+07 3.9069e+07 2.6579e+07 2.15686e+07 2.01222e+07 2.41824e+07 1.98606e+07 3.23459e+07 4.93207e+07 1.8044e+07 2.9898e+07 1.86317e+07 2.53979e+07 2.17244e+07 3.13583e+07 1.7229e+07 1.56266e+07 1.45715e+07 2.0374e+07 1.89642e+07 1.45394e+07 3.24263e+07 1.40596e+07 3.03108e+07 1.4576e+07 1.78448e+07
threshold=1439.9837036132815 822.62829589843761 1863.8374633789065 1610.0513305664065 -783.74999999999989 -3344.4999999999995 632.78842163085949 -428.24999999999994 1971.2244262695315 2883.3869628906255 -4229.2499999999991 1120.0000000000002 988.90371704101574 2474.0510253906255 2472.5063476562505 2169.7580566406255 -767.74999999999989 -235.24999999999997 -842.74999999999989 -2170.2499999999995 -3825.579223632812 2906.5000000000005 762.50000000000011 -918.24999999999989 1023.0884399414064 941.11169433593761 -1749.4999999999998 1563.7959594726565 332.75000000000006 1378.3525390625002
decision_type=2 2 2 2 2 2 2 2 2 2 2 2 2 2 2 2 2 2 2 2 2 2 2 2 2 2 2 2 2 2
left_child=1 6 20 -4 8 -6 -1 -7 -5 13 11 24 -13 15 -15 19 17 18 -17 -10 -2 22 23 -9 25 -3 27 -22 -28 -30
right_child=2 10 3 4 5 7 -8 21 9 -11 -12 12 -14 14 -16 16 -18 -19 -20 -21 26 -23 -24 -25 -26 -27 28 -29 29 -31
leaf_value=-5.1207242334245997 -16.525518755580105 7.4068515621157136 113.56975711931784 -18.801339774296203 105.29257053931553 26.290845685472359 -0.89404995244656171 27.057181115583941 75.679148307213424 -11.804840836524964 3.8809403650950958 99.665178164729369 5.7582048712105589 19.750561978600246 104.2180428314209 -7.018601017613566 50.240683275110584 -44.95905759902228 60.293602053324378 28.898807243064596 48.666496138572697 91.161557040007224 8.5777016143798832 86.988044438217628 -23.411331335374467 65.238357455642131 3.3601391970376735 1.1932384490966796 34.720768931397686 4.4828027902024514
leaf_weight=9826 43 237 24 29 24 148 5985 22 26 40 4930 27 29 22 20 62 34 21 24 81 80 23 25 33 30 27 284 58 108 89
leaf_count=9826 43 237 24 29 24 148 5985 22 26 40 4930 27 29 22 20 62 34 21 24 81 80 23 25 33 30 27 284 58 108 89
internal_value=5.5866e-08 -1.46326 23.38 34.2046 31.2002 44.3458 -3.52078 38.5182 21.1305 24.6396 4.69801 16.207 51.0348 29.6665 59.9732 24.5339 12.5953 0.633205 11.7662 40.266 12.6209 56.0876 46.0038 63.0157 9.5732 13.3214 14.6456 28.714 10.6093 21.06
internal_weight=22411 21091 1320 658 634 275 15811 251 359 330 5280 350 56 290 42 248 141 107 86 107 662 103 80 55 294 264 619 138 481 197
internal_count=22411 21091 1320 658 634 275 15811 251 359 330 5280 350 56 290 42 248 141 107 86 107 662 103 80 55 294 264 619 138 481 197
is_linear=0
shrinkage=0.05


Tree=6
num_leaves=31
num_cat=0
split_feature=12 145 82 68 134 8 126 128 138 32 52 115 1 53 26 22 75 121 54 114 134 4 86 120 58 109 129 9 27 8
split_gain=2.7678e+08 9.65205e+07 5.66688e+07 3.75219e+07 3.03692e+07 3.53082e+07 3.01789e+07 2.46267e+07 2.39876e+07 2.17824e+07 2.85301e+07 2.89263e+07 2.42306e+07 3.00485e+07 2.0229e+07 1.79242e+07 2.92622e+07 2.29015e+07 1.50683e+07 1.78592e+07 2.74512e+07 1.47283e+07 1.47262e+07 2.34401e+07 1.82892e+07 1.44821e+07 1.71033e+07 1.34674e+07 1.33436e+07 1.40946e+07
threshold=1439.9837036132815 822.62829589843761 1971.4899902343752 1971.2244262695315 -373.99999999999994 -4475.4999999999991 -953.24999999999989 1707.2500000000002 632.78842163085949 -9233.8422851562482 -4383.2499999999991 -809.24999999999989 -2794.2499999999995 -6955.6374511718741 2472.5063476562505 -4229.2499999999991 726.05438232421886 97.250000000000014 1610.0513305664065 -1749.4999999999998 382.75000000000006 -1532.700012207031 3066.7500000000005 3343.2500000000005 -3663.4999999999995 -4116.5048828124991 -367.74999999999994 -4827.9999999999991 -515.22732543945301 3183.0000000000005
decision_type=2 2 2 2 2 2 2 2 2 2 2 2 2 2 2 2 2 2 2 2 2 2 2 2 2 2 2 2 2 2
left_child=1 8 7 -4 5 -5 -7 18 -1 14 11 -11 -12 -14 -6 16 -3 -18 19 20 -2 -22 24 -24 -15 -26 -27 -20 -28 -30
right_child=2 15 3 4 9 6 -8 -9 -10 10 12 -13 13 22 -16 -17 17 -19 27 -21 21 -23 23 -25 25 26 28 -29 29 -31
leaf_value=-4.86468792770133 14.570715141296388 71.219953836094248 93.570685043334962 56.181914764404297 30.700846780197963 -39.055894292787066 28.389839511447487 58.77158223560879 -0.84934771143603349 38.990963328968398 -2.0485452969868976 120.07214133522729 100.57562850952149 -3.3930102157592774 -17.287205591797829 3.6868932611602561 8.2857501984029636 63.499697074890143 -28.150272464752199 11.14910124612577 37.704906578063962 98.385030212402341 -29.411721267700194 42.587312823075514 16.796031072560478 27.392032899661942 99.66466613769532 6.4663613811930025 32.631005160013835 69.907479058206079
leaf_weight=9826 60 22 25 25 70 43 27 28 5985 22 36 22 20 20 32 4930 308 20 31 264 20 20 20 26 34 49 20 300 42 64
leaf_count=9826 60 22 25 25 70 43 27 28 5985 22 36 22 20 20 32 4930 308 20 31 264 20 20 20 26 34 49 20 300 42 64
internal_value=1.31398e-08 -1.3901 22.211 33.6119 30.9913 5.17547 -13.0411 12.797 -3.34475 36.1328 41.7053 79.5316 36.677 41.4028 15.6458 4.46311 15.3967 11.6525 10.9448 17.9654 35.9604 68.045 37.0994 11.2834 42.2851 46.6562 52.4576 3.22432 62.2054 55.1376
internal_weight=22411 21091 1320 597 572 95 70 723 15811 477 375 44 331 295 102 5280 350 328 695 364 100 40 275 46 229 209 175 331 126 106
internal_count=22411 21091 1320 597 572 95 70 723 15811 477 375 44 331 295 102 5280 350 328 695 364 100 40 275 46 229 209 175 331 126 106
is_linear=0
shrinkage=0.05


Tree=7
num_leaves=31
num_cat=0
split_feature=145 82 131 52 54 134 108 117 68 7 145 71 101 127 2 24 85 51 36 58 127 112 82 90 23 69 12 127 142 12
split_gain=2.52228e+08 8.32358e+07 5.96379e+07 3.51498e+07 3.52043e+07 3.16385e+07 2.701e+07 2.52063e+07 1.7397e+07 1.84466e+07 3.0811e+07 1.66781e+07 2.43363e+07 1.69897e+07 3.72225e+07 1.48258e+07 1.46219e+07 1.5355e+07 2.11015e+07 1.44553e+07 1.4308e+07 1.41972e+07 1.3507e+07 1.33466e+07 1.27584e+07 1.27394e+07 1.23051e+07 1.22563e+07 1.14834e+07 1.13777e+07
threshold=1125.587829589844 1971.4899902343752 638.75646972656261 -7228.2499999999991 2169.7580566406255 -422.74999999999994 -3594.4999999999995 2173.045288085938 988.90371704101574 -8524.7499999999982 2169.7580566406255 -3643.9999999999995 -3475.4999999999995 2977.7500000000005 -2749.9999999999995 -5322.4999999999991 4096.7500000000009 2735.2500000000005 4174.5000000000009 -5656.7499999999991 -1305.2499999999998 -1155.2499999999998 930.88842773437511 1229.0130004882815 -973.24999999999989 4739.6474609375009 2280.3024902343755 1594.5000000000002 -370.24999999999994 2472.5063476562505
decision_type=2 2 2 2 2 2 2 2 2 2 2 2 2 2 2 2 2 2 2 2 2 2 2 2 2 2 2 2 2 2
left_child=2 8 -1 4 -3 7 -4 -5 22 -10 19 -7 -13 15 -15 -14 17 18 23 -11 -9 -8 -2 24 28 -23 -18 -24 -17 -16
right_child=1 3 6 5 -6 11 21 20 9 10 -12 12 13 14 29 16 26 -19 -20 -21 -22 25 27 -25 -26 -27 -28 -29 -30 -31
leaf_value=-4.58992225522565 11.11856567502022 116.80853626417077 47.476642989343219 36.044469985961918 29.326454626995584 -7.2376916160583491 5.5643298170431796 -53.38077087402344 -39.51660207748413 -16.964185418401446 67.568160924044534 84.825854470937145 -9.1845561687762931 106.38745954762335 12.423081416242264 33.841776118828697 34.895499154795772 69.271034036833669 -2.3937557983398441 8.8869995132864954 -0.58618732799183249 -0.17153326112200282 27.828927315565256 76.143245468139654 11.333908160851927 22.759606794451106 -12.745979025869659 71.004855077916929 70.993024195157574 54.669321136474608
leaf_weight=10004 90 23 31 30 23 25 1318 21 20 56 22 23 26 23 34 104 23 29 40 1574 33 8533 65 20 49 61 33 22 26 30
leaf_count=10004 90 23 31 30 23 25 1318 21 20 56 22 23 26 23 34 104 23 29 40 1574 33 8533 65 20 49 61 33 22 26 30
internal_value=-6.64361e-08 15.0923 -1.86431 31.0267 73.0675 27.6279 0.878025 -0.702456 9.7923 8.2143 8.79216 32.5347 34.6962 32.0578 51.8319 27.1425 30.0577 34.9131 30.7441 7.99886 -21.1174 0.732287 24.6986 37.405 33.0767 -0.00876859 6.82106 38.747 41.272 32.226
internal_weight=22411 2464 19947 615 46 569 9943 84 1849 1672 1652 485 460 437 87 350 324 268 239 1630 54 9912 177 199 179 8594 56 87 130 64
internal_count=22411 2464 19947 615 46 569 9943 84 1849 1672 1652 485 460 437 87 350 324 268 239 1630 54 9912 177 199 179 8594 56 87 130 64
is_linear=0
shrinkage=0.05


Tree=8
num_leaves=31
num_cat=0
split_feature=5 138 89 5 134 128 145 22 68 19 122 109 106 142 1 113 89 114 30 128 128 6 84 135 126 99 4 99 34 54
split_gain=2.27988e+08 8.01594e+07 4.7729e+07 3.86131e+07 2.54119e+07 1.93198e+07 1.88093e+07 1.75939e+07 3.49018e+07 1.8248e+07 2.40672e+07 1.6233e+07 3.71763e+07 2.04754e+07 1.6007e+07 2.01064e+07 1.47173e+07 1.33336e+07 1.69441e+07 1.30843e+07 1.67194e+07 1.25798e+07 1.25515e+07 1.35732e+07 1.19403e+07 1.16204e+07 2.69048e+07 1.4645e+07 1.17168e+07 1.12623e+07
threshold=1439.9837036132815 801.65612792968761 1971.2244262695315 1667.0932617187502 -18.249999999999996 1707.2500000000002 525.08346557617199 -4528.7499999999991 726.07360839843761 837.55517578125011 -302.74999999999994 -8108.1149902343741 -1400.9999999999998 -428.24999999999994 3346.7500000000005 2558.7500000000005 1112.445251464844 -1964.2499999999998 -3345.2499999999995 6.7500000000000009 -783.74999999999989 2173.8276367187505 908.25000000000011 77.750000000000014 1136.5000000000002 1672.2500000000002 1170.5925292968752 -3434.7499999999995 -6382.8925781249991 1610.0513305664065
decision_type=2 2 2 2 2 2 2 2 2 2 2 2 2 2 2 2 2 2 2 2 2 2 2 2 2 2 2 2 2 2
left_child=1 6 5 -4 25 29 -1 8 -3 -10 16 17 -13 19 15 -15 -11 -6 -19 20 21 -14 -21 -24 -16 26 27 -5 -29 -2
right_child=2 7 3 4 11 -7 -8 -9 9 10 -12 12 13 14 24 -17 -18 18 -20 22 -22 -23 23 -25 -26 -27 -28 28 -30 -31
leaf_value=-5.4113382004998174 15.948249614367269 73.541411165396369 99.006296863555917 -30.356314919211652 -6.3060728168487552 52.325400786314702 -1.794063331855944 3.1123034596538974 -2.8543169037316201 22.880698482857809 59.833863290618446 96.545153515155505 8.4485667869448662 48.304716019403372 1.6807373228527251 108.22486454191663 -20.405931774775187 58.224510472161434 -0.41276587789708918 -26.693492975234985 57.457552528381349 46.454043579101565 47.44658119782158 -8.873980360031128 50.838520762125654 -18.200695934295656 69.218934116363528 48.604667797088624 1.9245056315166196 3.2513125442374839
leaf_weight=5779 371 24 20 22 40 28 9504 5522 129 72 34 26 64 42 21 21 27 28 22 20 48 33 23 20 30 30 20 20 41 330
leaf_count=5779 371 24 20 22 40 28 9504 5522 129 72 34 26 64 42 21 21 27 28 22 20 48 33 23 20 30 30 20 20 41 330
internal_value=-5.93213e-08 -1.26164 20.1585 30.718 28.3261 11.5979 -3.16187 3.73859 15.8307 10.5443 23.5399 34.1385 39.0337 34.3899 51.4208 68.2781 11.0753 15.2107 32.4241 25.0557 33.3218 21.3783 6.03051 21.251 30.5971 9.18434 17.1606 4.61638 17.2295 9.97109
internal_weight=22411 21091 1320 591 571 729 15283 5808 286 262 133 438 348 322 114 63 99 90 50 208 145 97 63 43 51 133 103 83 61 701
internal_count=22411 21091 1320 591 571 729 15283 5808 286 262 133 438 348 322 114 63 99 90 50 208 145 97 63 43 51 133 103 83 61 701
is_linear=0
shrinkage=0.05


Tree=9
num_leaves=31
num_cat=0
split_feature=145 82 145 52 54 134 117 108 68 7 145 71 72 37 12 51 100 100 78 134 58 127 106 82 86 69 117 121 142 142
split_gain=2.07962e+08 6.74511e+07 4.96551e+07 3.0881e+07 3.12513e+07 2.65381e+07 2.1955e+07 2.10361e+07 1.55247e+07 1.65321e+07 2.67144e+07 1.5119e+07 2.25836e+07 2.31648e+07 1.56359e+07 1.75427e+07 2.68077e+07 2.48598e+07 1.70909e+07 1.72187e+07 1.32881e+07 1.27205e+07 1.22568e+07 1.21889e+07 1.19821e+07 1.12734e+07 1.07898e+07 1.0784e+07 1.06079e+07 2.11885e+07
threshold=1125.587829589844 1971.4899902343752 720.50497436523449 -7228.2499999999991 2169.7580566406255 -422.74999999999994 2173.045288085938 -3594.4999999999995 988.90371704101574 -8524.7499999999982 2169.7580566406255 -3643.9999999999995 -4012.2499999999995 -4361.4999999999991 1863.8374633789065 -3065.9999999999995 -3078.7499999999995 -2742.7499999999995 -38.499999999999993 606.25000000000011 -5656.7499999999991 -1305.2499999999998 -404.74999999999994 930.88842773437511 -2977.4999999999995 4739.6474609375009 477.22393798828131 -1496.4999999999998 -428.24999999999994 -177.24999999999997
decision_type=2 2 2 2 2 2 2 2 2 2 2 2 2 2 2 2 2 2 2 2 2 2 2 2 2 2 2 2 2 2
left_child=2 8 26 4 -3 6 -5 -4 23 -10 20 -7 13 -13 -14 17 -17 -16 -18 -20 -11 -8 -9 -2 -25 -24 -1 -19 -21 -30
right_child=1 3 7 5 -6 11 21 22 9 10 -12 12 14 -15 15 16 18 27 19 28 -22 -23 25 24 -26 -27 -28 -29 29 -31
leaf_value=-5.7203450761320385 10.113988662030962 108.6656923542852 42.070175735652448 33.211209882100427 26.241460982612946 -8.5113364028930665 -50.557785906110496 5.2317866520570941 -37.743852591514589 -16.683330351965768 62.718749115683821 105.26950601577761 -3.1711661931630726 31.692937253869101 -31.406626010894776 92.238110389709476 70.971223068237308 0.46433204650878912 3.040734422431802 24.897766153645097 8.1022559758531365 -0.77816370183771311 0.079509759885802819 64.78171821007362 24.245354425125438 21.870939700603486 -2.5851930343722573 47.267000780999666 71.587862736245867 23.054944710298017
leaf_weight=4003 90 23 32 30 23 25 21 1644 20 56 22 20 37 23 25 20 26 20 53 114 1574 33 5480 26 61 60 8728 32 46 44
leaf_count=4003 90 23 32 30 23 25 21 1644 20 56 22 20 37 23 25 20 26 20 53 114 1574 33 5480 26 61 60 8728 32 46 44
internal_value=-7.64289e-08 13.7041 -1.69283 28.0482 67.4536 24.8626 -1.08401 1.62074 8.93303 7.44236 7.9894 29.3564 31.4144 65.9146 27.8569 30.878 36.2937 9.56708 32.34 28.4318 7.25073 -20.1369 1.44057 23.0144 36.3597 0.315518 -3.57098 29.266 35.0285 47.8607
internal_weight=22411 2464 19947 615 46 569 84 7216 1849 1672 1652 485 460 43 417 380 303 77 283 257 1630 54 7184 177 87 5540 12731 52 204 90
internal_count=22411 2464 19947 615 46 569 84 7216 1849 1672 1652 485 460 43 417 380 303 77 283 257 1630 54 7184 177 87 5540 12731 52 204 90
is_linear=0
shrinkage=0.05


Tree=10
num_leaves=31
num_cat=0
split_feature=145 138 141 131 75 4 78 38 106 129 145 82 137 44 135 136 12 88 39 122 0 20 63 134 112 142 95 62 101 74
split_gain=1.87709e+08 7.13996e+07 3.45463e+07 3.36673e+07 5.27356e+07 2.10647e+07 3.65689e+07 2.04123e+07 1.88609e+07 1.71166e+07 1.69614e+07 1.4952e+07 2.20583e+07 2.11047e+07 1.85615e+07 2.58559e+07 1.25522e+07 1.53931e+07 1.23306e+07 1.5411e+07 1.30106e+07 1.20562e+07 1.19422e+07 1.9252e+07 1.59574e+07 1.41005e+07 2.66971e+07 1.11478e+07 1.06505e+07 1.10263e+07
threshold=1526.9197998046877 826.12701416015636 671.25000000000011 2474.0510253906255 2472.5063476562505 -9583.9848632812482 3409.0000000000005 4930.5000000000009 -3811.2499999999995 2906.5000000000005 525.08346557617199 2077.6770019531255 -7152.7524414062491 2747.2500000000005 -567.24999999999989 594.75000000000011 1125.587829589844 -2610.712524414062 60.37249946594239 -369.74999999999994 1993.7500000000002 7185.7905273437509 173.25000000000003 -397.24999999999994 1454.5000000000002 -1009.2499999999999 760.69750976562511 5392.0871582031259 -1348.7499999999998 7930.4299316406259
decision_type=2 2 2 2 2 2 2 2 2 2 2 2 2 2 2 2 2 2 2 2 2 2 2 2 2 2 2 2 2 2
left_child=1 10 21 9 -5 -6 -7 -8 -3 11 -1 12 -4 14 -13 -16 -14 -18 20 -20 -19 22 24 -24 25 26 -2 -21 -10 -30
right_child=2 8 3 4 5 6 7 -9 28 -11 -12 13 16 -15 15 -17 17 18 19 27 -22 -23 23 -25 -26 -27 -28 -29 29 -31
leaf_value=-4.9058312829142317 8.2227163107216779 48.150032806396489 -25.833120981852218 115.48551731872558 -2.5234681197575162 94.396991652029541 -13.503955645994708 55.413430232093447 8.2239407687031694 55.043864546881792 -1.5106006717151068 22.950587338209154 55.521508588790894 -17.834948132038118 99.904354095458984 34.225827824792198 -1.5074328842851306 25.605576349565617 51.55727569580079 -8.0005526742627548 72.236000569661471 41.204305461474831 -37.955383354425429 5.0599495755682753 55.731302606491823 -8.7124417141505646 56.264346461825909 34.149472829273769 2.3400911733319076 25.728384923934939
leaf_weight=5779 147 24 33 25 28 27 22 21 1056 36 10120 100 20 20 23 43 97 52 20 62 21 28 32 139 21 70 36 21 4237 51
leaf_count=5779 147 24 33 25 28 27 22 21 1056 36 10120 100 20 20 23 43 97 52 20 62 21 28 32 139 21 70 36 21 4237 51
internal_value=-6.8394e-08 -1.06131 19.7298 27.0248 50.665 34.1291 48.7902 20.1534 3.92459 21.7187 -2.74471 19.3756 12.9215 30.6875 36.5336 57.1138 17.2864 14.4853 23.2994 12.1578 39.0198 9.38102 7.37866 -2.9897 13.8494 10.3731 17.6735 2.66391 3.72597 2.61826
internal_weight=22411 21267 1144 671 123 98 70 43 5368 548 15899 512 326 186 166 66 293 273 176 103 73 473 445 171 274 253 183 83 5344 4288
internal_count=22411 21267 1144 671 123 98 70 43 5368 548 15899 512 326 186 166 66 293 273 176 103 73 473 445 171 274 253 183 83 5344 4288
is_linear=0
shrinkage=0.05


Tree=11
num_leaves=31
num_cat=0
split_feature=145 82 131 52 99 134 108 117 12 141 26 85 136 87 121 79 135 142 142 9 1 45 142 121 119 127 84 145 126 20
split_gain=1.71091e+08 5.51978e+07 4.12599e+07 2.77356e+07 2.96167e+07 2.23885e+07 2.07934e+07 1.93891e+07 1.49139e+07 1.64157e+07 1.74063e+07 2.21139e+07 2.44092e+07 2.14279e+07 1.56897e+07 1.53144e+07 1.47941e+07 2.26416e+07 1.8132e+07 1.27813e+07 2.06379e+07 1.4118e+07 1.28471e+07 1.16264e+07 2.482e+07 1.13896e+07 1.12159e+07 1.09335e+07 1.083e+07 1.35263e+07
threshold=1125.587829589844 1971.4899902343752 638.75646972656261 -7228.2499999999991 -3434.7499999999995 -422.74999999999994 -3594.4999999999995 2173.045288085938 899.90139770507824 929.75000000000011 972.93136596679699 -2730.2499999999995 677.75000000000011 -404.24999999999994 -1130.7499999999998 -19.249999999999996 -2170.2499999999995 -1521.7499999999998 -407.24999999999994 -5527.9999999999991 3346.7500000000005 5292.2500000000009 -251.24999999999997 -2851.9999999999995 -2560.4999999999995 -1305.2499999999998 5304.5000000000009 1749.311706542969 2001.7500000000002 3325.4736328125005
decision_type=2 2 2 2 2 2 2 2 2 2 2 2 2 2 2 2 2 2 2 2 2 2 2 2 2 2 2 2 2 2
left_child=2 8 -1 4 -3 7 -4 -5 15 23 -11 12 -12 27 -15 -2 17 -7 26 -20 22 -22 -21 24 -10 -9 28 -13 29 -18
right_child=1 3 6 5 -6 16 -8 25 9 10 11 13 -14 14 -16 -17 18 -19 19 20 21 -23 -24 -25 -26 -27 -28 -29 -30 -31
leaf_value=-3.8025278947337338 16.214495220703956 24.338801026344299 41.631444032730599 30.784027655919392 104.6545023137873 86.055733642578133 0.61767186057070589 -48.135386285327733 5.4034887911325482 -28.073871595963187 12.966405296325684 2.4365332398751769 91.083648424148564 56.624590234403257 16.682372790791771 59.918347213579267 9.3779424631659349 21.124875741169372 4.068357610702515 96.209798275340688 -0.390869140625 52.725853937322441 47.96094487164472 1.8821793020812159 60.591655773586695 -1.031745315320564 -16.170861373345058 -36.531862525506455 45.887510441331301 37.786560300544458
leaf_weight=10004 156 24 31 30 22 25 9912 21 83 23 20 99 20 27 275 23 187 29 22 22 29 22 37 1074 27 33 24 22 34 54
leaf_count=10004 156 24 31 30 22 25 9912 21 83 23 20 99 20 27 275 23 187 29 22 22 29 22 37 1074 27 33 24 22 34 54
internal_value=-5.1018e-08 12.43 -1.53545 25.406 62.7507 22.387 0.745543 -1.44488 8.11403 6.64387 14.3813 16.4904 52.025 13.1301 20.2534 21.8301 26.5145 51.1855 23.4235 38.8584 45.8164 22.5222 65.952 3.46784 18.9497 -19.3498 16.6094 -4.64863 19.4703 15.7434
internal_weight=22411 2464 19947 615 46 569 9943 84 1849 1670 486 463 40 423 302 179 485 54 431 132 110 51 59 1184 110 54 299 121 275 241
internal_count=22411 2464 19947 615 46 569 9943 84 1849 1670 486 463 40 423 302 179 485 54 431 132 110 51 59 1184 110 54 299 121 275 241
is_linear=0
shrinkage=0.05


Tree=12
num_leaves=31
num_cat=0
split_feature=5 145 89 5 140 109 101 29 58 141 39 60 136 128 138 145 37 80 145 51 106 60 23 24 121 96 19 54 130 17
split_gain=1.5518e+08 5.52161e+07 3.15596e+07 3.28297e+07 1.90521e+07 1.7513e+07 2.75791e+07 1.9481e+07 2.12951e+07 1.58024e+07 1.80574e+07 1.83453e+07 1.80485e+07 1.57622e+07 1.46189e+07 1.38696e+07 1.37811e+07 2.08005e+07 1.3703e+07 1.35582e+07 1.30999e+07 1.29182e+07 1.28999e+07 4.57497e+07 2.06659e+07 1.10624e+07 1.09878e+07 1.03687e+07 1.16641e+07 1.91375e+07
threshold=1439.9837036132815 822.62829589843761 1971.2244262695315 1667.0932617187502 -2261.9999999999995 -8108.1149902343741 -3475.4999999999995 186.25000000000003 -4619.7499999999991 671.25000000000011 1754.842468261719 -2240.6650390624995 608.25000000000011 1424.7500000000002 2169.7580566406255 525.08346557617199 1383.7500000000002 3086.0000000000005 2472.5063476562505 -1841.4999999999998 -968.74999999999989 -9979.2675781249982 -5580.9999999999991 -4984.4999999999991 -328.74999999999994 1354.744079589844 909.29486083984386 1610.0513305664065 -3663.5800781249995 -530.49999999999989
decision_type=2 2 2 2 2 2 2 2 2 2 2 2 2 2 2 2 2 2 2 2 2 2 2 2 2 2 2 2 2 2
left_child=1 15 13 -4 -5 7 -7 8 20 -8 11 16 -13 27 -12 -1 18 -18 19 -11 -6 -10 23 24 25 26 -3 28 -2 -30
right_child=2 22 3 4 5 6 9 -9 21 10 14 12 -14 -15 -16 -17 17 -19 -20 -21 -22 -23 -24 -25 -26 -27 -28 -29 29 -31
leaf_value=-4.4704133544767961 -3.9774397176106775 -0.035904774767287234 88.184513573646541 -11.685023109332937 -35.550740909576419 74.878931236267093 12.479299028593166 -35.143892133803597 56.798170051574715 55.044335693783232 46.944742004076645 106.15381401062012 40.525826194069602 39.40492373421079 0.30325346503938949 -1.3952936231795523 94.164065170288097 22.052196494340897 -10.459540137000706 9.5318360392252597 19.659252802530926 7.1936663695744105 2.8375508894799411 77.270771015607409 49.992967395782472 -30.854295315949816 32.014478700811217 1.2929405479787668 35.856881522178654 8.8582244253283395
leaf_weight=5779 75 141 20 37 22 32 131 21 35 36 24 20 22 42 56 10032 20 20 23 30 21 21 5032 26 25 23 33 321 100 191
leaf_count=5779 75 141 20 37 22 32 131 21 35 36 24 20 22 42 56 10032 20 20 23 30 21 21 5032 26 25 23 33 321 100 191
internal_value=-3.88138e-08 -1.04087 16.631 25.2176 23.0121 25.4162 30.2911 8.59758 17.8761 26.556 33.9028 43.0757 71.7772 9.66988 14.2957 -2.51927 33.7311 58.1081 22.7751 34.3568 -8.58772 38.1965 3.38621 14.5187 7.16933 1.73485 6.04262 7.85202 13.6046 18.1361
internal_weight=22411 21091 1320 591 571 534 414 120 99 382 251 171 42 729 80 15811 129 40 89 66 43 56 5280 248 222 197 174 687 366 291
internal_count=22411 21091 1320 591 571 534 414 120 99 382 251 171 42 729 80 15811 129 40 89 66 43 56 5280 248 222 197 174 687 366 291
is_linear=0
shrinkage=0.05


Tree=13
num_leaves=31
num_cat=0
split_feature=68 145 131 5 68 43 5 134 106 115 122 63 58 52 89 30 145 13 27 120 59 80 38 37 134 128 124 36 90 134
split_gain=1.40834e+08 4.5805e+07 3.43449e+07 5.81121e+07 1.92778e+07 4.16962e+07 3.85632e+07 1.8913e+07 1.7471e+07 1.70546e+07 2.04893e+07 1.58543e+07 2.07594e+07 1.57079e+07 1.40403e+07 1.33534e+07 1.30884e+07 1.39999e+07 2.34939e+07 2.65348e+07 2.9561e+07 2.18294e+07 1.9978e+07 1.56958e+07 1.45508e+07 1.68943e+07 1.42214e+07 1.27711e+07 1.2639e+07 1.16755e+07
threshold=1323.400329589844 728.08221435546886 2474.0510253906255 1863.8374633789065 2883.3869628906255 6238.7500000000009 2472.5063476562505 600.25000000000011 -404.74999999999994 -1041.7499999999998 -1343.2499999999998 -3063.7499999999995 -1741.7499999999998 -1353.2499999999998 1394.453308105469 963.75000000000011 1610.0513305664065 1575.8499145507815 816.93276977539074 1692.2500000000002 -2291.2499999999995 1268.2500000000002 -433.24999999999994 -151.24999999999997 1835.2500000000002 1424.7500000000002 1863.8374633789065 1049.2500000000002 -2340.952758789062 -42.249999999999993
decision_type=2 2 2 2 2 2 2 2 2 2 2 2 2 2 2 2 2 2 2 2 2 2 2 2 2 2 2 2 2 2
left_child=1 -1 7 -4 6 -6 -5 9 29 11 -11 -2 13 28 -10 27 -9 18 19 22 -21 -22 -18 -24 26 -26 -19 -14 -13 -3
right_child=2 8 3 4 5 -7 -8 16 14 10 -12 12 15 -15 -16 -17 17 24 -20 20 21 -23 23 -25 25 -27 -28 -29 -30 -31
leaf_value=-2.9134680325928941 -1.3468158894396844 1.6034568930344044 113.28860146658761 16.159576771372841 -18.006640981744837 52.677722022112675 95.610353962580362 9.6324401959776882 0.74307634561518032 -43.615571481210218 1.6519706570430044 58.024390544891361 13.593637737474944 79.192344383571466 -35.395550706651477 33.844448513454857 0.91187993815687829 -4.4322960853576658 68.386564815405649 95.622082346135926 6.9547129079699523 61.229298394918445 67.578225135803223 13.329157563845317 -28.530625364107966 21.377580235799154 44.029634373362477 -32.995249412457149 4.6973126335144046 9.4570638246752559
leaf_weight=12995 94 834 21 42 54 34 24 344 5877 27 337 20 38 23 27 36 122 24 33 22 44 32 24 30 39 30 41 24 25 1094
leaf_count=12995 94 834 21 42 54 34 24 344 5877 27 337 20 38 23 27 36 122 24 33 22 44 32 24 30 39 30 41 24 25 1094
internal_value=7.96862e-10 -1.09309 14.3724 35.2634 24.6236 9.30323 45.0508 11.7777 1.92731 5.2803 -1.70579 15.0608 24.3519 45.5786 0.577808 9.62319 16.9424 22.6446 28.5303 23.73 44.5819 29.8072 12.1193 37.4399 9.16025 -6.83141 26.136 -4.44077 28.3982 6.05981
internal_weight=22411 20827 1584 175 154 88 66 1409 7832 624 364 260 166 68 5904 98 785 441 307 274 98 76 176 54 134 69 65 62 45 1928
internal_count=22411 20827 1584 175 154 88 66 1409 7832 624 364 260 166 68 5904 98 785 441 307 274 98 76 176 54 134 69 65 62 45 1928
is_linear=0
shrinkage=0.05


Tree=14
num_leaves=31
num_cat=0
split_feature=145 82 96 108 64 129 86 127 87 109 112 38 61 71 47 120 113 58 12 133 51 79 55 89 47 87 121 119 10 15
split_gain=1.28769e+08 4.06507e+07 3.17589e+07 3.40817e+07 2.32972e+07 2.07094e+07 1.46822e+07 1.84931e+07 2.09514e+07 1.76254e+07 1.75066e+07 1.393e+07 1.92563e+07 1.68103e+07 1.37892e+07 1.80754e+07 1.67399e+07 2.70887e+07 1.36872e+07 1.39641e+07 2.66806e+07 1.39417e+07 1.28268e+07 2.34903e+07 1.27735e+07 1.23624e+07 1.16313e+07 1.93941e+07 1.11256e+07 1.07859e+07
threshold=1125.587829589844 1971.4899902343752 694.20977783203136 -3594.4999999999995 -5827.7499999999991 -367.74999999999994 2283.7500000000005 2977.7500000000005 1345.2500000000002 -4116.5048828124991 4006.0000000000005 2370.7500000000005 2280.3024902343755 3396.0000000000005 2076.5380859375005 2011.7500000000002 -162.24999999999997 -3663.4999999999995 899.90139770507824 1816.2500000000002 -2534.2499999999995 -19.249999999999996 -3957.841430664062 1063.2380981445315 2472.5063476562505 -1708.2499999999998 -2851.9999999999995 -2560.4999999999995 -534.74999999999989 -3028.7499999999995
decision_type=2 2 2 2 2 2 2 2 2 2 2 2 2 2 2 2 2 2 2 2 2 2 2 2 2 2 2 2 2 2
left_child=2 18 -1 -4 -3 14 7 9 -9 24 -8 12 28 -13 -6 16 17 29 21 22 -21 -2 23 -20 -7 -19 27 -24 -11 -16
right_child=1 4 3 -5 5 6 10 8 -10 11 -12 13 -14 -15 15 -17 -18 25 19 20 -22 -23 26 -25 -26 -27 -28 -29 -30 -31
leaf_value=-2.981588466272763 14.861596175340507 59.318495324941786 64.695665659223295 0.91562883410400819 -24.044586092631022 20.216464167143172 -9.0083670260859474 30.998445333753313 96.201938351717871 76.376705188751231 45.234456852504188 96.227468338012699 -2.0671583652496337 32.176598489852175 15.144710263706024 56.18584729149228 -9.9025658124609848 24.360195940191097 42.940329511761668 74.50184284210205 11.764324954823332 56.560774056159943 9.4535575533670109 -14.514356704139562 -22.87413522629511 77.993474687848789 4.8006913092338817 63.097446839705754 24.26943548293341 -31.951654796600344
leaf_weight=11848 156 39 21 8078 30 95 51 28 22 20 21 20 32 21 31 21 79 22 20 20 111 23 63 161 21 21 1272 23 21 20
leaf_count=11848 156 39 21 8078 30 95 51 28 22 20 21 20 32 21 31 21 79 22 20 20 111 23 63 161 21 21 1272 23 21 20
internal_value=2.61683e-08 10.7836 -1.33207 1.081 21.9192 19.387 26.95 32.1282 59.688 26.137 6.81246 40.0991 27.0006 63.4209 7.50224 12.3806 7.06322 21.3217 7.07976 5.67136 21.3426 20.2196 4.33742 -8.16577 12.4156 50.5532 6.0039 23.8002 49.6876 -3.32445
internal_weight=22411 2464 19947 8099 615 576 352 280 50 230 72 114 73 41 224 194 173 94 1849 1670 131 179 1539 181 116 43 1358 86 41 51
internal_count=22411 2464 19947 8099 615 576 352 280 50 230 72 114 73 41 224 194 173 94 1849 1670 131 179 1539 181 116 43 1358 86 41 51
is_linear=0
shrinkage=0.05


Tree=15
num_leaves=31
num_cat=0
split_feature=5 145 141 96 50 110 136 115 51 65 72 128 50 36 23 86 100 114 121 110 117 23 24 121 91 25 122 27 44 140
split_gain=1.16612e+08 4.19423e+07 2.46604e+07 3.02574e+07 3.08373e+07 1.88154e+07 1.53782e+07 1.51433e+07 1.88512e+07 1.66259e+07 1.8624e+07 1.63242e+07 1.41946e+07 1.41374e+07 2.34548e+07 1.77312e+07 1.54298e+07 1.38685e+07 1.33198e+07 1.33712e+07 1.1522e+07 1.06799e+07 4.09531e+07 1.78644e+07 1.01148e+07 9.9798e+06 9.87617e+06 1.94873e+07 1.90872e+07 9.56009e+06
threshold=1439.9837036132815 826.10955810546886 671.25000000000011 2169.7580566406255 -4185.2499999999991 2280.3024902343755 594.75000000000011 -1096.7499999999998 -5301.7499999999991 227.75000000000003 -880.74999999999989 -1667.2499999999998 -4593.4999999999991 6313.7500000000009 6094.7500000000009 1255.2500000000002 -3078.7499999999995 -2075.7499999999995 1862.2500000000002 2169.7580566406255 477.22393798828131 -5580.9999999999991 -4984.4999999999991 -328.74999999999994 -1699.7499999999998 -4472.9899902343741 29.750000000000004 -217.51501464843747 -89.249999999999986 274.75000000000006
decision_type=2 2 2 2 2 2 2 2 2 2 2 2 2 2 2 2 2 2 2 2 2 2 2 2 2 2 2 2 2 2
left_child=1 20 7 18 -5 6 -6 8 12 10 -10 -9 -2 15 -15 16 -7 -18 19 26 -1 22 23 24 -3 -19 27 -4 -29 -28
right_child=2 21 3 4 5 13 -8 11 9 -11 -12 -13 -14 14 -16 -17 17 25 -20 -21 -22 -23 -24 -25 -26 -27 29 28 -30 -31
leaf_value=-4.4960689973296804 13.986774161202568 6.4736760799586781 8.8325397221992414 75.215043356479754 82.928565438588464 -16.851658431343409 28.385428905487061 -21.084971658388774 25.122359858149977 -9.9939887120173534 73.620133201281234 6.0248263039588927 -35.93821136951447 83.906693420410164 10.591855605443319 -28.703846599744715 64.588181588763277 -4.0244148583247741 41.614688617653314 -30.000823261737821 -1.3954092529283975 2.4926883076697859 72.503455825952386 45.966793788909911 -22.85989036427604 35.150044875531584 -15.053453239409819 85.162924386262901 22.10348966876666 10.7059555093208
leaf_weight=4005 35 160 96 39 24 23 28 66 113 26 24 350 24 20 24 23 21 29 36 20 11894 4945 26 25 36 37 46 20 30 166
leaf_count=4005 35 160 96 39 24 23 28 66 113 26 24 350 24 20 24 23 21 29 36 20 11894 4945 26 25 36 37 46 20 30 166
internal_value=-2.92182e-08 -0.902296 14.4169 21.0269 34.1165 27.1172 53.5592 7.35105 17.8959 26.6618 33.6183 1.72375 -6.32169 19.3489 43.9168 11.2212 19.5692 29.1976 12.5535 9.78572 -2.17647 2.99951 13.1461 6.1629 1.08588 17.937 12.0084 22.0157 47.3273 5.11665
internal_weight=22411 21091 1320 682 268 229 52 638 222 163 137 416 59 177 44 133 110 87 414 378 15899 5192 247 221 196 66 358 146 50 212
internal_count=22411 21091 1320 682 268 229 52 638 222 163 137 416 59 177 44 133 110 87 414 378 15899 5192 247 221 196 66 358 146 50 212
is_linear=0
shrinkage=0.05


Tree=16
num_leaves=31
num_cat=0
split_feature=145 82 131 68 140 108 144 26 145 78 31 3 44 135 12 73 141 122 92 28 40 87 128 93 140 0 107 119 142 30
split_gain=1.05609e+08 3.36832e+07 2.66842e+07 2.01917e+07 1.66849e+07 1.62243e+07 1.43375e+07 1.84952e+07 1.76325e+07 2.66112e+07 1.90296e+07 1.39704e+07 1.55276e+07 1.40427e+07 1.22516e+07 1.36813e+07 1.28329e+07 1.55275e+07 3.61741e+07 1.15106e+07 1.12425e+07 1.23479e+07 1.78561e+07 1.33275e+07 1.12048e+07 1.08886e+07 1.08753e+07 9.86263e+06 1.55591e+07 1.06807e+07
threshold=1125.587829589844 1971.4899902343752 638.75646972656261 1971.2244262695315 -2261.9999999999995 -3594.4999999999995 -8548.5898437499982 2472.5063476562505 2883.3869628906255 3754.0000000000005 6472.7500000000009 5392.0000000000009 2747.2500000000005 -224.74999999999997 899.90139770507824 -3797.4999999999995 894.25000000000011 -2098.7499999999995 -2898.7499999999995 -4223.4999999999991 1075.3543090820315 -1334.2499999999998 -594.24999999999989 -1306.7499999999998 625.75000000000011 -5180.4999999999991 -605.24999999999989 -1336.7499999999998 -353.24999999999994 -3619.2499999999995
decision_type=2 2 2 2 2 2 2 2 2 2 2 2 2 2 2 2 2 2 2 2 2 2 2 2 2 2 2 2 2 2
left_child=2 14 -1 -3 25 -4 7 19 10 -10 11 12 13 -8 15 -2 27 -18 -19 -6 -20 -22 23 -23 -15 -5 -25 28 -16 -29
right_child=1 3 5 4 6 -7 8 -9 9 -11 -12 -13 -14 24 16 -17 17 18 20 -21 21 22 -24 26 -26 -27 -28 29 -30 -31
leaf_value=-3.0295254245284617 -4.3397287328192524 58.572697875555605 36.743525403545753 12.701781387329103 44.54946046912152 0.51506963185890853 17.202007443110148 -34.527281623840331 81.181214016387543 13.934954905509949 -16.387918684699319 54.818547487258911 -16.868635735144984 74.280298814773559 6.8223951895358201 27.07435115675132 -21.520441621722597 78.107780238560281 -12.168814301237148 1.2282474973927373 -4.1207445718253721 74.492904435396198 11.717223860674384 1.6941087484359743 30.470029724968807 -39.472364106178283 47.195348266075399 -15.4025336426038 49.078248012562597 1.6379528811506423
leaf_weight=10004 47 32 31 20 23 9912 225 25 31 28 33 32 26 20 236 132 33 21 47 46 79 20 259 24 54 20 29 104 24 794
leaf_count=10004 47 32 31 20 23 9912 225 25 31 28 33 32 26 20 236 132 33 21 47 46 79 20 259 24 54 20 29 104 24 794
internal_value=-2.20151e-09 9.76581 -1.20634 19.9023 17.7797 0.628022 20.0755 2.31867 23.793 49.2677 19.9391 23.2971 20.1934 23.4162 6.39429 18.826 5.06179 11.6534 13.9389 15.6687 10.9967 13.6458 17.8733 39.7148 42.3106 -13.3853 26.591 2.14735 10.7229 -0.335556
internal_weight=22411 2464 19947 615 583 9943 543 94 449 59 390 357 325 299 1849 179 1670 512 479 69 458 411 332 73 74 40 53 1158 260 898
internal_count=22411 2464 19947 615 583 9943 543 94 449 59 390 357 325 299 1849 179 1670 512 479 69 458 411 332 73 74 40 53 1158 260 898
is_linear=0
shrinkage=0.05


Tree=17
num_leaves=31
num_cat=0
split_feature=12 138 131 75 100 128 6 87 112 106 40 60 142 94 118 55 141 121 33 82 70 114 96 135 128 107 53 1 60 115
split_gain=9.62822e+07 3.50659e+07 2.0558e+07 5.09602e+07 2.09958e+07 1.57792e+07 1.57975e+07 1.35167e+07 2.63776e+07 1.12073e+07 1.09377e+07 1.644e+07 1.56503e+07 1.69875e+07 1.28766e+07 1.44673e+07 1.39983e+07 1.22102e+07 1.1249e+07 1.41352e+07 9.86782e+06 9.7228e+06 1.90951e+07 1.8215e+07 1.73404e+07 1.05806e+07 1.46771e+07 1.5977e+07 1.39537e+07 1.04084e+07
threshold=1439.9837036132815 826.12701416015636 2474.0510253906255 2472.5063476562505 2530.5000000000005 1424.7500000000002 423.40066528320318 1625.2500000000002 -1155.2499999999998 -3811.2499999999995 2076.5380859375005 -7622.8098144531241 -428.24999999999994 2184.2500000000005 545.33410644531261 1.0000000180025095e-35 167.25000000000003 -625.24999999999989 2368.7424316406255 2077.6770019531255 -1348.7499999999998 -1715.2499999999998 1563.7959594726565 -1492.2499999999998 -1383.2499999999998 343.75000000000006 -337.59249877929682 1676.2500000000002 6387.3623046875009 1350.2500000000002
decision_type=2 2 2 2 2 2 2 2 2 2 2 2 2 2 2 2 2 2 2 2 2 2 2 2 2 2 2 2 2 2
left_child=1 20 5 -4 7 10 -7 8 -5 -3 11 -2 13 14 15 16 -12 -18 19 -14 -1 22 23 -13 -25 29 27 -27 -28 -23
right_child=2 9 3 4 -6 6 -8 -9 -10 -11 12 21 18 -15 -16 -17 17 -19 -20 -21 -22 25 -24 24 -26 26 28 -29 -30 -31
leaf_value=1.5199669833127381 -31.138881624156035 33.219783010482786 79.501684990907336 -14.16300115296335 61.549623508453379 70.245568829491035 17.726148533291287 -17.811337739993366 46.575545540834085 2.5706659402224861 49.266798389874971 11.702302889029186 18.72190300623576 -21.448700862460669 43.413045612147876 -26.766721045452613 3.0798812087505096 41.383818878173827 9.6679673096229308 69.152703395034322 -2.4276411570318324 0.26998857445093433 1.4981005624848969 90.682943077087415 28.220248291015629 8.8681825058132997 -13.892541342360133 51.078981953263281 21.763562170318934 -36.21353698457991
leaf_weight=1783 29 30 39 33 20 21 45 39 39 5162 26 48 24 36 35 23 124 25 29 33 14116 283 98 20 25 51 68 40 46 21
leaf_count=1783 29 30 39 33 20 21 45 39 39 5162 26 48 24 36 35 23 124 25 29 33 14116 283 98 20 25 51 68 40 46 21
internal_value=3.34704e-08 -0.819881 13.1001 29.3293 14.3925 10.701 34.4369 5.89572 18.737 2.74776 9.25581 5.75096 16.4531 10.5171 15.456 10.5142 15.4139 9.50672 35.0202 47.9187 -1.98493 7.27926 16.8989 33.1277 55.9814 3.66953 12.4481 27.4224 0.495009 -2.25025
internal_weight=22411 21091 1320 170 131 1150 66 111 72 5192 1084 729 355 269 233 198 175 149 86 57 15899 700 191 93 45 509 205 91 114 304
internal_count=22411 21091 1320 170 131 1150 66 111 72 5192 1084 729 355 269 233 198 175 149 86 57 15899 700 191 93 45 509 205 91 114 304
is_linear=0
shrinkage=0.05


Tree=18
num_leaves=31
num_cat=0
split_feature=138 82 124 64 129 5 107 64 140 145 47 120 113 65 30 121 86 109 61 2 51 9 89 145 113 101 107 92 45 110
split_gain=8.76953e+07 3.65464e+07 2.50105e+07 1.96373e+07 1.65052e+07 1.63769e+07 1.28978e+07 1.24741e+07 1.22203e+07 2.15952e+07 1.20137e+07 1.54233e+07 1.55747e+07 2.34997e+07 1.15096e+07 1.04742e+07 2.253e+07 2.01106e+07 1.53299e+07 1.23723e+07 1.14727e+07 9.88583e+06 9.88493e+06 8.81465e+06 8.68794e+06 8.27675e+06 8.19698e+06 1.05084e+07 1.05206e+07 7.33802e+06
threshold=965.97836303710949 1971.4899902343752 864.26147460937511 -5827.7499999999991 -367.74999999999994 601.53668212890636 -4009.2499999999995 -1105.2499999999998 484.25000000000006 2076.5380859375005 2076.5380859375005 1947.7500000000002 -162.24999999999997 -4670.9999999999991 -8729.7499999999982 1372.7500000000002 3066.7500000000005 -4116.5048828124991 2472.5063476562505 -485.49999999999994 2735.2500000000005 -1644.7499999999998 2368.7424316406255 2169.7580566406255 1208.2500000000002 -797.74999999999989 -4523.9999999999991 -3284.2499999999995 -4533.9999999999991 2280.3024902343755
decision_type=2 2 2 2 2 2 2 2 2 2 2 2 2 2 2 2 2 2 2 2 2 2 2 2 2 2 2 2 2 2
left_child=5 2 -2 -3 10 -1 -6 -7 14 -10 -5 12 13 -12 -4 16 17 18 25 -17 23 -14 -15 24 -19 -8 -16 28 -28 -27
right_child=1 3 8 4 6 7 15 -9 9 -11 11 -13 21 22 26 19 -18 20 -20 -21 -22 -23 -24 -25 -26 29 27 -29 -30 -31
leaf_value=-3.0185166945390729 56.688203515177193 52.358937502518678 -32.566246861996859 -24.358059056599938 59.517941110784356 4.401790968779685 -10.878115318298342 -0.74962194409530292 8.3463118202359308 56.527047395706177 -15.082173217745391 48.082012626917468 5.0291316342353829 52.389246087325255 -15.601183388973105 64.491688588949359 -35.630018692016606 20.326711963570638 -32.16857838837997 20.987409347837623 59.151152610778809 -30.829274533246014 10.274977324225688 10.686102955157942 65.385927410125745 6.431418472528458 44.333009442975452 2.8886739701974409 2.4356460737771002 40.034900814294815
leaf_weight=8649 23 39 23 30 22 1363 25 8527 751 24 34 23 40 38 58 26 20 23 23 44 32 37 22 52 20 33 31 2318 29 32
leaf_count=8649 23 39 23 30 22 1363 25 8527 751 24 34 23 40 38 58 26 20 23 23 44 32 37 22 52 20 33 31 2318 29 32
internal_value=-6.14058e-09 6.84389 4.73306 18.0227 15.6979 -1.42939 22.4497 -0.0396749 4.36356 9.83836 5.08783 9.64132 4.47093 18.1282 2.63807 19.9785 15.3564 19.6053 4.26127 37.1461 33.2579 -12.2015 36.9473 24.5359 41.2845 13.5711 2.97046 3.42342 24.0826 22.9747
internal_weight=22411 3872 3257 615 576 18539 352 9890 3234 775 224 194 171 94 2459 330 260 240 113 70 127 77 60 95 43 90 2436 2378 60 65
internal_count=22411 3872 3257 615 576 18539 352 9890 3234 775 224 194 171 94 2459 330 260 240 113 70 127 77 60 95 43 90 2436 2378 60 65
is_linear=0
shrinkage=0.05


Tree=19
num_leaves=31
num_cat=0
split_feature=68 89 141 100 107 113 145 86 50 114 133 129 116 134 128 129 78 36 134 64 85 32 57 119 15 128 65 53 82 59
split_gain=7.98828e+07 2.67302e+07 2.20398e+07 2.31192e+07 4.61816e+07 2.01719e+07 1.72062e+07 2.96338e+07 1.53202e+07 1.08608e+07 1.53027e+07 1.02799e+07 1.0513e+07 1.44012e+07 1.03636e+07 1.35942e+07 1.22505e+07 1.06822e+07 1.33453e+07 1.54386e+07 1.02463e+07 1.00324e+07 9.88181e+06 1.57956e+07 1.50692e+07 1.06679e+07 1.05978e+07 1.30638e+07 9.34066e+06 1.03018e+07
threshold=1323.400329589844 694.22396850585949 808.25000000000011 -5976.9999999999991 -4523.9999999999991 -3412.9999999999995 2883.3869628906255 864.75000000000011 -6570.4999999999991 -1089.7499999999998 727.25000000000011 2906.5000000000005 -3660.4025878906245 2975.7500000000005 -121.74999999999999 730.25000000000011 1845.2500000000002 -81.749999999999986 652.25000000000011 2034.2500000000002 2825.2500000000005 61.202501296997077 -2917.2499999999995 -1018.2499999999999 -2072.9999999999995 -645.74999999999989 227.75000000000003 2997.4299316406255 2077.6770019531255 -3967.4999999999995
decision_type=2 2 2 2 2 2 2 2 2 2 2 2 2 2 2 2 2 2 2 2 2 2 2 2 2 2 2 2 2 2
left_child=1 -1 8 -4 -5 -3 11 -8 -2 10 -7 12 28 14 15 17 -16 -14 -19 -20 -11 -18 24 26 -10 -25 27 -24 -6 -30
right_child=2 5 3 4 6 9 7 -9 22 20 -12 -13 13 -15 16 -17 21 18 19 -21 -22 -23 23 25 -26 -27 -28 -29 29 -31
leaf_value=-2.3821598873862824 46.986866768923676 45.212128785940322 -25.963983075372102 92.601072874523354 -9.0650135988347671 3.456438351421069 79.686808890955788 3.9719745755195621 1.3582996095380475 -0.39014118689651339 26.915513123075172 39.13481681704522 48.920479925217165 -21.374068251523106 -9.045191034793854 62.539222482534562 37.212346912832821 -7.2361544215679174 8.606013266663803 57.536043798072001 7.0988624284361919 7.8760254362050226 16.286296115132668 -4.7457157555797647 -46.029236971813702 8.7300727633556523 -6.0374783741800409 49.961315822601321 -16.615961778731574 23.379856247487279
leaf_weight=11851 22 26 29 21 85 2015 28 24 62 6371 72 40 31 22 50 26 51 40 38 28 492 68 144 285 23 303 38 36 21 69
leaf_count=11851 22 26 29 21 85 2015 28 24 62 6371 72 40 31 22 50 26 51 40 38 28 492 68 144 285 23 303 38 36 21 69
internal_value=-5.85613e-08 -0.823247 10.8243 17.7041 19.6766 1.23498 17.2106 44.7415 5.76818 1.10723 4.26576 14.6945 12.8465 17.8024 20.3985 29.3935 11.7227 23.1031 15.5528 29.3642 0.146736 20.4487 4.75043 6.46041 -11.4642 2.19844 17.956 23.0213 2.82142 14.0475
internal_weight=22411 20827 1584 671 642 8976 621 52 913 8950 2087 569 529 354 332 163 169 137 106 66 6863 119 891 806 85 588 218 180 175 90
internal_count=22411 20827 1584 671 642 8976 621 52 913 8950 2087 569 529 354 332 163 169 137 106 66 6863 119 891 806 85 588 218 180 175 90
is_linear=0
shrinkage=0.05


Tree=20
num_leaves=31
num_cat=0
split_feature=12 145 131 75 36 68 4 136 128 6 106 129 108 113 58 31 31 58 82 42 113 27 127 106 118 19 135 17 61 1
split_gain=7.22314e+07 2.63971e+07 1.62069e+07 4.5307e+07 1.9293e+07 2.31484e+07 1.91164e+07 1.81596e+07 1.29261e+07 1.42084e+07 1.08941e+07 1.0082e+07 2.05773e+07 1.67142e+07 1.93064e+07 1.19274e+07 2.20101e+07 1.26838e+07 9.1262e+06 1.27872e+07 1.9476e+07 1.1496e+07 1.32408e+07 1.17501e+07 1.03166e+07 1.0314e+07 1.1467e+07 9.71057e+06 9.57024e+06 8.14455e+06
threshold=1439.9837036132815 728.08221435546886 2474.0510253906255 2472.5063476562505 7700.5000000000009 2883.3869628906255 -9583.9848632812482 952.75000000000011 1424.7500000000002 221.45143127441409 -404.74999999999994 -1500.4999999999998 -372.74999999999994 -1525.2499999999998 -4619.7499999999991 1627.7500000000002 -2181.4999999999995 -3663.4999999999995 2077.6770019531255 3305.0000000000005 2558.7500000000005 -3913.251586914062 -410.24999999999994 -938.74999999999989 -218.16355133056638 2280.3024902343755 -656.24999999999989 -550.74999999999989 2368.7424316406255 227.75000000000003
decision_type=2 2 2 2 2 2 2 2 2 2 2 2 2 2 2 2 2 2 2 2 2 2 2 2 2 2 2 2 2 2
left_child=1 -1 8 -4 5 6 -5 -7 11 -10 -3 12 15 14 -13 16 17 -2 21 20 25 -15 -23 -24 -25 26 -20 -26 -21 -29
right_child=2 10 3 4 -6 7 -8 -9 9 -11 -12 13 -14 18 -16 -17 -18 -19 19 28 -22 22 23 24 27 -27 -28 29 -30 -31
leaf_value=-2.1063317669873896 1.8144259730381753 4.7609211001926406 73.064000855959378 -3.8082803090413417 50.232823812044586 -36.793404089532252 62.885703290592545 20.383114424205964 65.882697439193734 15.402555058313453 0.48942646526155792 3.0665128866831464 -46.105230299631756 -21.907951447770401 62.79965046913393 39.705057597160341 -31.55150893642789 46.348144460859757 14.686892091905747 -32.015462185087664 55.994818980353216 35.369576132924934 35.261865374247229 -8.8613310871284394 28.547524562795111 4.8336294232582562 60.946191572007685 -25.129303563724864 14.670271844449253 6.347319522175269
leaf_weight=12995 67 1974 39 21 26 41 22 21 20 46 6122 24 24 37 31 20 42 21 37 21 35 38 30 134 47 98 21 22 23 312
leaf_count=12995 67 1974 39 21 26 41 22 21 20 46 6122 24 24 37 31 20 42 21 37 21 35 38 30 134 47 98 21 22 23 312
internal_value=1.28988e-08 -0.710135 11.3466 25.7563 11.6724 2.12407 30.3142 -17.4272 9.21642 30.6996 1.53092 7.9084 -3.11902 10.0169 36.7343 3.75877 -1.77143 12.4418 8.29828 16.6889 22.2869 5.11797 6.83316 4.84347 3.07152 14.7242 31.4359 7.26838 -7.61156 4.27401
internal_weight=22411 21091 1320 170 131 105 43 62 1150 66 8096 1084 174 910 55 150 130 88 855 235 191 620 583 545 515 156 58 381 44 334
internal_count=22411 21091 1320 170 131 105 43 62 1150 66 8096 1084 174 910 55 150 130 88 855 235 191 620 583 545 515 156 58 381 44 334
is_linear=0
shrinkage=0.05


Tree=21
num_leaves=31
num_cat=0
split_feature=138 82 124 68 93 101 5 54 5 134 80 135 100 134 136 87 22 36 64 9 39 79 121 109 45 121 84 15 127 11
split_gain=6.61888e+07 2.7316e+07 2.25448e+07 1.77409e+07 1.37114e+07 1.75326e+07 2.05151e+07 1.43487e+07 1.29004e+07 1.23787e+07 2.15262e+07 1.14465e+07 1.24351e+07 1.11438e+07 1.07539e+07 1.31778e+07 1.07375e+07 1.84454e+07 1.03487e+07 9.22765e+06 1.03773e+07 1.01685e+07 9.12878e+06 7.66218e+06 7.71993e+06 7.602e+06 7.52565e+06 7.47271e+06 9.15965e+06 7.73182e+06
threshold=965.97836303710949 1971.4899902343752 864.26147460937511 1971.2244262695315 -5151.9999999999991 -2443.4999999999995 2368.7424316406255 2280.3024902343755 601.53668212890636 606.25000000000011 791.75000000000011 -1806.9999999999998 -2377.7499999999995 824.75000000000011 1492.2500000000002 -1708.2499999999998 -3749.4999999999995 -1560.7499999999998 -1105.2499999999998 -7754.9999999999991 -10440.617187499998 -6965.2499999999991 -4765.2499999999991 -7029.5800781249991 -2912.9999999999995 1862.2500000000002 1801.7500000000002 -4657.7499999999991 886.75000000000011 -5481.2124023437491
decision_type=2 2 2 2 2 2 2 2 2 2 2 2 2 2 2 2 2 2 2 2 2 2 2 2 2 2 2 2 2 2
left_child=8 2 -2 -3 7 6 -6 -5 -1 10 11 12 -7 -11 19 -16 -15 -18 -10 21 -21 -4 -9 24 -22 -17 -12 28 29 -25
right_child=1 3 14 4 5 9 -8 22 18 13 26 -13 -14 16 15 25 17 -19 -20 20 23 -23 -24 27 -26 -27 -28 -29 -30 -31
leaf_value=-2.6522148732534001 53.448451299252717 51.857988342642784 11.099551666259766 18.862748105295243 18.55481433728162 4.118853792936906 80.520342904871171 -50.391521344184881 4.037040232759316 49.022717377117708 -46.085903020338577 -4.0026342386007308 53.349355013617156 -12.325394547780355 56.174569883346557 -0.58491310408482189 65.388336563110357 15.326741441954738 -0.65503161696502965 29.29248770933885 -20.391412063800928 -28.517270390106287 -3.1913441703433083 -16.61010476599137 7.2337420137917121 31.365453762227094 -8.3325916232484758 3.3207459035772633 37.752748538425998 18.029150255845519
leaf_weight=8649 23 32 25 31 34 23 22 20 1363 28 22 40 29 30 20 52 20 230 8527 39 66 46 21 24 41 29 33 2808 35 49
leaf_count=8649 23 32 25 31 34 23 22 20 1363 28 22 40 29 30 20 52 20 230 8527 39 66 46 21 24 41 29 33 2808 35 49
internal_value=2.15113e-08 5.94576 4.12086 15.6103 13.6207 16.499 42.8984 -6.80699 -1.24181 13.2499 1.31221 16.1061 31.5743 18.9474 3.77004 19.8285 15.9398 19.3317 -0.00838916 3.25236 3.66556 -14.5677 -26.2158 3.33494 -9.80607 10.8541 -23.4339 3.81714 16.7234 6.6409
internal_weight=22411 3872 3257 615 583 511 56 72 18539 455 147 92 52 308 3234 101 280 250 9890 3133 3062 71 41 3023 107 81 55 2916 108 73
internal_count=22411 3872 3257 615 583 511 56 72 18539 455 147 92 52 308 3234 101 280 250 9890 3133 3062 71 41 3023 107 81 55 2916 108 73
is_linear=0
shrinkage=0.05


Tree=22
num_leaves=31
num_cat=0
split_feature=68 96 113 141 100 107 50 50 21 89 14 127 84 68 6 85 140 28 121 136 121 91 93 134 84 119 121 22 93 78
split_gain=6.0296e+07 2.02731e+07 1.85006e+07 1.80022e+07 2.0282e+07 4.01099e+07 1.52729e+07 1.34644e+07 1.32007e+07 1.11249e+07 1.04241e+07 1.49006e+07 1.67519e+07 1.29103e+07 1.2547e+07 1.08495e+07 8.95273e+06 1.19996e+07 1.56652e+07 2.04238e+07 1.23939e+07 7.96768e+06 1.59732e+07 1.5875e+07 1.4489e+07 1.30227e+07 1.30249e+07 1.18209e+07 1.3708e+07 1.0249e+07
threshold=1323.400329589844 694.20977783203136 -3412.9999999999995 808.25000000000011 -5976.9999999999991 -4523.9999999999991 -4185.2499999999991 -6570.4999999999991 -6762.2499999999991 1394.453308105469 -2959.9999999999995 2123.7500000000005 659.25000000000011 1266.987487792969 -3430.302856445312 2825.2500000000005 -2261.9999999999995 -5312.9999999999991 -2688.7499999999995 -632.74999999999989 -3421.2499999999995 -564.74999999999989 -1062.2499999999998 1239.7500000000002 -3183.7499999999995 434.75000000000006 73.250000000000014 1845.7500000000002 1185.2500000000002 2961.0000000000005
decision_type=2 2 2 2 2 2 2 2 2 2 2 2 2 2 2 2 2 2 2 2 2 2 2 2 2 2 2 2 2 2
left_child=1 -1 -3 7 -5 -6 -7 -2 -8 10 11 12 13 14 -4 -12 -9 -18 19 20 -19 24 23 -23 -10 29 -27 28 -28 -24
right_child=3 2 9 4 5 6 8 16 21 -11 15 -13 -14 -15 -16 -17 17 18 -20 -21 -22 22 25 -25 -26 26 27 -29 -30 -31
leaf_value=-2.0728601821015258 43.476177735762164 42.40362448515716 1.2839110525609074 -25.279049103835533 85.431124605451316 49.9742617670695 -23.730610657774886 -20.905897838047576 37.367180625734662 -28.475765466690063 -0.042839206380942615 42.447074367381909 43.65462017765752 -32.488847408443689 14.47184128106133 7.546365785998316 -21.844265995025637 24.512749751921625 3.8267285981054791 -5.2642685592174532 72.955210254503342 78.566266948836187 11.053550896151314 16.322808599472047 -1.7184453270985529 41.935106464854464 14.609285967259906 7.3108853893844712 60.065134119104464 -24.559654928022816
leaf_weight=11851 22 27 708 29 21 30 23 35 29 32 7386 27 27 24 242 503 40 31 730 32 23 21 58 20 130 57 43 152 27 31
leaf_count=11851 22 27 708 29 21 30 23 35 29 32 7386 27 27 24 242 503 40 31 730 32 23 21 58 20 130 57 43 152 27 31
internal_value=-2.07035e-08 -0.715234 1.07724 9.40415 15.6218 17.4694 15.1712 4.83452 13.4045 0.952553 1.05816 5.79398 4.80533 3.7284 4.64336 0.441046 3.88041 4.89387 6.20456 26.3885 45.1456 14.9082 18.6005 48.2036 5.41038 15.3024 20.6147 15.1406 32.1423 -1.35105
internal_weight=22411 20827 8976 1584 671 642 621 913 591 8949 8917 1028 1001 974 950 7889 891 856 816 86 54 568 409 41 159 368 279 222 70 89
internal_count=22411 20827 8976 1584 671 642 621 913 591 8949 8917 1028 1001 974 950 7889 891 856 816 86 54 568 409 41 159 368 279 222 70 89
is_linear=0
shrinkage=0.05


Tree=23
num_leaves=31
num_cat=0
split_feature=12 138 114 52 11 29 43 141 57 65 72 125 135 40 68 138 86 93 17 136 92 24 85 140 124 107 71 142 39 77
split_gain=5.44768e+07 1.99927e+07 1.46845e+07 1.45297e+07 2.92312e+07 1.1395e+07 1.74862e+07 3.75844e+07 2.03377e+07 1.09703e+07 2.31222e+07 1.38061e+07 1.17216e+07 1.11003e+07 1.35128e+07 1.29513e+07 1.1098e+07 1.16197e+07 1.60294e+07 1.31868e+07 1.32706e+07 1.61819e+07 1.22469e+07 9.76453e+06 9.24312e+06 9.05008e+06 8.77436e+06 9.53081e+06 8.52278e+06 8.37099e+06
threshold=1439.9837036132815 826.12701416015636 2982.2500000000005 -7228.2499999999991 -10886.427734374998 -4713.7499999999991 -2588.2499999999995 1279.2500000000002 -3246.4999999999995 -1286.7499999999998 -880.74999999999989 -203.61303710937497 -2325.4999999999995 2076.5380859375005 2169.7580566406255 1749.311706542969 2283.7500000000005 950.00000000000011 890.25000000000011 1492.2500000000002 2212.5000000000005 4358.2500000000009 1814.0000000000002 920.25000000000011 733.10910034179699 -4009.2499999999995 803.75000000000011 -728.74999999999989 4335.4675292968759 1254.7500000000002
decision_type=2 2 2 2 2 2 2 2 2 2 2 2 2 2 2 2 2 2 2 2 2 2 2 2 2 2 2 2 2 2
left_child=1 -1 3 4 -2 25 7 -7 -8 10 13 26 -13 15 -15 -10 17 19 -19 20 21 23 -23 29 -3 -5 27 -11 -4 -14
right_child=2 24 28 5 -6 6 8 -9 9 11 -12 12 16 14 -16 -17 -18 18 -20 -21 -22 22 -24 -25 -26 -27 -28 -29 -30 -31
leaf_value=-1.4964241193530421 -13.169040184020998 33.703660985697873 60.419848407398575 12.320740951538086 63.436341087023415 14.450627351900856 -43.14093257904053 87.500996544247585 8.9326465501559991 29.767502384185793 53.846272332327707 -24.961699930826825 1.2906517676953917 51.865731989104177 12.723808112902487 -27.594296175638835 -4.0436329469313987 53.482499381013817 12.989978333645396 46.167309325081959 -17.526763340212266 66.73822617024183 12.068084298996698 -28.846570215225224 1.936420967405805 -25.199791946411136 -25.225709690481931 -16.96732488075892 15.321667780876162 24.740099280735233
leaf_weight=15899 20 23 22 25 33 109 20 21 127 20 35 27 135 29 92 30 130 37 72 21 53 20 21 20 5169 45 59 24 20 53
leaf_count=15899 20 23 22 25 33 109 20 21 127 20 35 27 135 29 92 30 130 37 72 21 53 20 21 20 5169 45 59 24 20 53
internal_value=-5.57108e-08 -0.616713 9.85386 8.89783 34.5287 7.78891 8.97609 26.2511 6.78512 7.77867 15.5461 4.26536 7.2187 10.7242 22.1049 1.95298 8.76473 12.6191 26.7351 7.85548 5.19142 10.027 38.7364 4.36794 2.07715 -11.7996 -12.6231 4.27578 38.9445 7.9014
internal_weight=22411 21091 1320 1278 53 1225 1155 130 1025 1005 313 692 589 278 121 157 562 432 109 323 302 249 41 208 5192 70 103 44 42 188
internal_count=22411 21091 1320 1278 53 1225 1155 130 1025 1005 313 692 589 278 121 157 562 432 109 323 302 249 41 208 5192 70 103 44 42 188
is_linear=0
shrinkage=0.05


Tree=24
num_leaves=31
num_cat=0
split_feature=138 131 47 124 115 73 49 5 131 71 145 127 59 47 120 122 73 4 73 109 78 114 115 128 124 138 106 136 45 123
split_gain=4.98404e+07 2.37477e+07 4.6307e+07 1.9437e+07 1.70447e+07 3.37862e+07 1.6465e+07 1.23968e+07 1.32131e+07 1.77142e+07 1.50359e+07 1.24179e+07 1.51747e+07 1.05798e+07 9.82532e+06 1.78578e+07 2.62483e+07 2.04135e+07 1.22964e+07 1.08516e+07 1.00911e+07 9.33963e+06 8.45667e+06 1.22136e+07 1.26818e+07 2.02775e+07 1.67554e+07 8.27832e+06 8.22613e+06 9.71679e+06
threshold=965.97836303710949 2474.0510253906255 1971.2244262695315 864.26147460937511 -2231.7499999999995 -1695.2499999999998 5304.2500000000009 1971.2244262695315 1971.4899902343752 4944.0000000000009 1971.2244262695315 1493.7500000000002 -3068.7499999999995 550.55895996093761 1830.7500000000002 -159.74999999999997 -1741.7499999999998 3396.244995117188 1370.2500000000002 -3551.8649902343745 -312.24999999999994 -1749.4999999999998 -3250.2499999999995 -2556.4999999999995 1563.7959594726565 1247.728698730469 -1933.7499999999998 -431.74999999999994 -3836.9999999999995 -8905.2001953124982
decision_type=2 2 2 2 2 2 2 2 2 2 2 2 2 2 2 2 2 2 2 2 2 2 2 2 2 2 2 2 2 2
left_child=13 3 -3 -2 -4 -6 -7 8 10 27 22 14 -13 -1 15 16 19 18 -18 28 -17 -15 -5 24 25 -24 -27 -10 29 -9
right_child=1 2 4 7 5 6 -8 11 9 -11 -12 12 -14 21 -16 20 17 -19 -20 -21 -22 -23 23 -25 -26 26 -28 -29 -30 -31
leaf_value=-2.6585121414470638 50.128668586067533 94.759285964965827 -25.802864095439084 -13.286716855199714 75.9077702584474 -1.9314993166342014 43.085361862182623 -30.001104492187501 -48.462240587431808 22.573863021187162 46.678794746398928 59.240994119644171 16.389340375050775 5.0479811052556025 35.696533291156477 13.399150917746804 31.872846395114681 75.975853881835945 -13.336408174605598 -28.48899370540272 -25.93484614690145 -0.55392508250345507 4.6197152348665096 2.9498932352565221 -17.211618566513064 14.239262676239015 73.727472075100607 -13.728894210997083 23.961884803771973 12.535156134901376
leaf_weight=6737 23 20 23 76 23 82 27 25 29 23 20 25 119 798 26 22 53 20 21 33 63 11004 52 2892 20 20 29 42 35 29
leaf_count=6737 23 20 23 76 23 82 27 25 29 23 20 25 119 798 26 22 53 20 21 33 63 11004 52 2892 20 20 29 42 35 29
internal_value=-3.54732e-08 5.15948 23.1573 4.30754 13.9183 20.8394 9.21947 4.02069 2.90694 -15.5619 3.46534 11.5947 23.8289 -1.07759 6.20713 3.65987 11.2997 31.1565 19.0432 -3.99983 -15.7543 -0.175149 3.18555 3.60105 19.1643 26.3674 49.4466 -27.9158 5.08043 -7.15756
internal_weight=22411 3872 175 3697 155 132 109 3674 3203 94 3109 471 144 18539 327 301 216 94 74 122 85 11802 3089 3013 121 101 49 71 89 54
internal_count=22411 3872 175 3697 155 132 109 3674 3203 94 3109 471 144 18539 327 301 216 94 74 122 85 11802 3089 3013 121 101 49 71 89 54
is_linear=0
shrinkage=0.05


Tree=25
num_leaves=31
num_cat=0
split_feature=68 114 134 107 131 47 123 73 49 117 37 120 84 111 65 133 65 142 105 83 103 2 19 46 104 39 120 30 88 11
split_gain=4.52623e+07 1.69327e+07 1.59879e+07 3.67793e+07 1.50987e+07 4.17921e+07 1.60277e+07 2.6696e+07 1.39232e+07 1.27377e+07 1.0386e+07 1.0026e+07 1.30046e+07 1.43421e+07 1.97246e+07 1.25568e+07 1.06036e+07 1.17963e+07 1.19815e+07 1.37545e+07 1.01083e+07 9.99391e+06 9.09268e+06 9.0353e+06 8.94486e+06 1.60483e+07 2.02775e+07 1.53248e+07 1.1317e+07 1.02112e+07
threshold=1323.400329589844 -1058.2499999999998 932.25000000000011 -3680.2499999999995 2474.0510253906255 1971.2244262695315 -8905.2001953124982 -1695.2499999999998 5304.2500000000009 1247.9861450195315 4232.0000000000009 3343.2500000000005 3266.7500000000005 578.31991577148449 -1073.4999999999998 2018.2500000000002 1400.2500000000002 -183.24999999999997 -534.74999999999989 1364.913269042969 2076.5380859375005 625.25000000000011 2883.3869628906255 -373.27249145507807 298.60046386718756 1040.705017089844 -1084.4999999999998 -2854.2499999999995 -431.99999999999994 -1342.4249877929685
decision_type=2 2 2 2 2 2 2 2 2 2 2 2 2 2 2 2 2 2 2 2 2 2 2 2 2 2 2 2 2 2
left_child=1 2 -1 -4 11 -6 -7 -8 22 -5 -3 12 13 15 -15 24 17 18 -16 -20 21 -18 -9 -13 25 28 -27 -28 29 -2
right_child=4 10 3 9 5 6 7 8 -10 -11 -12 23 -14 14 16 -17 20 -19 19 -21 -22 -23 -24 -25 -26 26 27 -29 -30 -31
leaf_value=1.626509420632299 0.96231131860438524 -1.382923151958229 76.9118449904702 14.175520706194931 90.021323189735426 -17.692117904894282 70.109620015517521 23.956830714146296 40.931094113102667 -21.259590619405113 13.961320970509504 40.439163670173059 -11.985107929871816 51.169005663254687 1.0868449929432991 42.198803923130043 37.456715878573327 -6.7556741986009818 13.088654866510508 48.056717784477001 -28.554749925931294 0.26739540595819455 -13.735768250624339 9.8167992319379547 -15.126033339638642 58.173254494156154 -16.681286497677075 27.795667059156631 -26.543177620569868 33.601046623229983
leaf_weight=3494 578 17006 22 164 20 33 23 24 27 30 111 39 101 34 39 20 22 36 49 66 24 101 48 63 69 28 34 45 36 25
leaf_count=3494 578 17006 22 164 20 33 23 24 27 30 111 39 101 34 39 20 22 36 49 66 24 101 48 63 69 28 34 45 36 25
internal_value=-5.01098e-08 -0.619686 2.44261 15.6438 8.14785 21.9994 13.2224 21.5845 10.311 8.69586 -1.28342 6.42747 5.24921 6.69255 14.8727 3.05804 11.2107 19.0119 25.0355 33.1573 1.12749 6.91914 -1.17157 21.5254 2.09753 3.69059 21.6121 8.65369 0.689652 2.31549
internal_weight=22411 20827 3710 216 1584 175 155 122 99 194 17117 1409 1307 1206 371 835 337 190 154 115 147 123 72 102 815 746 107 79 639 603
internal_count=22411 20827 3710 216 1584 175 155 122 99 194 17117 1409 1307 1206 371 835 337 190 154 115 147 123 72 102 815 746 107 79 639 603
is_linear=0
shrinkage=0.05


end of trees

feature_importances:
Column_145=41
Column_134=23
Column_121=20
Column_128=17
Column_12=16
Column_68=16
Column_127=16
Column_82=15
Column_138=15
Column_5=14
Column_141=14
Column_142=14
Column_131=12
Column_73=11
Column_106=11
Column_114=11
Column_120=11
Column_129=11
Column_135=11
Column_86=10
Column_96=10
Column_100=10
Column_58=9
Column_63=9
Column_78=9
Column_101=9
Column_107=9
Column_113=9
Column_117=9
Column_136=9
Column_140=9
Column_57=8
Column_85=8
Column_89=8
Column_119=8
Column_122=8
Column_124=8
Column_4=7
Column_51=7
Column_65=7
Column_109=7
Column_22=6
Column_36=6
Column_40=6
Column_47=6
Column_50=6
Column_52=6
Column_54=6
Column_71=6
Column_84=6
Column_87=6
Column_108=6
Column_115=6
Column_126=6
Column_1=5
Column_20=5
Column_26=5
Column_30=5
Column_39=5
Column_61=5
Column_64=5
Column_75=5
Column_80=5
Column_93=5
Column_6=4
Column_9=4
Column_15=4
Column_19=4
Column_23=4
Column_24=4
Column_27=4
Column_37=4
Column_38=4
Column_43=4
Column_45=4
Column_53=4
Column_60=4
Column_99=4
Column_110=4
Column_112=4
Column_123=4
Column_133=4
Column_0=3
Column_2=3
Column_11=3
Column_17=3
Column_28=3
Column_31=3
Column_34=3
Column_44=3
Column_59=3
Column_72=3
Column_79=3
Column_91=3
Column_92=3
Column_3=2
Column_7=2
Column_8=2
Column_29=2
Column_32=2
Column_49=2
Column_55=2
Column_67=2
Column_69=2
Column_88=2
Column_90=2
Column_94=2
Column_104=2
Column_118=2
Column_137=2
Column_10=1
Column_13=1
Column_14=1
Column_16=1
Column_21=1
Column_25=1
Column_33=1
Column_41=1
Column_42=1
Column_46=1
Column_48=1
Column_62=1
Column_70=1
Column_74=1
Column_76=1
Column_77=1
Column_83=1
Column_95=1
Column_103=1
Column_105=1
Column_111=1
Column_116=1
Column_125=1
Column_130=1
Column_144=1

parameters:
[boosting: gbdt]
[objective: regression]
[metric: l2]
[tree_learner: serial]
[device_type: cpu]
[data_sample_strategy: bagging]
[data: ]
[valid: ]
[num_iterations: 1000]
[learning_rate: 0.05]
[num_leaves: 31]
[num_threads: 0]
[seed: 42]
[deterministic: 1]
[force_col_wise: 0]
[force_row_wise: 0]
[histogram_pool_size: -1]
[max_depth: -1]
[min_data_in_leaf: 20]
[min_sum_hessian_in_leaf: 0.001]
[bagging_fraction: 1]
[pos_bagging_fraction: 1]
[neg_bagging_fraction: 1]
[bagging_freq: 0]
[bagging_seed: 400]
[bagging_by_query: 0]
[feature_fraction: 1]
[feature_fraction_bynode: 1]
[feature_fraction_seed: 30056]
[extra_trees: 0]
[extra_seed: 12879]
[early_stopping_round: 0]
[early_stopping_min_delta: 0]
[first_metric_only: 0]
[max_delta_step: 0]
[lambda_l1: 0]
[lambda_l2: 0]
[linear_lambda: 0]
[min_gain_to_split: 0]
[drop_rate: 0.1]
[max_drop: 50]
[skip_drop: 0.5]
[xgboost_dart_mode: 0]
[uniform_drop: 0]
[drop_seed: 17869]
[top_rate: 0.2]
[other_rate: 0.1]
[min_data_per_group: 100]
[max_cat_threshold: 32]
[cat_l2: 10]
[cat_smooth: 10]
[max_cat_to_onehot: 4]
[top_k: 20]
[monotone_constraints: ]
[monotone_constraints_method: basic]
[monotone_penalty: 0]
[feature_contri: ]
[forcedsplits_filename: ]
[refit_decay_rate: 0.9]
[cegb_tradeoff: 1]
[cegb_penalty_split: 0]
[cegb_penalty_feature_lazy: ]
[cegb_penalty_feature_coupled: ]
[path_smooth: 0]
[interaction_constraints: ]
[verbosity: -1]
[saved_feature_importance_type: 0]
[use_quantized_grad: 0]
[num_grad_quant_bins: 4]
[quant_train_renew_leaf: 0]
[stochastic_rounding: 1]
[linear_tree: 0]
[max_bin: 255]
[max_bin_by_feature: ]
[min_data_in_bin: 3]
[bin_construct_sample_cnt: 200000]
[data_random_seed: 175]
[is_enable_sparse: 1]
[enable_bundle: 1]
[use_missing: 1]
[zero_as_missing: 0]
[feature_pre_filter: 1]
[pre_partition: 0]
[two_round: 0]
[header: 0]
[label_column: ]
[weight_column: ]
[group_column: ]
[ignore_column: ]
[categorical_feature: ]
[forcedbins_filename: ]
[precise_float_parser: 0]
[parser_config_file: ]
[objective_seed: 16083]
[num_class: 1]
[is_unbalance: 0]
[scale_pos_weight: 1]
[sigmoid: 1]
[boost_from_average: 1]
[reg_sqrt: 0]
[alpha: 0.9]
[fair_c: 1]
[poisson_max_delta_step: 0.7]
[tweedie_variance_power: 1.5]
[lambdarank_truncation_level: 30]
[lambdarank_norm: 1]
[label_gain: ]
[lambdarank_position_bias_regularization: 0]
[eval_at: ]
[multi_error_top_k: 1]
[auc_mu_weights: ]
[num_machines: 1]
[local_listen_port: 12400]
[time_out: 120]
[machine_list_filename: ]
[machines: ]
[gpu_platform_id: -1]
[gpu_device_id: -1]
[gpu_device_id_list: ]
[gpu_use_dp: 0]
[num_gpu: 1]

end of parameters

pandas_categorical:null
