tree
version=v4
num_class=1
num_tree_per_iteration=1
label_index=0
max_feature_idx=146
objective=regression
feature_names=Column_0 Column_1 Column_2 Column_3 Column_4 Column_5 Column_6 Column_7 Column_8 Column_9 Column_10 Column_11 Column_12 Column_13 Column_14 Column_15 Column_16 Column_17 Column_18 Column_19 Column_20 Column_21 Column_22 Column_23 Column_24 Column_25 Column_26 Column_27 Column_28 Column_29 Column_30 Column_31 Column_32 Column_33 Column_34 Column_35 Column_36 Column_37 Column_38 Column_39 Column_40 Column_41 Column_42 Column_43 Column_44 Column_45 Column_46 Column_47 Column_48 Column_49 Column_50 Column_51 Column_52 Column_53 Column_54 Column_55 Column_56 Column_57 Column_58 Column_59 Column_60 Column_61 Column_62 Column_63 Column_64 Column_65 Column_66 Column_67 Column_68 Column_69 Column_70 Column_71 Column_72 Column_73 Column_74 Column_75 Column_76 Column_77 Column_78 Column_79 Column_80 Column_81 Column_82 Column_83 Column_84 Column_85 Column_86 Column_87 Column_88 Column_89 Column_90 Column_91 Column_92 Column_93 Column_94 Column_95 Column_96 Column_97 Column_98 Column_99 Column_100 Column_101 Column_102 Column_103 Column_104 Column_105 Column_106 Column_107 Column_108 Column_109 Column_110 Column_111 Column_112 Column_113 Column_114 Column_115 Column_116 Column_117 Column_118 Column_119 Column_120 Column_121 Column_122 Column_123 Column_124 Column_125 Column_126 Column_127 Column_128 Column_129 Column_130 Column_131 Column_132 Column_133 Column_134 Column_135 Column_136 Column_137 Column_138 Column_139 Column_140 Column_141 Column_142 Column_143 Column_144 Column_145 Column_146
feature_infos=[-19376:17055.5] [-18577:21487.5] [-20293.5:14140.5] [-19239:14809] [-21341.234375:17087.904296875] [231.24867248535156:4343.349609375] [-19210.2421875:15723.0419921875] [-19239:14665] [-18908.5:20901.5] [-20021:13848] [-19448:15255] [-21216.880859375:17130] [231.24867248535156:4343.349609375] [-18816.765625:15680.4931640625] [-19448:15095] [-18964:21484.5] [-21256:12894] [-19140:14962.5] [-21087.67578125:17123.240234375] [231.24867248535156:4343.349609375] [-18581.60546875:15507.4482421875] [-19186:14802.5] [-18723:19938.5] [-19918:13353] [-19262.5:14313.5] [-20957.92578125:17132.8203125] [231.24867248535156:4343.349609375] [-18295.77734375:15356.0439453125] [-19262.5:14269] [-18778.5:20555.5] [-21070.5:13562] [-18954.5:14759.5] [-20820.57421875:17149.8359375] [231.24867248535156:4343.349609375] [-18276.650390625:15301.8125] [-19000.5:14715] [-17955:19147] [-19732.5:14008] [-18095.5:14467] [-20679.91015625:17160.744140625] [231.24867248535156:4343.349609375] [-18191.63671875:15210.9658203125] [-18109.5:14422.5] [-16513:19073.5] [-18452.5:13715.5] [-18340.5:14010] [-20527.724609375:17151.794921875] [231.24867248535156:4343.349609375] [-18091.150390625:14936.7421875] [-18358:14095] [-16661:18768] [-18400:12761.5] [-17156:13056] [-20359.4609375:17117.91015625] [231.24867248535156:4343.349609375] [-18006.13671875:14644.2421875] [-17141:13141] [-14312:17719] [-17420.5:10948] [-14807:11606] [-20182.89453125:17066.30078125] [231.24867248535156:4343.349609375] [-17429.033203125:14208.810546875] [-14792:11605] [-12533:19341] [-15846.5:9964.5] [-15395.5:11940.5] [-20010.8359375:17010.759765625] [231.24867248535156:4343.349609375] [-17244.16796875:13910.9638671875] [-15369.5:11939.5] [-12694.5:17738] [-16343.5:9010.5] [-14220.5:12113.5] [-19838.970703125:16927.720703125] [231.24867248535156:4343.349609375] [-16937.7421875:13555.0126953125] [-14156.5:12088] [-11423.5:17790.5] [-14497:9045] [-13350.5:12559.5] [-19659.904296875:16868.970703125] [231.24867248535156:4343.349609375] [-16544.265625:13351.8662109375] [-13299.5:12534] [-12509:16434] [-15858.5:9087.5] [-13957.5:12267] [-19470.5:16766.6796875] [231.24867248535156:4343.349609375] [-16309.10546875:13059.3662109375] [-13971:12241.5] [-11221.5:17689] [-14370:7795.5] [-13165:11313] [-19227.544921875:16625.23046875] [231.24867248535156:4343.349609375] [-16023.2783203125:12589.96875] [-13114:11287.5] [-11472:20011] [-13865:6692] [-12621:7477] [-18994.990234375:16486.689453125] [231.24867248535156:4343.349609375] [-15713.9794921875:11866.1533203125] [-12733:7476] [-9123:18923] [-12946:6441] [-10272:8059] [-18723.5390625:16361.8095703125] [231.24867248535156:4343.349609375] [-15101.390625:11212.00390625] [-10384:8148.5] [-9182.5:18290.5] [-11028:5839] [-9704.5:6891] [-18453.890625:16228.1904296875] [231.24867248535156:4343.349609375] [-14601.9462890625:10683.23046875] [-9581.5:6846] [-9301:17813] [-11715:5102.5] [-10849:7596.5] [-18200.55078125:16104.96484375] [231.24867248535156:4343.349609375] [-14155.451171875:10168.80078125] [-10726:7571] [-8052:15855.5] [-11010.5:4991.5] [-9338:7639] [-17963.685546875:15937.6103515625] [231.24867248535156:4343.349609375] [-13250.1826171875:9681.455078125] [-9535:7613.5] [-6333:16360] [-11118:4229] [-8546.5:4512] [-17689.669921875:15760.650390625] [231.24867248535156:4343.349609375] [-12259.166015625:8888.0498046875] [-8679.5:4437] [0:17026.5] [-9060.5:0] none [-17410.345703125:15558.2802734375] [231.24867248535156:4343.349609375] [-11144.6962890625:8080.04541015625]
tree_sizes=2803 2813 2847 2808 2847 2819 2830 2841 2847 2843 2822 2866 2846 2853 2857 2859

Tree=0
num_leaves=31
num_cat=0
split_feature=140 128 54 40 138 75 36 64 3 127 124 11 4 145 46 28 46 59 135 140 117 138 106 116 136 6 20 45 65 112
split_gain=4.96816e+07 3.70459e+07 3.51373e+07 3.29989e+07 5.32027e+07 4.48098e+07 7.8592e+07 3.39898e+07 3.84976e+07 3.45693e+07 3.0011e+07 3.6422e+07 2.6631e+07 2.53539e+07 2.53247e+07 2.5967e+07 2.17492e+07 2.13216e+07 1.99199e+07 3.02192e+07 2.16454e+07 1.97415e+07 2.5496e+07 2.15395e+07 1.79047e+07 1.72318e+07 1.48671e+07 3.66711e+07 1.37905e+07 1.32754e+07
threshold=-2261.9999999999995 -4257.7499999999991 2280.3024902343755 2076.5380859375005 2472.5063476562505 2883.3869628906255 7700.5000000000009 6905.7500000000009 5392.0000000000009 1312.7500000000002 2076.5380859375005 -5216.6948242187491 -4508.5175781249991 2076.5380859375005 -3566.230102539062 -182.74999999999997 1765.5000000000002 1841.2500000000002 -2170.2499999999995 -1012.9999999999999 2281.4279785156255 1667.0932617187502 2466.5000000000005 272.62500000000006 -461.24999999999994 -5280.5356445312491 -6115.2333984374991 -1713.7499999999998 -1286.7499999999998 990.25000000000011
decision_type=2 2 2 2 2 2 2 2 2 2 2 2 2 2 2 2 2 2 2 2 2 2 2 2 2 2 2 2 2 2
left_child=2 12 -1 4 10 7 17 8 9 18 13 -12 -2 21 15 25 -16 -7 20 -20 -5 -3 24 -24 -23 -11 -21 -28 -29 -26
right_child=1 3 -4 5 -6 6 -8 -9 -10 14 11 -13 -14 -15 16 -17 -18 -19 19 26 -22 22 23 -25 29 -27 27 28 -30 -31
leaf_value=-20.235072763715976 -66.214067475726821 -0.84377645886790775 -92.930929493009231 69.504792909329694 76.755434178033482 -89.259338301150549 52.142745315839761 -34.89730033054515 90.683161346723551 20.917805457266937 -70.657866735506957 4.9281620905895176 4.2823291214689476 50.425036721239408 95.765661639637813 -15.148853186057865 32.871217767650244 -25.225683566428998 -55.159337542038557 39.277268988024538 0.90805379755376214 -53.177815656747157 46.769662887861244 -13.307986188445895 -7.2901512039764373 79.096911680509564 -48.586837082892743 47.072662239362714 2.0222663258967435 -52.515587928483967
leaf_weight=68 37 21470 22 23 22 26 24 27 20 35 34 30 21 24 28 31 27 26 23 28 23 46 25 37 86 20 30 25 53 20
leaf_count=68 37 21470 22 23 22 26 24 27 20 35 34 30 21 24 28 31 27 26 23 28 23 46 25 37 86 20 30 25 53 20
internal_value=-0.930882 -0.781395 -38.0052 -0.677426 -0.959814 12.4449 -22.6998 19.2413 23.2351 19.3364 -1.03834 -35.2269 -40.6895 -0.937547 38.393 21.4471 64.8902 -57.2425 6.2292 -2.15415 35.2064 -0.994396 -16.1056 10.9169 -27.1279 42.0738 6.80996 -1.60749 16.4615 -15.8233
internal_weight=22411 22321 90 22263 21794 469 76 393 366 346 21772 64 58 21708 141 86 55 52 205 159 46 21684 214 62 152 55 136 108 78 106
internal_count=22411 22321 90 22263 21794 469 76 393 366 346 21772 64 58 21708 141 86 55 52 205 159 46 21684 214 62 152 55 136 108 78 106
is_linear=0
shrinkage=1


Tree=1
num_leaves=31
num_cat=0
split_feature=140 128 54 40 138 75 36 127 86 144 108 141 124 11 115 82 134 66 4 145 103 59 85 138 106 41 136 135 120 1
split_gain=4.48377e+07 3.34339e+07 3.17114e+07 2.97815e+07 4.80154e+07 4.04408e+07 7.09293e+07 3.09993e+07 4.10136e+07 2.79309e+07 3.20261e+07 3.84121e+07 2.70849e+07 3.28708e+07 2.53323e+07 2.59734e+07 2.67576e+07 3.69321e+07 2.40344e+07 2.28819e+07 2.00125e+07 1.92428e+07 1.80618e+07 1.78167e+07 2.30101e+07 1.95418e+07 1.6159e+07 1.53513e+07 1.31124e+07 1.29707e+07
threshold=-2261.9999999999995 -4257.7499999999991 2280.3024902343755 2076.5380859375005 2472.5063476562505 2883.3869628906255 7700.5000000000009 4092.5000000000005 2784.2500000000005 -8548.5898437499982 -2842.7499999999995 649.25000000000011 2076.5380859375005 -5216.6948242187491 -789.74999999999989 2077.6770019531255 1574.2500000000002 400.75000000000006 -4508.5175781249991 2076.5380859375005 2280.3024902343755 1841.2500000000002 1759.2500000000002 1667.0932617187502 2466.5000000000005 1489.3319091796877 -461.24999999999994 194.25000000000003 -2011.4999999999998 1406.2500000000002
decision_type=2 2 2 2 2 2 2 2 2 2 2 2 2 2 2 2 2 2 2 2 2 2 2 2 2 2 2 2 2 2
left_child=2 18 28 4 12 7 21 8 9 20 -11 22 19 -14 -13 -16 17 -17 -2 23 -5 -7 29 -3 26 -26 -25 -18 -1 -12
right_child=1 3 -4 5 -6 6 -8 -9 -10 10 11 14 13 -15 15 16 27 -19 -20 -21 -22 -23 -24 24 25 -27 -28 -29 -30 -31
leaf_value=-1.5975484892379406 -62.019025789724815 0.082749703994838941 -87.400043665279043 29.579449289495297 73.802001398259947 -83.91203507643479 50.419946638743085 79.807754974365238 -51.968022882370725 78.548648094247895 -39.966445658547542 2.4886199042910624 -66.240636219697848 5.5660905965169274 2.0672147369384768 133.30310632532294 -0.76711010456085216 46.030751178882745 4.9525511968703499 48.78812375863393 -28.826260601390494 -23.080061681453998 25.908893377130681 -49.634587903644729 43.215507422553173 -13.399599955422538 -14.147752636277453 56.587693548202516 -47.134246017456057 6.158105853751854
leaf_weight=43 37 21470 22 22 22 26 24 20 21 27 35 42 34 30 25 22 20 27 21 24 44 26 33 46 27 35 106 28 25 27
leaf_count=43 37 21470 22 22 22 26 24 20 21 27 35 42 34 30 25 22 20 27 21 24 44 26 33 46 27 35 106 28 25 27
internal_value=-3.67719e-07 0.142012 -35.2206 0.240783 -0.0274857 12.707 -20.6805 19.1636 15.9119 19.9615 26.7275 21.3253 -0.102088 -32.5812 35.9806 47.5106 59.2228 85.2143 -37.7707 -0.00633264 -9.35769 -53.496 -3.97435 -0.0603387 -14.416 11.2554 -24.8872 32.6899 -18.339 -19.8799
internal_weight=22411 22321 90 22263 21794 469 76 393 373 352 286 259 21772 64 164 122 97 49 58 21708 66 52 95 21684 214 62 152 48 68 62
internal_count=22411 22321 90 22263 21794 469 76 393 373 352 286 259 21772 64 164 122 97 49 58 21708 66 52 95 21684 214 62 152 48 68 62
is_linear=0
shrinkage=0.05


Tree=2
num_leaves=31
num_cat=0
split_feature=121 12 96 127 78 75 12 141 135 114 145 128 136 136 124 106 72 79 134 26 16 80 145 121 104 110 53 131 51 51
split_gain=4.18666e+07 3.80761e+07 3.47419e+07 2.62716e+07 4.64707e+07 2.22506e+07 3.09494e+07 3.93871e+07 2.26748e+07 2.02409e+07 2.51709e+07 1.46396e+07 2.11112e+07 1.35995e+07 4.50243e+07 1.75611e+07 1.72872e+07 2.1402e+07 1.64595e+07 2.19212e+07 3.04644e+07 1.61038e+07 1.58587e+07 1.5727e+07 1.44807e+07 1.41135e+07 1.31045e+07 1.58623e+07 1.34633e+07 1.23865e+07
threshold=-3879.2499999999995 2472.5063476562505 2280.3024902343755 2529.0000000000005 -1692.7499999999998 2883.3869628906255 2368.7424316406255 417.75000000000006 -1407.7499999999998 -865.74999999999989 1971.2244262695315 726.75000000000011 2186.7500000000005 -534.49999999999989 1486.5613403320315 -2440.2499999999995 160.25000000000003 1672.2500000000002 2975.7500000000005 2169.7580566406255 -1636.7499999999998 -2599.2499999999995 1439.9837036132815 -2688.7499999999995 5287.2717285156259 2169.7580566406255 -337.59249877929682 1187.8466796875002 -4997.7499999999991 -3065.9999999999995
decision_type=2 2 2 2 2 2 2 2 2 2 2 2 2 2 2 2 2 2 2 2 2 2 2 2 2 2 2 2 2 2
left_child=1 2 26 5 -5 6 13 -8 -9 -6 -11 -12 -13 14 22 -15 21 -18 19 24 -21 -16 -2 -23 -17 -25 27 -1 -29 -10
right_child=3 -3 -4 4 9 -7 7 8 29 10 11 12 -14 15 16 18 17 -19 -20 20 -22 23 -24 25 -26 -27 -28 28 -30 -31
leaf_value=-3.7978329928716024 -2.0542530417141331 -87.382987667265397 34.790157903943744 78.982649429321299 -31.558121189577829 -38.263955362219562 -17.454741106535259 83.773967468261731 -1.7267028725665547 2.0411919853805958 54.801791656308062 -0.7190480681026683 55.369971527099608 20.588723820560386 -41.615877164140045 0.071448463194490719 -77.099589107882593 -11.725068637302945 -43.041549908031122 3.0837304994171744 67.267760803781712 32.913048324584963 34.013347693412534 -5.2898603971690354 36.054592728614807 -50.975204159996728 5.8507364196777347 -66.032973926823317 -23.12755249485825 44.762697917536684
leaf_weight=30 1807 21 28 25 29 38 38 25 23 221 41 51 25 106 49 19389 31 21 22 51 29 20 31 73 28 22 25 41 33 38
leaf_count=30 1807 21 28 25 29 38 38 25 23 221 41 51 25 106 49 19389 31 21 22 51 29 20 31 73 28 22 25 41 33 38
internal_value=-5.50457e-08 -24.1525 -15.6949 0.193368 13.0228 -0.0368935 0.0297317 24.9382 43.67 8.52962 11.9691 30.7218 17.7313 -0.11274 -3.98367 0.292401 -25.578 -50.6983 0.18218 0.230952 26.3504 -17.613 -1.44593 -7.38568 0.123337 -15.8696 -26.6529 -34.4663 -46.8995 27.2339
internal_weight=22411 178 157 22233 392 21841 21803 124 86 367 338 117 76 21679 2054 19625 216 52 19519 19497 80 164 1838 115 19417 95 129 104 74 61
internal_count=22411 178 157 22233 392 21841 21803 124 86 367 338 117 76 21679 2054 19625 216 52 19519 19497 80 164 1838 115 19417 95 129 104 74 61
is_linear=0
shrinkage=0.05


Tree=3
num_leaves=31
num_cat=0
split_feature=140 128 54 40 138 68 56 64 7 141 45 138 27 125 137 4 120 38 133 97 124 40 92 130 3 51 103 124 79 52
split_gain=3.83861e+07 2.80038e+07 2.79786e+07 2.48777e+07 4.27721e+07 3.45687e+07 6.64153e+07 2.87618e+07 3.11808e+07 2.74501e+07 2.55979e+07 2.41144e+07 2.29781e+07 2.20302e+07 2.847e+07 2.08241e+07 2.06108e+07 2.98273e+07 2.54496e+07 1.54861e+07 1.74908e+07 3.2755e+07 2.95067e+07 1.95213e+07 1.56812e+07 2.01059e+07 1.52656e+07 1.56856e+07 1.29311e+07 1.28322e+07
threshold=-2261.9999999999995 -4257.7499999999991 2280.3024902343755 2076.5380859375005 2472.5063476562505 2883.3869628906255 4631.7500000000009 6905.7500000000009 5012.7500000000009 649.25000000000011 -3836.9999999999995 2368.7424316406255 3065.0173339843755 -1566.1279296874998 -5009.3374023437491 -4508.5175781249991 1692.2500000000002 -1729.4999999999998 1098.2500000000002 5461.4133300781259 1749.311706542969 1971.2244262695315 1072.7500000000002 -2886.234985351562 957.25000000000011 3028.2500000000005 2368.7424316406255 2169.7580566406255 -3339.7499999999995 -5073.2499999999991
decision_type=2 2 2 2 2 2 2 2 2 2 2 2 2 2 2 2 2 2 2 2 2 2 2 2 2 2 2 2 2 2
left_child=2 15 29 4 11 7 12 8 9 10 -5 19 -7 -12 -15 -2 18 -18 26 20 -3 22 -22 -23 -24 -26 27 -11 -28 -1
right_child=1 3 -4 5 -6 6 -8 -9 -10 16 13 -13 -14 14 -16 -17 17 -19 -20 -21 21 23 24 -25 25 -27 28 -29 -30 -31
leaf_value=9.2293151531900683 -57.137080244115886 0.030373117081276615 -81.600596380233767 -51.115107091267902 69.658445582064715 -91.592870934804296 36.054016542434695 -32.164831882052958 80.462868318103617 14.046804130368116 46.470408972378436 -52.414917408336294 -19.975486610049295 -46.087638261583123 17.408016416138292 5.2014670962379093 83.230205165318083 22.533975595235827 68.364909324646007 28.939420036647633 -59.683637203054232 -14.993715331667946 11.560402683984666 49.82145455433772 -60.607161830021795 1.5742125877967248 60.430123630762104 -32.663791202753785 3.5725962257385255 -34.903862577676776
leaf_weight=28 37 21516 22 21 22 24 32 27 21 41 29 22 21 27 51 21 35 48 20 46 47 21 42 26 26 26 20 32 20 40
leaf_count=28 37 21516 22 21 22 24 32 27 21 41 29 22 21 27 51 21 35 48 20 46 47 21 42 26 26 26 20 32 20 40
internal_value=-1.37868e-08 0.131399 -32.5883 0.221793 -0.0233955 11.6155 -19.0128 17.6318 21.3154 17.7046 -0.643225 -0.0938071 -58.1714 9.26247 -4.57125 -34.5662 28.5774 48.1288 16.3762 -0.0408846 -0.102306 -15.287 -27.3365 20.8615 -11.163 -29.5165 7.17462 -6.42907 32.0014 -16.7314
internal_weight=22411 22321 90 22263 21794 469 77 392 365 344 128 21772 45 107 78 58 216 83 133 21750 21704 188 141 47 94 52 113 73 40 68
internal_count=22411 22321 90 22263 21794 469 77 392 365 344 128 21772 45 107 78 58 216 83 133 21750 21704 188 141 47 94 52 113 73 40 68
is_linear=0
shrinkage=0.05


Tree=4
num_leaves=31
num_cat=0
split_feature=121 12 96 127 78 75 12 141 114 51 114 145 114 112 63 136 124 115 102 87 128 93 108 96 108 80 145 131 138 104
split_gain=3.52222e+07 3.26564e+07 3.05225e+07 2.27938e+07 4.05879e+07 1.89173e+07 2.61787e+07 3.37409e+07 2.12969e+07 2.20208e+07 1.74298e+07 2.19674e+07 1.29799e+07 2.05332e+07 1.60898e+07 1.18644e+07 3.90131e+07 1.67027e+07 1.6285e+07 1.60099e+07 2.49564e+07 1.95526e+07 1.79141e+07 1.45326e+07 2.25624e+07 2.19748e+07 1.43279e+07 1.26107e+07 1.18234e+07 2.24771e+07
threshold=-3879.2499999999995 2472.5063476562505 2280.3024902343755 2529.0000000000005 -1746.2499999999998 2883.3869628906255 2368.7424316406255 417.75000000000006 -2362.2499999999995 -3065.9999999999995 -865.74999999999989 2076.5380859375005 2982.2500000000005 1454.5000000000002 2160.2500000000005 -534.49999999999989 1486.5613403320315 -1610.9999999999998 -6781.4101562499991 424.25000000000006 -1667.2499999999998 -2290.7499999999995 -1915.9999999999998 2169.7580566406255 837.75000000000011 -231.74999999999997 1439.9837036132815 1139.3905029296877 1863.8374633789065 5287.2717285156259
decision_type=2 2 2 2 2 2 2 2 2 2 2 2 2 2 2 2 2 2 2 2 2 2 2 2 2 2 2 2 2 2
left_child=1 2 -1 5 -5 6 15 -8 -9 -10 -6 -12 13 -13 -15 16 26 18 27 21 -21 22 -18 28 25 -25 -2 -17 29 -19
right_child=3 -3 -4 4 10 -7 7 8 9 -11 11 12 -14 14 -16 17 19 23 -20 20 -22 -23 -24 24 -26 -27 -28 -29 -30 -31
leaf_value=-24.591675508484361 -1.9382447194644083 -80.71094085148404 32.999470455305918 75.127950859069827 -29.185584232724946 -35.284757443478235 -16.304172194631477 81.449905611121153 -18.10859595298767 45.396304596302123 2.9099704287507957 60.405070842396128 60.413925382826065 -29.696909852461381 26.598704649607342 11.949338551362356 -4.7572063109453984 -0.030970138833418866 12.324749899380057 -76.819585689421629 -18.517952879799736 5.9918402910232551 -54.121611147522927 30.87638920545578 53.79825440645218 -40.087598209381106 32.344329587874874 -35.388477948132689 -18.552173315092574 49.42742924897567
leaf_weight=129 1807 21 28 24 29 38 38 23 20 43 238 22 27 22 30 24 34 18925 457 31 45 66 40 24 32 20 31 34 86 23
leaf_count=129 1807 21 28 24 29 38 38 23 20 43 238 22 27 22 30 24 34 18925 457 31 45 66 40 24 32 20 31 34 86 23
internal_value=-2.40013e-07 -22.1532 -14.3206 0.177361 12.1275 -0.0371189 0.0243135 22.9327 40.27 25.236 8.01877 11.2014 30.7398 19.9127 2.78133 -0.106719 -3.7223 0.271697 9.15726 -23.8234 -42.2989 -13.7939 -31.4407 0.0322376 21.853 -1.37997 -1.36003 -15.8004 -0.0548895 0.0290649
internal_weight=22411 178 157 22233 392 21841 21803 124 86 63 368 339 101 74 52 21679 2054 19625 515 216 76 140 74 19110 76 44 1838 58 19034 18948
internal_count=22411 178 157 22233 392 21841 21803 124 86 63 368 339 101 74 52 21679 2054 19625 515 216 76 140 74 19110 76 44 1838 58 19034 18948
is_linear=0
shrinkage=0.05


Tree=5
num_leaves=31
num_cat=0
split_feature=140 133 13 97 102 128 12 108 141 129 86 43 50 142 94 38 33 138 122 85 135 141 145 134 79 127 6 140 142 6
split_gain=3.29494e+07 2.61094e+07 2.36859e+07 5.18057e+07 2.96018e+07 2.7192e+07 2.78505e+07 3.30174e+07 2.90345e+07 2.21845e+07 2.392e+07 1.87488e+07 1.94789e+07 2.39855e+07 2.25443e+07 1.75138e+07 1.7457e+07 1.69134e+07 1.61896e+07 1.60112e+07 1.59917e+07 1.37754e+07 1.36169e+07 2.6586e+07 2.20557e+07 1.81033e+07 1.82876e+07 1.28696e+07 1.44692e+07 1.09487e+07
threshold=-2261.9999999999995 -2439.9999999999995 -9457.1303710937482 -6571.1254882812491 -10788.035156249998 -4257.7499999999991 2076.5380859375005 -2842.7499999999995 649.25000000000011 1333.2500000000002 1391.7500000000002 -2343.7499999999995 -122.24999999999999 -767.74999999999989 2596.2500000000005 -5411.9999999999991 2280.3024902343755 2472.5063476562505 -165.74999999999997 1841.5000000000002 -3708.4999999999995 315.75000000000006 1749.311706542969 4.7500000000000009 -216.24999999999997 856.75000000000011 -1024.0510253906248 -957.74999999999989 -1361.7499999999998 7594.3620605468759
decision_type=2 2 2 2 2 2 2 2 2 2 2 2 2 2 2 2 2 2 2 2 2 2 2 2 2 2 2 2 2 2
left_child=1 15 4 -4 -2 -5 17 -8 16 11 19 -10 13 -13 18 -1 21 22 -14 -11 -17 -9 29 -24 25 -25 -27 -18 -29 -7
right_child=2 -3 3 5 -6 6 7 8 9 10 -12 12 14 -15 -16 20 27 -19 -20 -21 -22 -23 23 24 -26 26 -28 28 -30 -31
leaf_value=23.738511068170723 -63.362821116591945 -70.266621149437768 80.650028572082533 -42.117776910882249 0.98088806347969248 0.0093880363959984517 60.92298893206047 41.632037386686903 47.63831642499337 38.420748073714122 8.9107065836588557 -65.016735759235573 58.252211597987582 10.553346550464632 -21.418075284090911 -63.417155246734616 -53.353450599083537 45.925887031555177 10.030124932268393 96.995246748924259 -0.18805875539779665 -11.025572882758247 -52.480617065429698 10.309055884679159 10.071665906906128 -18.302940562463576 -79.627883300781264 22.079025831676667 -30.144866179095374 31.869107295848707
leaf_weight=22 33 28 20 38 39 21505 33 23 26 28 36 21 28 21 33 20 26 20 46 20 20 27 35 24 104 31 20 21 36 27
leaf_count=22 33 28 20 38 39 21505 33 23 26 28 36 21 28 21 33 20 26 20 46 20 20 27 35 24 104 31 20 21 36 27
internal_value=2.19673e-07 -30.1925 0.121739 0.214394 -28.51 0.142024 0.21439 12.8907 8.84716 18.5984 39.7199 8.46009 1.62362 -27.2317 12.95 -12.0945 -10.1421 -0.0331263 28.2763 62.8268 -31.8026 13.1969 -0.0753952 -12.6257 -4.83284 -25.5004 -42.3519 -24.2018 -10.9045 0.0493385
internal_weight=22411 90 22321 22249 72 22229 22191 425 392 259 84 175 149 42 107 62 133 21766 74 48 40 50 21746 214 179 75 51 83 57 21532
internal_count=22411 90 22321 22249 72 22229 22191 425 392 259 84 175 149 42 107 62 133 21766 74 48 40 50 21746 214 179 75 51 83 57 21532
is_linear=0
shrinkage=0.05


Tree=6
num_leaves=31
num_cat=0
split_feature=121 12 96 121 117 114 40 110 15 68 23 12 4 75 105 112 75 136 103 128 19 115 78 53 131 51 37 134 20 108
split_gain=3.01921e+07 2.87255e+07 2.70101e+07 1.97337e+07 1.93097e+07 1.7767e+07 2.89222e+07 2.38225e+07 1.65573e+07 1.43195e+07 4.86712e+07 1.63053e+07 2.3982e+07 1.95589e+07 1.67551e+07 1.34848e+07 1.38924e+07 1.13608e+07 3.65006e+07 2.08339e+07 1.66727e+07 1.4859e+07 1.36071e+07 1.12822e+07 1.41077e+07 1.20313e+07 1.1067e+07 1.05803e+07 1.13942e+07 1.01861e+07
threshold=-3879.2499999999995 2472.5063476562505 2280.3024902343755 1862.2500000000002 1170.5101318359377 -3681.9999999999995 2076.5380859375005 1394.453308105469 2036.7500000000002 2883.3869628906255 3025.7500000000005 2368.7424316406255 -9583.9848632812482 2280.3024902343755 -496.74999999999994 4006.0000000000005 1526.9197998046877 -534.49999999999989 1863.8374633789065 -1383.2499999999998 1971.2244262695315 -1610.9999999999998 -4262.2499999999991 -337.59249877929682 1187.8466796875002 -4997.7499999999991 -3226.2499999999995 -219.24999999999997 -3876.646362304687 -2155.9999999999995
decision_type=2 2 2 2 2 2 2 2 2 2 2 2 2 2 2 2 2 2 2 2 2 2 2 2 2 2 2 2 2 2
left_child=1 2 23 5 -5 6 7 -2 -6 11 -11 17 26 -14 -15 16 -10 18 -7 20 -20 27 -23 24 -1 -26 -13 29 -29 -19
right_child=3 -3 -4 4 8 9 -8 -9 15 10 -12 12 13 14 -16 -17 -18 21 19 -21 -22 22 -24 -25 25 -27 -28 28 -30 -31
leaf_value=-1.1536644554138185 19.627806060544909 -75.43092464038304 31.349859319414414 0.57124252685411714 56.351396096719284 -2.174498792606792 59.990757656097415 -41.988759467715312 27.593921705392688 -64.088585455277382 25.83006374217846 11.468942222595215 2.1225595583234518 14.115055538359144 70.312932184007437 43.085272585550946 -23.16236210891179 -38.929662318456742 -87.654857769012452 -1.3651215160594268 -32.97205108145009 41.2327564239502 -0.03061002373809675 7.3327183532714848 -59.888877235970853 -19.329381815592448 -41.130887527465823 -2.0186497696808408 16.580472779829787 4.6693591684908489
leaf_weight=30 62 21 28 127 37 1912 32 21 26 34 27 20 35 21 36 30 28 21 20 34 46 20 19164 25 41 33 20 112 311 37
leaf_count=30 62 21 28 127 37 1912 32 21 26 34 27 20 35 21 36 30 28 21 20 34 46 20 19164 25 41 33 20 112 311 37
internal_value=-6.35316e-11 -20.5104 -13.1644 0.164209 14.1895 0.00599752 19.6075 4.03807 28.4831 -0.097074 -24.2885 -0.0294103 17.4904 31.5432 49.6085 16.2078 1.27585 -0.136095 -3.71465 -33.1623 -49.5426 0.230039 0.0124085 -22.8264 -30.0762 -41.8015 -14.831 8.90994 11.6559 -11.1165
internal_weight=22411 178 157 22233 248 21985 115 83 121 21870 61 21809 132 92 57 84 54 21677 2012 100 66 19665 19184 129 104 74 40 481 423 58
internal_count=22411 178 157 22233 248 21985 115 83 121 21870 61 21809 132 92 57 84 54 21677 2012 100 66 19665 19184 129 104 74 40 481 423 58
is_linear=0
shrinkage=0.05


Tree=7
num_leaves=31
num_cat=0
split_feature=61 139 145 23 128 131 4 134 93 88 19 108 145 64 70 107 142 92 5 4 69 122 6 105 126 65 41 44 57 115
split_gain=2.84848e+07 8.48526e+07 4.77064e+07 2.41475e+07 2.11197e+07 2.27282e+07 2.43522e+07 1.6799e+07 1.96189e+07 2.26658e+07 1.99676e+07 3.6209e+07 2.94775e+07 2.47264e+07 2.09983e+07 2.55212e+07 2.09281e+07 1.94257e+07 1.77771e+07 1.7459e+07 2.22945e+07 1.77845e+07 1.56065e+07 1.35201e+07 1.33172e+07 1.31172e+07 1.30783e+07 1.78923e+07 1.25264e+07 1.16077e+07
threshold=2883.3869628906255 315.42689514160162 2883.3869628906255 3025.7500000000005 -4257.7499999999991 2474.0510253906255 -4603.7050781249991 3641.5000000000005 -5151.9999999999991 -7808.8225097656241 2076.5380859375005 -2842.7499999999995 1863.8374633789065 5124.2500000000009 3875.2500000000005 -61.249999999999993 -370.24999999999994 957.75000000000011 1563.7959594726565 -2931.180053710937 3173.6210937500005 -799.74999999999989 7594.3620605468759 -846.74999999999989 -1965.2499999999998 -7601.4999999999991 -3042.8093261718745 -2667.9999999999995 -2788.9999999999995 -1374.2499999999998
decision_type=2 2 2 2 2 2 2 2 2 2 2 2 2 2 2 2 2 2 2 2 2 2 2 2 2 2 2 2 2 2
left_child=2 -2 4 -3 25 7 -7 8 9 24 12 -12 22 19 15 16 17 23 -9 21 -21 -14 29 26 -6 -1 -13 -28 -27 -10
right_child=1 3 -4 -5 5 6 -8 18 10 -11 11 14 13 -15 -16 -17 -18 -19 -20 20 -22 -23 -24 -25 -26 28 27 -29 -30 -31
leaf_value=6.0033263639970258 -113.43071760697799 -35.27721450328827 70.568076610565186 25.916579397101152 -78.399763629550023 1.1480646441059728 66.099698116161207 -5.8243520355224616 4.5428086528387022 -3.1160755880062396 74.550406620719215 18.207207145009722 -57.830514869689949 26.470783055912364 -33.978354351608843 37.641116497251723 35.142998103606395 -35.785047979354857 56.370279513465043 -87.405833374023445 -16.580252265930177 -3.3870576675732931 35.507735449267976 29.005555534362795 -21.390809097290042 -62.037299373232088 -59.968857631683356 6.1112187748863587 -13.204002205530802 -0.29151192410954357
leaf_weight=22 22 28 24 38 21 31 27 20 1323 65 22 28 20 22 27 72 39 40 27 25 20 60 31 38 20 29 20 21 24 20205
leaf_count=22 22 28 24 38 21 31 27 20 1323 65 22 28 20 22 27 72 39 40 27 25 20 60 31 38 20 29 20 21 24 20205
internal_value=3.42259e-07 -28.391 0.111921 -0.0444241 0.0360905 0.125481 31.3842 0.0436887 -0.0197616 -21.4788 0.0835711 12.7459 -0.0955197 -22.4097 7.97506 12.3655 2.58143 -6.05735 29.9045 -31.0127 -55.9278 -16.9979 0.0566296 5.05581 -50.5905 -26.4521 -8.13391 -26.123 -39.9241 0.00558052
internal_weight=22411 88 22323 66 22299 22224 58 22166 22119 106 22013 307 21706 147 285 258 186 147 47 125 45 80 21559 107 41 75 69 41 53 21528
internal_count=22411 88 22323 66 22299 22224 58 22166 22119 106 22013 307 21706 147 285 258 186 147 47 125 45 80 21559 107 41 75 69 41 53 21528
is_linear=0
shrinkage=0.05


Tree=8
num_leaves=31
num_cat=0
split_feature=140 54 13 97 102 127 2 96 12 114 85 127 59 37 141 142 52 8 134 103 113 88 136 29 71 82 66 87 128 13
split_gain=2.61614e+07 2.25943e+07 1.91187e+07 4.5501e+07 2.45485e+07 2.22334e+07 4.79061e+07 2.11987e+07 1.27314e+07 1.76658e+07 2.50394e+07 1.96917e+07 1.20223e+07 1.16003e+07 1.10058e+07 1.05158e+07 1.04736e+07 1.34927e+07 9.9213e+06 2.33529e+07 1.94977e+07 1.5945e+07 1.55049e+07 1.514e+07 1.35565e+07 1.34133e+07 1.23564e+07 1.13062e+07 1.09843e+07 1.07111e+07
threshold=-2261.9999999999995 2280.3024902343755 -9457.1303710937482 -6571.1254882812491 -10788.035156249998 2529.0000000000005 -5719.7499999999991 2883.3869628906255 2368.7424316406255 -1878.2499999999998 -1173.2499999999998 494.75000000000006 6039.0000000000009 -2799.4999999999995 1799.5000000000002 -512.24999999999989 -5073.2499999999991 -2272.2499999999995 92.250000000000014 1563.7959594726565 -806.24999999999989 10094.080078125002 -703.24999999999989 -3876.4999999999995 1768.7500000000002 1971.4899902343752 -1349.7499999999998 -248.74999999999997 -2260.7499999999995 -6786.9162597656241
decision_type=2 2 2 2 2 2 2 2 2 2 2 2 2 2 2 2 2 2 2 2 2 2 2 2 2 2 2 2 2 2
left_child=1 16 4 -4 -2 7 -7 8 18 10 -10 -11 13 -8 -14 -13 -1 -18 19 -5 29 22 -22 -21 26 -26 -25 -28 -24 -20
right_child=2 -3 3 5 -6 6 12 -9 9 11 -12 15 14 -15 -16 -17 17 -19 20 23 21 -23 28 24 25 -27 27 -29 -30 -31
leaf_value=10.800264257192612 -57.354035302364473 -70.947766668146315 75.574145126342771 -1.3173677600586859 1.2408711580129772 80.528910100460052 33.769385204315192 -42.085148881276453 6.992121278356624 -32.757357542855395 78.851983963359487 -2.3093225676437905 7.0989238929748542 1.0656823958276858 59.553126411437987 41.052138902522898 -58.110852797031413 -0.031781916618347165 -27.533538007736208 -62.145511817932132 -19.338963997364047 32.100108262208792 32.693717413682201 -24.859862412346736 -66.471340333847778 -9.9589201700119752 37.776058292388917 -13.125755558013916 0.16539488052446619 9.5696896185680753
leaf_weight=28 33 22 20 6266 39 24 30 30 27 28 22 29 20 282 20 27 20 20 20 20 102 39 26 36 21 21 24 20 14386 709
leaf_count=28 33 22 20 6266 39 24 30 30 27 28 22 29 20 282 20 27 20 20 20 20 102 39 26 36 21 21 24 20 14386 709
internal_value=1.72174e-07 -26.9033 0.108476 0.19172 -25.6151 0.123897 12.1791 -0.0835232 -0.0257837 15.3967 39.2557 1.47895 7.51888 4.21027 33.326 18.5971 -12.6536 -29.0713 -0.120352 -1.77176 0.572109 0.172386 0.0865945 -21.8225 -15.2121 -38.2151 -3.13556 14.6389 0.224078 8.55177
internal_weight=22411 90 22321 22249 72 22229 376 21853 21823 133 49 84 352 312 40 56 68 40 21690 6408 15282 14553 14514 142 122 42 80 44 14412 729
internal_count=22411 90 22321 22249 72 22229 376 21853 21823 133 49 84 352 312 40 56 68 40 21690 6408 15282 14553 14514 142 122 42 80 44 14412 729
is_linear=0
shrinkage=0.05


Tree=9
num_leaves=31
num_cat=0
split_feature=121 82 96 141 68 19 142 88 137 28 101 39 5 58 122 80 142 118 75 69 108 4 134 142 124 145 100 84 119 64
split_gain=2.4779e+07 2.67718e+07 4.27962e+07 1.67971e+07 2.1167e+07 2.01975e+07 2.87276e+07 2.51386e+07 1.81712e+07 1.8687e+07 1.57841e+07 1.50082e+07 1.484e+07 1.73619e+07 1.45675e+07 1.69668e+07 1.98719e+07 1.81045e+07 1.26194e+07 1.19817e+07 1.12392e+07 1.11999e+07 1.07686e+07 2.5201e+07 1.60316e+07 1.20703e+07 1.0497e+07 1.01263e+07 1.18371e+07 1.32529e+07
threshold=-3879.2499999999995 2474.0510253906255 2280.3024902343755 808.25000000000011 2883.3869628906255 2280.3024902343755 -1521.7499999999998 -9514.8149414062482 -6044.9899902343741 -1846.2499999999998 -2745.4999999999995 -4099.8325195312491 894.45709228515636 -5656.7499999999991 -2260.7499999999995 -3389.7499999999995 -931.99999999999989 -3036.9995117187495 2883.3869628906255 4739.6474609375009 -1780.7499999999998 -11012.430175781248 -163.74999999999997 -1361.7499999999998 946.47137451171886 909.16427612304699 -2833.4999999999995 -2672.9999999999995 -1219.7499999999998 1711.2500000000002
decision_type=2 2 2 2 2 2 2 2 2 2 2 2 2 2 2 2 2 2 2 2 2 2 2 2 2 2 2 2 2 2
left_child=1 2 -1 4 10 14 -7 -8 -9 -10 22 -11 19 -14 -5 16 -16 -17 -13 -12 -18 -19 -2 -24 25 -25 -23 -15 29 -29
right_child=3 -3 -4 5 -6 6 7 8 9 11 12 18 13 27 15 17 20 21 -20 -21 -22 26 23 24 -26 -27 -28 28 -30 -31
leaf_value=-21.399688942988117 2.9424742827048669 -67.700494806965196 55.406718190511071 -34.29479056436282 -51.71447082519532 72.589319776452101 -34.340111525853473 59.669318603515627 -29.962112581162231 -15.295555276870727 0.15050096528600393 53.502523478301796 -41.248714307149257 -17.078530778615708 68.190240078880677 -32.155068531551876 33.936439697265627 38.630988623879176 9.4510118451611742 29.436707863807683 -13.474884399414064 -21.965685876210532 73.728530464172366 11.086346039266298 -8.0825208826065076 57.688197114070263 3.323396382643411 9.6609242584131945 -3.5630415925275778 -19.06394519702248
leaf_weight=133 169 24 21 26 20 23 24 25 21 20 16220 37 30 124 21 37 25 22 29 35 25 42 20 33 50 24 1783 316 2986 46
leaf_count=133 169 24 21 26 20 23 24 25 21 20 16220 37 30 124 21 37 25 22 29 35 25 42 20 33 50 24 1783 316 2986 46
internal_value=9.01398e-08 -18.5811 -10.9261 0.148762 -0.302064 4.33831 20.4228 12.7316 21.2901 12.323 -0.250787 22.6484 -0.422489 -3.37479 2.88494 3.3794 27.3737 2.47516 34.1466 0.21356 10.2308 3.16889 11.2098 22.2111 12.5817 30.7082 2.7414 -3.04754 -2.52788 6.0108
internal_weight=22411 178 154 22233 20073 2160 179 156 132 107 20053 86 19757 3502 1981 1955 71 1884 66 16255 50 1847 296 127 107 57 1825 3472 3348 362
internal_count=22411 178 154 22233 20073 2160 179 156 132 107 20053 86 19757 3502 1981 1955 71 1884 66 16255 50 1847 296 127 107 57 1825 3472 3348 362
is_linear=0
shrinkage=0.05


Tree=10
num_leaves=31
num_cat=0
split_feature=61 139 145 23 128 131 4 134 1 5 65 93 87 145 25 103 82 2 57 26 142 33 145 79 125 99 100 94 89 59
split_gain=2.3632e+07 7.24341e+07 4.35558e+07 2.07323e+07 1.74796e+07 1.91251e+07 2.04792e+07 1.39737e+07 1.77435e+07 1.53419e+07 1.14378e+07 1.13248e+07 1.71404e+07 2.48229e+07 1.6079e+07 1.15167e+07 1.9005e+07 1.66619e+07 1.11748e+07 1.06899e+07 2.04974e+07 1.93505e+07 1.65338e+07 1.78359e+07 3.27468e+07 2.32996e+07 2.15446e+07 2.19185e+07 1.6863e+07 1.41963e+07
threshold=2883.3869628906255 315.42689514160162 2883.3869628906255 3025.7500000000005 -4257.7499999999991 2474.0510253906255 -4603.7050781249991 3641.5000000000005 -8027.4999999999991 1563.7959594726565 -7601.4999999999991 -5151.9999999999991 -3157.2499999999995 1749.311706542969 -8511.1977539062482 1125.587829589844 952.35443115234386 -4010.4999999999995 -2788.9999999999995 2169.7580566406255 -407.24999999999994 2368.7424316406255 1749.311706542969 -216.24999999999997 802.42163085937511 5483.5000000000009 1608.2500000000002 1840.2500000000002 1971.2244262695315 -71.249999999999986
decision_type=2 2 2 2 2 2 2 2 2 2 2 2 2 2 2 2 2 2 2 2 2 2 2 2 2 2 2 2 2 2
left_child=2 -2 4 -3 10 7 -7 8 -6 -9 -1 14 13 15 -10 16 -13 -17 -12 22 -21 -22 -14 24 29 26 27 28 -25 -24
right_child=1 3 -4 -5 5 6 -8 9 11 -11 18 12 19 -15 -16 17 -18 -19 -20 20 21 -23 23 25 -26 -27 -28 -29 -30 -31
leaf_value=6.2385312513871627 -104.43050176447089 -32.3158447946821 67.42347536087037 24.38566366747806 -36.658141933787952 1.0572684995589718 60.620507247359662 -5.9215545654296875 -46.836578270696826 51.856358052183083 -57.534373658278895 7.2989871168048071 -0.035150751850103815 62.642451953887942 -2.2299520788521603 -30.910008174617118 47.207796355656221 15.369355340906091 -11.410780064264934 1.4648639266476309 59.775909276689802 3.4385531858161644 -31.403272208461058 -19.273001658474957 -85.921086578369142 -49.002214950606941 44.607061328887937 -50.409021739959719 34.008225646163474 9.1317488008075287
leaf_weight=22 22 28 24 38 33 31 27 20 31 27 29 202 21194 22 58 41 35 37 24 163 35 27 54 27 20 21 30 20 33 36
leaf_count=22 22 28 24 38 33 31 27 20 31 27 29 202 21194 22 58 41 35 37 24 163 35 27 54 27 20 21 30 20 33 36
internal_value=-3.48262e-08 -25.8598 0.101942 0.330478 0.0294854 0.110808 28.785 0.0357789 -0.0220903 27.27 -24.0681 0.0326497 0.104668 11.2942 -17.7671 7.70801 13.1927 -8.95698 -36.6482 -0.0694268 10.7723 35.2419 -0.183231 -13.2057 -28.0496 -0.741334 8.47211 -5.0785 10.0317 -15.1893
internal_weight=22411 88 22323 66 22299 22224 58 22166 22119 47 75 22086 21997 337 89 315 237 78 53 21660 225 62 21435 241 110 131 110 80 60 90
internal_count=22411 88 22323 66 22299 22224 58 22166 22119 47 75 22086 21997 337 89 315 237 78 53 21660 225 62 21435 241 110 131 110 80 60 90
is_linear=0
shrinkage=0.05


Tree=11
num_leaves=31
num_cat=0
split_feature=140 133 6 97 106 127 31 128 31 79 59 113 136 140 134 121 101 128 107 106 47 61 110 42 58 33 141 94 108 140
split_gain=2.15572e+07 2.12934e+07 1.59192e+07 3.89796e+07 2.1739e+07 1.887e+07 4.30925e+07 1.77605e+07 1.50396e+07 1.49686e+07 1.12291e+07 1.06776e+07 2.2688e+07 1.512e+07 1.62634e+07 1.24633e+07 1.60198e+07 1.31462e+07 1.45841e+07 1.11052e+07 1.10693e+07 1.66454e+07 1.08501e+07 1.44427e+07 1.04104e+07 9.81726e+06 3.01738e+07 3.17765e+07 1.73016e+07 2.60399e+07
threshold=-2261.9999999999995 -2439.9999999999995 -9629.6259765624982 -6571.1254882812491 1600.5000000000002 2529.0000000000005 -2756.7499999999995 -4257.7499999999991 -2403.7499999999995 -6965.2499999999991 6039.0000000000009 -619.24999999999989 -1785.9999999999998 -1769.2499999999998 -18.249999999999996 -2232.9999999999995 -971.74999999999989 -2556.4999999999995 -3236.4999999999995 -3050.9999999999995 2280.3024902343755 1971.2244262695315 904.59393310546886 -462.24999999999994 -860.74999999999989 2169.7580566406255 649.25000000000011 2596.2500000000005 -52.749999999999993 657.25000000000011
decision_type=2 2 2 2 2 2 2 2 2 2 2 2 2 2 2 2 2 2 2 2 2 2 2 2 2 2 2 2 2 2
left_child=1 8 4 -4 9 7 -7 -5 -1 -2 -8 13 -13 -9 22 16 -14 -17 -19 -16 21 -21 -15 -24 -25 -20 -27 28 -28 -30
right_child=2 -3 3 5 -6 6 10 11 -10 -11 -12 12 15 14 19 17 -18 18 25 20 -22 -23 23 24 -26 26 27 -29 29 -31
leaf_value=8.915898230529967 -72.46189857829701 -60.611383955819271 68.26292601085845 -34.233920242911893 18.044604272192174 63.235454365942218 2.3901816903073341 29.113958077960547 -43.763981747627263 -17.348668510573251 30.592917813360692 -50.066993431423022 -49.760536588471517 1.0944930104890795 33.761582507027519 33.940078708103727 -3.0485371723175052 -29.098316340012985 -0.38314065449647849 5.4117474875224181 -30.399850139163789 48.346879876178249 -16.040653438636891 26.47195107460022 -6.9256119830267764 -16.171453474335753 14.703244929159844 -25.59311998458136 100.84114170903746 26.39043191274007
leaf_weight=42 22 28 21 38 22 36 300 54 20 28 40 23 29 1016 36 28 50 44 18783 1219 21 23 234 40 56 59 31 21 23 24
leaf_count=42 22 28 21 38 22 36 300 54 20 28 40 23 29 1016 36 28 50 44 18783 1219 21 23 234 40 56 59 31 21 23 24
internal_value=1.02221e-07 -24.4215 0.0984693 0.174429 -23.3742 0.110102 11.2161 -0.0809945 -8.07761 -41.5985 5.70815 -0.0215001 -0.437176 2.92242 2.3877 -0.377387 -20.196 -0.29504 -0.345531 6.37869 5.59818 6.20684 -1.46394 -9.34082 6.99004 -0.278738 12.1326 29.0006 43.6989 62.8238
internal_weight=22411 90 22321 22249 72 22228 376 21852 62 50 340 21814 19115 2699 2645 19092 79 19013 18985 1299 1263 1242 1346 330 96 18941 158 99 78 47
internal_count=22411 90 22321 22249 72 22228 376 21852 62 50 340 21814 19115 2699 2645 19092 79 19013 18985 1299 1263 1242 1346 330 96 18941 158 99 78 47
is_linear=0
shrinkage=0.05


Tree=12
num_leaves=31
num_cat=0
split_feature=61 139 145 36 134 25 105 140 85 58 91 142 26 121 134 133 44 131 24 115 134 117 142 33 136 99 124 68 29 92
split_gain=2.15384e+07 6.35482e+07 3.887e+07 1.86255e+07 1.49437e+07 2.52074e+07 2.39722e+07 1.97641e+07 1.35412e+07 3.46753e+07 1.45236e+07 1.42886e+07 1.67865e+07 1.45903e+07 1.38281e+07 1.3246e+07 1.42466e+07 1.39842e+07 1.39526e+07 1.30277e+07 1.53891e+07 2.05743e+07 1.29961e+07 1.59803e+07 1.29408e+07 1.20731e+07 1.29811e+07 1.54863e+07 1.12778e+07 1.71266e+07
threshold=2883.3869628906255 315.42689514160162 2883.3869628906255 7700.5000000000009 932.25000000000011 -12343.965332031248 -3476.9999999999995 764.25000000000011 2227.0000000000005 -1314.2499999999998 1117.2500000000002 -767.74999999999989 2076.5380859375005 -2067.9999999999995 1428.2500000000002 -2094.4999999999995 253.25000000000003 2173.045288085938 -747.99999999999989 -1610.9999999999998 -81.749999999999986 1864.5585937500002 -1073.9999999999998 1125.587829589844 -1163.7499999999998 3117.2500000000005 1394.453308105469 1323.400329589844 2238.7500000000005 406.75000000000006
decision_type=2 2 2 2 2 2 2 2 2 2 2 2 2 2 2 2 2 2 2 2 2 2 2 2 2 2 2 2 2 2
left_child=2 -2 4 -3 5 24 7 -6 11 -10 -11 13 25 -8 -14 16 17 18 -7 20 22 -22 -17 -24 -1 26 -13 -28 29 -15
right_child=1 3 -4 -5 6 15 8 -9 9 10 -12 12 14 28 -16 19 -18 -19 -20 -21 21 -23 23 -25 -26 -27 27 -29 -30 -31
leaf_value=-9.1949723379952584 -98.281517271562052 -20.235085923331127 63.694518661499025 34.981077202161153 9.3591514905293778 -9.1726820498317867 -51.780693505027081 76.659045906066908 60.882061614990235 48.243148469924932 5.107764052795444 1.5900399984350262 59.460050864446728 3.8243277041117354 11.517607637621323 8.0207935041071039 -52.943197412490854 -48.217151222229006 35.218503291606901 -0.53339778283775141 9.9993664055046718 54.53155873162406 -3.5889228671009001 -42.29163661466972 -62.940331868330638 36.0763365705808 -54.954129433631898 -7.459407476157196 25.800456914447604 -35.798146507263191
leaf_weight=21 22 42 24 24 24 154 22 20 30 20 803 1704 21 60 53 227 20 20 20 18218 352 28 191 31 24 24 20 121 21 50
leaf_count=21 22 42 24 24 24 154 22 20 30 20 803 1704 21 60 53 227 20 20 20 18218 352 28 191 31 24 24 20 121 21 50
internal_value=5.15576e-09 -24.6877 0.0973221 -0.156481 0.0288736 -0.480766 3.31625 39.95 2.76966 8.08073 6.15601 0.60824 1.76669 -14.1034 25.1229 -0.393438 -12.7637 -8.62147 -4.07025 -0.254454 5.87558 13.2807 -0.391548 -8.99336 -37.8592 0.841942 0.383608 -14.1962 -7.77586 -14.1859
internal_weight=22411 88 22323 66 22299 19306 2993 44 2949 853 823 2096 1943 153 74 19261 214 194 174 19047 829 380 449 222 45 1869 1845 141 131 110
internal_count=22411 88 22323 66 22299 19306 2993 44 2949 853 823 2096 1943 153 74 19261 214 194 174 19047 829 380 449 222 45 1869 1845 141 131 110
is_linear=0
shrinkage=0.05


Tree=13
num_leaves=31
num_cat=0
split_feature=121 82 96 121 1 114 40 110 141 1 138 134 103 73 47 115 113 78 37 24 114 9 135 145 145 122 52 88 73 121
split_gain=1.98182e+07 2.39778e+07 3.63537e+07 1.39932e+07 1.49871e+07 1.37674e+07 2.27486e+07 1.98083e+07 9.27232e+06 1.14387e+07 1.07663e+07 9.13141e+06 2.67411e+07 2.37989e+07 1.88956e+07 1.82799e+07 1.66524e+07 2.13708e+07 2.33481e+07 1.62069e+07 1.43997e+07 1.32684e+07 1.04893e+07 1.71773e+07 1.35425e+07 1.0238e+07 9.14595e+06 8.85228e+06 1.15304e+07 9.48634e+06
threshold=-3879.2499999999995 2474.0510253906255 2280.3024902343755 1862.2500000000002 -1452.7499999999998 -3681.9999999999995 2076.5380859375005 1394.453308105469 341.25000000000006 -3451.7499999999995 1749.311706542969 92.250000000000014 1563.7959594726565 1542.0000000000002 2368.7424316406255 -987.99999999999989 -806.24999999999989 -4262.2499999999991 -6106.4999999999991 2817.2500000000005 -946.74999999999989 -2813.7499999999995 -1806.9999999999998 1354.744079589844 1354.744079589844 -146.24999999999997 -4646.2499999999991 10094.080078125002 2812.5000000000005 -2443.7499999999995
decision_type=2 2 2 2 2 2 2 2 2 2 2 2 2 2 2 2 2 2 2 2 2 2 2 2 2 2 2 2 2 2
left_child=1 2 8 5 -5 6 7 -2 9 -1 -10 12 22 14 15 21 -13 -18 25 -15 -17 -14 23 -7 -24 -19 -20 29 -29 -28
right_child=3 -3 -4 4 -6 11 -8 -9 10 -11 -12 16 13 19 -16 20 17 18 26 -21 -22 -23 24 -25 -26 -27 27 28 -30 -31
leaf_value=17.510243638356528 17.662134644293015 -63.103023854891461 51.763641793387279 51.3389440796592 8.1085341228913954 3.5712710291147234 53.069312836229805 -38.523798624674484 -13.512289923809945 -31.306320943832397 -49.848626910315623 8.1988139750035067 -25.122078646146335 -84.374696804228279 25.484521569876836 -66.362535402509906 48.372516955500068 -9.1209547900236583 26.962576258182526 -23.621003822658373 -14.723263030582004 24.481157398223878 -1.404999464678794 40.323740069071455 -31.350337803991216 -51.987999477386474 -28.942818885190146 49.426996335529147 0.027732149759928389 0.18824177392275487
leaf_weight=30 62 24 21 22 226 272 32 21 47 20 36 683 26 21 29 27 23 26 32 23 27 28 5867 36 38 30 28 21 27 14606
leaf_count=30 62 24 21 22 226 272 32 21 47 20 36 683 26 21 29 27 23 26 32 23 27 28 5867 36 38 30 28 21 27 14606
internal_value=5.0146e-08 -16.6173 -9.3728 0.13304 11.9435 -0.000186534 17.2545 3.44642 -19.0259 -2.01638 -29.2726 -0.0909178 -1.68041 -20.625 -10.3501 -19.9724 0.565789 0.213369 0.138375 -52.6171 -40.5429 0.598118 -1.12851 7.86701 -1.5977 -32.0854 0.261015 0.202818 21.6399 0.132504
internal_weight=22411 178 154 22233 248 21985 115 83 133 50 83 21870 6394 181 137 108 15476 14793 14770 44 54 54 6213 308 5905 56 14714 14682 48 14634
internal_count=22411 178 154 22233 248 21985 115 83 133 50 83 21870 6394 181 137 108 15476 14793 14770 44 54 54 6213 308 5905 56 14714 14682 48 14634
is_linear=0
shrinkage=0.05


Tree=14
num_leaves=31
num_cat=0
split_feature=61 139 145 102 45 128 131 4 12 124 1 52 73 57 57 1 134 138 113 61 117 106 100 110 63 128 92 96 82 142
split_gain=1.8751e+07 5.49177e+07 3.56757e+07 1.84095e+07 2.16969e+07 1.30706e+07 1.6201e+07 1.7287e+07 1.14082e+07 1.31091e+07 2.5724e+07 1.60147e+07 1.46229e+07 1.03834e+07 1.07813e+07 1.0349e+07 9.52263e+06 3.71141e+07 1.80974e+07 1.71519e+07 1.34557e+07 1.19759e+07 1.9239e+07 1.53187e+07 1.30485e+07 1.07653e+07 1.0271e+07 1.42596e+07 1.19244e+07 1.09591e+07
threshold=2883.3869628906255 315.42689514160162 2883.3869628906255 -2337.714965820312 4345.2500000000009 -4257.7499999999991 2474.0510253906255 -4603.7050781249991 2368.7424316406255 2169.7580566406255 3650.7500000000005 -3124.4999999999995 391.25000000000006 -6169.4999999999991 -2788.9999999999995 -8027.4999999999991 92.250000000000014 1610.0513305664065 -894.74999999999989 2368.7424316406255 2077.6770019531255 -2213.2499999999995 -2655.2499999999995 946.47137451171886 -4915.4999999999991 -2260.7499999999995 774.25000000000011 1354.744079589844 1564.216491699219 -979.74999999999989
decision_type=2 2 2 2 2 2 2 2 2 2 2 2 2 2 2 2 2 2 2 2 2 2 2 2 2 2 2 2 2 2
left_child=2 -2 5 -3 -5 13 8 -8 15 10 -10 -11 -13 -1 -15 -7 17 26 -18 20 -19 -20 23 -23 -24 -26 28 -28 -17 -29
right_child=1 3 -4 4 -6 6 7 -9 9 11 -12 12 -14 14 -16 16 18 19 21 -21 -22 22 24 -25 25 -27 27 29 -30 -31
leaf_value=7.160737253272015 -91.448972364989203 35.876607646112859 61.018846988677979 -57.630819377899172 13.576500137992529 -27.226877032688687 1.0116562874086443 55.736045664328117 63.53028780414212 -34.866092066331348 -3.9084078697057869 40.139680913516457 -15.054890832446871 -54.263661217689517 -8.5944842815399181 -0.37619595273005635 8.994572119491222 -24.680181407928469 38.968654155731201 13.431233914693198 -63.183461755514145 7.5733079849405485 37.280410861968996 -26.101021208961807 37.041157188415525 0.33293026590826663 -4.3061472777523564 -11.234350766806768 30.725865776308122 -58.032915080677384
leaf_weight=23 22 23 24 20 23 35 31 27 31 22 26 28 21 28 24 5238 624 78 20 21 32 47 24 120 20 14714 983 29 31 22
leaf_count=23 22 23 24 20 23 35 31 27 31 22 26 28 21 28 24 5238 624 78 20 21 32 47 24 120 20 14714 983 29 31 22
internal_value=-5.89637e-08 -23.0349 0.0908064 -0.230226 -19.5432 0.0252307 0.0955531 26.4868 0.0264972 14.9103 32.7688 0.5733 16.4849 -20.8127 -33.1856 -0.0599504 -0.0167362 -1.63481 0.651943 -27.9761 -35.8811 0.303612 0.2518 -16.6238 0.442762 0.382758 -1.08734 -5.64358 -0.193208 -31.422
internal_weight=22411 88 22323 66 43 22299 22224 58 22166 128 57 71 49 75 52 22038 22003 6434 15569 131 110 14945 14925 167 14758 14734 6303 1034 5269 51
internal_count=22411 88 22323 66 43 22299 22224 58 22166 128 57 71 49 75 52 22038 22003 6434 15569 131 110 14945 14925 167 14758 14734 6303 1034 5269 51
is_linear=0
shrinkage=0.05


Tree=15
num_leaves=31
num_cat=0
split_feature=140 133 31 121 13 97 144 82 128 145 54 122 112 118 66 5 117 28 135 127 86 135 66 72 5 43 70 99 87 51
split_gain=1.71733e+07 1.80065e+07 1.25572e+07 1.24966e+07 1.87397e+07 3.44817e+07 1.63122e+07 1.43356e+07 1.34677e+07 1.50677e+07 1.28852e+07 1.20636e+07 1.18561e+07 1.81175e+07 1.12062e+07 1.05882e+07 2.0838e+07 2.2089e+07 1.66513e+07 1.96656e+07 1.63331e+07 2.2595e+07 1.72491e+07 1.86956e+07 9.48668e+06 1.62192e+07 1.79159e+07 1.87164e+07 1.90393e+07 1.83326e+07
threshold=-2261.9999999999995 -2439.9999999999995 -2403.7499999999995 1862.2500000000002 -9457.1303710937482 -6571.1254882812491 -7542.6022949218741 1063.386657714844 -4257.7499999999991 2883.3869628906255 2883.3869628906255 -1969.4999999999998 2961.5000000000005 2714.586059570313 2167.7500000000005 2169.7580566406255 2474.0510253906255 -5312.9999999999991 184.25000000000003 -391.74999999999994 -145.24999999999997 -850.74999999999989 -436.24999999999994 -2442.2499999999995 894.45709228515636 1468.2500000000002 470.25000000000006 3117.2500000000005 594.25000000000011 -5301.7499999999991
decision_type=2 2 2 2 2 2 2 2 2 2 2 2 2 2 2 2 2 2 2 2 2 2 2 2 2 2 2 2 2 2
left_child=1 2 -1 4 6 -6 11 -5 -7 10 15 -2 14 -14 -9 24 17 -17 19 -19 22 -22 23 -21 -10 26 27 28 29 -26
right_child=3 -3 -4 7 5 8 -8 12 9 -11 -12 -13 13 -15 -16 16 -18 18 -20 20 21 -23 -24 -25 25 -27 -28 -29 -30 -31
leaf_value=8.7601633026486354 -67.118836943308509 -55.076963233947758 -39.376118259429937 -1.4710354014339611 65.665873641967778 -29.756825103414684 11.693164448738099 -22.713639519431375 0.41815088363185487 31.492889012788471 -40.133874092102054 -16.986540238062542 73.6531027360396 19.823991703104092 23.355789253928446 -35.043109076363699 -35.71452477496603 46.586886299678262 49.751670371161566 -8.2853055655956265 -9.762886643409729 60.926343132899355 -36.210777927935126 45.256743190599529 -25.626392279444516 1.7448449690098695 -12.422030878951205 45.679269752502449 -16.333916057221433 -0.23336334133500025
leaf_weight=42 24 28 20 117 20 38 20 22 17288 38 20 24 22 54 33 21 23 35 36 56 20 26 32 23 74 1627 573 20 235 1800
leaf_count=42 24 28 20 117 20 38 20 22 17288 38 20 24 22 54 33 21 23 35 36 56 20 26 32 23 74 1627 573 20 235 1800
internal_value=-2.13731e-08 -21.7972 -6.76767 0.0878881 -0.0375139 0.0434729 -26.2451 11.2492 -0.0162245 0.0352697 -0.0192919 -42.0527 22.61 35.4061 4.92802 0.0173609 9.82085 14.0269 18.5465 12.6956 5.14019 30.1919 -5.24159 7.30289 -0.105993 -2.19918 -4.57406 -2.46186 -2.91839 -1.23608
internal_weight=22411 90 62 22321 22073 22005 68 248 21985 21947 21909 48 131 76 55 21889 272 249 228 192 157 46 111 79 21617 4329 2702 2129 2109 1874
internal_count=22411 90 62 22321 22073 22005 68 248 21985 21947 21909 48 131 76 55 21889 272 249 228 192 157 46 111 79 21617 4329 2702 2129 2109 1874
is_linear=0
shrinkage=0.05


end of trees

feature_importances:
Column_145=18
Column_128=15
Column_134=14
Column_121=12
Column_140=12
Column_142=11
Column_138=10
Column_141=10
Column_4=9
Column_12=9
Column_124=9
Column_127=9
Column_136=9
Column_96=8
Column_108=8
Column_114=8
Column_75=7
Column_82=7
Column_131=7
Column_135=7
Column_1=6
Column_40=6
Column_51=6
Column_61=6
Column_103=6
Column_106=6
Column_115=6
Column_5=5
Column_6=5
Column_54=5
Column_59=5
Column_79=5
Column_97=5
Column_110=5
Column_117=5
Column_122=5
Column_133=5
Column_13=4
Column_33=4
Column_52=4
Column_57=4
Column_64=4
Column_66=4
Column_68=4
Column_78=4
Column_85=4
Column_87=4
Column_88=4
Column_92=4
Column_102=4
Column_112=4
Column_113=4
Column_139=4
Column_19=3
Column_23=3
Column_26=3
Column_28=3
Column_31=3
Column_36=3
Column_37=3
Column_45=3
Column_58=3
Column_65=3
Column_73=3
Column_80=3
Column_86=3
Column_93=3
Column_94=3
Column_99=3
Column_100=3
Column_105=3
Column_2=2
Column_3=2
Column_11=2
Column_20=2
Column_24=2
Column_25=2
Column_29=2
Column_38=2
Column_41=2
Column_43=2
Column_44=2
Column_46=2
Column_47=2
Column_53=2
Column_63=2
Column_69=2
Column_70=2
Column_72=2
Column_101=2
Column_104=2
Column_107=2
Column_118=2
Column_120=2
Column_125=2
Column_137=2
Column_144=2
Column_7=1
Column_8=1
Column_9=1
Column_15=1
Column_16=1
Column_27=1
Column_39=1
Column_42=1
Column_50=1
Column_56=1
Column_71=1
Column_84=1
Column_89=1
Column_91=1
Column_116=1
Column_119=1
Column_126=1
Column_129=1
Column_130=1

parameters:
[boosting: gbdt]
[objective: regression]
[metric: l2]
[tree_learner: serial]
[device_type: cpu]
[data_sample_strategy: bagging]
[data: ]
[valid: ]
[num_iterations: 1000]
[learning_rate: 0.05]
[num_leaves: 31]
[num_threads: 0]
[seed: 42]
[deterministic: 1]
[force_col_wise: 0]
[force_row_wise: 0]
[histogram_pool_size: -1]
[max_depth: -1]
[min_data_in_leaf: 20]
[min_sum_hessian_in_leaf: 0.001]
[bagging_fraction: 1]
[pos_bagging_fraction: 1]
[neg_bagging_fraction: 1]
[bagging_freq: 0]
[bagging_seed: 400]
[bagging_by_query: 0]
[feature_fraction: 1]
[feature_fraction_bynode: 1]
[feature_fraction_seed: 30056]
[extra_trees: 0]
[extra_seed: 12879]
[early_stopping_round: 0]
[early_stopping_min_delta: 0]
[first_metric_only: 0]
[max_delta_step: 0]
[lambda_l1: 0]
[lambda_l2: 0]
[linear_lambda: 0]
[min_gain_to_split: 0]
[drop_rate: 0.1]
[max_drop: 50]
[skip_drop: 0.5]
[xgboost_dart_mode: 0]
[uniform_drop: 0]
[drop_seed: 17869]
[top_rate: 0.2]
[other_rate: 0.1]
[min_data_per_group: 100]
[max_cat_threshold: 32]
[cat_l2: 10]
[cat_smooth: 10]
[max_cat_to_onehot: 4]
[top_k: 20]
[monotone_constraints: ]
[monotone_constraints_method: basic]
[monotone_penalty: 0]
[feature_contri: ]
[forcedsplits_filename: ]
[refit_decay_rate: 0.9]
[cegb_tradeoff: 1]
[cegb_penalty_split: 0]
[cegb_penalty_feature_lazy: ]
[cegb_penalty_feature_coupled: ]
[path_smooth: 0]
[interaction_constraints: ]
[verbosity: -1]
[saved_feature_importance_type: 0]
[use_quantized_grad: 0]
[num_grad_quant_bins: 4]
[quant_train_renew_leaf: 0]
[stochastic_rounding: 1]
[linear_tree: 0]
[max_bin: 255]
[max_bin_by_feature: ]
[min_data_in_bin: 3]
[bin_construct_sample_cnt: 200000]
[data_random_seed: 175]
[is_enable_sparse: 1]
[enable_bundle: 1]
[use_missing: 1]
[zero_as_missing: 0]
[feature_pre_filter: 1]
[pre_partition: 0]
[two_round: 0]
[header: 0]
[label_column: ]
[weight_column: ]
[group_column: ]
[ignore_column: ]
[categorical_feature: ]
[forcedbins_filename: ]
[precise_float_parser: 0]
[parser_config_file: ]
[objective_seed: 16083]
[num_class: 1]
[is_unbalance: 0]
[scale_pos_weight: 1]
[sigmoid: 1]
[boost_from_average: 1]
[reg_sqrt: 0]
[alpha: 0.9]
[fair_c: 1]
[poisson_max_delta_step: 0.7]
[tweedie_variance_power: 1.5]
[lambdarank_truncation_level: 30]
[lambdarank_norm: 1]
[label_gain: ]
[lambdarank_position_bias_regularization: 0]
[eval_at: ]
[multi_error_top_k: 1]
[auc_mu_weights: ]
[num_machines: 1]
[local_listen_port: 12400]
[time_out: 120]
[machine_list_filename: ]
[machines: ]
[gpu_platform_id: -1]
[gpu_device_id: -1]
[gpu_device_id_list: ]
[gpu_use_dp: 0]
[num_gpu: 1]

end of parameters

pandas_categorical:null
