tree
version=v4
num_class=1
num_tree_per_iteration=1
label_index=0
max_feature_idx=146
objective=regression
feature_names=Column_0 Column_1 Column_2 Column_3 Column_4 Column_5 Column_6 Column_7 Column_8 Column_9 Column_10 Column_11 Column_12 Column_13 Column_14 Column_15 Column_16 Column_17 Column_18 Column_19 Column_20 Column_21 Column_22 Column_23 Column_24 Column_25 Column_26 Column_27 Column_28 Column_29 Column_30 Column_31 Column_32 Column_33 Column_34 Column_35 Column_36 Column_37 Column_38 Column_39 Column_40 Column_41 Column_42 Column_43 Column_44 Column_45 Column_46 Column_47 Column_48 Column_49 Column_50 Column_51 Column_52 Column_53 Column_54 Column_55 Column_56 Column_57 Column_58 Column_59 Column_60 Column_61 Column_62 Column_63 Column_64 Column_65 Column_66 Column_67 Column_68 Column_69 Column_70 Column_71 Column_72 Column_73 Column_74 Column_75 Column_76 Column_77 Column_78 Column_79 Column_80 Column_81 Column_82 Column_83 Column_84 Column_85 Column_86 Column_87 Column_88 Column_89 Column_90 Column_91 Column_92 Column_93 Column_94 Column_95 Column_96 Column_97 Column_98 Column_99 Column_100 Column_101 Column_102 Column_103 Column_104 Column_105 Column_106 Column_107 Column_108 Column_109 Column_110 Column_111 Column_112 Column_113 Column_114 Column_115 Column_116 Column_117 Column_118 Column_119 Column_120 Column_121 Column_122 Column_123 Column_124 Column_125 Column_126 Column_127 Column_128 Column_129 Column_130 Column_131 Column_132 Column_133 Column_134 Column_135 Column_136 Column_137 Column_138 Column_139 Column_140 Column_141 Column_142 Column_143 Column_144 Column_145 Column_146
feature_infos=[-19376:17055.5] [-18577:21487.5] [-20293.5:14140.5] [-19239:14809] [-21341.234375:17087.904296875] [231.24867248535156:4343.349609375] [-19210.2421875:15723.0419921875] [-19239:14665] [-18908.5:20901.5] [-20021:13848] [-19448:15255] [-21216.880859375:17130] [231.24867248535156:4343.349609375] [-18816.765625:15680.4931640625] [-19448:15095] [-18964:21484.5] [-21256:12894] [-19140:14962.5] [-21087.67578125:17123.240234375] [231.24867248535156:4343.349609375] [-18581.60546875:15507.4482421875] [-19186:14802.5] [-18723:19938.5] [-19918:13353] [-19262.5:14313.5] [-20957.92578125:17132.8203125] [231.24867248535156:4343.349609375] [-18295.77734375:15356.0439453125] [-19262.5:14269] [-18778.5:20555.5] [-21070.5:13562] [-18954.5:14759.5] [-20820.57421875:17149.8359375] [231.24867248535156:4343.349609375] [-18276.650390625:15301.8125] [-19000.5:14715] [-17955:19147] [-19732.5:14008] [-18095.5:14467] [-20679.91015625:17160.744140625] [231.24867248535156:4343.349609375] [-18191.63671875:15210.9658203125] [-18109.5:14422.5] [-16513:19073.5] [-18452.5:13715.5] [-18340.5:14010] [-20527.724609375:17151.794921875] [231.24867248535156:4343.349609375] [-18091.150390625:14936.7421875] [-18358:14095] [-16661:18768] [-18400:12761.5] [-17156:13056] [-20359.4609375:17117.91015625] [231.24867248535156:4343.349609375] [-18006.13671875:14644.2421875] [-17141:13141] [-14312:17719] [-17420.5:10948] [-14807:11606] [-20182.89453125:17066.30078125] [231.24867248535156:4343.349609375] [-17429.033203125:14208.810546875] [-14792:11605] [-12533:19341] [-15846.5:9964.5] [-15395.5:11940.5] [-20010.8359375:17010.759765625] [231.24867248535156:4343.349609375] [-17244.16796875:13910.9638671875] [-15369.5:11939.5] [-12694.5:17738] [-16343.5:9010.5] [-14220.5:12113.5] [-19838.970703125:16927.720703125] [231.24867248535156:4343.349609375] [-16937.7421875:13555.0126953125] [-14156.5:12088] [-11423.5:17790.5] [-14497:9045] [-13350.5:12559.5] [-19659.904296875:16868.970703125] [231.24867248535156:4343.349609375] [-16544.265625:13351.8662109375] [-13299.5:12534] [-12509:16434] [-15858.5:9087.5] [-13957.5:12267] [-19470.5:16766.6796875] [231.24867248535156:4343.349609375] [-16309.10546875:13059.3662109375] [-13971:12241.5] [-11221.5:17689] [-14370:7795.5] [-13165:11313] [-19227.544921875:16625.23046875] [231.24867248535156:4343.349609375] [-16023.2783203125:12589.96875] [-13114:11287.5] [-11472:20011] [-13865:6692] [-12621:7477] [-18994.990234375:16486.689453125] [231.24867248535156:4343.349609375] [-15713.9794921875:11866.1533203125] [-12733:7476] [-9123:18923] [-12946:6441] [-10272:8059] [-18723.5390625:16361.8095703125] [231.24867248535156:4343.349609375] [-15101.390625:11212.00390625] [-10384:8148.5] [-9182.5:18290.5] [-11028:5839] [-9704.5:6891] [-18453.890625:16228.1904296875] [231.24867248535156:4343.349609375] [-14601.9462890625:10683.23046875] [-9581.5:6846] [-9301:17813] [-11715:5102.5] [-10849:7596.5] [-18200.55078125:16104.96484375] [231.24867248535156:4343.349609375] [-14155.451171875:10168.80078125] [-10726:7571] [-8052:15855.5] [-11010.5:4991.5] [-9338:7639] [-17963.685546875:15937.6103515625] [231.24867248535156:4343.349609375] [-13250.1826171875:9681.455078125] [-9535:7613.5] [-6333:16360] [-11118:4229] [-8546.5:4512] [-17689.669921875:15760.650390625] [231.24867248535156:4343.349609375] [-12259.166015625:8888.0498046875] [-8679.5:4437] [0:17026.5] [-9060.5:0] none [-17410.345703125:15558.2802734375] [231.24867248535156:4343.349609375] [-11144.6962890625:8080.04541015625]
tree_sizes=2850 2826 2840 2847 2835 2840 2843 2815 2822 2841 2842 2830 2822 2848 2823 2822

Tree=0
num_leaves=31
num_cat=0
split_feature=140 129 68 131 62 145 45 13 103 122 1 30 81 85 64 24 92 134 121 140 47 141 131 104 136 82 120 57 119 89
split_gain=2.00146e+07 1.58483e+07 2.40001e+07 2.70827e+07 2.6195e+07 1.84193e+07 1.62998e+07 1.25959e+07 1.24821e+07 1.10637e+07 1.55597e+07 9.89461e+06 1.23286e+07 8.25216e+06 7.83513e+06 5.53736e+06 1.17939e+07 6.728e+06 7.07786e+06 7.67434e+06 6.2665e+06 6.24999e+06 4.3736e+06 5.27136e+06 4.29972e+06 9.79049e+06 1.20997e+07 9.62385e+06 7.4446e+06 7.22187e+06
threshold=-2261.9999999999995 1482.2500000000002 2883.3869628906255 2474.0510253906255 2139.3725585937505 1610.0513305664065 -4533.9999999999991 -9457.1303710937482 2076.5380859375005 2750.2500000000005 1046.2500000000002 3773.5000000000005 -3379.212524414062 1549.7500000000002 121.25000000000001 4164.7500000000009 4788.0000000000009 -1725.2499999999998 -3879.2499999999995 -820.74999999999989 2280.3024902343755 664.75000000000011 2077.6770019531255 5287.2717285156259 -366.74999999999994 2077.6770019531255 1692.2500000000002 4037.2500000000005 -1295.2499999999998 1971.2244262695315
decision_type=2 2 2 2 2 2 2 2 2 2 2 2 2 2 2 2 2 2 2 2 2 2 2 2 2 2 2 2 2 2
left_child=8 2 3 7 -4 -3 -5 -2 -1 11 -11 12 14 -14 -7 16 17 -9 19 -19 22 -21 23 -17 27 28 -27 -20 -26 -30
right_child=1 5 4 6 -6 9 -8 15 -10 10 -12 -13 13 -15 -16 20 -18 18 24 21 -22 -23 -24 -25 25 26 -28 -29 29 -31
leaf_value=-8.7986457877040412 -31.467711521133598 1.5860546837491181 -79.348508066624674 70.020241466074921 -6.8305905748852282 23.206004310160605 14.501461609710981 27.02206123792827 -46.807673912071799 74.622741084605181 20.137611837642488 -17.108127248299134 12.599334728140454 52.639840259596916 -16.179400004153013 3.6957902337086468 -30.52831730430713 1.8383679681119589 -1.9618482424423127 -45.981632021556578 32.670243449717489 -10.913923031909871 -18.807257308453593 30.155243169575662 4.6024316679229136 4.0934734989793746 39.158625383392582 -29.949676059401117 -0.54160502247414422 -26.913603431855528
leaf_weight=54 33 379 20 20 33 23 39 22 36 20 38 23 22 31 28 320 33 40 3341 24 20 27 20 20 722 89 34 31 16844 26
leaf_count=54 33 379 20 20 33 23 39 22 36 20 38 23 22 31 28 320 33 40 3341 24 20 27 20 20 722 89 34 31 16844 26
internal_value=-0.470797 -0.37592 -0.590419 -0.50836 -34.1958 7.89902 33.3214 -0.600569 -24.0023 20.8321 38.9256 12.5689 19.1321 36.0193 1.58265 -0.553439 -0.660505 -0.614013 -0.642721 -14.5571 5.42899 -27.4164 3.91559 5.25223 -0.582674 -0.271176 13.7863 -2.21915 -0.369463 -0.582249
internal_weight=22412 22322 21758 21705 53 564 59 21646 90 185 58 127 104 53 51 21613 21233 21200 21178 91 380 51 360 340 21087 17715 123 3372 17592 16870
internal_count=22412 22322 21758 21705 53 564 59 21646 90 185 58 127 104 53 51 21613 21233 21200 21178 91 380 51 360 340 21087 17715 123 3372 17592 16870
is_linear=0
shrinkage=1


Tree=1
num_leaves=31
num_cat=0
split_feature=140 129 54 55 131 145 141 54 13 114 28 30 8 37 99 13 145 115 24 92 134 121 17 63 78 78 40 38 92 145
split_gain=1.80632e+07 1.43031e+07 2.18385e+07 3.1743e+07 2.37806e+07 1.66234e+07 1.36939e+07 1.17162e+07 1.13695e+07 1.04713e+07 1.32707e+07 1.33148e+07 9.32406e+06 1.0147e+07 8.71791e+06 8.23641e+06 7.28911e+06 5.47908e+06 4.99351e+06 1.06457e+07 6.07096e+06 6.38999e+06 7.43164e+06 9.61487e+06 5.82246e+06 8.31567e+06 5.87469e+06 5.55944e+06 4.24572e+06 1.30236e+07
threshold=-2261.9999999999995 1482.2500000000002 2883.3869628906255 2519.5725097656255 2474.0510253906255 1610.0513305664065 527.75000000000011 1005.9385681152345 -9457.1303710937482 2982.2500000000005 5779.0000000000009 -6294.7499999999991 -1974.7499999999998 431.25000000000006 -3434.7499999999995 1776.2913818359377 2169.7580566406255 1476.2500000000002 4164.7500000000009 4788.0000000000009 -1725.2499999999998 -3879.2499999999995 -1821.2499999999998 -4239.2499999999991 6275.2500000000009 5271.5000000000009 1971.2244262695315 -5411.9999999999991 3426.0000000000005 1667.0932617187502
decision_type=2 2 2 2 2 2 2 2 2 2 2 2 2 2 2 2 2 2 2 2 2 2 2 2 2 2 2 2 2 2
left_child=7 2 4 -4 8 -3 -6 -1 -2 10 11 -7 -13 17 -9 -15 -16 -14 19 20 -10 22 23 27 25 26 -20 -22 -23 -30
right_child=1 5 3 -5 6 9 -8 14 18 -11 -12 12 13 15 16 -17 -18 -19 24 -21 21 28 -24 -25 -26 -27 -28 -29 29 -31
leaf_value=5.2019861291956024 -29.447069665157432 1.9540084763378456 -81.853960514068604 -2.4693017019945032 -1.9718392372131348 -14.472107249782198 48.915799087133166 -59.556372347745025 26.11821560426192 51.047770357131959 -16.334808250709816 56.541176832715671 22.714284715056422 62.655622920989998 1.0624775719642638 17.82175700778053 -41.114422607421879 -11.071438562870027 4.0668748666972219 -28.554644590435608 -2.6746143774552777 -0.16177239572658589 -39.469445850735625 17.829605724193431 31.19472613334656 -24.977637357297155 27.609994631800159 -38.64116338150842 1.6139837596727453 42.107704273859667
leaf_weight=27 33 379 20 34 20 21 39 22 22 24 27 24 24 20 20 21 21 24 307 33 22 20947 21 27 21 23 29 21 115 24
leaf_count=27 33 379 20 34 20 21 39 22 22 24 27 24 24 20 20 21 21 24 307 33 22 20947 21 27 21 23 29 21 115 24
internal_value=6.47955e-08 0.0901327 -0.113641 -31.871 -0.0346282 7.95133 31.6658 -22.3549 -0.121037 20.2377 15.6449 22.0886 28.8831 21.4247 -34.165 39.6919 -20.5403 5.82142 -0.0762584 -0.177935 -0.133762 -0.161034 -13.382 -5.55581 5.6048 4.1079 6.09887 -20.2397 -0.103977 8.60571
internal_weight=22412 22322 21758 54 21704 564 59 90 21645 185 161 134 113 89 63 41 41 48 21612 21232 21199 21177 91 70 380 359 336 43 21086 139
internal_count=22412 22322 21758 54 21704 564 59 90 21645 185 161 134 113 89 63 41 41 48 21612 21232 21199 21177 91 70 380 359 336 43 21086 139
is_linear=0
shrinkage=0.05


Tree=2
num_leaves=31
num_cat=0
split_feature=140 129 54 55 131 145 45 122 1 54 13 107 86 99 59 145 98 24 92 47 36 72 134 121 17 114 134 136 26 133
split_gain=1.6302e+07 1.29085e+07 1.97092e+07 2.86481e+07 2.1462e+07 1.50781e+07 1.28257e+07 1.19796e+07 1.48063e+07 1.05738e+07 1.0261e+07 7.88991e+06 9.83201e+06 7.86792e+06 7.37755e+06 6.57842e+06 5.46801e+06 4.59217e+06 1.05789e+07 6.77066e+06 6.54771e+06 1.28803e+07 5.46787e+06 6.37121e+06 8.31653e+06 8.70492e+06 5.19602e+06 5.25164e+06 5.02753e+06 1.55122e+07
threshold=-2261.9999999999995 1482.2500000000002 2883.3869628906255 2519.5725097656255 2474.0510253906255 1563.7959594726565 -4533.9999999999991 2750.2500000000005 1046.2500000000002 1005.9385681152345 -9457.1303710937482 -846.74999999999989 3066.7500000000005 -3434.7499999999995 1206.2500000000002 2169.7580566406255 1010.2500000000001 3625.2500000000005 4788.0000000000009 2280.3024902343755 4367.2500000000009 1394.2500000000002 -1725.2499999999998 -3879.2499999999995 -1821.2499999999998 -4185.2499999999991 -373.99999999999994 23.750000000000004 2076.5380859375005 397.75000000000006
decision_type=2 2 2 2 2 2 2 2 2 2 2 2 2 2 2 2 2 2 2 2 2 2 2 2 2 2 2 2 2 2
left_child=9 2 4 -4 10 -3 -6 11 -9 -1 -2 -7 14 -11 16 -15 -13 18 20 26 22 -22 -12 24 25 -24 -19 -28 -25 -30
right_child=1 5 3 -5 6 7 -8 8 -10 13 17 12 -14 15 -16 -17 -18 19 -20 -21 21 -23 23 28 -26 -27 27 -29 29 -31
leaf_value=4.9418871031867138 -27.97471486871893 1.5406883618870719 -77.761261100769048 -2.3458364542792824 59.248103266176976 -8.6973000294122951 11.448862753974067 70.952014723278225 19.532336126055039 -56.578553494540131 24.81230481971394 31.085312301516538 -13.220703868865968 1.0093533134460448 43.494366278367892 -39.058699762253539 -5.0376295870000671 -21.885129270553591 -29.865851720174152 30.258359766006471 -40.956978738719023 2.1616856075996576 -16.820920985268085 -0.1480078302624957 -41.837349290847783 21.655421756562731 10.040079372015475 0.1162460066777255 -0.37331793417338455 31.014145169168149
leaf_weight=27 33 366 20 34 23 39 36 21 42 22 22 20 20 20 34 21 22 20 30 24 29 43 49 20591 20 21 221 336 153 53
leaf_count=27 33 366 20 34 23 39 36 21 42 22 22 20 20 20 34 21 22 20 30 24 29 43 49 20591 20 21 221 336 153 53
internal_value=-9.70126e-08 0.0856259 -0.107959 -30.2775 -0.032897 7.55376 30.0825 18.6688 36.6722 -21.2371 -0.114986 10.2672 17.9716 -32.4567 26.1801 -19.5133 12.1638 -0.0724457 -0.195712 4.23696 -0.153288 -15.2056 -0.101456 -0.127697 -13.4023 -5.27802 3.15462 4.05371 -0.0702504 7.7021
internal_weight=22412 22322 21758 54 21704 564 59 198 63 90 21645 135 96 63 76 41 42 21612 21011 601 20981 72 20909 20887 90 70 577 557 20797 206
internal_count=22412 22322 21758 54 21704 564 59 198 63 90 21645 135 96 63 76 41 42 21612 21011 601 20981 72 20909 20887 90 70 577 557 20797 206
is_linear=0
shrinkage=0.05


Tree=3
num_leaves=31
num_cat=0
split_feature=121 5 4 114 0 108 42 68 5 107 129 93 76 104 80 120 51 33 70 66 142 92 140 23 95 126 22 66 141 45
split_gain=1.47849e+07 2.23244e+07 1.86549e+07 1.14511e+07 1.36136e+07 1.09069e+07 1.16814e+07 1.59147e+07 2.30266e+07 2.47894e+07 1.12757e+07 1.14813e+07 1.08316e+07 9.9839e+06 8.83935e+06 8.37317e+06 8.33157e+06 1.08636e+07 7.53424e+06 7.02976e+06 7.78577e+06 6.64026e+06 5.9615e+06 5.7558e+06 1.05415e+07 6.75858e+06 5.64725e+06 5.60571e+06 5.23906e+06 7.14849e+06
threshold=-3879.2499999999995 2472.5063476562505 1942.3024902343752 1924.0000000000002 -1554.7499999999998 2979.2500000000005 6507.7500000000009 2883.3869628906255 2368.7424316406255 -2769.2499999999995 2906.5000000000005 -6387.7499999999991 2454.552368164063 -6323.3217773437491 -2129.7499999999995 1733.2500000000002 -4527.7499999999991 1087.885681152344 1566.0000000000002 -6399.2499999999991 -2754.4999999999995 4297.5000000000009 -676.74999999999989 -7409.9999999999991 -7720.7575683593741 -426.74999999999994 -1999.7499999999998 -112.74999999999999 1540.0000000000002 -1049.4999999999998
decision_type=2 2 2 2 2 2 2 2 2 2 2 2 2 2 2 2 2 2 2 2 2 2 2 2 2 2 2 2 2 2
left_child=1 2 13 5 -5 6 7 8 10 -10 11 -2 -9 22 -11 -8 17 -15 27 -13 -21 -7 -1 24 -22 -26 -18 -16 -25 -30
right_child=3 -3 -4 4 -6 21 15 12 9 14 -12 19 -14 16 18 -17 26 -19 -20 20 23 -23 -24 28 25 -27 -28 -29 29 -31
leaf_value=-13.062902679443361 -34.683066201210025 -64.12237316131592 35.829344976515998 44.801697364807133 6.4369295085018337 -8.1049535085988591 5.4974691090376488 -57.313459281921382 61.559397723756994 -20.531026573181151 35.694370638240471 28.833637474832081 -7.0014044886050018 -6.4395189571380618 15.459877587619582 49.732893447875981 11.787970279511953 -52.400070177266997 -4.4761572640517668 -25.999105210139835 -38.8669263486509 -40.510004310607911 25.5424631690979 -0.11025042186147967 -17.946723903309216 22.213504292964938 -25.336120166778567 48.163244380950928 21.205504507093288 1.8894225920949663
leaf_weight=20 24 20 21 25 308 43 23 20 29 20 22 21 23 20 38 20 21 36 29 29 27 25 20 21211 22 20 20 20 67 168
leaf_count=20 24 20 21 25 308 43 23 20 29 20 22 21 23 20 38 20 21 36 29 29 27 25 20 21211 22 20 20 20 67 168
internal_value=-1.04025e-07 -14.3529 -8.05291 0.114905 9.31717 -0.0250131 0.0372579 -0.0141188 0.0459674 20.5554 -0.0831003 -0.119559 -30.4024 -14.7794 9.44216 26.0721 -23.4471 -35.9856 16.3325 -0.0810926 -0.109277 -20.0186 6.23978 -0.0743804 -14.4922 1.17719 -6.32134 26.7369 -0.0279926 7.39656
internal_weight=22412 178 158 22234 333 21901 21833 21790 21747 136 21611 21589 43 137 107 43 97 56 87 21565 21544 68 40 21515 69 42 41 58 21446 235
internal_count=22412 178 158 22234 333 21901 21833 21790 21747 136 21611 21589 43 137 107 43 97 56 87 21565 21544 68 40 21515 69 42 41 58 21446 235
is_linear=0
shrinkage=0.05


Tree=4
num_leaves=31
num_cat=0
split_feature=135 64 121 61 141 85 129 145 134 122 1 121 64 125 5 20 2 37 64 19 33 24 15 142 114 98 122 29 117 142
split_gain=1.37525e+07 2.60441e+07 1.5593e+07 2.11696e+07 1.50127e+07 1.08763e+07 1.05978e+07 1.31678e+07 1.0657e+07 1.04684e+07 1.2803e+07 1.03559e+07 8.10016e+06 1.09826e+07 7.71219e+06 7.69723e+06 1.60835e+07 1.26515e+07 1.10027e+07 5.57147e+06 9.46983e+06 4.965e+06 8.98795e+06 8.75144e+06 6.68366e+06 5.44102e+06 5.20831e+06 5.1713e+06 6.27744e+06 1.48793e+07
threshold=-2325.4999999999995 1525.7500000000002 -3879.2499999999995 2368.7424316406255 167.25000000000003 -2909.7499999999995 1482.2500000000002 1563.7959594726565 2975.7500000000005 2750.2500000000005 1046.2500000000002 -2688.7499999999995 -5827.7499999999991 -4397.3344726562491 2169.7580566406255 1818.668884277344 3204.2500000000005 431.25000000000006 84.250000000000014 1563.7959594726565 1005.9385681152345 4164.7500000000009 5966.5000000000009 -1114.2499999999998 -745.74999999999989 3900.5000000000005 49.250000000000007 4939.5000000000009 2281.4279785156255 -478.24999999999994
decision_type=2 2 2 2 2 2 2 2 2 2 2 2 2 2 2 2 2 2 2 2 2 2 2 2 2 2 2 2 2 2
left_child=1 2 4 5 -1 11 8 -8 12 15 -11 -4 -2 -14 19 17 -17 18 -9 20 -6 22 27 -23 26 -26 -25 28 -15 -30
right_child=6 -3 3 -5 14 -7 7 9 -10 10 -12 -13 13 21 -16 16 -18 -19 -20 -21 -22 23 -24 24 25 -27 -28 -29 29 -31
leaf_value=13.67907066345215 24.405603030148676 -49.458435753229509 -0.30149885722569059 49.270719164068055 -7.5720625209808352 -10.365140680110816 1.3038078434480345 28.012477744524091 -30.846790368216382 66.016293407621831 18.201613226391022 44.800615806579593 -23.908612744013467 -0.071294675785650546 -54.409277248382573 -40.86461198806763 18.293309713293006 53.139006061553964 -12.212420418683221 -0.096431545984177358 -56.228590049743651 31.122271177845619 -32.763014107658755 -22.587054868844842 4.0866258838688436 25.616343113870336 8.7961341214179996 -23.731487900277845 1.6631201171874999 45.854845397949219
leaf_weight=25 34 37 35 22 20 132 366 34 28 21 42 20 48 20845 24 20 27 20 34 21 20 31 21 39 265 33 20 23 80 25
leaf_count=25 34 37 35 22 20 132 366 34 28 21 42 20 48 20845 24 20 27 20 34 21 20 31 21 39 265 33 20 23 80 25
internal_value=-1.93618e-08 -9.74896 -5.14316 2.87664 -20.3808 -2.58149 0.157355 6.92307 -0.0201928 17.3102 34.1398 16.0993 0.0200208 -0.0186684 -30.3984 9.45636 -6.88027 18.1816 7.90003 -20.9514 -31.9003 0.0349616 -0.0686179 5.63947 3.42667 6.47079 -11.9487 -0.0358814 -0.00986715 12.185
internal_weight=22412 356 319 209 110 187 22056 564 21492 198 63 55 21464 21430 85 135 47 88 68 61 40 21382 20994 388 357 298 59 20973 20950 105
internal_count=22412 356 319 209 110 187 22056 564 21492 198 63 55 21464 21430 85 135 47 88 68 61 40 21382 20994 388 357 298 59 20973 20950 105
is_linear=0
shrinkage=0.05


Tree=5
num_leaves=31
num_cat=0
split_feature=140 114 0 13 97 113 128 40 78 80 65 101 115 44 54 134 120 108 141 27 42 45 141 86 78 30 122 145 29 61
split_gain=1.2687e+07 9.98767e+06 1.32807e+07 1.07585e+07 1.73768e+07 1.32904e+07 1.26634e+07 9.73026e+06 1.21089e+07 2.71177e+07 1.65247e+07 1.57336e+07 1.3989e+07 1.24644e+07 8.984e+06 8.79734e+06 8.47188e+06 8.19565e+06 9.08702e+06 7.04328e+06 5.92912e+06 5.82142e+06 4.80502e+06 8.21408e+06 1.28909e+07 9.63811e+06 8.60933e+06 7.02378e+06 1.16143e+07 1.17475e+07
threshold=-2261.9999999999995 1924.0000000000002 -1554.7499999999998 -9457.1303710937482 -6571.1254882812491 267.25000000000006 -4257.7499999999991 2280.3024902343755 3055.7500000000005 883.75000000000011 -5008.9999999999991 585.75000000000011 84.750000000000014 -3915.2499999999995 1005.9385681152345 1574.2500000000002 -71.749999999999986 2979.2500000000005 1038.7500000000002 -6539.2055664062491 6507.7500000000009 4345.2500000000009 1540.0000000000002 -308.24999999999994 194.25000000000003 -67.249999999999986 1389.0000000000002 1354.744079589844 -4713.7499999999991 1354.744079589844
decision_type=2 2 2 2 2 2 2 2 2 2 2 2 2 2 2 2 2 2 2 2 2 2 2 2 2 2 2 2 2 2
left_child=14 3 -3 5 -5 -2 -6 17 9 10 -9 13 -10 -12 -1 16 -15 20 -19 -16 22 -14 27 24 -24 26 -25 -8 -29 -30
right_child=1 2 -4 4 6 -7 7 8 12 -11 11 -13 21 15 19 -17 -18 18 -20 -21 -22 -23 23 25 -26 -27 -28 28 29 -31
leaf_value=5.3957910467077186 -0.60571848216809732 44.507624092698101 5.891556521359977 46.59123741149903 -28.874548349882431 -45.551147645095305 0.017536937645682083 -30.617581692985869 -43.3135554599762 62.791029654608842 -10.148060880388533 -17.960933515003749 -10.95448527733485 67.556665663285685 -7.7653036117553711 5.8658055142922834 28.752255739921182 -3.7858908759223091 -45.17226679665702 -42.191567665491355 24.286601524353031 23.870725949605308 8.2437196397162094 13.566239946538753 -28.721083273607146 6.0912441226873506 58.89282545089722 -28.426258233128763 -18.115792115245547 -0.46880644641729258
leaf_weight=27 38 24 308 20 38 29 20533 23 20 27 21 28 24 22 24 22 39 36 21 39 25 24 77 22 34 89 20 49 112 597
leaf_count=27 38 24 308 20 38 29 20533 23 20 27 21 28 24 22 24 22 39 36 21 39 25 24 77 22 34 89 20 49 112 597
internal_value=1.44532e-07 0.0755378 8.68308 -0.0544169 0.00672232 -20.0597 -0.0358148 0.0143051 9.82196 16.5482 8.49298 15.3077 -8.18061 24.2646 -18.735 32.9715 42.7473 -0.0991306 -19.0335 -29.0768 -0.0490675 6.45812 -0.0773214 6.92845 -3.07883 15.4079 35.1503 -0.156951 -4.88355 -3.25648
internal_weight=22412 22322 332 21990 21923 67 21903 21865 250 182 155 132 68 104 90 83 61 21615 57 63 21558 48 21533 242 111 131 42 21291 758 709
internal_count=22412 22322 332 21990 21923 67 21903 21865 250 182 155 132 68 104 90 83 61 21615 57 63 21558 48 21533 242 111 131 42 21291 758 709
is_linear=0
shrinkage=0.05


Tree=6
num_leaves=31
num_cat=0
split_feature=135 64 95 131 114 141 6 78 129 145 134 122 15 93 23 64 125 20 3 37 64 129 127 75 103 114 113 121 135 115
split_gain=1.16519e+07 2.35408e+07 1.35392e+07 2.10771e+07 1.08817e+07 1.10597e+07 1.13477e+07 9.66904e+06 9.02768e+06 1.16244e+07 9.36293e+06 9.11687e+06 1.15948e+07 8.27506e+06 7.42484e+06 7.01665e+06 9.50223e+06 6.95772e+06 1.42414e+07 1.13264e+07 9.92703e+06 5.09508e+06 7.17916e+06 4.79719e+06 9.04345e+06 4.99024e+06 4.61506e+06 5.93931e+06 1.14819e+07 9.95384e+06
threshold=-2325.4999999999995 1525.7500000000002 -2756.180053710937 2077.6770019531255 -3681.9999999999995 167.25000000000003 -5911.9753417968741 -3137.9999999999995 1482.2500000000002 1563.7959594726565 2975.7500000000005 2750.2500000000005 6743.7500000000009 -6387.7499999999991 -611.24999999999989 -5827.7499999999991 -4397.3344726562491 1818.668884277344 4684.0000000000009 431.25000000000006 84.250000000000014 -1895.9999999999998 -1895.7499999999998 2883.3869628906255 2472.5063476562505 1924.0000000000002 -734.24999999999989 -2067.9999999999995 -1143.2499999999998 -1155.7499999999998
decision_type=2 2 2 2 2 2 2 2 2 2 2 2 2 2 2 2 2 2 2 2 2 2 2 2 2 2 2 2 2 2
left_child=1 2 4 14 5 -1 13 -6 10 -10 15 17 -13 -7 -4 -2 -17 19 -19 20 -11 22 -9 24 25 26 -18 28 29 -28
right_child=8 -3 3 -5 7 6 -8 21 9 11 -12 12 -14 -15 -16 16 23 18 -20 -21 -22 -23 -24 -25 -26 -27 27 -29 -30 -31
leaf_value=4.589839943595555 22.714770334608417 -46.726457006866866 5.9082631177372411 51.93585689378822 21.241766363382339 -40.511807727813725 -64.055861012831983 -17.407517749241421 1.1096080082606097 26.490663869065397 -28.913433626719883 49.835500181043471 6.2658359380868767 3.0354981899261477 -28.528811645507815 -22.238941971460978 2.1982848100073622 -38.691670646667482 16.975440943682639 50.191005573272712 -11.717423862569474 -30.539977407455446 18.5527527767679 -18.204153692722322 23.241763564518521 8.9855913820404378 -9.0208586057027187 -0.2305528002959939 6.9940399121015506 -54.328374901684846
leaf_weight=23 34 37 72 23 32 24 23 35 366 34 28 37 26 20 20 48 2064 20 27 20 34 24 23 36 42 154 27 18998 39 22
leaf_count=23 34 37 72 23 32 24 23 35 366 34 28 37 26 20 20 48 2064 20 27 20 34 24 23 36 42 154 27 18998 39 22
internal_value=-1.91038e-07 -8.9736 -4.59474 9.12473 -12.3287 -25.3255 -35.5949 -2.06818 0.14484 6.38928 -0.0190285 16.1487 31.8544 -20.7176 -1.57806 0.0186646 -0.0173442 8.81936 -6.71269 17.1149 7.38662 -11.1647 -3.14741 0.0325406 0.0632968 0.0176013 -0.0476975 -0.290583 -13.2502 -29.363
internal_weight=22412 356 319 115 204 90 67 114 22056 564 21492 198 63 44 92 21464 21430 135 47 88 68 82 58 21382 21346 21304 21150 19086 88 49
internal_count=22412 356 319 115 204 90 67 114 22056 564 21492 198 63 44 92 21464 21430 135 47 88 68 82 58 21382 21346 21304 21150 19086 88 49
is_linear=0
shrinkage=0.05


Tree=7
num_leaves=31
num_cat=0
split_feature=140 114 2 54 97 131 4 11 129 72 102 117 142 40 129 49 127 142 66 123 101 103 124 101 8 107 92 65 121 72
split_gain=1.06678e+07 8.5315e+06 1.49822e+07 1.24579e+07 4.2651e+07 1.53089e+07 1.67837e+07 1.14138e+07 8.84602e+06 8.46371e+06 1.12807e+07 8.49208e+06 2.13253e+07 1.69386e+07 1.21264e+07 1.74005e+07 1.68399e+07 1.47099e+07 1.45403e+07 1.14549e+07 8.92154e+06 8.35121e+06 8.18868e+06 1.52657e+07 1.83817e+07 1.05668e+07 1.1641e+07 8.12197e+06 7.23265e+06 5.99982e+06
threshold=-2261.9999999999995 2982.2500000000005 2284.5000000000005 2883.3869628906255 2066.9033203125005 2474.0510253906255 -4508.5175781249991 529.21749877929699 121.75000000000001 -7048.2499999999991 -8237.3051757812482 2370.3945312500005 -767.74999999999989 2076.5380859375005 620.25000000000011 -190.24999999999997 -1100.4999999999998 -407.24999999999994 -2668.4999999999995 1864.477478027344 -797.74999999999989 2076.5380859375005 1749.311706542969 1000.2500000000001 3111.7500000000005 1970.5000000000002 3233.7500000000005 -487.74999999999994 -1057.7499999999998 -961.24999999999989
decision_type=2 2 2 2 2 2 2 2 2 2 2 2 2 2 2 2 2 2 2 2 2 2 2 2 2 2 2 2 2 2
left_child=21 3 -3 5 -5 9 8 -6 -7 10 -2 13 20 22 16 -16 -15 -17 -18 28 -13 -1 -11 24 27 26 -25 -24 -20 -30
right_child=1 2 -4 4 7 6 -8 -9 -10 11 -12 12 -14 14 15 17 18 -19 19 -21 -22 -23 23 25 -26 -27 -28 -29 29 -31
leaf_value=-4.7436419345714427 -45.287177062034608 53.772691001892092 4.1006424919007314 -75.132302633921299 35.420144104957579 23.078337992154637 52.417562907317588 -14.415182322042961 -21.152100825309756 0.043958627229846933 1.8252596749199761 -16.801910937916148 13.855117933677906 41.643618845056608 54.606111376815377 -21.578776411576705 -32.393133180936182 33.056065062114172 -20.663137902153863 29.682811524275991 -61.831045358831233 -35.833430290222168 -27.339238654806259 -3.7831434631347656 11.544582366943359 -24.468773328340973 36.035420568527712 -65.382181301116944 29.057059151785719 -6.297738790512085
leaf_weight=54 24 20 63 24 20 26 29 27 20 21506 27 22 33 27 36 22 30 28 36 37 22 36 47 45 25 26 31 20 21 28
leaf_count=54 24 20 63 24 20 26 29 27 20 21506 27 22 33 27 36 22 30 28 36 37 22 36 47 45 25 26 31 20 21 28
internal_value=9.18865e-08 0.0692663 16.0698 0.00954935 -20.9012 0.0765225 22.6281 6.79134 3.84771 -3.41228e-05 -20.3453 0.04704 -16.5287 0.105147 12.6698 28.1007 5.25607 9.01673 -1.20751 6.46109 -39.3165 -17.1796 -0.0482917 -10.2748 -25.0432 3.04577 12.4586 -38.6953 -3.64719 8.85432
internal_weight=22412 22322 83 22239 71 22168 75 47 46 22093 51 22042 77 21965 265 86 179 50 152 122 44 90 21700 194 92 102 76 67 85 49
internal_count=22412 22322 83 22239 71 22168 75 47 46 22093 51 22042 77 21965 265 86 179 50 152 122 44 90 21700 194 92 102 76 67 85 49
is_linear=0
shrinkage=0.05


Tree=8
num_leaves=31
num_cat=0
split_feature=121 5 4 59 138 51 129 135 23 140 26 68 23 4 131 133 45 121 64 0 58 92 114 145 84 53 68 107 101 105
split_gain=1.00052e+07 1.86604e+07 1.51931e+07 9.14112e+06 8.00711e+06 9.65534e+06 7.67639e+06 9.88868e+06 9.31864e+06 7.1673e+06 8.40057e+06 1.23128e+07 2.34462e+07 1.14644e+07 1.78165e+07 1.21832e+07 1.1923e+07 1.16779e+07 1.15947e+07 8.9533e+06 8.16225e+06 7.34557e+06 7.25793e+06 8.45207e+06 7.52396e+06 1.20935e+07 8.66681e+06 7.93966e+06 1.52542e+07 1.05588e+07
threshold=-3879.2499999999995 2472.5063476562505 1942.3024902343752 -6866.7499999999991 1187.7677001953127 -4527.7499999999991 2906.5000000000005 617.75000000000011 1486.0000000000002 2191.0000000000005 2169.7580566406255 2883.3869628906255 3167.7500000000005 -12787.092285156248 2474.0510253906255 405.75000000000006 1417.7500000000002 -2688.7499999999995 -2138.7499999999995 -8809.4999999999982 -2404.9999999999995 848.25000000000011 1924.0000000000002 1354.744079589844 -2028.4999999999998 -7692.5424804687491 1354.744079589844 -2395.7499999999995 -1632.2499999999998 -1259.7499999999998
decision_type=2 2 2 2 2 2 2 2 2 2 2 2 2 2 2 2 2 2 2 2 2 2 2 2 2 2 2 2 2 2
left_child=1 2 3 -1 -5 -6 9 -8 -9 10 19 13 -13 -12 15 17 21 -15 -19 -2 -20 -17 23 -21 25 -25 -26 28 -28 -29
right_child=6 -3 -4 4 5 -7 7 8 -10 -11 11 12 -14 14 -16 16 -18 18 20 22 -22 -23 -24 24 26 -27 27 29 -30 -31
leaf_value=7.9948467871546747 -32.673847016834081 -57.30945667266846 33.554631596519833 3.3276928424835206 -45.806569769443612 -8.7491075187921528 -8.8968336476220031 53.116646315834743 10.274039357503256 -19.260904902219774 -19.673334275759185 -40.775299280701262 24.174971223374211 33.354903348286946 49.487324390989365 25.155351221561432 3.6208933618333603 -35.161801177978518 24.18909746370008 0.089799120255503101 -6.914306798848239 64.829669830799105 8.5291733244661145 -27.531298197232758 -21.367078106182138 9.3528877303491225 -2.4393946235244339 26.217763363081833 -54.292568040930718 -4.8909450452571868
leaf_weight=40 21 20 21 26 39 32 27 22 30 48 26 33 24 24 33 28 36 25 31 20670 66 20 246 26 97 153 37 29 23 459
leaf_count=40 21 20 21 26 39 32 27 22 30 48 26 33 24 24 33 28 36 25 31 20670 66 20 246 26 97 153 37 29 23 459
internal_value=-4.78682e-08 -11.8071 -6.04726 -12.1176 -20.4114 -29.1046 0.0945244 15.6528 28.3998 0.0390468 0.080952 7.81062 -13.4278 11.9995 15.1307 10.2012 25.3726 1.47254 -4.7994 -0.0419498 3.02596 41.6863 -0.0104287 -0.108165 -5.07408 3.99541 -7.59104 -5.15258 -22.3164 -3.04227
internal_weight=22412 178 158 137 97 71 22234 79 52 22155 22107 346 57 289 263 230 84 146 122 21761 97 48 21740 21494 824 179 645 548 60 488
internal_count=22412 178 158 137 97 71 22234 79 52 22155 22107 346 57 289 263 230 84 146 122 21761 97 48 21740 21494 824 179 645 548 60 488
is_linear=0
shrinkage=0.05


Tree=9
num_leaves=31
num_cat=0
split_feature=135 101 121 61 131 85 141 121 129 110 134 71 114 145 121 131 113 64 72 23 122 128 86 139 75 103 78 23 142 85
split_gain=9.26354e+06 2.10508e+07 1.10725e+07 2.11431e+07 1.44193e+07 1.07724e+07 1.06556e+07 8.86775e+06 7.41556e+06 9.73265e+06 8.08009e+06 7.81703e+06 1.4623e+07 1.16788e+07 7.17209e+06 6.87217e+06 6.4965e+06 6.10939e+06 7.74619e+06 5.45284e+06 5.44478e+06 5.40351e+06 5.14169e+06 4.98174e+06 4.26071e+06 7.2938e+06 4.29095e+06 7.27615e+06 4.0986e+06 4.07289e+06
threshold=-2325.4999999999995 1017.7500000000001 -3879.2499999999995 2368.7424316406255 2281.4279785156255 -2909.7499999999995 175.25000000000003 -2688.7499999999995 1482.2500000000002 1439.9837036132815 2975.7500000000005 1216.2500000000002 1642.2500000000002 2076.5380859375005 2640.0000000000005 1971.4899902343752 3051.7500000000005 -5827.7499999999991 -5827.2499999999991 -439.24999999999994 -1753.4999999999998 830.25000000000011 -1997.9999999999998 -2356.4287109374995 2883.3869628906255 2472.5063476562505 3153.7500000000005 -1771.2499999999998 -1962.2499999999998 3247.2500000000005
decision_type=2 2 2 2 2 2 2 2 2 2 2 2 2 2 2 2 2 2 2 2 2 2 2 2 2 2 2 2 2 2
left_child=1 2 4 5 6 7 -1 -4 10 -10 17 22 16 -14 -15 19 21 -2 20 23 -19 -13 -11 -7 25 26 -20 -28 -8 -29
right_child=8 -3 3 -5 -6 15 28 -9 9 11 -12 12 13 14 -16 -17 -18 18 24 -21 -22 -23 -24 -25 -26 -27 27 29 -30 -31
leaf_value=23.736182589758013 21.193662023544313 -54.264663452428323 0.042102088928222661 47.029053198772928 -48.002966847913022 -15.319958029852973 -30.733000488281249 41.777929267883309 0.57505527855343908 16.644029606999577 -26.861444541386199 -14.587013991673789 0.55405244827270506 63.442528934478766 21.605578315825692 -35.847515048151436 -26.30867130138256 -38.775627817426411 -0.098243075620355724 -26.83161959838867 -6.3944565029705274 16.593455522710627 45.340613654807761 8.2071855068206787 -16.922248186936251 20.87551886013576 31.870754374628486 8.7240400889048395 -4.8084557333300193 -0.23740597267649069
leaf_weight=21 34 23 35 23 29 36 30 20 346 37 28 24 29 20 21 23 27 21 20734 25 34 33 27 60 37 42 23 204 31 335
leaf_count=21 34 23 35 23 29 36 30 20 346 37 28 24 29 20 21 23 27 21 20734 25 34 33 27 60 37 42 23 204 31 335
internal_value=-1.22655e-07 -8.00122 -4.80585 1.64112 -17.6998 -3.60472 -6.98283 15.2188 0.129146 5.78864 -0.0193727 14.0634 7.95972 24.8376 42.0138 -10.7942 -6.10522 0.015643 -0.0179572 -6.03205 -18.7582 3.46484 28.7504 -0.615493 0.0302633 0.0596588 0.0186058 4.32954 -17.5582 3.15431
internal_weight=22412 356 333 222 111 199 82 55 22056 564 21492 218 154 70 41 144 84 21464 21430 121 55 57 64 96 21375 21338 21296 562 61 539
internal_count=22412 356 333 222 111 199 82 55 22056 564 21492 218 154 70 41 144 84 21464 21430 121 55 57 64 96 21375 21338 21296 562 61 539
is_linear=0
shrinkage=0.05


Tree=10
num_leaves=31
num_cat=0
split_feature=25 115 135 51 129 14 5 113 133 128 42 86 105 129 120 124 72 98 8 142 78 108 78 141 107 117 91 5 106 114
split_gain=8.6961e+06 1.34146e+07 9.0914e+06 1.43121e+07 7.89186e+06 1.28345e+07 8.85248e+06 1.62207e+07 1.71239e+07 1.44693e+07 1.42829e+07 1.25031e+07 8.31708e+06 9.7548e+06 8.03089e+06 6.15454e+06 5.5569e+06 6.56004e+06 6.27363e+06 4.88985e+06 4.63506e+06 8.76326e+06 4.62939e+06 9.00928e+06 1.23683e+07 6.10274e+06 1.60956e+07 8.68187e+06 9.33581e+06 1.06255e+07
threshold=-12343.965332031248 122.75000000000001 -3708.4999999999995 -3938.4999999999995 -3048.9999999999995 -2084.2499999999995 2368.7424316406255 -291.24999999999994 -1054.7499999999998 -714.74999999999989 5363.2500000000009 2179.0000000000005 1344.5000000000002 -367.74999999999994 3026.2500000000005 2472.5063476562505 4863.7500000000009 4581.0000000000009 6025.7500000000009 -2754.4999999999995 5271.5000000000009 2979.2500000000005 2802.5000000000005 1197.5000000000002 343.75000000000006 1610.2515869140627 1920.2500000000002 1863.8374633789065 -2213.2499999999995 -901.74999999999989
decision_type=2 2 2 2 2 2 2 2 2 2 2 2 2 2 2 2 2 2 2 2 2 2 2 2 2 2 2 2 2 2
left_child=1 2 -1 -4 5 -2 15 8 -8 12 11 14 13 -9 -11 16 17 19 -18 -6 22 -22 25 -24 -25 -21 27 -27 -29 -30
right_child=4 -3 3 -5 6 -7 7 9 -10 10 -12 -13 -14 -15 -16 -17 18 -19 -20 20 21 -23 23 24 -26 26 -28 28 29 -31
leaf_value=0.96519217718215222 -2.5810875925363281 19.33269200097947 -64.48918807983398 -9.193714818087491 -21.292720278987179 -48.271419681202282 69.924700655256004 -19.818495006561278 6.0724293572562082 3.4032109808921818 49.514696345726655 -28.715958003997805 -40.587628383636478 22.098981882178265 41.013469670035626 23.441783073970253 -1.3842018647627397 -23.824014190147665 29.003164648328511 -0.0021220986965464535 -38.371702619032426 7.358293437957764 1.2602637226483271 44.529079338482454 7.8683410300764933 -18.021165958524517 29.062927182515462 24.931446047182437 -15.045353585576255 9.4794950884054696
leaf_weight=21 51 21 25 22 27 22 21 35 21 40 24 20 20 23 22 28 33 29 35 20499 22 20 767 28 129 156 30 27 126 68
leaf_count=21 51 21 25 22 27 22 21 35 21 40 24 20 20 23 22 28 33 29 35 20499 22 20 767 28 129 156 30 27 126 68
internal_value=1.94361e-08 -15.5982 -26.3856 -38.6062 0.0621886 -16.3508 0.116038 9.96139 37.9986 3.5616 15.5892 5.65982 -12.7836 -3.19605 16.7488 0.0150095 -0.0148119 -0.0590676 14.2564 -0.0275966 -0.00134574 -16.5955 0.0305807 3.494 14.4066 -0.122495 -6.18519 -8.99008 -2.6152 -6.44901
internal_weight=22412 89 68 47 22323 73 22250 226 42 184 106 82 78 58 62 22024 21996 21928 68 21899 21872 42 21830 924 157 20906 407 377 221 194
internal_count=22412 89 68 47 22323 73 22250 226 42 184 106 82 78 58 62 22024 21996 21928 68 21899 21872 42 21830 924 157 20906 407 377 221 194
is_linear=0
shrinkage=0.05


Tree=11
num_leaves=31
num_cat=0
split_feature=135 64 121 61 141 80 40 114 18 98 54 115 1 42 54 124 128 139 72 92 120 82 129 24 142 36 85 8 9 135
split_gain=7.86532e+06 1.87241e+07 1.02847e+07 1.53182e+07 1.13141e+07 8.6072e+06 7.26187e+06 6.49845e+06 1.32838e+07 6.17571e+06 8.0725e+06 5.83796e+06 5.41045e+06 5.3514e+06 7.26091e+06 1.10091e+07 1.12438e+07 1.03218e+07 9.26565e+06 6.5456e+06 6.06139e+06 5.66528e+06 1.31371e+07 1.1033e+07 1.40028e+07 9.05778e+06 1.19296e+07 8.99318e+06 6.54354e+06 6.50774e+06
threshold=-2325.4999999999995 1525.7500000000002 -3879.2499999999995 2368.7424316406255 167.25000000000003 -3182.7499999999995 958.94485473632824 2982.2500000000005 797.53750610351574 -3789.9999999999995 2076.5380859375005 3769.7500000000005 7078.0000000000009 6507.7500000000009 2883.3869628906255 2472.5063476562505 -1413.2499999999998 1954.1488037109377 -7048.2499999999991 -4610.9999999999991 1875.2500000000002 2077.6770019531255 1399.0000000000002 -5322.4999999999991 -274.74999999999994 2181.7500000000005 -1140.9999999999998 3111.7500000000005 -7754.9999999999991 156.25000000000003
decision_type=2 2 2 2 2 2 2 2 2 2 2 2 2 2 2 2 2 2 2 2 2 2 2 2 2 2 2 2 2 2
left_child=1 2 4 5 -1 6 -4 11 -9 10 -6 13 -10 14 15 18 -17 -16 -2 -20 -15 28 23 -23 25 26 -25 -27 -21 -24
right_child=7 -3 3 -5 9 -7 -8 8 12 -11 -12 -13 -14 20 17 16 -18 -19 19 21 -22 22 29 24 -26 27 -28 -29 -30 -31
leaf_value=13.725598717689515 -31.006873575846356 -41.042458281645906 -4.9284989718733172 42.510618053783077 -19.411183266639711 -9.2432414941249359 29.130044275171617 43.700336881784295 -11.639436449323384 -8.4305103737967357 -60.420592718124389 -26.283919788542249 20.003654566678136 -3.0345411845615935 -41.556663041591648 51.361310940697081 3.6588764985402431 5.4019253990866929 27.978822417486285 -19.522289741870971 33.082204451927772 -30.118870139122009 48.994804064432785 -18.948780305044991 40.684494956970212 -43.100049362182624 19.367869114986547 0.18481349786122642 0.0020683974786019888 13.513289519718715
leaf_weight=25 24 37 29 22 30 124 34 26 35 35 20 21 22 21 25 21 30 22 21 43 26 24 24 28 25 20 74 30 21466 28
leaf_count=25 24 37 29 22 30 124 34 26 35 35 20 21 22 21 25 21 30 22 21 43 26 24 24 28 25 20 74 30 21466 28
internal_value=-1.13588e-07 -7.3727 -3.46742 3.04577 -15.8425 -1.59715 13.4523 0.119001 14.0832 -24.539 -35.8149 0.0662526 0.573686 0.09146 0.0552987 0.0975109 23.3011 -19.576 0.0432448 0.0774551 16.9449 0.0505307 7.48896 1.69383 6.00741 0.303947 8.84957 -17.1291 -0.036964 29.8894
internal_weight=22412 356 319 209 110 187 63 22056 83 85 50 21973 57 21952 21905 21858 51 47 21807 21783 47 21762 253 201 177 152 102 50 21509 52
internal_count=22412 356 319 209 110 187 63 22056 83 85 50 21973 57 21952 21905 21858 51 47 21807 21783 47 21762 253 201 177 152 102 50 21509 52
is_linear=0
shrinkage=0.05


Tree=12
num_leaves=31
num_cat=0
split_feature=25 115 133 129 10 5 128 142 108 19 115 3 1 33 124 72 142 98 129 96 65 135 70 64 70 5 106 106 107 136
split_gain=7.73776e+06 1.18238e+07 8.25163e+06 6.59109e+06 1.13775e+07 7.34084e+06 1.51746e+07 1.27338e+07 1.30647e+07 8.68698e+06 1.13074e+07 1.04624e+07 6.33532e+06 5.45862e+06 5.19768e+06 4.78297e+06 5.99264e+06 5.91221e+06 4.42631e+06 8.97508e+06 8.33101e+06 1.49925e+07 7.33264e+06 9.8326e+06 8.11738e+06 7.16382e+06 1.3334e+07 1.70352e+07 8.36154e+06 7.13599e+06
threshold=-12343.965332031248 122.75000000000001 -1497.9999999999998 -3048.9999999999995 -2331.9999999999995 2368.7424316406255 -2556.4999999999995 -407.24999999999994 2728.7500000000005 2472.5063476562505 -38.749999999999993 3082.7500000000005 3346.7500000000005 1486.5613403320315 2472.5063476562505 4863.7500000000009 -277.74999999999994 4581.0000000000009 -228.24999999999997 1563.7959594726565 -419.74999999999994 -1907.2499999999998 -1444.7499999999998 -2295.7499999999995 -876.74999999999989 1971.2244262695315 1721.7500000000002 114.75000000000001 646.75000000000011 -727.99999999999989
decision_type=2 2 2 2 2 2 2 2 2 2 2 2 2 2 2 2 2 2 2 2 2 2 2 2 2 2 2 2 2 2
left_child=1 2 -1 4 13 14 -7 8 9 -8 -11 -12 -9 -2 15 17 -17 18 19 -5 22 -22 23 29 -24 -20 27 -27 -28 -21
right_child=3 -3 -4 5 -6 6 7 12 -10 10 11 -13 -14 -15 -16 16 -18 -19 25 20 21 -23 24 -25 -26 26 28 -29 -30 -31
leaf_value=-7.928708289010185 -16.190271917978922 18.080677248182752 -42.77874493454442 -0.72531164226305689 -43.145671018958097 39.339426953451976 20.419529110491279 42.868273893992111 -42.166872367858893 -30.286918380043723 -16.84798274278641 33.682427038465228 9.1062042005134352 17.361556472561578 21.544658517837526 1.183367838510653 31.519476261845341 -22.61359331196752 0.34255233423137887 22.449187430468474 -59.005052163384178 -9.904232265364449 32.377883174202658 -31.251851749420169 -2.9738322635571803 21.162128621478416 51.495756852626805 -22.387162103044229 14.806769635596059 -15.912864925243236
leaf_weight=35 27 21 33 6553 24 35 40 24 20 33 20 21 33 22 28 41 27 29 14936 22 22 53 22 44 62 43 24 47 44 27
leaf_count=35 27 21 33 6553 24 35 40 24 20 33 20 21 33 22 28 41 27 29 14936 22 22 53 22 44 62 43 24 47 44 27
internal_value=3.90513e-08 -14.7136 -24.8412 0.0586619 -14.9408 0.107874 9.07332 3.52717 -4.89293 1.64635 -8.50131 9.03345 23.3218 -1.12619 0.0158745 -0.0115308 13.2286 -0.0525892 -0.0227125 -1.0814 -10.3411 -24.3071 -4.42323 -14.0951 6.28495 0.454587 11.0454 -1.58028 27.7558 1.31091
internal_weight=22412 89 68 22323 73 22250 226 191 134 114 74 41 57 49 22024 21996 68 21928 21899 6805 252 75 177 93 84 15094 158 90 68 49
internal_count=22412 89 68 22323 73 22250 226 191 134 114 74 41 57 49 22024 21996 68 21928 21899 6805 252 75 177 93 84 15094 158 90 68 49
is_linear=0
shrinkage=0.05


Tree=13
num_leaves=31
num_cat=0
split_feature=25 131 7 10 129 14 5 113 129 128 42 86 0 94 77 124 137 72 142 78 119 142 141 140 2 91 113 129 57 138
split_gain=6.98333e+06 1.1064e+07 1.56615e+07 7.4907e+06 5.94846e+06 1.03281e+07 6.62511e+06 1.39613e+07 2.43633e+07 1.34559e+07 1.25465e+07 1.04322e+07 8.82074e+06 7.30943e+06 5.28802e+06 4.69091e+06 4.32999e+06 4.31663e+06 5.40836e+06 5.35541e+06 7.47274e+06 4.12357e+06 4.09261e+06 3.93275e+06 8.71032e+06 7.11103e+06 4.52299e+06 4.02883e+06 8.60992e+06 7.33991e+06
threshold=-12343.965332031248 2077.6770019531255 -8524.7499999999982 -4216.9999999999991 -3048.9999999999995 -2084.2499999999995 2368.7424316406255 -143.24999999999997 -1020.7499999999999 -714.74999999999989 5363.2500000000009 2179.0000000000005 4772.5000000000009 1778.2500000000002 -325.24999999999994 2472.5063476562505 -3997.2724609374995 4863.7500000000009 -277.74999999999994 5271.5000000000009 1893.7500000000002 -2754.4999999999995 389.75000000000006 -1769.2499999999998 -4131.2499999999991 -5732.9999999999991 -1142.2499999999998 -228.24999999999997 -4910.7499999999991 1610.0513305664065
decision_type=2 2 2 2 2 2 2 2 2 2 2 2 2 2 2 2 2 2 2 2 2 2 2 2 2 2 2 2 2 2
left_child=1 -1 -3 -4 5 22 15 8 -8 12 11 13 16 14 -11 17 -9 19 -19 21 -21 -6 -2 24 -23 -25 -26 29 -29 -27
right_child=4 2 3 -5 6 -7 7 9 -10 10 -12 -13 -14 -15 -16 -17 -18 18 -20 20 -22 23 -24 25 26 27 -28 28 -30 -31
leaf_value=18.766741027832033 13.181618583202363 -60.755063476562498 7.9845278180878738 -31.790927051305772 -19.537315834893121 -42.828480156985194 68.041608603795382 -17.790176879882814 -4.8033829558979386 21.342956428527835 45.556125259399415 -26.94686944484711 -40.564089935476133 39.460962104797368 -14.180477259375833 20.467424808229723 11.087562309812618 1.1241993136522248 29.943501437151873 -39.942251396179202 -2.3508269490339817 33.563942759377618 -15.19546443797924 -23.956087198565086 10.631806612014771 -0.72843792129210405 -19.678805980682373 29.209856451474703 0.41211849407568213 -10.648069258779287
leaf_weight=20 24 20 29 20 27 22 24 25 22 20 24 20 22 20 22 28 27 41 27 20 39 28 27 31 32 6490 20 26 15023 192
leaf_count=20 24 20 29 20 27 22 24 25 22 20 24 20 22 20 22 28 27 41 27 20 39 28 27 31 32 6490 20 26 15023 192
internal_value=-1.47544e-07 -13.9779 -23.4691 -8.25035 0.0557286 -14.1938 0.10248 8.61965 33.2027 2.33732 13.7596 4.4533 -14.0243 14.5824 2.73544 0.0150806 -2.79597 -0.0109544 12.5672 -0.0499599 -15.0937 -0.00937369 -1.84154 0.0147658 11.0804 -0.025913 -1.02612 0.00822424 0.461872 -1.01347
internal_weight=22412 89 69 49 22323 73 22250 226 46 180 106 82 74 62 42 22024 52 21996 68 21928 59 21869 51 21842 80 21762 52 21731 15049 6682
internal_count=22412 89 69 49 22323 73 22250 226 46 180 106 82 74 62 42 22024 52 21996 68 21928 59 21869 51 21842 80 21762 52 21731 15049 6682
is_linear=0
shrinkage=0.05


Tree=14
num_leaves=31
num_cat=0
split_feature=140 103 114 18 54 97 103 128 11 3 145 114 1 131 117 142 40 33 73 101 135 138 91 17 21 131 141 79 21 22
split_gain=6.56202e+06 6.8129e+06 5.51367e+06 1.22414e+07 9.37467e+06 3.14547e+07 1.07715e+07 1.66403e+07 9.74851e+06 6.7357e+06 1.17266e+07 5.13715e+06 4.77387e+06 4.30263e+06 8.59117e+06 1.55193e+07 8.39081e+06 1.32283e+07 1.22246e+07 1.39714e+07 1.2405e+07 7.15631e+06 8.94775e+06 9.35598e+06 1.19001e+07 9.1865e+06 7.92937e+06 1.11387e+07 7.34711e+06 6.07627e+06
threshold=-2261.9999999999995 2076.5380859375005 2982.2500000000005 797.53750610351574 2883.3869628906255 2066.9033203125005 2472.5063476562505 -2759.9999999999995 529.21749877929699 -8535.2499999999982 2368.7424316406255 -1578.2499999999998 7078.0000000000009 2474.0510253906255 2370.3945312500005 -767.74999999999989 2076.5380859375005 2368.7424316406255 2743.2500000000005 -2242.4999999999995 -197.74999999999997 1667.0932617187502 1026.7500000000002 1906.7500000000002 -1679.2499999999998 1864.5585937500002 729.25000000000011 666.25000000000011 -2922.7499999999995 5921.7500000000009
decision_type=2 2 2 2 2 2 2 2 2 2 2 2 2 2 2 2 2 2 2 2 2 2 2 2 2 2 2 2 2 2
left_child=1 -1 4 -4 6 -6 9 -8 -7 10 -2 -9 -5 14 16 -16 21 18 19 -18 -21 -11 23 24 28 -26 27 -24 -23 -28
right_child=2 -3 3 12 5 8 7 11 -10 13 -12 -13 -14 -15 15 -17 17 -19 -20 20 -22 22 26 -25 25 -27 29 -29 -30 -31
leaf_value=-2.2416091283162434 5.057105159759522 -30.32238179312812 41.348637287433334 -11.523500186375209 -64.705346576372776 32.106401443481445 58.004858422279362 -13.265870550404424 -13.950121992605705 0.060689096121767316 -45.480960991165858 17.516662870753898 18.199834732575848 22.661093464351836 -44.701925731527396 9.653055414557457 41.190126436948781 -5.9447759558757154 51.168719814134683 -5.9187485997817104 31.479185555775963 -17.516992693680987 19.048042330741882 9.1614832282066345 -21.350684709297983 -60.376639249801634 31.386233508202338 -28.518156584911051 16.952192982760344 -3.9628155517578123
leaf_weight=54 24 36 26 35 24 20 20 23 27 21434 22 33 22 21 29 24 32 96 23 85 30 52 20 32 38 25 31 32 22 20
leaf_count=54 24 36 26 35 24 20 20 23 27 21434 22 33 22 21 29 24 32 96 23 85 30 52 20 32 38 25 31 32 22 20
internal_value=-4.28325e-08 -13.4739 0.0543254 12.9173 0.00631833 -18.1331 0.0644157 18.8557 5.6484 -0.000229277 -19.1133 4.87384 -0.0513358 0.039651 0.0180823 -20.0883 0.0665822 8.89304 17.272 11.9685 3.83723 -0.0415831 -8.10078 -15.1805 -20.8663 -36.8372 3.5155 -10.2235 -7.2694 17.5239
internal_weight=22412 90 22322 83 22239 71 22168 76 47 22092 46 56 57 22046 22025 53 21972 266 170 147 115 21706 272 169 137 63 103 52 74 51
internal_count=22412 90 22322 83 22239 71 22168 76 47 22092 46 56 57 22046 22025 53 21972 266 170 147 115 21706 272 169 137 63 103 52 74 51
is_linear=0
shrinkage=0.05


Tree=15
num_leaves=31
num_cat=0
split_feature=25 115 135 51 141 127 128 110 124 136 142 48 23 36 85 134 98 93 98 4 21 10 8 59 103 33 61 145 133 135
split_gain=6.26187e+06 1.04216e+07 8.19568e+06 1.17748e+07 5.24385e+06 1.09788e+07 1.16842e+07 2.17696e+07 6.78593e+06 7.93063e+06 1.5317e+07 9.24929e+06 2.04524e+07 1.28901e+07 8.54527e+06 6.71719e+06 6.1596e+06 1.13296e+07 8.1144e+06 9.0774e+06 6.18639e+06 9.00383e+06 6.39217e+06 7.38604e+06 9.75037e+06 6.16093e+06 5.83351e+06 5.71114e+06 5.6644e+06 7.70003e+06
threshold=-12343.965332031248 122.75000000000001 -3708.4999999999995 -3938.4999999999995 512.25000000000011 -1895.7499999999998 -2759.9999999999995 2280.3024902343755 1563.7959594726565 -563.24999999999989 -1361.7499999999998 462.30554199218756 1797.5000000000002 1465.2500000000002 1033.2500000000002 -422.74999999999994 -2137.2499999999995 -2468.7499999999995 -1873.2499999999998 -3652.609985351562 -6762.2499999999991 -6157.7499999999991 -3437.2499999999995 -2703.9999999999995 1610.0513305664065 1032.707214355469 2076.5380859375005 1563.7959594726565 -110.74999999999999 -1332.7499999999998
decision_type=2 2 2 2 2 2 2 2 2 2 2 2 2 2 2 2 2 2 2 2 2 2 2 2 2 2 2 2 2 2
left_child=1 2 -1 -4 8 -6 7 -7 27 11 -11 13 -13 14 15 26 17 -8 19 -18 -20 -22 25 24 -24 -23 -10 -2 29 -12
right_child=4 -3 3 -5 5 6 16 -9 9 10 28 12 -14 -15 -16 -17 18 -19 20 -21 21 22 23 -25 -26 -27 -28 -29 -30 -31
leaf_value=3.2241699332282661 -0.2623804844052377 17.552179548853921 -57.824146924018862 -7.6691075411709875 -21.863925849914551 -1.6827908927744089 -2.7101486669646371 52.517370676994325 26.465950632095339 39.548967517505993 5.3156350581542311 -70.445385437919981 -7.6865782120648554 29.747498207092288 -43.455647811889655 -21.569636672880591 38.208667173981667 -38.558099426825841 -21.47415561511599 4.1052766096591951 32.23719178835551 -1.3749255311046098 7.0920326497103723 1.5334581627674166 45.694650718144011 -25.351187342689151 -10.456490984170333 24.670034516375999 4.0408037163209221 -31.926297651018416
leaf_weight=21 16819 21 25 22 50 44 270 32 20 22 23 21 34 20 20 41 32 24 29 50 24 74 74 4387 21 42 23 23 69 35
leaf_count=21 16819 21 25 22 50 44 270 32 20 22 23 21 34 20 20 41 32 24 29 50 24 74 74 4387 21 42 23 23 69 35
internal_value=-1.22577e-08 -13.2362 -22.7444 -34.3473 0.0527716 1.45163 1.68008 21.1383 -0.367049 -7.48983 1.03176 -14.5832 -31.649 -7.0137 -14.0832 -7.08971 1.3859 -5.63651 1.82211 17.4139 1.54722 1.69167 1.53223 1.83215 15.6252 -10.056 6.71674 -0.228332 -5.64051 -17.1579
internal_weight=22412 89 68 47 22323 5153 5103 76 17170 328 149 179 55 124 104 84 5027 294 4733 82 4651 4622 4598 4482 95 116 43 16842 127 58
internal_count=22412 89 68 47 22323 5153 5103 76 17170 328 149 179 55 124 104 84 5027 294 4733 82 4651 4622 4598 4482 95 116 43 16842 127 58
is_linear=0
shrinkage=0.05


end of trees

feature_importances:
Column_129=19
Column_114=14
Column_121=14
Column_142=14
Column_141=13
Column_145=13
Column_131=12
Column_135=12
Column_64=11
Column_140=10
Column_5=9
Column_54=9
Column_78=9
Column_134=9
Column_72=8
Column_92=8
Column_115=8
Column_128=8
Column_23=7
Column_98=7
Column_103=7
Column_122=7
Column_1=6
Column_85=6
Column_101=6
Column_107=6
Column_113=6
Column_124=6
Column_4=5
Column_8=5
Column_13=5
Column_24=5
Column_33=5
Column_40=5
Column_42=5
Column_45=5
Column_61=5
Column_86=5
Column_120=5
Column_133=5
Column_0=4
Column_25=4
Column_51=4
Column_68=4
Column_108=4
Column_117=4
Column_136=4
Column_2=3
Column_3=3
Column_10=3
Column_17=3
Column_21=3
Column_30=3
Column_36=3
Column_37=3
Column_59=3
Column_65=3
Column_66=3
Column_70=3
Column_80=3
Column_91=3
Column_93=3
Column_97=3
Column_106=3
Column_127=3
Column_138=3
Column_11=2
Column_14=2
Column_15=2
Column_18=2
Column_19=2
Column_20=2
Column_22=2
Column_26=2
Column_29=2
Column_47=2
Column_55=2
Column_57=2
Column_75=2
Column_82=2
Column_95=2
Column_99=2
Column_104=2
Column_105=2
Column_110=2
Column_119=2
Column_125=2
Column_139=2
Column_6=1
Column_7=1
Column_9=1
Column_27=1
Column_28=1
Column_38=1
Column_44=1
Column_48=1
Column_49=1
Column_53=1
Column_58=1
Column_62=1
Column_63=1
Column_71=1
Column_73=1
Column_76=1
Column_77=1
Column_79=1
Column_81=1
Column_84=1
Column_89=1
Column_94=1
Column_96=1
Column_102=1
Column_123=1
Column_126=1
Column_137=1

parameters:
[boosting: gbdt]
[objective: regression]
[metric: l2]
[tree_learner: serial]
[device_type: cpu]
[data_sample_strategy: bagging]
[data: ]
[valid: ]
[num_iterations: 1000]
[learning_rate: 0.05]
[num_leaves: 31]
[num_threads: 0]
[seed: 42]
[deterministic: 1]
[force_col_wise: 0]
[force_row_wise: 0]
[histogram_pool_size: -1]
[max_depth: -1]
[min_data_in_leaf: 20]
[min_sum_hessian_in_leaf: 0.001]
[bagging_fraction: 1]
[pos_bagging_fraction: 1]
[neg_bagging_fraction: 1]
[bagging_freq: 0]
[bagging_seed: 400]
[bagging_by_query: 0]
[feature_fraction: 1]
[feature_fraction_bynode: 1]
[feature_fraction_seed: 30056]
[extra_trees: 0]
[extra_seed: 12879]
[early_stopping_round: 0]
[early_stopping_min_delta: 0]
[first_metric_only: 0]
[max_delta_step: 0]
[lambda_l1: 0]
[lambda_l2: 0]
[linear_lambda: 0]
[min_gain_to_split: 0]
[drop_rate: 0.1]
[max_drop: 50]
[skip_drop: 0.5]
[xgboost_dart_mode: 0]
[uniform_drop: 0]
[drop_seed: 17869]
[top_rate: 0.2]
[other_rate: 0.1]
[min_data_per_group: 100]
[max_cat_threshold: 32]
[cat_l2: 10]
[cat_smooth: 10]
[max_cat_to_onehot: 4]
[top_k: 20]
[monotone_constraints: ]
[monotone_constraints_method: basic]
[monotone_penalty: 0]
[feature_contri: ]
[forcedsplits_filename: ]
[refit_decay_rate: 0.9]
[cegb_tradeoff: 1]
[cegb_penalty_split: 0]
[cegb_penalty_feature_lazy: ]
[cegb_penalty_feature_coupled: ]
[path_smooth: 0]
[interaction_constraints: ]
[verbosity: -1]
[saved_feature_importance_type: 0]
[use_quantized_grad: 0]
[num_grad_quant_bins: 4]
[quant_train_renew_leaf: 0]
[stochastic_rounding: 1]
[linear_tree: 0]
[max_bin: 255]
[max_bin_by_feature: ]
[min_data_in_bin: 3]
[bin_construct_sample_cnt: 200000]
[data_random_seed: 175]
[is_enable_sparse: 1]
[enable_bundle: 1]
[use_missing: 1]
[zero_as_missing: 0]
[feature_pre_filter: 1]
[pre_partition: 0]
[two_round: 0]
[header: 0]
[label_column: ]
[weight_column: ]
[group_column: ]
[ignore_column: ]
[categorical_feature: ]
[forcedbins_filename: ]
[precise_float_parser: 0]
[parser_config_file: ]
[objective_seed: 16083]
[num_class: 1]
[is_unbalance: 0]
[scale_pos_weight: 1]
[sigmoid: 1]
[boost_from_average: 1]
[reg_sqrt: 0]
[alpha: 0.9]
[fair_c: 1]
[poisson_max_delta_step: 0.7]
[tweedie_variance_power: 1.5]
[lambdarank_truncation_level: 30]
[lambdarank_norm: 1]
[label_gain: ]
[lambdarank_position_bias_regularization: 0]
[eval_at: ]
[multi_error_top_k: 1]
[auc_mu_weights: ]
[num_machines: 1]
[local_listen_port: 12400]
[time_out: 120]
[machine_list_filename: ]
[machines: ]
[gpu_platform_id: -1]
[gpu_device_id: -1]
[gpu_device_id_list: ]
[gpu_use_dp: 0]
[num_gpu: 1]

end of parameters

pandas_categorical:null
