tree
version=v4
num_class=1
num_tree_per_iteration=1
label_index=0
max_feature_idx=146
objective=regression
feature_names=Column_0 Column_1 Column_2 Column_3 Column_4 Column_5 Column_6 Column_7 Column_8 Column_9 Column_10 Column_11 Column_12 Column_13 Column_14 Column_15 Column_16 Column_17 Column_18 Column_19 Column_20 Column_21 Column_22 Column_23 Column_24 Column_25 Column_26 Column_27 Column_28 Column_29 Column_30 Column_31 Column_32 Column_33 Column_34 Column_35 Column_36 Column_37 Column_38 Column_39 Column_40 Column_41 Column_42 Column_43 Column_44 Column_45 Column_46 Column_47 Column_48 Column_49 Column_50 Column_51 Column_52 Column_53 Column_54 Column_55 Column_56 Column_57 Column_58 Column_59 Column_60 Column_61 Column_62 Column_63 Column_64 Column_65 Column_66 Column_67 Column_68 Column_69 Column_70 Column_71 Column_72 Column_73 Column_74 Column_75 Column_76 Column_77 Column_78 Column_79 Column_80 Column_81 Column_82 Column_83 Column_84 Column_85 Column_86 Column_87 Column_88 Column_89 Column_90 Column_91 Column_92 Column_93 Column_94 Column_95 Column_96 Column_97 Column_98 Column_99 Column_100 Column_101 Column_102 Column_103 Column_104 Column_105 Column_106 Column_107 Column_108 Column_109 Column_110 Column_111 Column_112 Column_113 Column_114 Column_115 Column_116 Column_117 Column_118 Column_119 Column_120 Column_121 Column_122 Column_123 Column_124 Column_125 Column_126 Column_127 Column_128 Column_129 Column_130 Column_131 Column_132 Column_133 Column_134 Column_135 Column_136 Column_137 Column_138 Column_139 Column_140 Column_141 Column_142 Column_143 Column_144 Column_145 Column_146
feature_infos=[-12950.5:19775] [-12380:19930] [-15125:18962.5] [-12385:19200] [-9118.76953125:24089.724609375] [166.19853210449219:2947.5634765625] [-9700.8720703125:19876.17578125] [-12820.5:19200] [-12250:19252.5] [-14995:17315] [-13132.5:17790] [-9086.8701171875:23888.55078125] [166.19853210449219:2947.5634765625] [-9749.974609375:19686.5234375] [-13135:17787.5] [-11977.5:17987.5] [-15192.5:16580] [-14777.5:16952.5] [-9056.0947265625:23699.599609375] [166.19853210449219:2947.5634765625] [-9608.474609375:19437.9765625] [-14780:16952.5] [-13622.5:17302.5] [-16837.5:15007.5] [-14647.5:15120] [-9006.8447265625:23492.224609375] [166.19853210449219:2947.5634765625] [-9375.6591796875:19045.431640625] [-14650:15120] [-13630:16025] [-16707.5:14282.5] [-14352.5:14527.5] [-8960.0947265625:23290.67578125] [166.19853210449219:2947.5634765625] [-9167.64453125:18634.7109375] [-14347.5:14527.5] [-13500:15035] [-15005:13727.5] [-14222.5:13922.5] [-8927.3447265625:23088.150390625] [166.19853210449219:2947.5634765625] [-9279.255859375:18206.328125] [-14217.5:13920] [-13100:14377.5] [-15172.5:12622.5] [-14255:12695] [-8899.5703125:22882.67578125] [166.19853210449219:2947.5634765625] [-9731.595703125:17705.298828125] [-14257.5:12700] [-13135:12830] [-16067.5:11995] [-14125:12652.5] [-8864.3447265625:22663.32421875] [166.19853210449219:2947.5634765625] [-10115.76953125:17125.498046875] [-14127.5:12652.5] [-13005:12807.5] [-15937.5:11840] [-13827.5:12077.5] [-8833.3447265625:22426.875] [166.19853210449219:2947.5634765625] [-10333.4267578125:16514.08984375] [-13827.5:12077.5] [-10660:12130] [-14085:10555] [-12380:10860] [-8804.26953125:22188] [166.19853210449219:2947.5634765625] [-10364.2509765625:15934.1728515625] [-12377.5:10860] [-10530:11277.5] [-12795:10047.5] [-11070:10285] [-8791.64453125:21950.025390625] [166.19853210449219:2947.5634765625] [-10428.41015625:15296.0654296875] [-11060:10285] [-10012.5:11650] [-12147.5:9315] [-10940:10235] [-8791.3447265625:21701.400390625] [166.19853210449219:2947.5634765625] [-10298.41015625:14669.8330078125] [-10930:10235] [-8940:10302.5] [-11040:8562.5] [-9662.5:8860] [-8792.294921875:21440.32421875] [166.19853210449219:2947.5634765625] [-9940.8271484375:13983.7119140625] [-9657.5:8862.5] [-7475:9825] [-9700:7757.5] [-8422.5:9370] [-8779.3701171875:21196.349609375] [166.19853210449219:2947.5634765625] [-9451.6611328125:13509.96484375] [-8420:9372.5] [-8410:10050] [-10482.5:8267.5] [-9565:8342.5] [-8775.1953125:20935.30078125] [166.19853210449219:2947.5634765625] [-9267.8740234375:12972.2412109375] [-9567.5:8342.5] [-8445:9440] [-11377.5:8212.5] [-9267.5:9222.5] [-8755.044921875:20696.42578125] [166.19853210449219:2947.5634765625] [-9099.4306640625:12631.35546875] [-9267.5:9222.5] [-6640:10255] [-9572.5:7562] [-7820:9519] [-8733.9453125:20456.25] [166.19853210449219:2947.5634765625] [-8834.9375:12267.1416015625] [-7817.5:9521] [-5970:10877.5] [-8235:9227.5] [-6015:9773.5] [-8721.5947265625:20229.650390625] [166.19853210449219:2947.5634765625] [-8492.443359375:12012.173828125] [-6012.5:9772] [-5452.5:10062] [-7575:9365] [-6380:9925.5] [-8702.26953125:19972.92578125] [166.19853210449219:2947.5634765625] [-8128.81201171875:11490.158203125] [-6370:9928] [-3708:11376] [-6480:5888.5] [-4575:8302] [-8667.39453125:19698.900390625] [166.19853210449219:2947.5634765625] [-7745.73779296875:10817.6435546875] [-4565:8298] [0:8966.5] [-4735.5:0] none [-8601.14453125:19401.92578125] [166.19853210449219:2947.5634765625] [-7041.580078125:9834.2216796875]
tree_sizes=2820 2851 2819 2833 2807 2816 2808 2811 2802 2821 2821 2832 2819 2823 2832 2831 2830 2819 2832 2841 2817 2848

Tree=0
num_leaves=31
num_cat=0
split_feature=15 75 108 94 4 107 5 11 109 106 92 131 100 19 78 94 145 50 30 71 119 114 17 18 27 142 43 37 29 120
split_gain=1.60272e+07 4.40713e+07 1.97709e+07 2.07938e+07 1.90034e+07 2.65742e+07 2.56857e+07 1.11056e+07 1.51396e+07 1.06621e+07 2.32813e+07 9.86487e+06 9.40205e+06 1.03705e+07 1.28714e+07 2.08991e+07 9.36023e+06 9.30284e+06 1.59399e+07 9.22705e+06 7.33646e+06 8.98921e+06 8.66282e+06 7.00342e+06 6.82277e+06 6.6776e+06 7.25501e+06 9.82612e+06 1.04641e+07 6.56275e+06
threshold=3721.2500000000005 2058.0673828125005 -2912.4999999999995 -3373.7499999999995 10449.387207031252 -1959.7499999999998 1543.0130615234377 8775.6474609375018 6376.9250488281259 3374.5000000000005 3883.2500000000005 1204.775817871094 -4002.4999999999995 1543.0130615234377 3420.2500000000005 1452.2500000000002 1256.123718261719 632.75000000000011 -2520.2499999999995 1419.7500000000002 73.250000000000014 -980.99999999999989 -484.74999999999994 -5535.5397949218741 -2466.1333007812495 -1264.2499999999998 2502.7500000000005 1732.2500000000002 2333.7500000000005 2103.2500000000005
decision_type=2 2 2 2 2 2 2 2 2 2 2 2 2 2 2 2 2 2 2 2 2 2 2 2 2 2 2 2 2 2
left_child=2 4 3 16 5 -2 -6 8 -7 12 -11 -10 -4 20 15 17 -1 18 -15 -19 -14 22 -22 24 -23 -25 -27 28 -28 -9
right_child=1 -3 9 -5 6 7 -8 29 11 10 -12 -13 13 14 -16 -17 -18 19 -20 -21 21 23 -24 25 -26 26 27 -29 -30 -31
leaf_value=-17.322657857255283 59.520050882473363 80.60859266358095 24.294329153977294 3.8053183445225693 6.0969860411574981 6.6310836135500129 -60.260157271569206 48.785296583078349 -43.475541662766993 -49.997656664078669 15.148175151323048 -1.3968243019036775 0.54412162413778342 -19.95515760004189 23.107699271926339 -66.116407298272094 -59.178539697214021 -51.916109146075115 31.176879278882005 -8.3972269178783669 -2.1124304642349983 -6.2370331565789705 -47.008967088202155 23.35769940589487 -42.00390752715392 -0.7556093773452166 -10.624182436568818 -4.2666964352171401 -54.026823813259121 11.996323497270316
leaf_weight=22 24 20 39 42 35 451 25 22 26 32 24 30 14055 35 21 20 34 21 27 29 22 40 21 28 20 9305 41 520 21 27
leaf_count=22 24 20 39 42 35 451 25 22 26 32 24 30 14055 35 21 20 34 21 27 29 22 40 21 28 20 9305 41 520 21 27
internal_value=-0.168587 7.5198 -0.37639 -22.7892 5.23578 8.00691 -21.5518 5.78332 3.58649 -0.286079 -22.078 -20.9334 -0.235786 -0.275276 -13.2515 -19.0359 -42.7352 -10.6287 2.31202 -26.6752 -0.192803 -1.22669 -24.0386 -1.12835 -18.1593 -1.02529 -1.09434 -6.51003 -25.3251 28.5138
internal_weight=25079 660 24419 98 640 580 60 556 507 24321 56 56 24265 24226 153 132 56 112 62 50 24073 10018 43 9975 60 9915 9887 582 62 49
internal_count=25079 660 24419 98 640 580 60 556 507 24321 56 56 24265 24226 153 132 56 112 62 50 24073 10018 43 9975 60 9915 9887 582 62 49
is_linear=0
shrinkage=1


Tree=1
num_leaves=31
num_cat=0
split_feature=15 75 108 94 4 107 5 135 106 92 66 118 79 145 100 26 95 5 5 106 92 4 1 115 119 134 18 122 133 142
split_gain=1.44645e+07 3.97743e+07 1.78432e+07 1.87664e+07 1.71506e+07 2.39832e+07 2.31814e+07 1.07056e+07 9.6225e+06 2.10113e+07 9.25575e+06 1.30202e+07 9.93635e+06 8.44761e+06 8.43365e+06 1.32066e+07 8.12733e+06 9.18694e+06 8.22828e+06 9.96327e+06 7.37477e+06 6.72473e+06 6.15999e+06 8.03618e+06 5.79878e+06 9.31396e+06 8.19339e+06 8.05359e+06 7.49545e+06 1.06157e+07
threshold=3721.2500000000005 2058.0673828125005 -2912.4999999999995 -3373.7499999999995 10449.387207031252 -1959.7499999999998 1543.0130615234377 -258.24999999999994 3374.5000000000005 3883.2500000000005 4155.0000000000009 2312.1000976562505 1652.0000000000002 1256.123718261719 -4002.4999999999995 2058.0673828125005 1719.5149536132815 1256.123718261719 662.33584594726574 1924.5000000000002 1191.0000000000002 8856.1572265625018 5644.5000000000009 1985.7500000000002 73.250000000000014 1503.7500000000002 -5535.5397949218741 699.25000000000011 -885.49999999999989 -1264.2499999999998
decision_type=2 2 2 2 2 2 2 2 2 2 2 2 2 2 2 2 2 2 2 2 2 2 2 2 2 2 2 2 2 2
left_child=2 4 3 13 5 -2 -6 16 10 -10 11 14 -13 -1 -4 24 -7 18 -18 20 -20 22 -9 -24 25 27 -26 -16 -28 -30
right_child=1 -3 8 -5 6 7 -8 21 9 -11 -12 12 -14 -15 15 -17 17 -19 19 -21 -22 -23 23 -25 26 -27 28 -29 29 -31
leaf_value=-16.296367274631155 56.70420646518469 76.738320264816295 23.239770505367183 3.7752103737422398 5.9522931780133934 27.700945339202885 -57.086991088867187 12.088808689758242 -47.337617816030985 14.550924237569175 31.639570907924487 -41.986770270420955 -8.6305255337606503 -56.059454906688018 0.65280887292362322 -32.130040538311007 2.9589703213423491 26.51664164543152 -23.764066735629381 -36.478910220753065 10.796752216599204 33.177248020283876 -27.753127803653481 14.600038401285808 -19.035254118519443 -31.844343688271262 -21.392201937328686 24.010789685635956 33.219814466393515 -0.78900259151259022
leaf_weight=22 24 20 39 42 35 20 25 253 32 24 23 26 158 34 14043 32 80 20 29 44 33 32 24 21 62 22 44 37 23 9756
leaf_count=22 24 20 39 42 35 20 25 253 32 24 23 26 158 34 14043 32 80 20 29 44 33 32 24 21 62 22 44 37 23 9756
internal_value=1.25092e-08 7.30397 -0.197413 -21.4896 5.13415 7.76672 -20.3141 5.65431 -0.111617 -20.814 -0.0638391 -0.0939183 -13.3439 -40.4382 0.00742008 -0.0303026 -2.7295 -5.68392 -9.14634 -18.2824 -5.36879 11.396 9.05703 -7.98832 0.0125202 0.663397 -0.916024 0.71419 -0.80166 -0.709015
internal_weight=25079 660 24419 98 640 580 60 556 24321 56 24265 24242 184 56 24058 24019 226 206 186 106 62 330 298 45 23987 14102 9885 14080 9823 9779
internal_count=25079 660 24419 98 640 580 60 556 24321 56 24265 24242 184 56 24058 24019 226 206 186 106 62 330 298 45 23987 14102 9885 14080 9823 9779
is_linear=0
shrinkage=0.05


Tree=2
num_leaves=31
num_cat=0
split_feature=15 75 138 66 6 10 4 107 5 90 22 76 101 11 135 111 82 124 93 66 133 56 19 51 133 52 40 93 129 99
split_gain=1.30542e+07 3.58963e+07 1.62206e+07 1.816e+07 1.75015e+07 2.21584e+07 1.54784e+07 2.16449e+07 2.09212e+07 1.53937e+07 1.20027e+07 1.42082e+07 1.18763e+07 9.81613e+06 9.66185e+06 9.56253e+06 8.38335e+06 8.19448e+06 7.96094e+06 1.66398e+07 1.332e+07 1.02243e+07 8.75594e+06 8.48859e+06 7.34403e+06 8.55026e+06 7.30817e+06 6.58359e+06 6.08945e+06 6.0505e+06
threshold=3721.2500000000005 2058.0673828125005 1162.1490478515627 4155.0000000000009 -5261.4174804687491 -4342.2499999999991 10449.387207031252 -1959.7499999999998 1543.0130615234377 -2337.4121093749995 1.0000000180025095e-35 -586.65097045898426 -1653.7499999999998 6265.1450195312509 -258.24999999999994 2443.4047851562505 921.95812988281261 1059.9335937500002 -2532.4999999999995 -572.24999999999989 -378.24999999999994 1677.7500000000002 1403.7661743164065 1649.5000000000002 194.75000000000003 3258.7500000000005 1403.7661743164065 2513.7500000000005 32.250000000000007 -880.74999999999989
decision_type=2 2 2 2 2 2 2 2 2 2 2 2 2 2 2 2 2 2 2 2 2 2 2 2 2 2 2 2 2 2
left_child=2 6 15 4 -4 -6 7 -2 -8 -7 12 -12 -11 -14 24 17 -17 -1 22 -20 -21 -22 -13 -23 25 -9 29 -26 -16 -19
right_child=1 -3 3 -5 5 9 8 14 -10 10 11 18 13 -15 28 16 -18 26 19 20 21 23 -24 -25 27 -27 -28 -29 -30 -31
leaf_value=-0.013497016921404979 53.868994808197023 72.90140447616578 -53.889112246554831 36.167741830008374 27.876285394462379 -43.290935753487254 5.6546778760637562 -7.4614182496612731 -54.232641845703121 32.599565419128965 -52.822136057978099 -55.289995307922368 5.9973414761679518 -32.799440075003581 37.566570558547973 -7.6808899905602885 -42.028131790161133 -1.8037804490428861 22.742400411657385 6.9260329373028817 -39.807934227696173 13.045797761281333 -8.5033936500549316 -27.822399563259548 -3.6681064649632109 15.598610932118184 -17.674854933697244 -36.320336892054634 9.1009733002416553 16.86733197493524
leaf_weight=23515 24 20 23 21 37 37 35 88 25 28 23 20 56 23 20 159 20 59 37 49 54 24 20 27 38 74 23 26 310 164
leaf_count=23515 24 20 23 21 37 37 35 88 25 28 23 20 56 23 20 159 20 59 37 49 54 24 20 27 38 74 23 26 310 164
internal_value=-8.7319e-08 6.93877 -0.187542 -9.29788 -11.3825 -9.13507 4.87744 7.37839 -19.2984 -12.5758 -9.42774 -15.3451 4.61918 -5.29792 5.3716 -0.00525935 -11.5186 0.0814745 -11.6137 -7.36591 -14.5997 -24.6451 -31.8967 -8.59031 -2.59303 3.07218 9.15975 -16.9331 10.8262 11.9274
internal_weight=25079 660 24419 479 458 435 640 580 60 398 361 254 107 79 556 23940 179 23761 231 191 154 105 40 51 226 162 246 64 330 223
internal_count=25079 660 24419 479 458 435 640 580 60 398 361 254 107 79 556 23940 179 23761 231 191 154 105 40 51 226 162 246 64 330 223
is_linear=0
shrinkage=0.05


Tree=3
num_leaves=31
num_cat=0
split_feature=10 131 4 107 77 105 93 71 19 85 78 125 133 92 127 119 88 136 4 100 117 89 104 119 18 138 86 134 17 34
split_gain=1.18728e+07 2.23413e+07 1.71954e+07 2.47266e+07 1.73968e+07 1.55625e+07 1.25046e+07 1.04795e+07 1.02614e+07 1.37184e+07 1.76697e+07 1.83593e+07 1.02525e+07 8.56602e+06 8.14861e+06 1.36085e+07 8.08126e+06 1.11982e+07 8.63006e+06 7.86729e+06 7.81891e+06 7.24046e+06 7.46928e+06 6.35332e+06 8.60576e+06 6.19076e+06 8.83915e+06 1.39521e+07 9.80032e+06 8.39538e+06
threshold=3435.0000000000005 2058.0673828125005 10449.387207031252 -1959.7499999999998 4705.7500000000009 -2303.4999999999995 -4166.2499999999991 -3510.4999999999995 1543.0130615234377 -819.74999999999989 3420.2500000000005 1606.9598388671877 -645.24999999999989 326.75000000000006 267.75000000000006 -1505.4999999999998 845.19500732421886 236.25000000000003 8856.1572265625018 535.25000000000011 1543.0130615234377 682.32055664062511 3495.2980957031255 73.250000000000014 -5535.5397949218741 1024.4721679687502 -1223.2499999999998 27.750000000000004 -2980.4999999999995 94.731006622314467
decision_type=2 2 2 2 2 2 2 2 2 2 2 2 2 2 2 2 2 2 2 2 2 2 2 2 2 2 2 2 2 2
left_child=5 2 3 -2 -4 6 12 -7 23 -10 11 13 20 -11 -8 -16 -5 -18 21 -15 -1 22 -19 25 -25 -9 27 28 -27 -29
right_child=1 -3 4 16 -6 7 14 8 9 10 -12 -13 -14 19 15 -17 17 18 -20 -21 -22 -23 -24 24 -26 26 -28 29 -30 -31
leaf_value=-23.919606289496791 56.810799892743432 52.991398139953617 -58.187097894577761 32.210348070584807 3.5440458984375001 27.29994985307966 -0.69357253442265399 0.55280962521833388 25.865328261965796 -38.387837886810303 12.99722922557109 -67.802453613281259 -3.3561535949707029 5.2314668742093176 -53.972168949672152 1.1423321088155112 -3.8351841460826783 7.7869381254002192 36.95260605130877 -31.965127563476564 -63.94084197334621 1.0755602047229427 36.941952160426546 -19.370080160337782 -0.83216185093624873 46.227623839605428 17.948572077941897 -3.260943788470644 3.6663536572142656 -37.793899313608811
leaf_weight=26 24 25 21 26 25 35 173 13602 21 32 37 22 25 44 21 24 258 59 28 21 23 156 35 63 9979 21 125 66 38 24
leaf_count=26 24 25 21 26 25 35 173 13602 21 32 37 22 25 44 21 24 258 59 28 21 23 156 35 63 9979 21 125 66 38 24
internal_value=1.80802e-08 6.63282 4.79902 7.10974 -24.6376 -0.178436 -11.6522 -0.0395907 -0.0793037 -12.0739 -17.1811 -26.5643 -29.4115 -17.2113 -5.6238 -24.5778 4.98728 3.66675 10.629 -6.78589 -42.7051 7.68074 18.6425 0.00945963 -0.948462 0.702703 8.14379 -0.0817069 18.8153 -12.4697
internal_weight=25079 657 632 586 46 24422 292 24130 24095 177 156 119 74 97 218 45 562 536 278 65 49 250 94 23918 10042 13876 274 149 59 90
internal_count=25079 657 632 586 46 24422 292 24130 24095 177 156 119 74 97 218 45 562 536 278 65 49 250 94 23918 10042 13876 274 149 59 90
is_linear=0
shrinkage=0.05


Tree=4
num_leaves=31
num_cat=0
split_feature=22 68 138 27 10 90 44 5 80 117 19 1 144 100 73 73 127 77 9 57 72 40 111 94 85 106 145 134 106 92
split_gain=1.09338e+07 3.56038e+07 1.39965e+07 1.55398e+07 1.87972e+07 1.5786e+07 1.28267e+07 3.06151e+07 2.08594e+07 1.33037e+07 1.04308e+07 9.40218e+06 9.44557e+06 1.14281e+07 9.23971e+06 1.31118e+07 1.36223e+07 1.07146e+07 9.93106e+06 1.47576e+07 1.19274e+07 9.20307e+06 9.08954e+06 9.00865e+06 2.1338e+07 7.80239e+06 7.20934e+06 8.37166e+06 1.23365e+07 7.1531e+06
threshold=3648.7500000000005 2058.0673828125005 1162.1490478515627 -5018.6987304687491 -4342.2499999999991 -2337.4121093749995 5037.5000000000009 736.39074707031261 4597.5000000000009 1543.0130615234377 921.95812988281261 5644.5000000000009 6815.9050292968759 1525.5000000000002 47.250000000000007 887.25000000000011 1060.7500000000002 -319.74999999999994 -2073.7499999999995 -1207.7499999999998 -1442.2499999999998 1543.0130615234377 2443.4047851562505 1543.2500000000002 2841.5000000000005 735.25000000000011 999.44250488281261 24.250000000000004 -1054.7499999999998 -125.74999999999999
decision_type=2 2 2 2 2 2 2 2 2 2 2 2 2 2 2 2 2 2 2 2 2 2 2 2 2 2 2 2 2 2
left_child=2 6 22 -4 -5 -6 9 -8 -9 11 -7 -2 13 -13 17 16 25 18 29 -20 -21 -10 26 -17 -25 -16 -1 28 -28 -12
right_child=1 -3 3 4 5 10 7 8 21 -11 14 12 -14 -15 15 23 -18 -19 19 20 -22 -23 -24 24 -26 -27 27 -29 -30 -31
leaf_value=-0.026112781778020611 8.0604949966505437 72.050393028259279 -46.985038467407229 28.711405072893417 -40.614778879526504 -40.692899274826054 38.279929646578701 -61.743575378944143 17.934685707092285 40.763833618164064 38.691438998346747 -48.544435278574632 14.822376520737359 0.24950489203135173 -23.597352786686113 10.310033369064332 4.0308927990141372 38.748485326766968 -40.611529978999386 15.650990272970763 -29.907740039825441 -30.031637001037598 -11.322270988429558 -54.604399357671326 4.5968336953057181 -64.35069303512573 -4.6032501499827312 1.6811736972864009 29.056518041646044 -2.1943600177764893
leaf_weight=23398 448 20 25 35 37 21 22 29 20 28 23 24 23 24 23 68 21 20 27 51 20 20 176 23 45 24 41 242 81 20
leaf_count=23398 448 20 25 35 37 21 22 29 20 28 23 24 23 24 23 68 21 20 27 51 20 20 176 23 45 24 41 242 81 20
internal_value=-6.69573e-08 6.36017 -0.171369 -8.59829 -6.50294 -9.41666 4.30091 -13.0807 -29.4566 7.19255 -6.42616 5.38138 -11.5234 -24.1475 -4.45465 -11.5219 -29.4486 4.50012 -0.357799 -9.14761 2.81755 -6.04848 -0.00133753 -2.55854 -15.4271 -44.4076 0.0825142 7.06508 17.7446 19.6748
internal_weight=25079 658 24421 483 458 423 638 91 69 547 386 519 71 48 365 204 68 161 141 98 71 40 23938 136 68 47 23762 364 122 43
internal_count=25079 658 24421 483 458 423 638 91 69 547 386 519 71 48 365 204 68 161 141 98 71 40 23938 136 68 47 23762 364 122 43
is_linear=0
shrinkage=0.05


Tree=5
num_leaves=31
num_cat=0
split_feature=10 131 4 107 77 105 93 71 47 78 112 58 133 127 120 88 136 4 117 89 104 107 18 4 108 33 120 113 68 55
split_gain=1.0143e+07 1.91785e+07 1.45825e+07 2.16485e+07 1.50716e+07 1.35132e+07 1.05178e+07 9.45357e+06 9.41993e+06 1.55888e+07 1.48048e+07 1.4881e+07 9.22582e+06 7.30257e+06 1.24546e+07 7.21825e+06 9.99565e+06 7.52184e+06 6.67027e+06 6.44054e+06 6.68944e+06 6.24439e+06 6.15099e+06 1.03599e+07 1.19862e+07 1.56853e+07 1.01262e+07 5.85627e+06 6.25997e+06 8.60654e+06
threshold=3435.0000000000005 2058.0673828125005 10449.387207031252 -1959.7499999999998 4705.7500000000009 -2303.4999999999995 -4166.2499999999991 -3510.4999999999995 1748.575866699219 3420.2500000000005 657.25000000000011 -990.24999999999989 -645.24999999999989 267.75000000000006 5.2500000000000009 845.19500732421886 236.25000000000003 8856.1572265625018 1543.0130615234377 682.32055664062511 3495.2980957031255 -2704.9999999999995 8710.8476562500018 6913.4499511718759 1803.7500000000002 1096.8979492187502 901.50000000000011 1376.5000000000002 718.78482055664074 4295.9265136718759
decision_type=2 2 2 2 2 2 2 2 2 2 2 2 2 2 2 2 2 2 2 2 2 2 2 2 2 2 2 2 2 2
left_child=5 2 3 -2 -4 6 12 -7 21 10 11 -10 18 -8 -15 -5 27 19 -1 20 -18 -9 23 -23 25 -25 -27 -17 -29 -30
right_child=1 -3 4 15 -6 7 13 8 9 -11 -12 -13 -14 14 -16 16 17 -19 -20 -21 -22 22 -24 24 -26 26 -28 28 29 -31
leaf_value=-22.403615698447595 53.064319054285683 49.08264752197266 -53.903435625348777 30.301986709007849 3.5543257446289065 25.9312751361302 -0.66053533836596279 21.409472611371211 24.950909941537041 14.718994903564454 -48.09058723694239 -31.1688109503852 -2.4277243270874025 -50.166431205922912 2.4553364214689837 2.8356724450033006 7.2161381446709072 34.478715733119422 -59.368489095439081 0.92123020795675437 34.807220072065086 0.0053564259341679962 23.818057932677092 30.550834217071532 -50.931572427749636 -37.374109856741768 7.22491930961609 -1.1593319359472243 0.03710019247872489 -41.157235406339169
leaf_weight=26 24 25 21 26 25 35 173 34 21 34 39 27 25 22 23 146 59 28 23 156 35 23818 27 20 20 35 20 59 21 32
leaf_count=26 24 25 21 26 25 35 173 34 21 34 39 27 25 22 23 146 59 28 23 156 35 23818 27 20 20 35 20 59 21 32
internal_value=-1.0896e-07 6.13063 4.43158 6.55951 -22.6764 -0.164926 -10.8566 -0.0355451 -0.073264 -13.9891 -25.2083 -6.61643 -27.1441 -5.3278 -23.2709 4.57354 3.32551 9.90331 -39.7545 7.15087 17.4894 -0.00302917 -0.0334396 -0.0603701 -16.5391 -7.36772 -21.1563 -3.76219 -12.363 -24.835
internal_weight=25079 657 632 586 46 24422 292 24130 24095 121 87 48 74 218 45 562 536 278 49 250 94 23974 23940 23913 95 75 55 258 112 53
internal_count=25079 657 632 586 46 24422 292 24130 24095 121 87 48 74 218 45 562 536 278 49 250 94 23974 23940 23913 95 75 55 258 112 53
is_linear=0
shrinkage=0.05


Tree=6
num_leaves=31
num_cat=0
split_feature=10 58 105 44 5 107 80 27 63 12 78 99 13 40 31 29 29 95 60 64 85 114 62 89 106 104 66 57 48 6
split_gain=9.15402e+06 1.7927e+07 1.21956e+07 1.00537e+07 2.30966e+07 1.93356e+07 1.21157e+07 9.81592e+06 8.79182e+06 1.1328e+07 1.49177e+07 2.29615e+07 1.85584e+07 8.66192e+06 8.46659e+06 7.17263e+06 9.73776e+06 7.87573e+06 1.35842e+07 7.20736e+06 7.04507e+06 9.70317e+06 8.303e+06 7.47791e+06 6.9496e+06 6.81796e+06 1.00604e+07 7.73084e+06 7.2362e+06 6.19414e+06
threshold=3435.0000000000005 -882.74999999999989 -2303.4999999999995 5037.5000000000009 736.39074707031261 -1959.7499999999998 4597.5000000000009 -4378.1613769531241 -4248.9999999999991 1748.575866699219 3420.2500000000005 1983.2500000000002 1641.9727172851565 1543.0130615234377 -154.74999999999997 382.75000000000006 1501.7500000000002 -147.96250152587888 -912.95248413085926 -1431.9999999999998 2068.2500000000005 763.25000000000011 4192.2355957031259 904.78918457031261 -731.24999999999989 2424.037231445313 1911.5000000000002 4286.2500000000009 3523.649536132813 2280.3310546875005
decision_type=2 2 2 2 2 2 2 2 2 2 2 2 2 2 2 2 2 2 2 2 2 2 2 2 2 2 2 2 2 2
left_child=2 -2 7 5 -5 -3 -6 -1 24 25 11 12 14 -8 -11 17 -17 18 -9 -19 22 23 -7 -22 -4 28 -27 29 -10 -28
right_child=1 3 8 4 6 20 13 15 9 10 -12 -13 -14 -15 -16 16 -18 19 -20 -21 21 -23 -24 -25 -26 26 27 -29 -30 -31
leaf_value=-34.380283077343094 47.35103935241699 53.834702246529723 3.010862813677107 35.137494173504059 -47.388964176177979 1.1623407338594283 17.155155019760134 -3.372807456288383 0.063959902622277368 -50.633464145660405 15.137382946014405 -67.456099939346316 28.465962369101391 -29.379573097229002 -7.2468934162803329 -45.854884895324709 -1.2664693037668864 0.28123538034004081 -48.266201605796816 33.972923088073735 11.558883867384512 2.7176282569323438 -30.824902783269465 37.669352726709278 44.193802785873416 -35.754660586653088 -27.11033249446324 19.629393814349996 26.456247905584487 -4.0463136923795489
leaf_weight=37 25 21 21 21 32 172 20 107 23677 22 30 24 21 20 23 25 24 57 20 22 79 202 23 42 20 29 35 29 26 173
leaf_count=37 25 21 21 21 32 172 20 107 23677 22 30 24 21 20 23 25 24 57 20 22 79 202 23 42 20 29 35 29 26 173
internal_value=-4.58231e-08 5.8241 -0.15668 4.18142 -11.0005 6.80094 -24.4574 -10.3138 -0.0337678 -0.0731421 -15.3971 -25.5753 -10.3459 -6.11221 -28.4581 -6.82175 -24.0157 -2.73194 -10.4426 9.66373 4.89416 9.42485 -2.61051 20.622 23.1001 0.00357689 -7.95679 -4.55536 0.0929098 -7.92728
internal_weight=25079 657 24422 632 93 539 72 292 24130 24089 120 90 66 40 45 255 49 206 127 79 518 323 195 121 41 23969 266 237 23703 208
internal_count=25079 657 24422 632 93 539 72 292 24130 24089 120 90 66 40 45 255 49 206 127 79 518 323 195 121 41 23969 266 237 23703 208
is_linear=0
shrinkage=0.05


Tree=7
num_leaves=31
num_cat=0
split_feature=4 85 61 61 94 46 141 71 36 4 66 98 122 26 14 89 12 99 100 1 47 142 107 117 108 85 19 140 119 18
split_gain=8.63417e+06 2.7502e+07 2.15386e+07 2.17988e+07 1.7287e+07 1.70905e+07 1.47042e+07 1.24186e+07 1.24657e+07 9.47874e+06 1.42555e+07 9.56912e+06 1.94594e+07 1.30439e+07 8.94438e+06 2.48708e+07 1.77274e+07 1.12638e+07 1.06756e+07 1.0276e+07 8.73401e+06 7.35914e+06 6.42337e+06 6.17692e+06 8.61843e+06 6.11111e+06 1.23336e+07 5.53768e+06 4.71975e+06 7.7744e+06
threshold=8856.1572265625018 -341.74999999999994 1543.0130615234377 2058.0673828125005 -3373.7499999999995 2098.630004882813 1008.7500000000001 5491.2500000000009 5197.2500000000009 6913.4499511718759 4893.7500000000009 1543.5000000000002 682.25000000000011 1125.364440917969 3859.2500000000005 1256.123718261719 1748.575866699219 1759.7500000000002 -1192.2499999999998 5644.5000000000009 1256.123718261719 -1012.2499999999999 1359.0000000000002 1543.0130615234377 -65.749999999999986 3019.7500000000005 953.96459960937511 -176.24999999999997 73.250000000000014 -5535.5397949218741
decision_type=2 2 2 2 2 2 2 2 2 2 2 2 2 2 2 2 2 2 2 2 2 2 2 2 2 2 2 2 2 2
left_child=4 -2 7 6 5 21 -4 8 22 10 14 12 13 -11 16 19 23 18 -18 27 -15 -1 -3 28 -25 -13 -27 -16 -6 -30
right_child=1 2 3 -5 9 -7 -8 -9 -10 11 -12 25 -14 20 15 -17 17 -19 -20 -21 -22 -23 -24 24 -26 26 -28 -29 29 -31
leaf_value=-32.756299487027256 60.592959960301727 38.702398254394531 -6.7085583305358885 21.173510841701344 0.58585518640968581 -59.194876911329189 -64.227611114501954 44.277812022547572 -23.018170172969501 13.172249044910556 42.279284954071045 -43.204938151918611 34.106789043971467 -50.177180194854742 -6.3322773433249928 62.680736217498783 -31.80841485648244 -46.066977073252204 11.5288622434934 -18.492474608421329 -11.84096377935165 2.6611905813217165 2.4886208931605025 39.09768981933594 -3.7338368871937626 -42.220902865082024 11.466307463853255 13.198485691048379 -18.34039621958657 -0.72096736269090078
leaf_weight=22 24 25 20 23 14066 23 25 31 24 31 20 29 28 24 46 20 27 32 30 40 39 44 24 24 23 20 23 172 63 10037
leaf_count=22 24 25 20 23 14066 23 25 31 24 31 20 29 28 24 46 20 27 32 30 40 39 44 24 24 23 20 23 172 63 10037
internal_value=4.88786e-08 10.4532 3.45693 -18.4246 -0.0823382 -22.079 -38.6636 17.7641 6.50481 -0.0033796 0.0834375 -11.0121 -2.48131 -13.3799 0.049104 8.9668 -0.052909 -22.327 -8.99932 4.80293 -26.4452 -9.14464 20.965 0.0289642 18.1376 -25.4672 -13.5045 9.07732 -0.00625488 -0.830871
internal_weight=25079 196 172 68 24883 89 45 104 73 24794 24600 194 122 94 24580 278 24302 89 57 258 63 66 49 24213 47 72 43 218 24166 10100
internal_count=25079 196 172 68 24883 89 45 104 73 24794 24600 194 122 94 24580 278 24302 89 57 258 63 66 49 24213 47 72 43 218 24166 10100
is_linear=0
shrinkage=0.05


Tree=8
num_leaves=31
num_cat=0
split_feature=22 68 138 27 10 90 44 5 115 117 5 1 13 98 80 99 101 60 22 76 15 144 100 111 75 145 124 0 126 80
split_gain=8.13186e+06 2.93166e+07 1.05082e+07 1.22291e+07 1.59789e+07 1.36735e+07 1.00733e+07 2.34889e+07 1.74379e+07 1.16671e+07 8.74142e+06 7.86341e+06 7.84623e+06 1.19327e+07 1.24251e+07 1.12609e+07 1.6633e+07 1.0386e+07 9.08215e+06 1.24304e+07 7.9411e+06 7.73692e+06 1.00243e+07 7.68624e+06 7.50366e+06 6.66829e+06 6.63565e+06 6.5658e+06 7.14807e+06 8.10009e+06
threshold=3648.7500000000005 2058.0673828125005 1162.1490478515627 -5018.6987304687491 -4342.2499999999991 -2337.4121093749995 5037.5000000000009 736.39074707031261 1338.2500000000002 1543.0130615234377 877.04110717773449 5644.5000000000009 3121.2321777343755 1455.2500000000002 2734.0000000000005 -161.24999999999997 604.25000000000011 2457.462524414063 -32.749999999999993 -527.38302612304676 2812.0000000000005 6815.9050292968759 1525.5000000000002 2443.4047851562505 1204.775817871094 1059.9335937500002 677.21279907226574 3779.5000000000005 10.250000000000002 1634.2500000000002
decision_type=2 2 2 2 2 2 2 2 2 2 2 2 2 2 2 2 2 2 2 2 2 2 2 2 2 2 2 2 2 2
left_child=2 6 23 -4 -5 -6 9 -8 -9 11 -7 27 13 18 17 -14 -17 -15 -12 -20 -21 22 -13 25 -10 -1 -25 -2 29 -29
right_child=1 -3 3 4 5 10 7 8 24 -11 12 21 15 14 -16 16 -18 -19 19 20 -22 -23 -24 26 -26 -27 -28 28 -30 -31
leaf_value=-0.0032020080897274296 0.13133055765859106 65.093671622276304 -41.502523406982419 26.876662131718231 -37.312852622367238 -36.86314552852086 33.200665309212425 -64.132726642063687 12.910849416823616 37.61750946044922 10.747308179556606 -45.251672013600668 42.171398839950569 -18.428623962402344 1.0277166786193848 -27.020338857546449 21.617772736916177 -69.384408988952643 -46.709119625091553 -10.535003628450283 23.800560767310007 12.867271854534099 0.44730924765268965 -2.1415348415281259 -26.939831610079167 8.8629461347499738 -21.809171653438259 8.038241584399449 7.6208421605731802 45.138859072039203
leaf_weight=23548 198 20 25 35 37 21 22 21 21 28 83 24 20 20 25 32 39 20 20 85 21 23 24 102 27 214 74 28 191 31
leaf_count=23548 198 20 25 35 37 21 22 21 21 28 83 24 20 20 25 32 39 20 20 85 21 23 24 102 27 214 74 28 191 31
internal_value=6.78848e-08 5.48502 -0.147789 -7.44948 -5.59069 -8.27711 3.61641 -11.787 -26.1309 6.17896 -5.49389 4.48286 -3.68909 -7.91382 -26.6241 9.03154 -0.30363 -43.9065 -2.09483 -10.5543 -3.73267 -10.9769 -22.4022 -0.000461428 -9.50516 0.0766463 -10.4109 6.93295 12.3198 27.5318
internal_weight=25079 658 24421 483 458 423 638 91 69 547 386 519 365 274 65 91 71 40 209 126 106 71 48 23938 48 23762 176 448 250 59
internal_count=25079 658 24421 483 458 423 638 91 69 547 386 519 365 274 65 91 71 40 209 126 106 71 48 23938 48 23762 176 448 250 59
is_linear=0
shrinkage=0.05


Tree=9
num_leaves=31
num_cat=0
split_feature=4 85 82 45 94 46 78 68 4 70 142 39 106 120 13 98 121 87 142 102 134 14 33 55 12 142 51 111 37 121
split_gain=7.47603e+06 2.41519e+07 1.91638e+07 1.57764e+07 1.48305e+07 1.48659e+07 1.39128e+07 1.05386e+07 8.6677e+06 1.26368e+07 8.80798e+06 8.36124e+06 9.01102e+06 7.66054e+06 7.32048e+06 1.26281e+07 1.27772e+07 7.77013e+06 6.42889e+06 5.84931e+06 5.73928e+06 5.56993e+06 1.25289e+07 1.12838e+07 1.03941e+07 9.30042e+06 6.64276e+06 6.1516e+06 5.74734e+06 5.74677e+06
threshold=8856.1572265625018 -287.24999999999994 1204.775817871094 5486.2500000000009 -3373.7499999999995 2098.630004882813 3420.2500000000005 1543.0130615234377 6913.4499511718759 4907.0000000000009 -141.24999999999997 6029.1201171875009 4080.0000000000005 2103.2500000000005 1837.975524902344 1543.5000000000002 -492.74999999999994 199.75000000000003 -1012.2499999999999 5471.0051269531259 968.00000000000011 3859.2500000000005 1256.123718261719 4944.3808593750009 1748.575866699219 -569.74999999999989 3204.0000000000005 2443.4047851562505 3178.7500000000005 1785.7500000000002
decision_type=2 2 2 2 2 2 2 2 2 2 2 2 2 2 2 2 2 2 2 2 2 2 2 2 2 2 2 2 2 2
left_child=4 -2 13 6 5 18 7 -4 9 11 14 12 21 -3 -10 16 17 -16 -1 -13 -17 24 23 26 27 -26 -23 -6 29 -29
right_child=1 2 3 -5 8 -7 -8 -9 10 -11 -12 19 -14 -15 15 20 -18 -19 -20 -21 -22 22 -24 -25 25 -27 -28 28 -30 -31
leaf_value=-30.456233093955305 55.630349861145021 49.245078412691754 13.6257934700359 -34.023503527274499 0.08286469050734141 -55.066700686579168 30.325905978679657 -32.993599266476103 -34.421704635620124 39.807535450458531 -35.943411674170662 38.877722873687745 -32.748908133733842 10.421356028097648 -20.439767642713647 -38.863982116699219 33.472277349584246 17.188846538377845 2.647153262658553 8.4451569073994968 -6.1731155921672958 1.1254614502437845 45.531229009628298 -28.156532613436383 -36.398127266522998 -2.5588403521643746 20.477167900630405 -17.284677264357313 3.0181695409310172 11.420460586547852
leaf_weight=22 25 24 22 39 23913 23 32 27 20 20 29 20 21 27 34 25 34 23 44 75 29 121 20 24 37 45 70 136 78 20
leaf_count=22 25 24 22 39 23913 23 32 27 20 20 29 20 21 27 34 25 34 23 44 75 29 121 20 24 37 45 70 136 78 20
internal_value=-1.4676e-08 9.72689 3.01585 -7.89623 -0.0766174 -20.4505 4.68357 -12.0624 -0.00348365 0.0795362 -10.5307 0.0472107 -0.0102308 28.6913 -6.06427 -2.1529 9.21372 -5.25629 -8.38731 14.852 -21.3078 0.0178722 7.67851 4.15733 -0.0564293 -17.8278 8.21771 0.00391989 -8.06363 -13.6045
internal_weight=25079 196 171 120 24883 89 81 49 24794 24600 194 24580 24485 51 165 145 91 57 66 95 54 24464 235 215 24229 82 191 24147 234 156
internal_count=25079 196 171 120 24883 89 81 49 24794 24600 194 24580 24485 51 165 145 91 57 66 95 54 24464 235 215 24229 82 191 24147 234 156
is_linear=0
shrinkage=0.05


Tree=10
num_leaves=31
num_cat=0
split_feature=22 68 99 121 26 70 84 87 120 141 44 44 5 115 117 1 36 144 100 75 93 108 113 94 18 111 124 71 32 144
split_gain=6.90546e+06 2.61257e+07 9.18417e+06 1.07213e+07 1.47248e+07 1.45021e+07 1.67571e+07 9.99164e+06 9.54566e+06 1.18167e+07 9.96558e+06 8.29872e+06 2.00871e+07 1.56114e+07 1.05379e+07 6.95106e+06 6.9038e+06 6.49389e+06 8.68858e+06 6.37544e+06 6.17976e+06 7.77834e+06 6.02031e+06 1.90447e+07 5.98222e+06 6.71666e+06 6.18682e+06 7.05769e+06 5.86531e+06 5.78787e+06
threshold=3648.7500000000005 2058.0673828125005 -2216.4999999999995 -2579.7499999999995 1543.0130615234377 -2683.7499999999995 -1039.7499999999998 -2228.7499999999995 171.75000000000003 536.25000000000011 -2392.9999999999995 5037.5000000000009 736.39074707031261 1338.2500000000002 1543.0130615234377 5644.5000000000009 -2321.7499999999995 6815.9050292968759 1525.5000000000002 1204.775817871094 -479.74999999999994 -431.74999999999994 2561.7500000000005 1543.2500000000002 8710.8476562500018 2443.4047851562505 677.21279907226574 3631.2500000000005 991.18750000000011 1953.8325195312502
decision_type=2 2 2 2 2 2 2 2 2 2 2 2 2 2 2 2 2 2 2 2 2 2 2 2 2 2 2 2 2 2
left_child=2 11 8 7 24 -6 -7 -4 9 10 -1 14 -13 -14 15 20 -11 18 -17 -15 -2 -22 23 -8 25 -5 -27 -28 -23 -30
right_child=1 -3 3 4 5 6 22 -9 -10 16 -12 12 13 19 -16 17 -18 -19 -20 -21 21 28 -24 -25 -26 26 27 -29 29 -31
leaf_value=-0.67384854820039541 -11.714220798292827 61.325796204805378 48.631250069141394 0.042973424319115952 -51.640945990189266 29.28340032398701 -9.0066488468824932 8.1435622658580549 21.011585290091379 -59.323755226135262 -33.685760363217064 30.912170349467885 -59.911556577682497 12.438085229056222 35.49489132910967 -42.270831102132803 -17.779192390441896 11.314170095194941 0.27468546231587732 -24.294719851458517 37.852242896670383 25.52516343658035 1.9905075896870006 -60.144663909912111 26.054989238218827 -1.5458986526172536 -29.084313446899941 5.3601543426513674 -15.335940897103512 6.6767085538548274
leaf_weight=108 43 20 20 23765 23 24 67 64 21 20 29 22 21 21 28 24 20 23 24 27 21 37 33 25 22 102 58 20 33 314
leaf_count=108 43 20 20 23765 23 24 67 64 21 20 29 22 21 21 28 24 20 23 24 27 21 37 33 25 22 102 58 20 33 314
internal_value=-2.39472e-08 5.05452 -0.136189 -0.048524 -0.110577 -14.6879 -8.98372 17.7835 -10.861 -14.6425 -7.66177 3.29053 -10.6905 -23.9551 5.61644 4.0045 -38.5515 -10.5307 -20.9981 -8.22412 6.30807 8.22155 -16.331 -22.9028 -0.00596218 -0.0299063 -9.65205 -20.2524 6.60112 4.58329
internal_weight=25079 658 24421 24223 24139 172 149 84 198 177 137 638 91 69 547 519 40 71 48 48 448 405 125 92 23967 23945 180 78 384 347
internal_count=25079 658 24421 24223 24139 172 149 84 198 177 137 638 91 69 547 519 40 71 48 48 448 405 125 92 23967 23945 180 78 384 347
is_linear=0
shrinkage=0.05


Tree=11
num_leaves=31
num_cat=0
split_feature=10 131 4 107 77 105 126 89 127 80 12 78 108 133 17 88 136 47 4 89 104 43 120 54 65 135 1 120 99 135
split_gain=6.4104e+06 1.65143e+07 9.56361e+06 1.54024e+07 1.20361e+07 9.2072e+06 8.28749e+06 1.2176e+07 1.27501e+07 7.92753e+06 6.47818e+06 1.01327e+07 1.98464e+07 8.80306e+06 6.25228e+06 5.60092e+06 8.46297e+06 5.54924e+06 5.51963e+06 5.47577e+06 5.55073e+06 5.40139e+06 9.63238e+06 8.40454e+06 1.27164e+07 8.65577e+06 7.69454e+06 1.28083e+07 6.86159e+06 7.61622e+06
threshold=3435.0000000000005 2058.0673828125005 10449.387207031252 -1959.7499999999998 4705.7500000000009 -2303.4999999999995 140.25000000000003 1748.575866699219 324.75000000000006 -3752.4999999999995 1748.575866699219 3420.2500000000005 896.50000000000011 -50.749999999999993 -3742.4999999999995 845.19500732421886 236.25000000000003 594.43472290039074 8856.1572265625018 682.32055664062511 3495.2980957031255 2502.7500000000005 301.25000000000006 723.86917114257824 3279.7500000000005 -806.24999999999989 2580.5000000000005 1107.7500000000002 2133.2500000000005 958.25000000000011
decision_type=2 2 2 2 2 2 2 2 2 2 2 2 2 2 2 2 2 2 2 2 2 2 2 2 2 2 2 2 2 2
left_child=5 2 3 -2 -4 6 7 8 14 -7 21 12 13 -12 17 -5 -17 -1 19 20 -18 28 -23 -24 25 -25 -27 -28 29 -11
right_child=1 -3 4 15 -6 9 -8 -9 -10 10 11 -13 -14 -15 -16 16 18 -19 -20 -21 -22 22 23 24 -26 26 27 -29 -30 -31
leaf_value=2.7022944211959841 44.246790893872578 44.730842292785645 -46.561525126865938 26.008778123672194 4.7850616455078123 27.053522194756404 22.107724299430849 -38.326415614452628 -39.442959414588081 0.084395946656630819 -24.786473641225271 13.438189306259156 -55.012570405006414 13.330258690407783 2.0453234977782913 -4.2757885966190079 6.1152968713792708 -30.871347767114642 29.350459241867068 0.19648582648772461 31.248571352277487 8.0188567133510826 -2.950049692450913 9.0975547096946023 20.286774331873115 -12.747656532072686 -64.934590896606451 -21.102596016883851 7.6537148245722051 -19.853287659088771
leaf_weight=20 24 25 21 26 25 27 20 36 27 22852 28 30 28 33 157 258 59 32 28 156 35 136 458 22 22 71 25 50 300 48
leaf_count=20 24 25 21 26 25 27 20 36 27 22852 28 30 28 33 157 258 59 32 28 156 35 136 458 22 22 71 25 50 300 48
internal_value=1.41593e-08 4.87378 3.29715 5.02042 -18.6558 -0.131114 -8.95643 -11.2406 -7.10882 -0.024318 -0.0546504 -11.6918 -20.1626 -4.16595 -2.93168 3.34527 2.24592 -17.9584 8.29844 5.94062 15.4734 0.00308921 -4.07867 -6.61766 -15.4585 -20.1395 -24.5451 -35.7133 0.141025 0.0426052
internal_weight=25079 657 632 586 46 24422 292 272 236 24130 24103 119 89 61 209 562 536 52 278 250 94 23984 784 648 190 168 146 75 23200 22900
internal_count=25079 657 632 586 46 24422 292 272 236 24130 24103 119 89 61 209 562 536 52 278 250 94 23984 784 648 190 168 146 75 23200 22900
is_linear=0
shrinkage=0.05


Tree=12
num_leaves=31
num_cat=0
split_feature=4 66 61 61 94 46 71 120 4 70 135 6 82 145 92 39 106 23 121 142 102 145 101 14 33 55 12 142 106 145
split_gain=6.12539e+06 2.20929e+07 2.09136e+07 1.60265e+07 1.18385e+07 1.27503e+07 1.16214e+07 9.38172e+06 7.63468e+06 1.07073e+07 7.95727e+06 1.22914e+07 1.24064e+07 9.99543e+06 7.51341e+06 7.37248e+06 7.78291e+06 5.83176e+06 1.10008e+07 5.47429e+06 5.1125e+06 5.15875e+06 4.55867e+06 4.52148e+06 1.06624e+07 9.55909e+06 8.44395e+06 8.15483e+06 6.40744e+06 5.73696e+06
threshold=8856.1572265625018 203.75000000000003 1543.0130615234377 2058.0673828125005 -3373.7499999999995 2098.630004882813 5491.2500000000009 1877.0000000000002 6913.4499511718759 4907.0000000000009 -1726.4999999999998 2702.433715820313 1403.7661743164065 904.78918457031261 3451.0000000000005 6029.1201171875009 4080.0000000000005 2206.0000000000005 69.750000000000014 -1012.2499999999999 5471.0051269531259 889.46984863281261 1665.2500000000002 3859.2500000000005 1256.123718261719 4944.3808593750009 1748.575866699219 -472.74999999999994 1170.7500000000002 1403.7661743164065
decision_type=2 2 2 2 2 2 2 2 2 2 2 2 2 2 2 2 2 2 2 2 2 2 2 2 2 2 2 2 2 2
left_child=4 -2 6 14 5 19 7 -3 9 15 -10 -12 13 -13 -4 16 23 -15 -19 -1 -17 22 -22 26 25 -25 29 28 -28 -6
right_child=1 2 3 -5 8 -7 -8 -9 10 -11 11 12 -14 17 -16 20 -18 18 -20 -21 21 -23 -24 24 -26 -27 27 -29 -30 -31
leaf_value=-27.465209119970151 47.532896152619401 23.869836652640142 -60.73398073196411 15.855600585937502 -0.034685561966639571 -50.331001907846201 41.059680889498807 -12.571273015674793 14.772159378869194 36.643408594131472 -40.850954919702872 13.955985121293502 19.959800019860268 -47.486405353546147 -18.831093464726987 36.407634110450743 -30.435802440416246 8.8420770072937014 -35.129178495118111 3.0817523089322179 2.548766957010542 -12.39716205596924 31.923760803222656 7.4073034341578712 41.837933731079104 -26.071900367736816 -13.086586506081666 0.48834237563304417 -51.782733259201052 15.445471388498943
leaf_weight=22 31 33 20 20 24087 23 31 38 28 20 34 22 32 20 23 20 21 25 33 44 28 22 25 191 20 24 23 39 20 60
leaf_count=22 31 33 20 20 24087 23 31 38 28 20 34 22 32 20 23 20 21 25 33 44 28 22 25 191 20 24 23 39 20 60
internal_value=9.28418e-08 8.80451 1.52826 -21.1219 -0.0693518 -18.2725 15.5181 4.36614 -0.00401026 0.0739055 -9.88405 -14.0429 -7.13783 -15.8091 -38.3208 0.04415 -0.00978834 -24.2043 -16.1761 -7.10057 13.946 7.95629 16.4049 0.0163295 6.91842 3.67009 -0.0506147 -16.0683 -31.0848 0.00377923
internal_weight=25079 196 165 63 24883 89 102 71 24794 24600 194 166 132 100 43 24580 24485 78 58 66 95 75 53 24464 235 215 24229 82 43 24147
internal_count=25079 196 165 63 24883 89 102 71 24794 24600 194 166 132 100 43 24580 24485 78 58 66 95 75 53 24464 235 215 24229 82 43 24147
is_linear=0
shrinkage=0.05


Tree=13
num_leaves=31
num_cat=0
split_feature=99 68 2 122 17 100 6 128 15 72 39 61 8 5 64 44 4 138 134 50 129 5 22 1 117 96 8 70 92 51
split_gain=5.57473e+06 9.55419e+06 1.30943e+07 8.99643e+06 1.24515e+07 8.29848e+06 9.05036e+06 1.47369e+07 6.93394e+06 6.38586e+06 1.84369e+07 7.66019e+06 1.23416e+07 1.05434e+07 1.23768e+07 1.60713e+07 1.21937e+07 1.49132e+07 8.63057e+06 8.03731e+06 9.84118e+06 6.04505e+06 8.50628e+06 7.69474e+06 6.85671e+06 5.89666e+06 5.8731e+06 8.46532e+06 5.36438e+06 5.19666e+06
threshold=-1284.4999999999998 617.89941406250011 1646.2500000000002 -2356.9999999999995 -2169.4999999999995 -2428.7499999999995 -3252.0395507812495 -1622.9999999999998 928.75000000000011 -3858.7499999999995 -789.83499145507801 2058.0673828125005 2529.2500000000005 1543.0130615234377 5583.5000000000009 5037.5000000000009 10449.387207031252 1748.575866699219 1595.5000000000002 503.25000000000006 -71.249999999999986 1256.123718261719 4092.2500000000005 5644.5000000000009 938.19284057617199 1403.7661743164065 3667.7500000000005 2803.5000000000005 -754.74999999999989 2183.5000000000005
decision_type=2 2 2 2 2 2 2 2 2 2 2 2 2 2 2 2 2 2 2 2 2 2 2 2 2 2 2 2 2 2
left_child=1 -1 3 4 -3 6 -2 -8 -5 10 -7 13 -13 14 15 21 17 19 -16 -15 -21 23 25 26 -25 -23 27 -11 -9 -22
right_child=5 2 -4 8 -6 9 7 28 -10 11 -12 12 -14 16 18 -17 -18 -19 -20 20 29 22 -24 24 -26 -27 -28 -29 -30 -31
leaf_value=1.5652963065625356 -11.898381700204766 -52.805512264796668 29.837988026936848 -5.7494786291997153 -4.2577359886169432 11.365866835221 59.207112920851934 -5.7124333699544279 -27.457144952401883 0.10179744032414205 -54.274154314994817 0.85555733612605511 50.092066955566409 8.3250724669425722 4.0858716293617539 -40.784683163960779 -42.030731839147109 33.546522083282468 44.0640453197338 -51.071060907273072 -23.316137591997784 11.944375516505952 39.650598862057649 6.3541028499603271 -29.355573700695505 -11.853036032782661 5.5170099999635447 -10.937158037594386 28.452606353759769 6.7204827944437673
leaf_weight=426 23 28 21 358 25 23 21 27 41 22869 20 35 20 31 27 24 29 20 27 21 36 94 21 20 41 36 496 175 20 24
leaf_count=426 23 28 21 358 25 23 21 27 41 22869 20 35 20 31 27 24 29 20 27 21 36 94 21 20 41 36 496 175 20 24
internal_value=-4.32651e-08 -3.86612 -8.75784 -10.551 -29.9056 0.14374 15.2143 24.3848 -7.98009 0.0868087 -19.1644 0.121234 18.7597 0.0785052 0.164661 0.110356 -12.6737 -6.22405 24.075 -13.3259 -21.6121 0.151679 10.124 0.0878752 -17.6475 5.35432 0.133833 0.0179658 8.82588 -11.3015
internal_weight=25079 899 473 452 53 24180 91 68 399 24089 43 24046 55 23991 23830 23776 161 132 54 112 81 23752 151 23601 61 130 23540 23044 47 60
internal_count=25079 899 473 452 53 24180 91 68 399 24089 43 24046 55 23991 23830 23776 161 132 54 112 81 23752 151 23601 61 130 23540 23044 47 60
is_linear=0
shrinkage=0.05


Tree=14
num_leaves=31
num_cat=0
split_feature=4 85 54 61 71 36 94 4 51 4 70 142 54 119 126 117 39 106 108 134 107 99 102 145 119 23 92 18 42 55
split_gain=5.33115e+06 2.04393e+07 1.48908e+07 1.54678e+07 1.09084e+07 1.04899e+07 9.94021e+06 1.1607e+07 8.54146e+06 6.69943e+06 9.15289e+06 7.13057e+06 7.58653e+06 8.47025e+06 1.01478e+07 1.1586e+07 6.56095e+06 6.84014e+06 5.84035e+06 5.05302e+06 5.04889e+06 5.01103e+06 4.43096e+06 4.56011e+06 4.34044e+06 7.56735e+06 7.11416e+06 6.12812e+06 5.39121e+06 5.3308e+06
threshold=8856.1572265625018 -287.24999999999994 1543.0130615234377 2058.0673828125005 5491.2500000000009 5197.2500000000009 -3373.7499999999995 2879.452514648438 3506.0000000000005 6913.4499511718759 4907.0000000000009 -141.24999999999997 1403.7661743164065 1696.7500000000002 224.25000000000003 1204.775817871094 6029.1201171875009 4080.0000000000005 -2912.4999999999995 605.75000000000011 1359.0000000000002 1675.5000000000002 5471.0051269531259 889.46984863281261 22.250000000000004 3376.5000000000005 1507.7500000000002 -5535.5397949218741 3257.5000000000005 4944.3808593750009
decision_type=2 2 2 2 2 2 2 2 2 2 2 2 2 2 2 2 2 2 2 2 2 2 2 2 2 2 2 2 2 2
left_child=6 -2 4 8 5 20 7 18 -4 10 16 12 13 14 15 -11 17 24 -1 -14 -3 -16 -18 -24 25 28 -27 -26 -8 -29
right_child=1 2 3 -5 -6 -7 9 -9 -10 11 -12 -13 19 -15 21 -17 22 -19 -20 -21 -22 -23 23 -25 27 26 -28 29 -30 -31
leaf_value=-21.782418072398972 50.442104515075684 31.614848334972677 -10.375501937866211 16.526403936095861 38.637535519753733 -23.864582014083865 0.60220881836334983 -50.283184757232668 -55.053268872136655 2.297463637013589 33.879126167297365 -32.125117920184962 -3.7260336921328587 -38.081022961934408 31.826768341064451 -42.503599039713549 34.06602249145508 -28.533986940838044 7.3140637833731521 31.390599555969239 -0.18761498133341473 -2.7537622598084539 15.522176893702094 -11.557230463894932 -16.01671111767109 4.1759623966046737 43.220335540771487 -0.56895091557845179 -21.360997264725825 -24.158951155344646
leaf_weight=34 25 26 20 23 31 24 13159 20 23 31 20 29 21 24 20 27 20 21 35 20 24 22 53 22 65 28 20 11140 28 24
leaf_count=34 25 26 20 23 31 24 13159 20 23 31 20 29 21 24 20 27 20 21 35 20 24 22 53 22 65 28 20 11140 28 24
internal_value=-3.19247e-09 8.21389 2.04017 -16.5701 13.7381 3.30721 -0.0646997 -16.7446 -34.2729 -0.00482568 0.0681619 -9.25995 -5.24123 -11.4062 -5.00423 -18.5582 0.040651 -0.0102322 -7.02333 13.404 16.3497 13.7132 13.1551 7.57888 0.0142527 0.627706 20.4445 -0.708791 0.555574 -0.619664
internal_weight=25079 196 171 66 105 74 24883 89 43 24794 24600 194 165 124 100 58 24580 24485 69 41 50 42 95 75 24464 13235 48 11229 13187 11164
internal_count=25079 196 171 66 105 74 24883 89 43 24794 24600 194 165 124 100 58 24580 24485 69 41 50 42 95 75 24464 13235 48 11229 13187 11164
is_linear=0
shrinkage=0.05


Tree=15
num_leaves=31
num_cat=0
split_feature=15 89 4 5 107 105 121 12 36 128 126 127 131 107 135 68 55 106 68 122 87 129 126 112 85 17 87 4 119 43
split_gain=5.13536e+06 2.05787e+07 8.24075e+06 1.87724e+07 1.00282e+07 7.1898e+06 8.56488e+06 8.44607e+06 1.11326e+07 1.25411e+07 6.7643e+06 1.09399e+07 1.24711e+07 6.4531e+06 5.90973e+06 6.1803e+06 5.90645e+06 5.70777e+06 4.84839e+06 6.83016e+06 6.83706e+06 4.81688e+06 4.65536e+06 5.62204e+06 7.04775e+06 4.21759e+06 5.0189e+06 4.54987e+06 4.13313e+06 6.82195e+06
threshold=3721.2500000000005 2058.0673828125005 10449.387207031252 1543.0130615234377 -1959.7499999999998 -2303.4999999999995 -2579.7499999999995 1748.575866699219 2120.5000000000005 -560.24999999999989 140.25000000000003 324.75000000000006 1748.575866699219 -2704.9999999999995 -258.24999999999994 1256.123718261719 3918.2998046875005 -912.24999999999989 603.15817260742199 -44.749999999999993 492.75000000000006 32.250000000000007 272.75000000000006 1236.7500000000002 3641.2500000000005 -3742.4999999999995 -3566.2499999999995 3440.8649902343755 22.250000000000004 4121.2500000000009
decision_type=2 2 2 2 2 2 2 2 2 2 2 2 2 2 2 2 2 2 2 2 2 2 2 2 2 2 2 2 2 2
left_child=5 2 4 -4 -2 10 17 13 9 -9 11 12 25 -8 15 18 28 -7 -6 20 -20 -16 -21 -24 -25 -1 -27 -28 -15 -30
right_child=1 -3 3 -5 14 6 7 8 -10 -11 -12 -13 -14 16 21 -17 -18 -19 19 22 -22 -23 23 24 -26 26 27 -29 29 -31
leaf_value=-14.062893898840304 36.138148482640581 51.897187345678155 7.3195997401646213 -51.622059353915134 9.0036435148932714 6.2526254528098635 25.905518754323325 -52.930099670975302 6.9591833835993064 -8.600359655037904 20.148272845745087 -35.654208158122167 -38.728977764569798 0.59496105840857971 31.18312425851822 22.758787972586497 -26.539569963727679 37.731697312990825 -19.818232154846193 -39.848115653991698 13.69289686838786 5.8660297496088099 3.1288869909942152 -44.218324531208388 -3.2079564237594607 -18.88290011882782 1.9361524558550602 27.315771675109865 -0.777167633214638 28.451221895217898
leaf_weight=54 24 22 35 22 44 36 24 27 39 39 20 36 26 12929 20 21 21 24 23 20 45 310 32 22 20 24 111 21 10968 20
leaf_count=54 24 22 35 22 44 36 24 27 39 39 20 36 26 12929 20 21 21 24 23 20 45 310 32 22 20 24 111 21 10968 20
internal_value=3.41326e-09 4.35203 2.71254 -15.4298 4.49243 -0.117627 -0.023242 -0.0702795 -14.2202 -26.7353 -7.91637 -9.97995 -6.06354 -0.00827548 3.12888 -3.08081 -0.0342564 18.8443 -5.71495 -9.71259 2.35825 7.4004 -18.4447 -12.66 -24.6896 -2.01925 2.14971 5.97382 -0.0109838 -0.723967
internal_weight=25079 660 638 57 581 24419 24127 24067 105 66 292 272 236 23962 557 227 23938 60 206 162 68 330 94 74 42 210 156 132 23917 10988
internal_count=25079 660 638 57 581 24419 24127 24067 105 66 292 272 236 23962 557 227 23938 60 206 162 68 330 94 74 42 210 156 132 23917 10988
is_linear=0
shrinkage=0.05


Tree=16
num_leaves=31
num_cat=0
split_feature=4 85 12 13 92 1 94 46 4 66 135 6 82 145 39 106 142 23 121 142 49 121 131 73 19 77 22 135 19 117
split_gain=4.7969e+06 1.84517e+07 1.38346e+07 1.32439e+07 1.16534e+07 9.36388e+06 8.27349e+06 1.04477e+07 6.17358e+06 8.20348e+06 6.66338e+06 1.01491e+07 1.04856e+07 8.27635e+06 5.59929e+06 5.82991e+06 5.48457e+06 4.9866e+06 8.94409e+06 4.51945e+06 3.94885e+06 7.98667e+06 8.86665e+06 7.60041e+06 8.26307e+06 5.47572e+06 5.16327e+06 7.45246e+06 4.40153e+06 5.21289e+06
threshold=8856.1572265625018 -287.24999999999994 864.05914306640636 7359.0429687500009 3451.0000000000005 2315.2500000000005 -3373.7499999999995 2098.630004882813 6913.4499511718759 4893.7500000000009 -1726.4999999999998 2702.433715820313 1403.7661743164065 904.78918457031261 6029.1201171875009 4080.0000000000005 -420.74999999999994 2206.0000000000005 69.750000000000014 -1012.2499999999999 3650.0000000000005 620.75000000000011 921.95812988281261 2875.0000000000005 707.66482543945324 3092.5000000000005 2007.7500000000002 -10.249999999999998 2058.0673828125005 1543.0130615234377
decision_type=2 2 2 2 2 2 2 2 2 2 2 2 2 2 2 2 2 2 2 2 2 2 2 2 2 2 2 2 2 2
left_child=6 -2 -3 5 -5 -4 7 19 9 14 -10 -12 13 -13 15 20 -7 -15 -19 -1 23 22 25 28 -25 -22 -26 -28 29 -8
right_child=1 2 3 4 -6 16 8 -9 10 -11 11 12 -14 17 -16 -17 -18 18 -20 -21 21 -23 -24 24 26 -27 27 -29 -30 -31
leaf_value=-23.66946753696962 47.91393379974366 36.294151657104493 -19.452319485800608 -47.653437286376956 -3.9230666771913185 37.249412487030035 0.017154906305951106 -44.298493658978003 13.671492508479529 32.072703571319579 -37.057011713701137 12.690580298683861 18.489314663410187 -43.562496800422672 12.217085564390143 -25.170788018599801 6.7645084147651993 7.9488333663940427 -31.699505666530499 4.0859144839373505 -2.6411374255462929 18.481028151231651 14.126881196004589 -0.21388204912596112 -2.335190670490265 -36.683509390694752 -50.210935316703939 -11.479911525353142 -18.501542469859125 14.534008141486877
leaf_weight=22 25 25 21 25 39 25 24046 23 28 20 34 22 32 20 94 23 36 25 33 44 27 85 41 79 20 21 27 23 32 62
leaf_count=22 25 25 21 25 39 25 24046 23 28 20 34 22 32 20 94 23 36 25 33 44 27 85 41 79 20 21 27 23 32 62
internal_value=1.17991e-07 7.79146 1.9256 -3.95943 -21.0052 9.34462 -0.0613721 -15.2788 -0.00674797 0.0633166 -8.89123 -12.697 -6.42244 -14.3942 0.0372716 -0.00948586 19.2583 -22.0335 -14.6097 -5.16588 0.0141707 7.51968 -2.94901 -0.0395968 -11.2975 -17.5347 -23.8062 -32.3947 0.0298909 0.0544888
internal_weight=25079 196 171 146 64 82 24883 89 24794 24600 194 166 132 100 24580 24486 61 78 58 66 24463 174 89 24289 149 48 70 50 24140 24108
internal_count=25079 196 171 146 64 82 24883 89 24794 24600 194 166 132 100 24580 24486 61 78 58 66 24463 174 89 24289 149 48 70 50 24140 24108
is_linear=0
shrinkage=0.05


Tree=17
num_leaves=31
num_cat=0
split_feature=99 33 2 122 110 64 133 132 72 61 1 5 80 127 134 93 129 39 6 94 1 26 93 80 0 121 125 145 31 108
split_gain=4.69947e+06 8.43436e+06 1.10487e+07 8.7581e+06 1.45379e+07 7.33671e+06 6.449e+06 6.42257e+06 6.36962e+06 7.91177e+06 1.53801e+07 8.44198e+06 9.66834e+06 9.9928e+06 7.6807e+06 9.077e+06 8.4615e+06 6.8592e+06 1.06522e+07 6.59068e+06 6.35897e+06 8.90682e+06 6.47106e+06 1.01526e+07 6.38139e+06 6.28192e+06 6.06599e+06 5.93717e+06 5.7736e+06 9.4312e+06
threshold=-1284.4999999999998 576.74359130859386 1646.2500000000002 502.25000000000006 1748.575866699219 -3633.7499999999995 -531.74999999999989 -3007.5039062499995 -3858.7499999999995 2058.0673828125005 2178.7500000000005 1543.0130615234377 165.25000000000003 646.25000000000011 1878.0000000000002 3568.7500000000005 1776.2500000000002 7369.7973632812509 3449.1987304687505 1543.2500000000002 5644.5000000000009 723.86917114257824 2513.7500000000005 2563.7500000000005 3779.5000000000005 -1816.2499999999998 1974.344421386719 697.78057861328136 2561.2500000000005 -431.74999999999994
decision_type=2 2 2 2 2 2 2 2 2 2 2 2 2 2 2 2 2 2 2 2 2 2 2 2 2 2 2 2 2 2
left_child=1 27 3 4 6 -2 7 -3 -7 11 -11 14 13 -13 20 16 -16 18 19 -14 24 -22 23 -23 26 -8 -10 -1 -26 -30
right_child=5 2 -4 -5 -6 8 25 -9 9 10 -12 12 17 -15 15 -17 -18 -19 -20 -21 21 22 -24 -25 28 -27 -28 -29 29 -31
leaf_value=0.3757995592904162 28.35802481291087 -22.301464181332975 27.96162792387463 23.386988945007325 -44.706690160159411 -20.624596107328262 -32.396261254752559 0.19208315669688411 0.15387545369507605 -1.6881579399108888 50.378586039335829 -13.128345493316651 -9.4943828582763672 33.657321748279394 23.267672615862907 37.266440949616616 -2.4135045090524279 -36.284750007328235 19.139055009321734 -44.954678535461426 16.750034786406019 -26.258613193736359 -39.250997917992727 18.636632480621341 -4.6222329344930531 -10.460014886045755 -6.1909739890235524 23.585242325464886 42.963045664628346 7.91317699487601
leaf_weight=338 23 37 21 20 29 37 41 223 22912 37 23 25 38 21 47 27 101 38 22 20 21 34 28 20 79 160 383 30 21 223
leaf_count=338 23 37 21 20 29 37 41 223 22912 37 23 25 38 21 47 27 101 38 22 20 21 34 28 20 79 160 383 30 21 223
internal_value=1.25387e-07 -3.54967 -7.58141 -9.04495 -10.3687 0.131975 -8.20861 -3.00892 0.105101 0.1369 18.2708 0.0916785 -11.2137 8.23033 0.169268 10.6058 5.742 -18.7936 -10.4853 -21.7221 0.0922735 -12.3042 -19.745 -9.63074 0.146336 -14.9346 0.0495579 2.26787 7.12602 10.9298
internal_weight=25079 899 531 510 490 24180 461 260 24157 24120 60 24060 164 46 23896 175 148 118 80 58 23721 103 82 54 23618 201 23295 368 323 244
internal_count=25079 899 531 510 490 24180 461 260 24157 24120 60 24060 164 46 23896 175 148 118 80 58 23721 103 82 54 23618 201 23295 368 323 244
is_linear=0
shrinkage=0.05


Tree=18
num_leaves=31
num_cat=0
split_feature=4 85 54 141 71 43 94 4 4 70 98 126 33 33 97 19 39 106 108 102 145 101 121 126 3 122 132 126 92 141
split_gain=4.48241e+06 1.6755e+07 1.22419e+07 1.24551e+07 9.74018e+06 9.07804e+06 7.02987e+06 9.38444e+06 5.49413e+06 7.21628e+06 6.31335e+06 1.50411e+07 9.24718e+06 9.09954e+06 6.20082e+06 5.11484e+06 5.05339e+06 5.47177e+06 4.61538e+06 3.75521e+06 4.12273e+06 3.98658e+06 3.64726e+06 6.32821e+06 6.21648e+06 5.25924e+06 5.56433e+06 6.15269e+06 6.10558e+06 7.46149e+06
threshold=8856.1572265625018 -287.24999999999994 1543.0130615234377 935.50000000000011 5491.2500000000009 4487.7500000000009 -3373.7499999999995 2879.452514648438 6913.4499511718759 4907.0000000000009 1543.5000000000002 697.25000000000011 1096.8979492187502 1204.775817871094 852.08355712890636 953.96459960937511 6029.1201171875009 4080.0000000000005 -2912.4999999999995 5471.0051269531259 889.46984863281261 1665.2500000000002 50.250000000000007 1037.0000000000002 4230.2500000000009 409.25000000000006 1838.375427246094 5.2500000000000009 1639.2500000000002 641.25000000000011
decision_type=2 2 2 2 2 2 2 2 2 2 2 2 2 2 2 2 2 2 2 2 2 2 2 2 2 2 2 2 2 2
left_child=6 -2 4 -4 5 -3 7 18 9 16 11 12 -10 -14 -15 -12 17 22 -1 -18 21 -21 23 24 25 26 28 -28 -8 -30
right_child=1 2 3 -5 -6 -7 8 -9 10 -11 15 -13 13 14 -16 -17 19 -19 -20 20 -22 -23 -24 -25 -26 -27 27 -29 29 -31
leaf_value=-18.465644634471222 45.765101135253907 17.97829128447033 12.009047141441933 -32.443658103942873 36.077057069347752 -17.371127024292946 0.16111508201318481 -44.243552284240728 12.141456898848217 30.078801255226139 -34.619073682842831 31.47030446617692 -49.480053524971012 -28.788411721729098 8.4152511437733963 -7.8728050965529226 30.792714548110965 -25.523587835402719 7.400094233921596 1.003996663434165 -11.786456541581588 28.474012939453129 -0.98200390268625193 -27.045446795508976 16.352328545148257 6.4136122343215085 0.77441912078857422 -34.668119422594707 4.3449821234632422 28.008776348515564
leaf_weight=34 25 42 26 40 31 32 16952 20 30 20 33 27 20 21 24 39 20 21 35 28 22 25 6721 21 61 352 25 24 270 38
leaf_count=34 25 42 26 40 31 32 16952 20 30 20 33 27 20 21 24 39 20 21 35 28 22 25 6721 21 61 352 25 24 270 38
internal_value=9.41301e-08 7.53172 1.94205 -14.932 12.5486 2.69206 -0.0593262 -14.0865 -0.00897456 0.0571221 -8.3903 -1.46106 -10.8205 -21.4183 -8.94646 -20.1315 0.0326944 -0.0119619 -5.34534 11.5423 6.4088 13.9616 0.00993738 0.385682 0.418187 0.363152 0.240108 -16.5852 0.287874 7.26454
internal_weight=25079 196 171 66 105 74 24883 89 24794 24600 194 122 95 65 45 72 24580 24485 69 95 75 53 24464 17743 17722 17661 17309 49 17260 308
internal_count=25079 196 171 66 105 74 24883 89 24794 24600 194 122 95 65 45 72 24580 24485 69 95 75 53 24464 17743 17722 17661 17309 49 17260 308
is_linear=0
shrinkage=0.05


Tree=19
num_leaves=31
num_cat=0
split_feature=41 61 1 9 12 117 141 86 44 131 21 1 134 94 13 18 1 100 145 29 72 74 131 66 59 58 26 23 135 34
split_gain=4.24431e+06 8.43322e+06 3.25863e+07 1.06926e+07 1.06741e+07 9.47704e+06 8.36783e+06 7.28219e+06 1.24575e+07 1.28004e+07 2.1597e+07 9.54858e+06 8.07801e+06 6.04427e+06 1.17788e+07 5.19306e+06 7.47364e+06 5.432e+06 3.90941e+06 3.74878e+06 7.59652e+06 5.16302e+06 4.22413e+06 7.27723e+06 1.12606e+07 9.82813e+06 6.12211e+06 5.98135e+06 5.93766e+06 5.43389e+06
threshold=-4846.4831542968741 2058.0673828125005 2178.7500000000005 -4289.7499999999991 1748.575866699219 2058.0673828125005 529.25000000000011 3826.2500000000005 5037.5000000000009 1543.0130615234377 1465.2500000000002 810.75000000000011 1095.7500000000002 1543.2500000000002 1586.9996337890627 8710.8476562500018 5644.5000000000009 1525.5000000000002 1204.775817871094 3771.2500000000005 2548.5000000000005 940.43499755859386 1204.775817871094 -2057.2499999999995 -571.74999999999989 -309.74999999999994 1162.1490478515627 -3302.7499999999995 -277.24999999999994 -1082.5368652343748
decision_type=2 2 2 2 2 2 2 2 2 2 2 2 2 2 2 2 2 2 2 2 2 2 2 2 2 2 2 2 2 2
left_child=6 4 3 -3 5 7 -1 8 9 15 11 -11 -9 14 -6 16 19 -18 -14 20 22 -22 26 -24 -25 -26 -2 -28 -27 -29
right_child=1 2 -4 -5 13 -7 -8 12 -10 10 -12 -13 18 -15 -16 -17 17 -19 -20 -21 21 -23 23 24 25 28 27 29 -30 -31
leaf_value=-1.2036112348798296 0.0011019941988473967 21.785292469371452 57.866957619984944 -22.015659728803133 -31.67383943939209 -34.355453650951389 -33.480059850215916 -10.480527591705323 -28.574542678657334 20.321764886790309 58.645171020507817 -23.948877840950377 14.479057142469618 -32.25707792733845 14.796054127911729 14.349632683254425 -36.554353764156502 -2.914099105199178 42.873319157687099 5.5232027993998569 -31.025226681320756 -6.914703260803222 -27.358206220575283 17.620599190732268 -33.403318862915043 11.743407266567916 27.965004129970779 -8.7946126461029053 -19.47173068237305 11.084827267039906
leaf_weight=71 23650 22 30 38 25 20 28 20 38 29 25 21 27 38 30 63 24 24 22 305 27 125 37 47 35 39 34 50 25 110
leaf_count=71 23650 22 30 38 25 20 28 20 38 29 25 21 27 38 30 63 24 24 22 305 27 125 37 47 35 39 34 50 25 110
internal_value=2.03691e-08 0.0409487 15.3188 -5.95531 -0.0142946 0.0491165 -10.3323 0.0768879 0.0315895 0.0756525 20.7005 1.72809 16.2976 -16.9219 -6.32662 0.0127592 -0.024059 -19.7342 27.2275 0.0145821 -0.054905 -11.1975 0.0155854 -7.55192 -2.53252 -12.1002 0.0736652 8.91964 -0.450006 4.8725
internal_weight=25079 24980 90 60 24890 24797 99 24777 24708 24670 75 50 69 93 55 24595 24532 48 49 24484 24179 152 24027 183 146 99 23844 194 64 160
internal_count=25079 24980 90 60 24890 24797 99 24777 24708 24670 75 50 69 93 55 24595 24532 48 49 24484 24179 152 24027 183 146 99 23844 194 64 160
is_linear=0
shrinkage=0.05


Tree=20
num_leaves=31
num_cat=0
split_feature=99 68 2 100 6 128 122 110 127 142 72 39 131 59 61 106 0 64 44 114 120 134 29 8 120 10 92 129 16 1
split_gain=4.10892e+06 7.50744e+06 9.8098e+06 6.68275e+06 7.38619e+06 1.17651e+07 6.51255e+06 1.22491e+07 9.06616e+06 9.49936e+06 5.28237e+06 1.5138e+07 5.2187e+06 8.49959e+06 6.5738e+06 1.42663e+07 1.393e+07 1.164e+07 1.38678e+07 6.06873e+06 7.42366e+06 5.85536e+06 5.06176e+06 4.77405e+06 7.63457e+06 5.61609e+06 4.70607e+06 4.36207e+06 3.97242e+06 3.9184e+06
threshold=-1284.4999999999998 617.89941406250011 1646.2500000000002 -2428.7499999999995 -3252.0395507812495 -1622.9999999999998 459.75000000000006 1748.575866699219 320.25000000000006 -345.74999999999994 -3858.7499999999995 -789.83499145507801 2058.0673828125005 1067.2500000000002 1543.0130615234377 3374.5000000000005 2151.7500000000005 5583.5000000000009 5037.5000000000009 -58.249999999999993 534.25000000000011 1595.5000000000002 2903.0000000000005 -1423.7499999999998 -444.24999999999994 -717.74999999999989 -754.74999999999989 139.75000000000003 -2525.4999999999995 5644.5000000000009
decision_type=2 2 2 2 2 2 2 2 2 2 2 2 2 2 2 2 2 2 2 2 2 2 2 2 2 2 2 2 2 2
left_child=1 27 6 4 -2 -6 7 8 23 -10 11 -5 14 -14 17 16 19 18 29 20 -16 -19 -18 28 -25 -26 -7 -1 -3 -12
right_child=3 2 -4 10 5 26 -8 -9 9 -11 12 -13 13 -15 15 -17 22 21 -20 -21 -22 -23 -24 24 25 -27 -28 -29 -30 -31
leaf_value=-0.1106916428690425 -10.845956618889518 -8.4723902180597381 25.750995454334078 10.227652470961862 53.045825413295205 -5.5869020144144699 18.686088829040528 -41.884629411532963 -53.642495455060697 -10.364167183637619 0.15236687564475535 -49.250745077133182 39.544403856450863 -1.0919558925013388 -26.240404429038364 -42.521349743434364 -1.2475554122924806 6.1482449143021194 -38.724325495180878 -38.377512938280901 14.466684850056968 38.504633133986907 28.99119344988177 6.4967050328399196 2.0154710006713867 -33.859601211547854 26.413175735473637 17.433500878016154 -32.158679008483887 -12.33384792956095
leaf_weight=387 23 154 21 23 21 27 20 29 21 32 23698 20 22 31 24 28 25 27 23 24 21 29 31 132 20 24 20 39 20 63
leaf_count=387 23 154 21 23 21 27 20 29 21 32 23698 20 22 31 24 28 25 27 23 24 21 29 31 132 20 24 20 39 20 63
internal_value=-1.02291e-08 -3.31915 -7.65536 0.123404 13.6475 21.9321 -9.20742 -10.4988 -8.24026 -27.5122 0.0723149 -17.4367 0.103625 15.776 0.0690054 -10.262 -3.03593 0.135308 0.0816977 -18.0729 -7.24376 22.9042 15.4918 -5.32194 0.484341 -17.5528 8.03015 1.49547 -11.195 0.119261
internal_weight=25079 899 473 24180 91 68 452 432 403 53 24089 43 24046 53 23993 153 125 23840 23784 69 45 56 56 350 176 44 47 426 174 23761
internal_count=25079 899 473 24180 91 68 452 432 403 53 24089 43 24046 53 23993 153 125 23840 23784 69 45 56 56 350 176 44 47 426 174 23761
is_linear=0
shrinkage=0.05


Tree=21
num_leaves=31
num_cat=0
split_feature=15 89 44 75 25 142 107 55 4 12 73 128 16 140 73 120 121 127 43 30 0 78 32 127 135 108 23 131 40 114
split_gain=3.96184e+06 1.82513e+07 6.67893e+06 1.44991e+07 9.23417e+06 6.5712e+06 6.43554e+06 5.74104e+06 5.98364e+06 1.37247e+07 1.36424e+07 8.68913e+06 7.91096e+06 5.62769e+06 5.78222e+06 7.82635e+06 5.06666e+06 4.69403e+06 4.36361e+06 8.26385e+06 9.20655e+06 7.13456e+06 5.95443e+06 5.69622e+06 5.31056e+06 6.09421e+06 6.05858e+06 4.54423e+06 4.51768e+06 1.03127e+07
threshold=3721.2500000000005 2058.0673828125005 5037.5000000000009 1204.775817871094 8616.2573242187518 -657.24999999999989 -1959.7499999999998 3918.2998046875005 8856.1572265625018 1748.575866699219 -2174.7499999999995 -972.24999999999989 -804.74999999999989 -303.24999999999994 2286.2500000000005 1213.7500000000002 -1259.4999999999998 430.25000000000006 2502.7500000000005 1732.2500000000002 1836.7500000000002 2033.0000000000002 -428.86250305175776 225.75000000000003 958.25000000000011 2228.7500000000005 -311.74999999999994 707.66482543945324 1403.7661743164065 -1881.2499999999998
decision_type=2 2 2 2 2 2 2 2 2 2 2 2 2 2 2 2 2 2 2 2 2 2 2 2 2 2 2 2 2 2
left_child=7 2 6 4 -4 -5 -2 8 9 18 -11 -10 -12 14 -8 -16 -15 -14 21 20 -20 24 -23 -21 25 28 -26 -24 -1 -30
right_child=1 -3 3 5 -6 -7 13 -9 11 10 12 -13 17 16 15 -17 -18 -19 19 23 -22 22 27 -25 26 -27 -28 -29 29 -31
leaf_value=-0.032408827427294541 30.821289946816183 48.598403817957099 -12.156859845381518 -53.009251289367675 31.857201402837582 -12.477776193618775 -20.840250526004368 -24.051512542724609 38.993678871790571 -54.029507198787876 7.6258806473169578 -0.54598851953492022 -41.187452297210697 28.945368107882413 26.798214426494781 -14.998348585764568 4.3241217907231588 -9.7007765802843835 -6.6960050293083855 8.1442761461580968 -36.472167458405366 16.279518062538571 -0.83485210055290759 -3.8157502059210646 -36.660265749976752 -24.685307437896729 -2.689468190329416 9.8347427420723754 31.58614255028802 -1.481136101942796
leaf_weight=22757 22 22 26 20 22 20 45 25 24 21 39 33 20 22 21 24 416 29 87 124 37 108 268 505 21 25 35 159 37 65
leaf_count=22757 22 22 26 20 22 20 45 25 24 21 39 33 20 22 21 24 416 29 87 124 37 108 268 505 21 25 35 159 37 65
internal_value=-4.27796e-08 3.82257 2.27858 -10.5109 8.01625 -32.7435 4.32489 -0.103317 -0.0787739 -0.116672 -17.8191 16.1023 -9.17798 3.22088 -8.16677 4.50671 5.56081 -22.5525 -0.0370298 -3.78365 -15.5808 0.0831492 5.79098 -1.45797 -0.049967 -0.0123338 -15.4285 3.13814 0.0146501 10.5139
internal_weight=25079 660 638 88 48 40 550 24419 24394 24337 109 57 88 528 90 45 438 49 24228 753 124 23475 535 629 22940 22884 56 427 22859 102
internal_count=25079 660 638 88 48 40 550 24419 24394 24337 109 57 88 528 90 45 438 49 24228 753 124 23475 535 629 22940 22884 56 427 22859 102
is_linear=0
shrinkage=0.05


end of trees

feature_importances:
Column_4=29
Column_1=14
Column_5=14
Column_106=14
Column_94=13
Column_107=13
Column_142=13
Column_145=12
Column_92=11
Column_120=11
Column_85=10
Column_99=10
Column_100=10
Column_108=10
Column_117=10
Column_121=10
Column_131=10
Column_135=10
Column_12=9
Column_44=9
Column_61=9
Column_68=9
Column_127=9
Column_134=9
Column_10=8
Column_18=8
Column_19=8
Column_39=8
Column_66=8
Column_71=8
Column_89=8
Column_119=8
Column_126=8
Column_6=7
Column_15=7
Column_22=7
Column_78=7
Column_80=7
Column_93=7
Column_122=7
Column_133=7
Column_33=6
Column_55=6
Column_70=6
Column_75=6
Column_13=5
Column_17=5
Column_23=5
Column_26=5
Column_29=5
Column_43=5
Column_72=5
Column_73=5
Column_77=5
Column_105=5
Column_111=5
Column_129=5
Column_138=5
Column_141=5
Column_0=4
Column_27=4
Column_36=4
Column_40=4
Column_46=4
Column_51=4
Column_54=4
Column_64=4
Column_82=4
Column_87=4
Column_98=4
Column_101=4
Column_102=4
Column_104=4
Column_114=4
Column_128=4
Column_144=4
Column_2=3
Column_8=3
Column_14=3
Column_47=3
Column_58=3
Column_88=3
Column_90=3
Column_115=3
Column_124=3
Column_136=3
Column_9=2
Column_11=2
Column_16=2
Column_30=2
Column_31=2
Column_32=2
Column_34=2
Column_37=2
Column_50=2
Column_57=2
Column_59=2
Column_60=2
Column_76=2
Column_86=2
Column_95=2
Column_110=2
Column_112=2
Column_113=2
Column_125=2
Column_132=2
Column_140=2
Column_3=1
Column_21=1
Column_25=1
Column_41=1
Column_42=1
Column_45=1
Column_48=1
Column_49=1
Column_52=1
Column_56=1
Column_62=1
Column_63=1
Column_65=1
Column_74=1
Column_79=1
Column_84=1
Column_96=1
Column_97=1
Column_109=1
Column_118=1

parameters:
[boosting: gbdt]
[objective: regression]
[metric: l2]
[tree_learner: serial]
[device_type: cpu]
[data_sample_strategy: bagging]
[data: ]
[valid: ]
[num_iterations: 1000]
[learning_rate: 0.05]
[num_leaves: 31]
[num_threads: 0]
[seed: 42]
[deterministic: 1]
[force_col_wise: 0]
[force_row_wise: 0]
[histogram_pool_size: -1]
[max_depth: -1]
[min_data_in_leaf: 20]
[min_sum_hessian_in_leaf: 0.001]
[bagging_fraction: 1]
[pos_bagging_fraction: 1]
[neg_bagging_fraction: 1]
[bagging_freq: 0]
[bagging_seed: 400]
[bagging_by_query: 0]
[feature_fraction: 1]
[feature_fraction_bynode: 1]
[feature_fraction_seed: 30056]
[extra_trees: 0]
[extra_seed: 12879]
[early_stopping_round: 0]
[early_stopping_min_delta: 0]
[first_metric_only: 0]
[max_delta_step: 0]
[lambda_l1: 0]
[lambda_l2: 0]
[linear_lambda: 0]
[min_gain_to_split: 0]
[drop_rate: 0.1]
[max_drop: 50]
[skip_drop: 0.5]
[xgboost_dart_mode: 0]
[uniform_drop: 0]
[drop_seed: 17869]
[top_rate: 0.2]
[other_rate: 0.1]
[min_data_per_group: 100]
[max_cat_threshold: 32]
[cat_l2: 10]
[cat_smooth: 10]
[max_cat_to_onehot: 4]
[top_k: 20]
[monotone_constraints: ]
[monotone_constraints_method: basic]
[monotone_penalty: 0]
[feature_contri: ]
[forcedsplits_filename: ]
[refit_decay_rate: 0.9]
[cegb_tradeoff: 1]
[cegb_penalty_split: 0]
[cegb_penalty_feature_lazy: ]
[cegb_penalty_feature_coupled: ]
[path_smooth: 0]
[interaction_constraints: ]
[verbosity: -1]
[saved_feature_importance_type: 0]
[use_quantized_grad: 0]
[num_grad_quant_bins: 4]
[quant_train_renew_leaf: 0]
[stochastic_rounding: 1]
[linear_tree: 0]
[max_bin: 255]
[max_bin_by_feature: ]
[min_data_in_bin: 3]
[bin_construct_sample_cnt: 200000]
[data_random_seed: 175]
[is_enable_sparse: 1]
[enable_bundle: 1]
[use_missing: 1]
[zero_as_missing: 0]
[feature_pre_filter: 1]
[pre_partition: 0]
[two_round: 0]
[header: 0]
[label_column: ]
[weight_column: ]
[group_column: ]
[ignore_column: ]
[categorical_feature: ]
[forcedbins_filename: ]
[precise_float_parser: 0]
[parser_config_file: ]
[objective_seed: 16083]
[num_class: 1]
[is_unbalance: 0]
[scale_pos_weight: 1]
[sigmoid: 1]
[boost_from_average: 1]
[reg_sqrt: 0]
[alpha: 0.9]
[fair_c: 1]
[poisson_max_delta_step: 0.7]
[tweedie_variance_power: 1.5]
[lambdarank_truncation_level: 30]
[lambdarank_norm: 1]
[label_gain: ]
[lambdarank_position_bias_regularization: 0]
[eval_at: ]
[multi_error_top_k: 1]
[auc_mu_weights: ]
[num_machines: 1]
[local_listen_port: 12400]
[time_out: 120]
[machine_list_filename: ]
[machines: ]
[gpu_platform_id: -1]
[gpu_device_id: -1]
[gpu_device_id_list: ]
[gpu_use_dp: 0]
[num_gpu: 1]

end of parameters

pandas_categorical:null
