tree
version=v4
num_class=1
num_tree_per_iteration=1
label_index=0
max_feature_idx=293
objective=regression
feature_names=Column_0 Column_1 Column_2 Column_3 Column_4 Column_5 Column_6 Column_7 Column_8 Column_9 Column_10 Column_11 Column_12 Column_13 Column_14 Column_15 Column_16 Column_17 Column_18 Column_19 Column_20 Column_21 Column_22 Column_23 Column_24 Column_25 Column_26 Column_27 Column_28 Column_29 Column_30 Column_31 Column_32 Column_33 Column_34 Column_35 Column_36 Column_37 Column_38 Column_39 Column_40 Column_41 Column_42 Column_43 Column_44 Column_45 Column_46 Column_47 Column_48 Column_49 Column_50 Column_51 Column_52 Column_53 Column_54 Column_55 Column_56 Column_57 Column_58 Column_59 Column_60 Column_61 Column_62 Column_63 Column_64 Column_65 Column_66 Column_67 Column_68 Column_69 Column_70 Column_71 Column_72 Column_73 Column_74 Column_75 Column_76 Column_77 Column_78 Column_79 Column_80 Column_81 Column_82 Column_83 Column_84 Column_85 Column_86 Column_87 Column_88 Column_89 Column_90 Column_91 Column_92 Column_93 Column_94 Column_95 Column_96 Column_97 Column_98 Column_99 Column_100 Column_101 Column_102 Column_103 Column_104 Column_105 Column_106 Column_107 Column_108 Column_109 Column_110 Column_111 Column_112 Column_113 Column_114 Column_115 Column_116 Column_117 Column_118 Column_119 Column_120 Column_121 Column_122 Column_123 Column_124 Column_125 Column_126 Column_127 Column_128 Column_129 Column_130 Column_131 Column_132 Column_133 Column_134 Column_135 Column_136 Column_137 Column_138 Column_139 Column_140 Column_141 Column_142 Column_143 Column_144 Column_145 Column_146 Column_147 Column_148 Column_149 Column_150 Column_151 Column_152 Column_153 Column_154 Column_155 Column_156 Column_157 Column_158 Column_159 Column_160 Column_161 Column_162 Column_163 Column_164 Column_165 Column_166 Column_167 Column_168 Column_169 Column_170 Column_171 Column_172 Column_173 Column_174 Column_175 Column_176 Column_177 Column_178 Column_179 Column_180 Column_181 Column_182 Column_183 Column_184 Column_185 Column_186 Column_187 Column_188 Column_189 Column_190 Column_191 Column_192 Column_193 Column_194 Column_195 Column_196 Column_197 Column_198 Column_199 Column_200 Column_201 Column_202 Column_203 Column_204 Column_205 Column_206 Column_207 Column_208 Column_209 Column_210 Column_211 Column_212 Column_213 Column_214 Column_215 Column_216 Column_217 Column_218 Column_219 Column_220 Column_221 Column_222 Column_223 Column_224 Column_225 Column_226 Column_227 Column_228 Column_229 Column_230 Column_231 Column_232 Column_233 Column_234 Column_235 Column_236 Column_237 Column_238 Column_239 Column_240 Column_241 Column_242 Column_243 Column_244 Column_245 Column_246 Column_247 Column_248 Column_249 Column_250 Column_251 Column_252 Column_253 Column_254 Column_255 Column_256 Column_257 Column_258 Column_259 Column_260 Column_261 Column_262 Column_263 Column_264 Column_265 Column_266 Column_267 Column_268 Column_269 Column_270 Column_271 Column_272 Column_273 Column_274 Column_275 Column_276 Column_277 Column_278 Column_279 Column_280 Column_281 Column_282 Column_283 Column_284 Column_285 Column_286 Column_287 Column_288 Column_289 Column_290 Column_291 Column_292 Column_293
feature_infos=[-10245:19550] [-9157.5:19595] [-10267.5:18945] [-9485:19447.5] [-13226.39453125:22482.150390625] [169.64253234863281:2611.72900390625] [-10151.6083984375:19334.744140625] [-9497.5:19447.5] [-8652.5:19582.5] [-9690:18900] [-9212.5:19402.5] [-13118.4453125:22363.42578125] [169.64253234863281:2611.72900390625] [-10066.2353515625:19340.904296875] [-9215:19402.5] [-8412.5:19892.5] [-9492.5:18897.5] [-8520:19130] [-13019.169921875:22235.375] [169.64253234863281:2611.72900390625] [-9794.7587890625:19303.322265625] [-8517.5:19130] [-7797.5:19620] [-9287.5:18625] [-8600:19215] [-12915.9453125:22107.150390625] [169.64253234863281:2611.72900390625] [-9506.826171875:19295.29296875] [-8600:19220] [-8157.5:19865] [-10247.5:18320] [-8282.5:19482.5] [-12816.01953125:21983.44921875] [169.64253234863281:2611.72900390625] [-9244.841796875:19277.310546875] [-8290:19480] [-7857.5:19925] [-10260:18817.5] [-8542.5:19237.5] [-12717.4453125:21873.349609375] [169.64253234863281:2611.72900390625] [-8968.0380859375:19262.783203125] [-8542.5:19235] [-8080:19775] [-9355:18860] [-8474:19392.5] [-12622.9697265625:21762.92578125] [169.64253234863281:2611.72900390625] [-8657.3076171875:19229.802734375] [-8474:19390] [-8185:19835] [-10365:18940] [-9555:19312.5] [-12534.669921875:21653.05078125] [169.64253234863281:2611.72900390625] [-8394.1435546875:19237.3203125] [-9540:19312.5] [-8317.5:20432.5] [-9910:19082.5] [-8730:20050] [-12443.8447265625:21544.80078125] [169.64253234863281:2611.72900390625] [-8363.7666015625:19263.927734375] [-8720:20047.5] [-8290:21182.5] [-9330:19418.5] [-8526.5:20800] [-12336.4951171875:21457.224609375] [169.64253234863281:2611.72900390625] [-8255.923828125:19403.5703125] [-8531.5:20797.5] [-8221.5:21242.5] [-9162.5:19570] [-8682.5:20527.5] [-12242.0947265625:21355.150390625] [169.64253234863281:2611.72900390625] [-8148.9853515625:19458.701171875] [-8675:20525] [-8157.5:20970] [-10115:19297.5] [-9252.5:19737.5] [-12146.294921875:21228.724609375] [169.64253234863281:2611.72900390625] [-8132.7138671875:19271.091796875] [-9242.5:19720] [-8630:19932.5] [-11222.5:17122.5] [-8967.5:17677.5] [-12052.26953125:21102.875] [169.64253234863281:2611.72900390625] [-8116.103515625:19126.21875] [-8962.5:17677.5] [-8590:18017.5] [-11003:17335] [-9145:17700] [-11952.044921875:20974.775390625] [169.64253234863281:2611.72900390625] [-8140.09423828125:18996.5625] [-9142.5:17702.5] [-7860:18042.5] [-12045:17665] [-8647.5:17977.5] [-11859.4697265625:20863.375] [169.64253234863281:2611.72900390625] [-8143.94921875:18903.921875] [-8647.5:17977.5] [-7791.5:17999.5] [-9987.5:17392.5] [-8502.5:17705] [-11764.7197265625:20744.349609375] [169.64253234863281:2611.72900390625] [-8077.2265625:18731.74609375] [-8492.5:17705] [-7540:19077.5] [-12207.5:17313.5] [-8810:18695] [-11673.5947265625:20631.474609375] [169.64253234863281:2611.72900390625] [-8008.7265625:18474.99609375] [-8810:18692.5] [-7762.5:19137.5] [-13720:17465] [-10322.5:17905] [-11586.3447265625:20513.32421875] [169.64253234863281:2611.72900390625] [-7866.478515625:18202.49609375] [-10322.5:17887.5] [-7465:18100] [-13227.5:15012.5] [-9830:15442.5] [-11500.919921875:20379.150390625] [169.64253234863281:2611.72900390625] [-7760.1171875:17834.54296875] [-9830:15426] [-9132.5:15934.5] [-11090:15017.5] [-9930:15572.5] [-11408.6953125:20222.875] [169.64253234863281:2611.72900390625] [-7668.50927734375:17375.0390625] [-9925:15572.5] [-8913:16269] [-11270:15230] [-10480:15600] [-11320.4951171875:20065.224609375] [169.64253234863281:2611.72900390625] [-7597.5087890625:16891.5625] [-10472.5:15599] [-9955:16975.5] [-11912.5:15560] [-10752.5:15872.5] [-11226.669921875:19891.275390625] [169.64253234863281:2611.72900390625] [-7554.326171875:16798.921875] [-10747.5:15872.5] [-9557.5:16651] [-11122.5:14822.5] [-10642.5:15622] [-11138.8203125:19721.55078125] [169.64253234863281:2611.72900390625] [-7228.70556640625:16626.74609375] [-10635:15624] [-10117.5:16661] [-12635:15615.5] [-12155:15896.5] [-11057.5947265625:19531.57421875] [169.64253234863281:2611.72900390625] [-7161.07421875:16369.9970703125] [-12147.5:15895.5] [-11630:17272] [-13587.5:15736.5] [-12427.5:15852.5] [-10974.669921875:19375.55078125] [169.64253234863281:2611.72900390625] [-7138.93115234375:16002.04296875] [-12422.5:15852.5] [-11232.5:17214] [-13095:15717] [-11935:16377] [-10881.14453125:19218.025390625] [169.64253234863281:2611.72900390625] [-7072.66455078125:15542.5390625] [-11930:16381] [-10740:17335] [-12305:16244.5] [-11185:16498] [-10778.044921875:19057.349609375] [169.64253234863281:2611.72900390625] [-7037.876953125:14968.8984375] [-11182.5:16502] [-9727.5:17315.5] [-11555:15675] [-11020:16555] [-10672.64453125:18904.599609375] [169.64253234863281:2611.72900390625] [-7314.599609375:14777.404296875] [-11025:16554] [-10400:17930.5] [-12332.5:15824] [-10865:17006] [-10558.0947265625:18742.900390625] [169.64253234863281:2611.72900390625] [-7637.36328125:14980.00390625] [-10890:17010] [-9907.5:18051.5] [-11840:15786.5] [-11110:16656.5] [-10440.3203125:18581.55078125] [169.64253234863281:2611.72900390625] [-7953.0576171875:15106.048828125] [-11110:16655.5] [-8830:18032] [-11242.5:16251.5] [-10617.5:17184] [-10325.2451171875:18418.69921875] [169.64253234863281:2611.72900390625] [-8045.05224609375:15294.9541015625] [-10617.5:17183] [-8900:18559.5] [-10912.5:13813.5] [-10455:14746] [-10203.5947265625:18265.5] [169.64253234863281:2611.72900390625] [-8264.138671875:15174.23046875] [-10455:14745] [-8407.5:16121.5] [-10857.5:13809] [-9962.5:14741.5] [-10068.9453125:18102.19921875] [169.64253234863281:2611.72900390625] [-8184.8984375:14052.80078125] [-9962.5:14740.5] [-6750:16117] [-10365:13466] [-7760:14398.5] [-9939.0947265625:17916.025390625] [169.64253234863281:2611.72900390625] [-7939.453125:13363.7734375] [-7760:14397.5] [-6450:15774] [-8462.5:12407.5] [-8005:13412.5] [-9802.89453125:17712.849609375] [169.64253234863281:2611.72900390625] [-7783.13916015625:12613.2939453125] [-8005:13414.5] [-5727.5:13826] [-8407.5:13406] [-7065:13522] [-9682.39453125:17529.775390625] [169.64253234863281:2611.72900390625] [-7646.490234375:11895.4033203125] [-7065:13522] [-5315:13850] [-7467.5:12836.5] [-5787.5:12988.5] [-9559.6201171875:17354.94921875] [169.64253234863281:2611.72900390625] [-7469.3095703125:11938.904296875] [-5787.5:12988.5] [-4822.5:15004.5] [-6432.5:12985.5] [-5625:14167.5] [-9435.8203125:17183.525390625] [169.64253234863281:2611.72900390625] [-7098.462890625:12141.50390625] [-5625:14171.5] [-3345:14555.5] [-6387.5:12948] [-4235:13528] [-9319.080078125:17005.69921875] [169.64253234863281:2611.72900390625] [-6675.87548828125:12267.548828125] [-4235:13527.5] [-3530:14450] [-6405:13413] [-4970:14345.5] [-9187.5546875:16811.724609375] [169.64253234863281:2611.72900390625] [-6313.9775390625:12456.4541015625] [-4970:14344.5] [-3110:15721] [-5787.5:8427] [-3950:11128.5] [-9046.330078125:16585.125] [169.64253234863281:2611.72900390625] [-5821.4775390625:12335.73046875] [-3960:11125.5] [0:12050.5] [-5814.5:0] none [-8901.60546875:16358.1748046875] [169.64253234863281:2611.72900390625] [-5292.25244140625:11214.30078125]
tree_sizes=2804 2819 2820 2830 2835 2825 2837 2821

Tree=0
num_leaves=31
num_cat=0
split_feature=65 136 12 269 72 116 93 6 241 129 278 162 185 152 2 142 135 274 292 40 39 96 240 122 222 211 168 191 202 4
split_gain=3.22353e+07 2.55947e+07 1.60179e+07 2.34066e+07 3.04431e+07 2.32387e+07 2.02582e+07 1.48254e+07 1.46279e+07 1.52406e+07 1.09214e+07 1.15721e+07 9.65761e+06 8.67122e+06 7.65977e+06 7.61493e+06 1.14862e+07 7.27195e+06 9.74324e+06 7.1671e+06 1.56445e+07 1.6817e+07 1.68799e+07 3.1635e+07 1.54834e+07 1.68788e+07 1.31239e+07 1.44303e+07 1.41091e+07 1.4046e+07
threshold=-6551.9999999999991 -3263.4999999999995 1289.656921386719 -1392.2499999999998 -1484.7499999999998 10881.802734375002 -2284.4999999999995 -101.65523529052733 2274.0000000000005 4938.2500000000009 1683.2846679687502 4107.5000000000009 1845.2500000000002 1289.656921386719 5660.0000000000009 -5926.2499999999991 -3767.9999999999995 2832.5000000000005 1218.723571777344 829.74215698242199 9696.3222656250018 1082.6817016601565 440.25000000000006 -552.24999999999989 1169.2799072265627 1579.2500000000002 -89.749999999999986 681.75000000000011 70.420993804931655 1920.102478027344
decision_type=2 2 2 2 2 2 2 2 2 2 2 2 2 2 2 2 2 2 2 2 2 2 2 2 2 2 2 2 2 2
left_child=1 -1 5 -4 6 17 15 -6 10 -10 11 12 14 -11 -9 -5 -17 19 -19 -2 21 24 26 -24 -21 -26 28 -28 29 -23
right_child=2 -3 3 4 7 -7 -8 8 9 13 -12 -13 -14 -15 -16 16 -18 18 -20 20 -22 22 23 -25 25 -27 27 -29 -30 -31
leaf_value=-18.416824151933337 -2.6701488412942078 -81.577702735670698 -48.995203500994343 -27.228953956373825 -60.002703043230667 36.60617777076952 46.648859351865163 -26.905342543530757 -66.227703036872839 7.547296389333118 26.409228433795839 -43.81275815938654 19.241879948369373 -37.941908378500941 8.0722959776637033 30.684580892316212 -14.212525332833764 -1.7964537832819345 -48.61770380617012 2.8103271306800033 31.780985717049219 15.781158417810914 -76.973627863508668 -11.34068443769451 67.33479684232843 3.1535462501420803 -36.533081255826765 4.1961599734614108 44.665503170430199 -21.099429809771557
leaf_weight=81 23676 20 40 20 20 38 32 45 24 20 22 23 30 22 24 29 28 25 20 671 41 67 23 91 20 21 43 44 23 42
leaf_count=81 23676 20 40 20 20 38 32 45 24 20 22 23 30 22 24 29 28 25 20 671 41 67 23 91 20 21 43 44 23 42
internal_value=-2.73311 -30.9239 -2.62023 -12.8218 -8.55353 -2.46461 13.2118 -18.8684 -14.9509 -34.443 -6.01694 -11.8643 -4.44191 -16.2804 -14.7392 -0.684116 8.62986 -2.52446 -22.6059 -2.48797 1.48384 0.295149 -8.97964 -24.5824 4.63294 34.4615 -0.857641 -15.9344 9.0793 1.57029
internal_weight=25325 101 25224 379 339 24845 109 230 210 66 144 122 99 42 69 77 57 24807 45 24762 1086 1045 333 114 712 41 219 87 132 109
internal_count=25325 101 25224 379 339 24845 109 230 210 66 144 122 99 42 69 77 57 24807 45 24762 1086 1045 333 114 712 41 219 87 132 109
is_linear=0
shrinkage=1


Tree=1
num_leaves=31
num_cat=0
split_feature=65 136 54 100 63 250 131 278 30 152 292 292 208 19 255 241 127 275 40 37 75 253 264 76 240 274 264 137 131 24
split_gain=2.90924e+07 2.30992e+07 1.49006e+07 1.41068e+07 2.71334e+07 1.77656e+07 1.27437e+07 1.25043e+07 1.24418e+07 1.18113e+07 1.6128e+07 1.26576e+07 2.02933e+07 2.28748e+07 1.58445e+07 2.16874e+07 1.16792e+07 1.06301e+07 9.99879e+06 1.13375e+07 1.18285e+07 1.02997e+07 1.65389e+07 1.37702e+07 1.34044e+07 9.57826e+06 1.26519e+07 8.92895e+06 8.97021e+06 1.0742e+07
threshold=-6551.9999999999991 -3263.4999999999995 1367.7973632812502 1629.7500000000002 -3273.9999999999995 1169.2799072265627 1683.2846679687502 1683.2846679687502 -4294.2499999999991 1495.4898681640627 1495.4898681640627 1289.656921386719 1125.5928955078127 1082.6817016601565 1475.7500000000002 667.25000000000011 108.25000000000001 -464.74999999999994 829.74215698242199 621.25000000000011 955.20053100585949 1863.0000000000002 1169.2799072265627 -638.03439331054676 -698.74999999999989 1737.5000000000002 955.20053100585949 -5629.4999999999991 999.20349121093761 -852.24999999999989
decision_type=2 2 2 2 2 2 2 2 2 2 2 2 2 2 2 2 2 2 2 2 2 2 2 2 2 2 2 2 2 2
left_child=1 -1 9 4 8 -6 16 -5 -4 11 -11 18 -13 17 15 -15 -7 -14 -2 21 -21 22 25 -23 -24 26 27 -20 -29 -30
right_child=2 -3 3 7 5 6 -8 -9 -10 10 -12 12 13 14 -16 -17 -18 -19 19 20 -22 23 24 -25 -26 -27 -28 28 29 -31
leaf_value=-14.899529087396315 0.074218729881294229 -74.902364330291746 -56.981170542423548 -32.131725067021897 -29.522461423006924 14.913837146759034 -4.4256731482113114 6.2973250777633112 -4.5259093722701076 -6.1687335332234703 53.831272880236305 -47.419279082162042 0.26681303977966309 -2.9048904616257243 11.398800179053998 -63.542186136245732 58.416334750034196 51.200706917898998 32.450830312875603 25.60343989656683 6.0690711110091407 -41.726608534782166 52.002125531832384 4.3496350000886359 -0.84268191337585463 33.976552136739095 -13.310023210276951 -0.67459552847757576 49.191904241698133 -0.80293525782498443
leaf_weight=81 23695 20 26 98 22 36 34 27 20 21 24 35 20 29 29 30 27 21 26 114 242 31 30 34 20 21 141 328 21 22
leaf_count=81 23695 20 26 98 22 36 34 27 20 21 24 35 20 29 29 30 27 21 26 114 242 31 30 34 20 21 141 328 21 22
internal_value=5.44707e-08 -26.7813 0.107236 -11.1612 -1.56277 11.0435 20.244 -23.8311 -34.1745 0.238295 25.8313 0.192022 -13.6528 -4.4914 -18.863 -33.7374 33.5578 26.3549 0.283855 5.1065 12.3245 1.29405 3.31334 -17.6252 30.8642 0.849041 -0.44404 4.12549 2.14043 23.6131
internal_weight=25325 101 25224 290 165 119 97 125 46 24934 45 24889 164 129 88 59 63 41 24725 1030 356 674 609 65 50 559 538 397 371 43
internal_count=25325 101 25224 290 165 119 97 125 46 24934 45 24889 164 129 88 59 63 41 24725 1030 356 674 609 65 50 559 538 397 371 43
is_linear=0
shrinkage=0.05


Tree=2
num_leaves=31
num_cat=0
split_feature=37 162 246 14 12 65 129 268 124 244 278 167 40 110 254 289 113 257 54 141 23 104 51 206 280 243 131 233 244 79
split_gain=2.68307e+07 1.903e+07 1.2639e+07 1.64362e+07 1.38353e+07 2.18994e+07 2.40553e+07 1.89575e+07 1.16658e+07 3.07172e+07 2.97024e+07 1.07608e+07 8.70362e+06 1.12465e+07 8.41157e+06 7.26153e+06 7.12787e+06 7.05526e+06 1.33536e+07 1.0644e+07 1.07634e+07 2.15451e+07 1.48818e+07 8.6723e+06 8.16042e+06 9.20573e+06 7.38629e+06 1.14641e+07 9.9117e+06 7.58592e+06
threshold=-6734.9999999999991 -1878.7499999999998 2739.0000000000005 -2918.2499999999995 1218.723571777344 2688.2500000000005 4938.2500000000009 504.25000000000006 1683.2846679687502 1240.7180786132815 1683.2846679687502 -5212.7614746093741 846.42968750000011 781.07574462890636 -2036.7499999999998 -352.24999999999994 8257.2500000000018 1289.656921386719 1367.7973632812502 -4250.4999999999991 -1204.2499999999998 -3572.911499023437 5602.0000000000009 -1529.7499999999998 -244.74999999999997 1218.723571777344 846.42968750000011 -2603.9999999999995 -2515.785522460937 -3451.2499999999995
decision_type=2 2 2 2 2 2 2 2 2 2 2 2 2 2 2 2 2 2 2 2 2 2 2 2 2 2 2 2 2 2
left_child=1 11 8 -4 12 -6 -7 -8 10 -10 16 14 13 -5 -1 -14 17 18 26 -19 21 -21 23 -22 -20 -26 -2 -28 -29 -30
right_child=2 -3 3 4 5 6 7 -9 9 -11 -12 -13 15 -15 -16 -17 -18 19 24 20 22 -23 -24 -25 25 -27 27 28 29 -31
leaf_value=-51.534340801239011 0.1022594538776862 -59.916851756490509 -52.058409409295955 0.98917261488894204 9.8454377676989591 -81.031422719088482 -55.545535612106328 7.7312549854147026 -67.250775146484372 5.6044151746309723 55.889941644668582 11.592413172228584 34.6429150285392 -30.322322411007349 -7.1975984324579656 0.098731017112731939 -25.436940666481302 -22.145062401181178 -41.634695369856701 1.5890533765157064 15.737464681038489 68.585717360178634 41.993675922212148 -21.738152052226823 -26.103976273536684 14.120106307983399 -12.45111107387762 32.303326529926721 -10.106388901320983 7.0655930831701133
leaf_weight=20 23627 29 21 141 37 22 20 29 23 39 24 29 29 36 23 32 27 21 28 24 26 24 21 38 33 25 87 36 71 683
leaf_count=20 23627 29 21 141 37 22 20 29 23 39 24 29 29 36 23 32 27 21 28 24 26 24 21 38 33 25 87 36 71 683
internal_value=4.88252e-08 -25.7192 0.102983 -9.10809 -6.50127 -21.3437 -37.5971 -18.096 0.238979 -21.4225 0.293144 -11.9452 0.233923 -5.37927 -27.8193 16.5214 0.239278 0.267295 0.20048 10.936 16.1593 35.0874 5.47049 -6.51368 -19.4674 -8.76601 0.269507 4.77528 6.67236 5.4486
internal_weight=25325 101 25224 367 346 108 71 49 24857 62 24795 72 238 177 43 61 24771 24744 24590 154 133 48 85 64 86 58 24504 877 790 754
internal_count=25325 101 25224 367 346 108 71 49 24857 62 24795 72 238 177 43 61 24771 24744 24590 154 133 48 85 64 86 58 24504 877 790 754
is_linear=0
shrinkage=0.05


Tree=3
num_leaves=31
num_cat=0
split_feature=72 148 246 14 12 65 129 268 134 278 25 246 2 47 160 242 139 40 268 253 276 254 205 5 89 237 268 205 155 254
split_gain=2.54683e+07 3.45509e+07 1.11637e+07 1.48971e+07 1.21925e+07 2.05909e+07 2.17099e+07 1.71091e+07 9.18449e+06 1.17583e+07 1.87111e+07 1.04146e+07 7.91997e+06 7.24854e+06 1.45998e+07 1.72048e+07 1.30854e+07 9.2501e+06 1.07325e+07 1.11729e+07 9.11956e+06 1.27558e+07 1.00494e+07 1.08283e+07 1.10089e+07 1.10482e+07 9.77155e+06 9.10209e+06 1.15488e+07 8.6503e+06
threshold=-6506.2499999999991 -2124.7499999999995 2739.0000000000005 -2918.2499999999995 1218.723571777344 2688.2500000000005 4938.2500000000009 504.25000000000006 -5083.9999999999991 1683.2846679687502 10995.040039062502 -257.74999999999994 7130.5000000000009 1367.7973632812502 -1260.5267944335935 2242.152465820313 -2532.979125976562 829.74215698242199 612.75000000000011 1863.0000000000002 -989.49999999999989 -3206.2499999999995 2712.7500000000005 1218.723571777344 1039.5981445312502 1755.2740478515627 -261.24999999999994 -1098.2499999999998 1395.7500000000002 978.25000000000011
decision_type=2 2 2 2 2 2 2 2 2 2 2 2 2 2 2 2 2 2 2 2 2 2 2 2 2 2 2 2 2 2
left_child=1 -1 8 -4 12 -6 -7 -8 11 13 -11 -2 -5 17 16 -16 -15 -10 19 20 -19 -22 23 24 25 -23 -25 -20 -29 -21
right_child=2 -3 3 4 5 6 7 -9 9 10 -12 -13 -14 14 15 -17 -18 18 27 29 21 22 -24 26 -26 -27 -28 28 -30 -31
leaf_value=-10.488168408274651 -5.6241479220213719 -83.963213157653811 -49.455489240373886 -3.0405240728956828 10.704213510619269 -76.979850257526749 -52.768257408142091 7.3446913488980003 0.097430437058647082 -2.0086496353149417 60.426434471493678 -47.120957174755283 25.720020703916198 -10.913496652245522 -61.411164579391482 -10.773482609368287 43.131455067225865 -8.5563983630733329 50.088856954574588 -44.706666346958713 42.98607474202695 5.8969253303026887 -29.782197780609131 10.066742416620256 -6.9945682631675581 38.836991988288034 43.940280844948511 -6.4569054603576665 29.108129051208493 0.15743363011967054
leaf_weight=80 54 20 21 211 36 22 20 29 23512 28 21 21 27 24 20 104 21 119 20 21 23 445 20 60 172 27 33 42 50 22
leaf_count=80 54 20 21 211 36 22 20 29 23512 28 21 21 27 24 20 104 21 119 20 21 23 445 20 60 172 27 33 42 50 22
internal_value=-1.03399e-07 -25.1832 0.0998341 -8.56899 -6.08024 -20.0988 -35.7173 -17.1912 0.227465 0.280334 24.7492 -17.2433 0.222227 0.231862 -10.0877 -18.9409 14.3075 0.302855 4.88533 3.14559 4.33651 6.30351 5.18898 6.13799 3.83488 7.78121 22.0864 19.5178 12.8719 -21.7529
internal_weight=25325 100 25225 366 345 107 71 49 24859 24784 49 75 238 24735 169 124 45 24566 1054 942 899 780 757 737 644 472 93 112 92 43
internal_count=25325 100 25225 366 345 107 71 49 24859 24784 49 75 238 24735 169 124 45 24566 1054 942 899 780 757 737 644 472 93 112 92 43
is_linear=0
shrinkage=0.05


Tree=4
num_leaves=31
num_cat=0
split_feature=37 162 124 18 152 278 34 292 173 260 248 240 145 285 215 153 45 167 236 112 5 40 125 89 282 243 131 59 254 250
split_gain=2.32526e+07 1.68611e+07 1.07567e+07 2.80614e+07 1.70724e+07 1.43118e+07 1.28383e+07 1.24363e+07 2.28156e+07 1.94646e+07 1.80258e+07 1.44985e+07 1.31345e+07 1.20977e+07 9.81021e+06 1.31633e+07 1.73464e+07 9.46414e+06 8.86934e+06 8.2181e+06 1.18684e+07 8.16217e+06 1.23848e+07 8.26591e+06 8.07229e+06 7.54793e+06 1.09602e+07 1.18056e+07 7.54025e+06 7.26253e+06
threshold=-6734.9999999999991 -1878.7499999999998 1683.2846679687502 9943.4399414062518 1495.4898681640627 1683.2846679687502 6036.0241699218759 1367.7973632812502 1218.723571777344 2097.0000000000005 355.25000000000006 1310.2500000000002 1367.7973632812502 1218.723571777344 1169.2799072265627 -214.72624969482419 -3482.2499999999995 -5212.7614746093741 1218.723571777344 5182.5000000000009 696.83001708984386 1289.656921386719 3889.102416992188 1218.723571777344 -1141.9999999999998 999.20349121093761 865.92257690429699 -2858.7499999999995 -2036.7499999999998 955.20053100585949
decision_type=2 2 2 2 2 2 2 2 2 2 2 2 2 2 2 2 2 2 2 2 2 2 2 2 2 2 2 2 2 2
left_child=1 17 4 -4 7 24 -5 12 11 10 -10 -9 14 -14 18 16 -16 28 19 21 -21 23 -23 25 -6 26 -2 -28 -1 -29
right_child=2 -3 3 6 5 -7 -8 8 9 -11 -12 -13 13 -15 15 -17 -18 -19 -20 20 -22 22 -24 -25 -26 -27 27 29 -30 -31
leaf_value=-48.317824907302857 0.066019023394318449 -56.132794048046243 -60.963186304385843 23.903035425370742 -16.157620016336441 57.746133277529765 -18.965764346122743 -72.201808307284395 8.9250903292400086 39.765819517771405 -42.58300121899309 -19.925037315156729 -49.954992362976078 -2.4925677439262128 6.0912589562905808 1.270624811155302 56.795801125803308 11.096330234922213 -31.597519182075157 1.3793832828016843 35.979024539849696 -34.109667894316885 12.393343509327282 25.545200741291048 21.027779402556245 -8.4577973403799245 -11.846237397963002 8.7582958042221577 -6.3401626255201258 28.687052145710698
leaf_weight=20 23756 29 26 31 20 21 40 21 41 24 29 36 25 29 37 111 31 29 22 68 39 41 22 32 54 254 62 298 23 54
leaf_count=20 23756 29 26 31 20 21 40 21 41 24 29 36 25 29 37 111 31 29 22 68 39 41 22 32 54 254 62 298 23 54
internal_value=-6.6854e-09 -23.9429 0.0958705 -16.5225 0.160024 21.316 -0.248401 0.079734 -14.2261 0.908525 -12.414 -39.1849 0.166554 -24.4659 0.220131 11.8832 29.2066 -10.9776 0.135431 0.16378 13.9905 0.103441 -17.8705 0.149743 10.9777 0.11647 0.206577 8.272 -25.8647 11.8155
internal_weight=25325 101 25224 97 25127 95 71 25032 151 94 70 57 24881 54 24827 179 68 72 24648 24626 107 24519 63 24456 74 24424 24170 414 43 352
internal_count=25325 101 25224 97 25127 95 71 25032 151 94 70 57 24881 54 24827 179 68 72 24648 24626 107 24519 63 24456 74 24424 24170 414 43 352
is_linear=0
shrinkage=0.05


Tree=5
num_leaves=31
num_cat=0
split_feature=59 115 226 124 284 152 19 6 54 219 285 275 253 138 282 89 173 173 270 292 159 26 143 288 79 5 287 145 215 129
split_gain=2.17956e+07 1.39886e+07 1.5247e+07 1.27455e+07 3.14265e+07 1.62573e+07 1.38312e+07 1.37832e+07 1.35728e+07 1.9032e+07 1.39259e+07 1.27403e+07 1.09025e+07 1.01377e+07 9.48399e+06 8.94866e+06 8.35562e+06 8.55949e+06 8.0762e+06 7.35143e+06 1.57024e+07 1.01202e+07 9.21631e+06 6.26824e+06 7.49762e+06 6.23308e+06 7.29424e+06 5.79912e+06 6.89178e+06 2.05549e+07
threshold=-6207.4999999999991 -4988.7499999999991 -2480.2499999999995 1683.2846679687502 5197.5998535156259 1495.4898681640627 1289.656921386719 5990.9907226562509 1289.656921386719 -1249.7499999999998 1683.2846679687502 -1503.7499999999998 782.75000000000011 1367.7973632812502 1.0000000180025095e-35 1367.7973632812502 1218.723571777344 1082.6817016601565 8956.9550781250018 1367.7973632812502 1125.5928955078127 1082.6817016601565 4737.5000000000009 712.75000000000011 3710.5000000000005 1289.656921386719 19.750000000000004 1289.656921386719 1169.2799072265627 -360.24999999999994
decision_type=2 2 2 2 2 2 2 2 2 2 2 2 2 2 2 2 2 2 2 2 2 2 2 2 2 2 2 2 2 2
left_child=1 2 -1 5 -5 8 -7 -6 10 11 18 -10 -8 16 -15 -13 17 -11 19 22 -21 -22 25 24 -24 27 -27 28 -2 -30
right_child=3 -3 -4 4 7 6 12 -9 9 13 -12 15 -14 14 -16 -17 -18 -19 -20 20 21 -23 23 -25 -26 26 -28 -29 29 -31
leaf_value=-19.646244445923838 0.11866157214051126 -4.3876557416915896 -75.641518472433091 -60.535527070760729 32.36661891107974 46.328305034076465 -8.9038796663284305 -15.038694666779561 -21.792058397376021 -1.3205110770005446 -36.378750492976266 5.572384341009732 34.917561375011097 -20.934820988827521 -64.266724760636052 49.046742875576022 7.0475956299725695 -38.357163920769324 28.637435325622558 -53.453379774093634 26.040664930343628 -23.656500253223239 30.822856122797187 27.979459403423551 -2.757639622337678 -0.92722378458295551 41.264500303268434 -26.770251045227056 54.623551609205165 -2.4901967964172367
leaf_weight=31 24424 50 20 30 23 34 40 46 23 26 26 29 22 28 23 20 34 39 25 20 20 21 22 47 68 21 20 20 23 50
leaf_count=31 24424 50 20 30 23 34 40 46 23 26 26 29 22 28 23 20 34 39 25 20 20 21 22 47 68 21 20 20 23 50
internal_value=-1.29775e-07 -23.1807 -41.6052 0.0928181 -17.8123 0.163369 20.6999 0.763077 0.0846004 -12.2236 0.194747 8.90718 6.64566 -22.3664 -40.4767 23.317 -13.0368 -23.5425 0.23312 0.204436 -17.1318 0.586019 0.247259 13.1797 5.45093 0.175113 19.6541 0.142539 0.164511 15.5045
internal_weight=25325 101 51 25224 99 25125 96 69 25029 222 24807 72 62 150 51 49 99 65 24781 24756 61 41 24695 137 90 24558 41 24517 24497 73
internal_count=25325 101 51 25224 99 25125 96 69 25029 222 24807 72 62 150 51 49 99 65 24781 24756 61 41 24695 137 90 24558 41 24517 24497 73
is_linear=0
shrinkage=0.05


Tree=6
num_leaves=31
num_cat=0
split_feature=72 148 246 14 269 289 50 20 142 283 270 134 157 269 100 246 94 98 289 197 191 288 275 5 261 80 283 187 103 5
split_gain=1.98706e+07 3.02049e+07 9.53244e+06 1.26976e+07 1.10107e+07 1.68035e+07 1.09731e+07 1.25424e+07 1.1967e+07 9.0868e+06 8.17544e+06 7.40683e+06 1.09149e+07 1.14384e+07 9.54787e+06 8.69405e+06 7.27126e+06 5.19054e+06 5.00406e+06 5.42259e+06 5.27054e+06 4.92084e+06 5.41852e+06 6.3528e+06 6.00156e+06 9.56671e+06 6.30163e+06 8.18888e+06 7.89396e+06 7.08434e+06
threshold=-6506.2499999999991 -2124.7499999999995 2739.0000000000005 -2918.2499999999995 -13.249999999999998 -797.24999999999989 6435.5000000000009 10101.130859375002 4367.0000000000009 28.250000000000004 8956.9550781250018 -5083.9999999999991 -4349.2499999999991 64.250000000000014 -3697.7499999999995 -257.74999999999994 7980.0000000000009 -5928.4999999999991 -63.249999999999993 3007.2500000000005 1420.5000000000002 57.750000000000007 -2191.2499999999995 1125.5928955078127 -1889.2499999999998 3197.7500000000005 -434.49999999999994 1039.5981445312502 916.47631835937511 744.63302612304699
decision_type=2 2 2 2 2 2 2 2 2 2 2 2 2 2 2 2 2 2 2 2 2 2 2 2 2 2 2 2 2 2
left_child=1 17 10 -4 -5 9 8 -8 18 -6 11 15 13 14 -13 -2 21 -1 19 20 -7 -14 23 -23 25 26 28 -28 29 -24
right_child=2 -3 3 4 5 6 7 -9 -10 -11 -12 12 16 -15 -16 -17 -18 -19 -20 -21 -22 22 24 -25 -26 -27 27 -29 -30 -31
leaf_value=-18.903306672970455 -4.9019500379209164 -77.203163576126101 -45.669946797688802 -35.110413551330566 3.5368528556823735 -7.527242397439891 -49.100572477976485 -2.1267719798617892 25.52680455988104 51.199201011657721 23.691705518155487 -1.440999117730156 -1.3991344139264807 50.365506381988524 37.488876897948131 -42.816433932667692 -29.985400757789616 7.0938438385725027 9.312733469782648 -3.3999015516109683 -37.1819423298682 -3.7020629687255688 -6.765523835727528 -31.008896773202078 0.4346921151134896 37.299962600072227 5.892340791748282 35.013118644996929 -33.806662511825564 27.144419946670531
leaf_weight=48 54 20 21 29 20 29 30 27 33 20 37 63 4132 20 21 21 20 32 37 89 31 89 67 28 19988 24 228 27 20 20
leaf_count=48 54 20 21 29 20 29 30 27 33 20 37 63 4132 20 21 21 20 32 37 89 31 89 67 28 19988 24 228 27 20 20
internal_value=-1.72991e-07 -22.2442 0.0881829 -7.92228 -5.6246 -2.91862 -7.30799 -26.8498 -2.22176 27.368 0.206121 0.171113 0.218662 16.3826 8.29147 -15.518 0.150446 -8.50445 -7.14489 -11.2317 -22.8488 0.174924 0.492332 -10.237 0.553946 6.7292 4.70241 8.97572 -5.48164 1.02987
internal_weight=25325 100 25225 366 345 316 276 57 219 40 24859 24822 24747 104 84 75 24643 80 186 149 60 24623 20491 117 20374 386 362 255 107 87
internal_count=25325 100 25225 366 345 316 276 57 219 40 24859 24822 24747 104 84 75 24643 80 186 149 60 24623 20491 117 20374 386 362 255 107 87
is_linear=0
shrinkage=0.05


Tree=7
num_leaves=31
num_cat=0
split_feature=37 169 246 14 12 36 134 124 244 278 40 110 113 289 262 281 257 54 141 23 104 51 36 281 206 131 246 288 219 53
split_gain=1.87606e+07 1.53108e+07 8.83128e+06 1.1402e+07 1.01502e+07 1.65128e+07 2.12659e+07 7.82313e+06 2.35874e+07 2.18098e+07 7.30138e+06 9.09494e+06 6.17607e+06 6.02589e+06 6.02571e+06 6.0015e+06 5.94444e+06 9.91705e+06 8.24296e+06 9.2834e+06 1.69138e+07 1.27154e+07 7.84992e+06 9.95937e+06 6.86242e+06 6.46874e+06 1.29367e+07 1.29671e+07 1.06247e+07 1.06072e+07
threshold=-6734.9999999999991 -1628.7499999999998 2739.0000000000005 -2918.2499999999995 1218.723571777344 4580.2500000000009 7837.5000000000009 1683.2846679687502 1240.7180786132815 1683.2846679687502 846.42968750000011 781.07574462890636 8257.2500000000018 -352.24999999999994 1759.2500000000002 318.25000000000006 1289.656921386719 1367.7973632812502 -4250.4999999999991 -1204.2499999999998 -3572.911499023437 5602.0000000000009 -2001.2499999999998 374.25000000000006 -1529.7499999999998 1169.2799072265627 -1244.7499999999998 817.75000000000011 -968.24999999999989 -332.12249755859369
decision_type=2 2 2 2 2 2 2 2 2 2 2 2 2 2 2 2 2 2 2 2 2 2 2 2 2 2 2 2 2 2
left_child=1 15 7 -4 10 14 -7 9 -9 12 11 -5 16 -12 -6 -1 17 25 -18 20 -20 24 -19 -24 -21 -2 -27 28 29 -28
right_child=2 -3 3 4 5 6 -8 8 -10 -11 13 -13 -14 -15 -16 -17 18 22 19 21 -22 -23 23 -25 -26 26 27 -29 -30 -31
leaf_value=-18.217181554047958 0.16266816944300858 -49.451367199059689 -43.386449922834124 0.91243231059811647 25.433966712951662 -65.1463581720988 -6.9809725732514352 -57.697897537894875 6.1445853111071465 47.885032622019452 31.752360588106615 -27.245178641213315 -23.702529310297084 0.28417821526527404 -11.387027561187745 13.534307527000255 -19.094760495140441 -42.551649579134853 2.5118290901184084 13.402674939999214 61.872584931055705 38.447051379794168 -31.019304091842088 8.919327599293478 -19.933845991837352 -24.65779240926107 0.23057055359794978 49.822951122283939 -9.454324699029689 49.380520845496136
leaf_weight=46 24373 33 21 141 20 30 33 23 39 24 29 36 27 32 25 22 21 22 24 26 24 21 27 37 38 21 21 25 41 23
leaf_count=46 24373 33 21 141 20 30 33 23 39 24 29 36 27 32 25 22 21 22 24 26 24 21 27 37 38 21 21 25 41 23
internal_value=-1.51677e-07 -21.5062 0.0861135 -7.61345 -5.44226 -18.1552 -34.6788 0.199793 -17.5389 0.244149 0.326633 -4.81454 0.197991 15.2445 4.97786 -7.94464 0.224071 0.162741 10.0169 14.6135 32.1922 4.68672 -16.7865 -7.92978 -6.39088 0.222226 11.3033 18.1685 8.85843 25.9226
internal_weight=25325 101 25224 367 346 108 63 24857 62 24795 238 177 24771 61 45 68 24744 24590 154 133 48 85 86 64 64 24504 131 110 85 44
internal_count=25325 101 25224 367 346 108 63 24857 62 24795 238 177 24771 61 45 68 24744 24590 154 133 48 85 86 64 64 24504 131 110 85 44
is_linear=0
shrinkage=0.05


end of trees

feature_importances:
Column_246=7
Column_40=6
Column_278=6
Column_5=5
Column_131=5
Column_292=5
Column_12=4
Column_14=4
Column_37=4
Column_54=4
Column_65=4
Column_124=4
Column_129=4
Column_152=4
Column_254=4
Column_268=4
Column_289=4
Column_72=3
Column_89=3
Column_134=3
Column_162=3
Column_173=3
Column_240=3
Column_244=3
Column_253=3
Column_269=3
Column_275=3
Column_288=3
Column_2=2
Column_6=2
Column_19=2
Column_23=2
Column_36=2
Column_51=2
Column_59=2
Column_79=2
Column_100=2
Column_104=2
Column_110=2
Column_113=2
Column_136=2
Column_141=2
Column_142=2
Column_145=2
Column_148=2
Column_167=2
Column_191=2
Column_205=2
Column_206=2
Column_215=2
Column_219=2
Column_241=2
Column_243=2
Column_250=2
Column_257=2
Column_264=2
Column_270=2
Column_274=2
Column_281=2
Column_282=2
Column_283=2
Column_285=2
Column_4=1
Column_18=1
Column_20=1
Column_24=1
Column_25=1
Column_26=1
Column_30=1
Column_34=1
Column_39=1
Column_45=1
Column_47=1
Column_50=1
Column_53=1
Column_63=1
Column_75=1
Column_76=1
Column_80=1
Column_93=1
Column_94=1
Column_96=1
Column_98=1
Column_103=1
Column_112=1
Column_115=1
Column_116=1
Column_122=1
Column_125=1
Column_127=1
Column_135=1
Column_137=1
Column_138=1
Column_139=1
Column_143=1
Column_153=1
Column_155=1
Column_157=1
Column_159=1
Column_160=1
Column_168=1
Column_169=1
Column_185=1
Column_187=1
Column_197=1
Column_202=1
Column_208=1
Column_211=1
Column_222=1
Column_226=1
Column_233=1
Column_236=1
Column_237=1
Column_242=1
Column_248=1
Column_255=1
Column_260=1
Column_261=1
Column_262=1
Column_276=1
Column_280=1
Column_284=1
Column_287=1

parameters:
[boosting: gbdt]
[objective: regression]
[metric: l2]
[tree_learner: serial]
[device_type: cpu]
[data_sample_strategy: bagging]
[data: ]
[valid: ]
[num_iterations: 1000]
[learning_rate: 0.05]
[num_leaves: 31]
[num_threads: 0]
[seed: 42]
[deterministic: 1]
[force_col_wise: 0]
[force_row_wise: 0]
[histogram_pool_size: -1]
[max_depth: -1]
[min_data_in_leaf: 20]
[min_sum_hessian_in_leaf: 0.001]
[bagging_fraction: 1]
[pos_bagging_fraction: 1]
[neg_bagging_fraction: 1]
[bagging_freq: 0]
[bagging_seed: 400]
[bagging_by_query: 0]
[feature_fraction: 1]
[feature_fraction_bynode: 1]
[feature_fraction_seed: 30056]
[extra_trees: 0]
[extra_seed: 12879]
[early_stopping_round: 0]
[early_stopping_min_delta: 0]
[first_metric_only: 0]
[max_delta_step: 0]
[lambda_l1: 0]
[lambda_l2: 0]
[linear_lambda: 0]
[min_gain_to_split: 0]
[drop_rate: 0.1]
[max_drop: 50]
[skip_drop: 0.5]
[xgboost_dart_mode: 0]
[uniform_drop: 0]
[drop_seed: 17869]
[top_rate: 0.2]
[other_rate: 0.1]
[min_data_per_group: 100]
[max_cat_threshold: 32]
[cat_l2: 10]
[cat_smooth: 10]
[max_cat_to_onehot: 4]
[top_k: 20]
[monotone_constraints: ]
[monotone_constraints_method: basic]
[monotone_penalty: 0]
[feature_contri: ]
[forcedsplits_filename: ]
[refit_decay_rate: 0.9]
[cegb_tradeoff: 1]
[cegb_penalty_split: 0]
[cegb_penalty_feature_lazy: ]
[cegb_penalty_feature_coupled: ]
[path_smooth: 0]
[interaction_constraints: ]
[verbosity: -1]
[saved_feature_importance_type: 0]
[use_quantized_grad: 0]
[num_grad_quant_bins: 4]
[quant_train_renew_leaf: 0]
[stochastic_rounding: 1]
[linear_tree: 0]
[max_bin: 255]
[max_bin_by_feature: ]
[min_data_in_bin: 3]
[bin_construct_sample_cnt: 200000]
[data_random_seed: 175]
[is_enable_sparse: 1]
[enable_bundle: 1]
[use_missing: 1]
[zero_as_missing: 0]
[feature_pre_filter: 1]
[pre_partition: 0]
[two_round: 0]
[header: 0]
[label_column: ]
[weight_column: ]
[group_column: ]
[ignore_column: ]
[categorical_feature: ]
[forcedbins_filename: ]
[precise_float_parser: 0]
[parser_config_file: ]
[objective_seed: 16083]
[num_class: 1]
[is_unbalance: 0]
[scale_pos_weight: 1]
[sigmoid: 1]
[boost_from_average: 1]
[reg_sqrt: 0]
[alpha: 0.9]
[fair_c: 1]
[poisson_max_delta_step: 0.7]
[tweedie_variance_power: 1.5]
[lambdarank_truncation_level: 30]
[lambdarank_norm: 1]
[label_gain: ]
[lambdarank_position_bias_regularization: 0]
[eval_at: ]
[multi_error_top_k: 1]
[auc_mu_weights: ]
[num_machines: 1]
[local_listen_port: 12400]
[time_out: 120]
[machine_list_filename: ]
[machines: ]
[gpu_platform_id: -1]
[gpu_device_id: -1]
[gpu_device_id_list: ]
[gpu_use_dp: 0]
[num_gpu: 1]

end of parameters

pandas_categorical:null
