tree
version=v4
num_class=1
num_tree_per_iteration=1
label_index=0
max_feature_idx=293
objective=regression
feature_names=Column_0 Column_1 Column_2 Column_3 Column_4 Column_5 Column_6 Column_7 Column_8 Column_9 Column_10 Column_11 Column_12 Column_13 Column_14 Column_15 Column_16 Column_17 Column_18 Column_19 Column_20 Column_21 Column_22 Column_23 Column_24 Column_25 Column_26 Column_27 Column_28 Column_29 Column_30 Column_31 Column_32 Column_33 Column_34 Column_35 Column_36 Column_37 Column_38 Column_39 Column_40 Column_41 Column_42 Column_43 Column_44 Column_45 Column_46 Column_47 Column_48 Column_49 Column_50 Column_51 Column_52 Column_53 Column_54 Column_55 Column_56 Column_57 Column_58 Column_59 Column_60 Column_61 Column_62 Column_63 Column_64 Column_65 Column_66 Column_67 Column_68 Column_69 Column_70 Column_71 Column_72 Column_73 Column_74 Column_75 Column_76 Column_77 Column_78 Column_79 Column_80 Column_81 Column_82 Column_83 Column_84 Column_85 Column_86 Column_87 Column_88 Column_89 Column_90 Column_91 Column_92 Column_93 Column_94 Column_95 Column_96 Column_97 Column_98 Column_99 Column_100 Column_101 Column_102 Column_103 Column_104 Column_105 Column_106 Column_107 Column_108 Column_109 Column_110 Column_111 Column_112 Column_113 Column_114 Column_115 Column_116 Column_117 Column_118 Column_119 Column_120 Column_121 Column_122 Column_123 Column_124 Column_125 Column_126 Column_127 Column_128 Column_129 Column_130 Column_131 Column_132 Column_133 Column_134 Column_135 Column_136 Column_137 Column_138 Column_139 Column_140 Column_141 Column_142 Column_143 Column_144 Column_145 Column_146 Column_147 Column_148 Column_149 Column_150 Column_151 Column_152 Column_153 Column_154 Column_155 Column_156 Column_157 Column_158 Column_159 Column_160 Column_161 Column_162 Column_163 Column_164 Column_165 Column_166 Column_167 Column_168 Column_169 Column_170 Column_171 Column_172 Column_173 Column_174 Column_175 Column_176 Column_177 Column_178 Column_179 Column_180 Column_181 Column_182 Column_183 Column_184 Column_185 Column_186 Column_187 Column_188 Column_189 Column_190 Column_191 Column_192 Column_193 Column_194 Column_195 Column_196 Column_197 Column_198 Column_199 Column_200 Column_201 Column_202 Column_203 Column_204 Column_205 Column_206 Column_207 Column_208 Column_209 Column_210 Column_211 Column_212 Column_213 Column_214 Column_215 Column_216 Column_217 Column_218 Column_219 Column_220 Column_221 Column_222 Column_223 Column_224 Column_225 Column_226 Column_227 Column_228 Column_229 Column_230 Column_231 Column_232 Column_233 Column_234 Column_235 Column_236 Column_237 Column_238 Column_239 Column_240 Column_241 Column_242 Column_243 Column_244 Column_245 Column_246 Column_247 Column_248 Column_249 Column_250 Column_251 Column_252 Column_253 Column_254 Column_255 Column_256 Column_257 Column_258 Column_259 Column_260 Column_261 Column_262 Column_263 Column_264 Column_265 Column_266 Column_267 Column_268 Column_269 Column_270 Column_271 Column_272 Column_273 Column_274 Column_275 Column_276 Column_277 Column_278 Column_279 Column_280 Column_281 Column_282 Column_283 Column_284 Column_285 Column_286 Column_287 Column_288 Column_289 Column_290 Column_291 Column_292 Column_293
feature_infos=[-10245:19550] [-9157.5:19595] [-10267.5:18945] [-9485:19447.5] [-13226.39453125:22482.150390625] [169.64253234863281:2611.72900390625] [-10151.6083984375:19334.744140625] [-9497.5:19447.5] [-8652.5:19582.5] [-9690:18900] [-9212.5:19402.5] [-13118.4453125:22363.42578125] [169.64253234863281:2611.72900390625] [-10066.2353515625:19340.904296875] [-9215:19402.5] [-8412.5:19892.5] [-9492.5:18897.5] [-8520:19130] [-13019.169921875:22235.375] [169.64253234863281:2611.72900390625] [-9794.7587890625:19303.322265625] [-8517.5:19130] [-7797.5:19620] [-9287.5:18625] [-8600:19215] [-12915.9453125:22107.150390625] [169.64253234863281:2611.72900390625] [-9506.826171875:19295.29296875] [-8600:19220] [-8157.5:19865] [-10247.5:18320] [-8282.5:19482.5] [-12816.01953125:21983.44921875] [169.64253234863281:2611.72900390625] [-9244.841796875:19277.310546875] [-8290:19480] [-7857.5:19925] [-10260:18817.5] [-8542.5:19237.5] [-12717.4453125:21873.349609375] [169.64253234863281:2611.72900390625] [-8968.0380859375:19262.783203125] [-8542.5:19235] [-8080:19775] [-9355:18860] [-8474:19392.5] [-12622.9697265625:21762.92578125] [169.64253234863281:2611.72900390625] [-8657.3076171875:19229.802734375] [-8474:19390] [-8185:19835] [-10365:18940] [-9555:19312.5] [-12534.669921875:21653.05078125] [169.64253234863281:2611.72900390625] [-8394.1435546875:19237.3203125] [-9540:19312.5] [-8317.5:20432.5] [-9910:19082.5] [-8730:20050] [-12443.8447265625:21544.80078125] [169.64253234863281:2611.72900390625] [-8363.7666015625:19263.927734375] [-8720:20047.5] [-8290:21182.5] [-9330:19418.5] [-8526.5:20800] [-12336.4951171875:21457.224609375] [169.64253234863281:2611.72900390625] [-8255.923828125:19403.5703125] [-8531.5:20797.5] [-8221.5:21242.5] [-9162.5:19570] [-8682.5:20527.5] [-12242.0947265625:21355.150390625] [169.64253234863281:2611.72900390625] [-8148.9853515625:19458.701171875] [-8675:20525] [-8157.5:20970] [-10115:19297.5] [-9252.5:19737.5] [-12146.294921875:21228.724609375] [169.64253234863281:2611.72900390625] [-8132.7138671875:19271.091796875] [-9242.5:19720] [-8630:19932.5] [-11222.5:17122.5] [-8967.5:17677.5] [-12052.26953125:21102.875] [169.64253234863281:2611.72900390625] [-8116.103515625:19126.21875] [-8962.5:17677.5] [-8590:18017.5] [-11003:17335] [-9145:17700] [-11952.044921875:20974.775390625] [169.64253234863281:2611.72900390625] [-8140.09423828125:18996.5625] [-9142.5:17702.5] [-7860:18042.5] [-12045:17665] [-8647.5:17977.5] [-11859.4697265625:20863.375] [169.64253234863281:2611.72900390625] [-8143.94921875:18903.921875] [-8647.5:17977.5] [-7791.5:17999.5] [-9987.5:17392.5] [-8502.5:17705] [-11764.7197265625:20744.349609375] [169.64253234863281:2611.72900390625] [-8077.2265625:18731.74609375] [-8492.5:17705] [-7540:19077.5] [-12207.5:17313.5] [-8810:18695] [-11673.5947265625:20631.474609375] [169.64253234863281:2611.72900390625] [-8008.7265625:18474.99609375] [-8810:18692.5] [-7762.5:19137.5] [-13720:17465] [-10322.5:17905] [-11586.3447265625:20513.32421875] [169.64253234863281:2611.72900390625] [-7866.478515625:18202.49609375] [-10322.5:17887.5] [-7465:18100] [-13227.5:15012.5] [-9830:15442.5] [-11500.919921875:20379.150390625] [169.64253234863281:2611.72900390625] [-7760.1171875:17834.54296875] [-9830:15426] [-9132.5:15934.5] [-11090:15017.5] [-9930:15572.5] [-11408.6953125:20222.875] [169.64253234863281:2611.72900390625] [-7668.50927734375:17375.0390625] [-9925:15572.5] [-8913:16269] [-11270:15230] [-10480:15600] [-11320.4951171875:20065.224609375] [169.64253234863281:2611.72900390625] [-7597.5087890625:16891.5625] [-10472.5:15599] [-9955:16975.5] [-11912.5:15560] [-10752.5:15872.5] [-11226.669921875:19891.275390625] [169.64253234863281:2611.72900390625] [-7554.326171875:16798.921875] [-10747.5:15872.5] [-9557.5:16651] [-11122.5:14822.5] [-10642.5:15622] [-11138.8203125:19721.55078125] [169.64253234863281:2611.72900390625] [-7228.70556640625:16626.74609375] [-10635:15624] [-10117.5:16661] [-12635:15615.5] [-12155:15896.5] [-11057.5947265625:19531.57421875] [169.64253234863281:2611.72900390625] [-7161.07421875:16369.9970703125] [-12147.5:15895.5] [-11630:17272] [-13587.5:15736.5] [-12427.5:15852.5] [-10974.669921875:19375.55078125] [169.64253234863281:2611.72900390625] [-7138.93115234375:16002.04296875] [-12422.5:15852.5] [-11232.5:17214] [-13095:15717] [-11935:16377] [-10881.14453125:19218.025390625] [169.64253234863281:2611.72900390625] [-7072.66455078125:15542.5390625] [-11930:16381] [-10740:17335] [-12305:16244.5] [-11185:16498] [-10778.044921875:19057.349609375] [169.64253234863281:2611.72900390625] [-7037.876953125:14968.8984375] [-11182.5:16502] [-9727.5:17315.5] [-11555:15675] [-11020:16555] [-10672.64453125:18904.599609375] [169.64253234863281:2611.72900390625] [-7314.599609375:14777.404296875] [-11025:16554] [-10400:17930.5] [-12332.5:15824] [-10865:17006] [-10558.0947265625:18742.900390625] [169.64253234863281:2611.72900390625] [-7637.36328125:14980.00390625] [-10890:17010] [-9907.5:18051.5] [-11840:15786.5] [-11110:16656.5] [-10440.3203125:18581.55078125] [169.64253234863281:2611.72900390625] [-7953.0576171875:15106.048828125] [-11110:16655.5] [-8830:18032] [-11242.5:16251.5] [-10617.5:17184] [-10325.2451171875:18418.69921875] [169.64253234863281:2611.72900390625] [-8045.05224609375:15294.9541015625] [-10617.5:17183] [-8900:18559.5] [-10912.5:13813.5] [-10455:14746] [-10203.5947265625:18265.5] [169.64253234863281:2611.72900390625] [-8264.138671875:15174.23046875] [-10455:14745] [-8407.5:16121.5] [-10857.5:13809] [-9962.5:14741.5] [-10068.9453125:18102.19921875] [169.64253234863281:2611.72900390625] [-8184.8984375:14052.80078125] [-9962.5:14740.5] [-6750:16117] [-10365:13466] [-7760:14398.5] [-9939.0947265625:17916.025390625] [169.64253234863281:2611.72900390625] [-7939.453125:13363.7734375] [-7760:14397.5] [-6450:15774] [-8462.5:12407.5] [-8005:13412.5] [-9802.89453125:17712.849609375] [169.64253234863281:2611.72900390625] [-7783.13916015625:12613.2939453125] [-8005:13414.5] [-5727.5:13826] [-8407.5:13406] [-7065:13522] [-9682.39453125:17529.775390625] [169.64253234863281:2611.72900390625] [-7646.490234375:11895.4033203125] [-7065:13522] [-5315:13850] [-7467.5:12836.5] [-5787.5:12988.5] [-9559.6201171875:17354.94921875] [169.64253234863281:2611.72900390625] [-7469.3095703125:11938.904296875] [-5787.5:12988.5] [-4822.5:15004.5] [-6432.5:12985.5] [-5625:14167.5] [-9435.8203125:17183.525390625] [169.64253234863281:2611.72900390625] [-7098.462890625:12141.50390625] [-5625:14171.5] [-3345:14555.5] [-6387.5:12948] [-4235:13528] [-9319.080078125:17005.69921875] [169.64253234863281:2611.72900390625] [-6675.87548828125:12267.548828125] [-4235:13527.5] [-3530:14450] [-6405:13413] [-4970:14345.5] [-9187.5546875:16811.724609375] [169.64253234863281:2611.72900390625] [-6313.9775390625:12456.4541015625] [-4970:14344.5] [-3110:15721] [-5787.5:8427] [-3950:11128.5] [-9046.330078125:16585.125] [169.64253234863281:2611.72900390625] [-5821.4775390625:12335.73046875] [-3960:11125.5] [0:12050.5] [-5814.5:0] none [-8901.60546875:16358.1748046875] [169.64253234863281:2611.72900390625] [-5292.25244140625:11214.30078125]
tree_sizes=2880 2865 2856 2830 2877 2855 2853 2861 2844 2869 2841 2871 2857 2859

Tree=0
num_leaves=31
num_cat=0
split_feature=285 271 292 215 36 136 268 205 124 18 271 271 236 128 243 96 5 248 260 282 274 250 271 250 187 138 2 166 282 280
split_gain=2.09533e+08 7.38829e+07 2.95876e+07 3.53352e+07 2.39948e+07 4.27901e+07 2.2707e+07 3.44303e+07 2.85664e+07 2.25716e+07 1.78003e+07 1.55172e+07 1.32809e+07 1.41038e+07 1.14895e+07 1.0434e+07 1.06005e+07 9.64807e+06 9.34069e+06 9.17903e+06 8.95166e+06 7.21768e+06 8.82308e+06 1.0156e+07 7.28495e+06 6.42561e+06 9.89093e+06 7.02022e+06 6.41554e+06 1.31377e+07
threshold=890.77328491210949 505.08055114746099 1367.7973632812502 1218.723571777344 -5312.2499999999991 -3405.4999999999995 847.75000000000011 3159.0000000000005 1683.2846679687502 9943.4399414062518 686.02239990234386 376.53460693359381 1683.2846679687502 3608.2500000000005 761.29205322265636 1039.5981445312502 588.96624755859386 -1268.2499999999998 3471.7500000000005 137.25000000000003 -840.74999999999989 574.09957885742199 596.25827026367199 652.10885620117199 576.01174926757824 686.02239990234386 -3928.4999999999995 696.83001708984386 -701.74999999999989 -274.24999999999994
decision_type=2 2 2 2 2 2 2 2 2 2 2 2 2 2 2 2 2 2 2 2 2 2 2 2 2 2 2 2 2 2
left_child=1 11 4 -4 5 17 7 8 12 -10 21 -1 13 -5 25 16 -6 -2 20 -8 -17 24 -23 -24 -3 -12 -27 -28 -22 -30
right_child=2 10 3 6 15 -7 19 -9 9 -11 14 -13 -14 -15 -16 18 -18 -19 -20 -21 28 22 23 -25 -26 26 27 -29 29 -31
leaf_value=-257.2874405148948 -300.46693373756028 -264.11575052722475 -348.620357905866 -276.92118597423541 -297.24555089727232 -367.92712455218543 -239.65987329238166 -344.9282974317224 -361.52635075537728 -291.21087330859416 -268.62370608372186 -260.66962263494503 -249.53040503023078 -322.96206455063049 -264.96030782187648 -302.54736043966136 -266.65668130415628 -258.80254005387934 -310.10587411730995 -280.38022831662715 -267.76105836761172 -259.23535265550578 -267.15915734635502 -260.33981667697498 -268.92652517278572 -301.64698513470682 -283.01575482255879 -270.71080557419663 -304.89316584960136 -276.77648825924302
leaf_weight=5600 33 3132 29 80 31 20 25 33 21 25 526 8598 32 21 884 37 328 24 25 31 135 1440 1282 951 1051 36 169 369 48 309
leaf_count=5600 33 3132 29 80 31 20 25 33 21 25 526 8598 32 21 884 37 328 24 25 31 135 1440 1282 951 1051 36 169 369 48 309
internal_value=-262.696 -261.643 -282.351 -296.192 -278.199 -305.003 -290.519 -297.999 -289.347 -323.311 -264.973 -259.336 -277.601 -286.494 -269.205 -275.938 -269.298 -282.924 -280.241 -262.201 -278.829 -263.904 -262.287 -264.255 -265.324 -272.616 -276.274 -274.576 -277.046 -280.557
internal_weight=25325 24038 1287 297 990 77 268 212 179 46 9840 14198 133 101 1984 913 359 57 554 56 529 7856 3673 2233 4183 1100 574 538 492 357
internal_count=25325 24038 1287 297 990 77 268 212 179 46 9840 14198 133 101 1984 913 359 57 554 56 529 7856 3673 2233 4183 1100 574 538 492 357
is_linear=0
shrinkage=1


Tree=1
num_leaves=31
num_cat=0
split_feature=285 271 292 215 43 268 205 124 18 179 271 229 236 128 243 96 5 268 260 274 86 75 239 250 271 250 180 282 280 64
split_gain=1.89103e+08 6.66794e+07 2.67028e+07 3.189e+07 2.20907e+07 2.0493e+07 3.10734e+07 2.57812e+07 2.03709e+07 1.8783e+07 1.60648e+07 1.4214e+07 1.19861e+07 1.27286e+07 1.03693e+07 1.01523e+07 9.27822e+06 8.65602e+06 8.07753e+06 7.56244e+06 6.5431e+06 1.06501e+07 1.19229e+07 6.51396e+06 8.02587e+06 1.0403e+07 6.68222e+06 6.25672e+06 1.12196e+07 8.666e+06
threshold=890.77328491210949 505.08055114746099 1367.7973632812502 1218.723571777344 -5849.7499999999991 847.75000000000011 3159.0000000000005 1683.2846679687502 9943.4399414062518 -6412.7648925781241 686.02239990234386 381.28965759277349 1683.2846679687502 3608.2500000000005 761.29205322265636 1039.5981445312502 588.96624755859386 1394.7500000000002 3471.7500000000005 -840.74999999999989 2682.2500000000005 813.91189575195324 -210.74999999999997 574.09957885742199 604.26492309570324 648.61227416992199 577.91207885742199 -701.74999999999989 -274.24999999999994 -2905.4999999999995
decision_type=2 2 2 2 2 2 2 2 2 2 2 2 2 2 2 2 2 2 2 2 2 2 2 2 2 2 2 2 2 2
left_child=1 11 4 -4 9 6 7 12 -9 -2 23 -1 13 -5 -12 16 -6 -7 19 -17 21 22 -18 26 -25 -26 -3 -21 -29 -30
right_child=2 10 3 5 15 17 -8 8 -10 -11 14 -13 -14 -15 -16 18 20 -19 -20 27 -22 -23 -24 24 25 -27 -28 28 29 -31
leaf_value=5.0717646705186974 -13.01243177141462 -1.361067285982327 -81.628465534078671 -13.514253531694415 -32.822399164015245 24.907320733503866 -78.121009872898924 -93.889157831101201 -27.089457038879399 -76.590198252751279 -9.4240767014785245 1.8605552632053712 12.506989282369615 -57.253087366194954 -2.1514189118055871 -37.490500846662023 -57.201962871551522 -15.343289655797623 -45.039705734252934 -5.3249128976314193 7.1423451862905338 -1.6082029692010384 -12.228196375497751 2.9890699515903529 -5.178754651284855 1.9799310513688781 -6.0119636215546599 -40.592044367688771 -34.532876174346264 -11.091998438040417
leaf_weight=5887 21 3161 29 80 31 22 33 21 25 26 1100 8311 32 21 884 38 20 34 25 139 92 173 56 1641 1048 984 1022 47 46 276
leaf_count=5887 21 3161 29 80 31 22 33 21 25 26 1100 8311 32 21 884 38 20 34 25 139 92 173 56 1641 1048 984 1022 47 46 276
internal_value=-5.03809e-08 0.999735 -18.6726 -31.8218 -14.7278 -26.4323 -33.5384 -25.3192 -57.585 -48.1831 -2.16351 3.19204 -14.1596 -22.6085 -6.18364 -13.0604 -6.63289 0.46945 -17.2479 -15.9753 -4.25203 -8.462 -24.0634 -1.14824 0.388233 -1.71215 -2.49738 -14.3659 -17.7716 -14.4407
internal_weight=25325 24038 1287 297 990 268 212 179 46 47 9840 14198 133 101 1984 943 372 56 571 546 341 249 76 7856 3673 2032 4183 508 369 322
internal_count=25325 24038 1287 297 990 268 212 179 46 47 9840 14198 133 101 1984 943 372 56 571 546 341 249 76 7856 3673 2032 4183 508 369 322
is_linear=0
shrinkage=0.05


Tree=2
num_leaves=31
num_cat=0
split_feature=278 271 292 215 43 61 131 241 138 102 139 271 271 266 216 243 177 96 212 260 274 252 261 289 240 232 261 155 250 271
split_gain=1.70818e+08 5.98092e+07 2.40689e+07 2.87807e+07 2.28582e+07 1.88461e+07 2.47114e+07 1.7504e+07 1.67362e+07 2.56699e+07 1.58239e+07 1.43427e+07 1.30699e+07 1.12027e+07 1.13217e+07 9.80532e+06 9.2892e+06 9.19548e+06 7.53251e+06 7.37185e+06 7.31495e+06 6.52389e+06 7.55121e+06 6.7855e+06 6.02727e+06 2.88301e+07 7.16648e+06 8.0277e+06 6.00887e+06 7.09064e+06
threshold=890.77328491210949 505.08055114746099 1367.7973632812502 1218.723571777344 -5849.7499999999991 1082.6817016601565 1169.2799072265627 -1484.7499999999998 1683.2846679687502 8746.5625000000018 3958.942749023438 686.02239990234386 376.53460693359381 1380.2500000000002 3088.2578125000005 761.29205322265636 -2187.9999999999995 1039.5981445312502 529.25000000000011 3471.7500000000005 -840.74999999999989 -1102.7499999999998 -1127.2499999999998 -248.74999999999997 425.75000000000006 1532.2500000000002 312.75000000000006 3751.2500000000005 681.98138427734386 615.86886596679699
decision_type=2 2 2 2 2 2 2 2 2 2 2 2 2 2 2 2 2 2 2 2 2 2 2 2 2 2 2 2 2 2
left_child=1 12 4 -4 7 18 -7 -2 13 -10 -11 28 -1 14 16 -13 -8 -6 -5 20 -19 22 -17 -23 -22 -26 27 -27 29 -3
right_child=2 11 3 5 17 6 8 -9 9 10 -12 15 -14 -15 -16 21 -18 19 -20 -21 24 23 -24 -25 25 26 -28 -29 -30 -31
leaf_value=4.9060645868963171 -83.384765472412113 -0.66383126476846899 -77.547041952198953 -13.359827331016803 -6.1032193495970652 -72.743782998669531 -21.138808907932706 -22.140540708814349 -84.432875183105466 5.4916979370117192 -52.650904904712334 -8.9927301890248064 1.8021014982704706 21.23359085083008 -45.3695218149821 -6.262177713182238 19.134296748751687 -35.898756951552173 26.526478548049926 -42.787721046447757 -9.3253098234029927 4.5967226876008178 -35.688611129614024 -5.1428173013324106 -62.997635581276633 -10.569523864239455 -3.5912537496089936 -50.354466715313144 4.2282332109519274 -4.5232429496864111
leaf_weight=5600 20 5866 29 29 367 31 45 28 25 25 22 1101 8599 20 30 135 21 39 20 25 325 389 26 331 33 32 100 21 498 1493
leaf_count=5600 20 5866 29 29 367 31 45 28 25 25 22 1101 8599 20 30 135 21 39 20 25 325 389 26 331 33 32 100 21 498 1493
internal_value=4.36379e-08 0.950171 -17.7469 -30.2307 -14.0017 -25.1106 -31.3824 -47.659 -24.5622 -43.4979 -21.724 -2.04594 3.02629 -12.809 -19.9012 -5.84684 -8.32464 -12.2867 2.9203 -16.2334 -15.0264 -1.91537 -11.0143 0.11924 -13.4333 -20.6114 -11.4692 -26.3334 -1.08713 -1.44683
internal_weight=25325 24038 1287 297 990 268 219 48 188 72 47 9839 14199 116 96 1982 66 942 49 575 550 881 161 720 511 186 153 53 7857 7359
internal_count=25325 24038 1287 297 990 268 219 48 188 72 47 9839 14199 116 96 1982 66 942 49 575 550 881 161 720 511 186 153 53 7857 7359
is_linear=0
shrinkage=0.05


Tree=3
num_leaves=31
num_cat=0
split_feature=285 271 292 215 36 136 12 191 74 39 271 96 271 141 206 281 267 243 260 5 198 248 96 205 283 27 284 28 48 54
split_gain=1.54296e+08 5.42839e+07 2.16954e+07 2.59746e+07 1.841e+07 3.82758e+07 1.77179e+07 1.55737e+07 1.70734e+07 1.43046e+07 1.30362e+07 1.2253e+07 1.17218e+07 9.80445e+06 9.65226e+06 9.20692e+06 9.0136e+06 8.74776e+06 8.09714e+06 8.54359e+06 7.83376e+06 7.4306e+06 7.17644e+06 6.33785e+06 6.33292e+06 6.02122e+06 1.31534e+07 1.6172e+07 9.45066e+06 9.3094e+06
threshold=890.77328491210949 505.08055114746099 1367.7973632812502 1218.723571777344 -5312.2499999999991 -3405.4999999999995 1367.7973632812502 2801.0000000000005 9194.3901367187518 9696.3222656250018 686.02239990234386 369.97756958007818 1683.2846679687502 -5003.7499999999991 -489.24999999999994 -894.74999999999989 1143.5000000000002 761.29205322265636 3471.7500000000005 588.96624755859386 950.75000000000011 -1268.2499999999998 1039.5981445312502 1678.0000000000002 -492.24999999999994 -4738.9196777343741 -477.36000061035151 -832.74999999999989 748.65063476562511 1218.723571777344
decision_type=2 2 2 2 2 2 2 2 2 2 2 2 2 2 2 2 2 2 2 2 2 2 2 2 2 2 2 2 2 2
left_child=1 11 4 -4 5 21 9 8 12 14 -3 -1 -8 -12 24 -6 -16 -15 19 -17 -10 -2 -21 -11 -5 -24 29 -28 -29 -27
right_child=2 10 3 6 15 -7 7 -9 20 23 13 -13 -14 17 16 18 -18 -19 -20 22 -22 -23 25 -25 -26 26 27 28 -30 -31
leaf_value=4.8598923314176652 -31.303399250724102 -1.036494114822158 -73.669688744380551 -28.216526844190515 -44.881779718399052 -96.302234544754029 -22.915835876464843 -65.647187148200146 -25.00690268640933 25.913463769135657 -36.686639595031743 1.7907808041308753 -77.049506072998042 -8.1710856767347284 -64.214881551833386 -32.497208198981404 -19.780582945704463 -1.4488507589660289 -34.51094540427713 -2.6070552555808599 17.231542514619374 5.2608600946764152 4.0617342687120628 -9.8039742179538898 6.9161205817913185 -18.75565469558925 14.102661659287627 -44.2932798465093 -11.501279466473139 -49.542473500483744
leaf_weight=5044 33 7856 29 23 20 20 20 36 23 27 25 9154 20 1086 21 39 25 873 34 314 21 24 51 23 29 73 61 24 260 37
leaf_count=5044 33 7856 29 23 20 20 20 36 23 27 25 9154 20 1086 21 39 25 873 34 314 21 24 51 23 29 73 61 24 260 37
internal_value=-3.69854e-08 0.903053 -16.8668 -28.7192 -13.3111 -36.7896 -23.8551 -38.1325 -26.3405 -12.2788 -1.95107 2.88112 -49.9827 -5.57249 -23.382 -11.331 -40.0658 -5.17542 -10.5796 -9.63236 -4.84764 -15.9079 -8.54489 9.48344 -8.62332 -12.2296 -14.0557 -9.25539 -14.2724 -29.1112
internal_weight=25325 24038 1287 297 990 77 268 120 84 148 9840 14198 40 1984 98 913 46 1959 893 859 44 57 820 50 52 506 455 345 284 110
internal_count=25325 24038 1287 297 990 77 268 120 84 148 9840 14198 40 1984 98 913 46 1959 893 859 44 57 820 50 52 506 455 345 284 110
is_linear=0
shrinkage=0.05


Tree=4
num_leaves=31
num_cat=0
split_feature=278 271 292 215 43 268 205 124 240 248 271 271 236 128 54 127 100 287 93 243 152 282 1 106 147 250 271 250 187 152
split_gain=1.39287e+08 4.86807e+07 1.95733e+07 2.34421e+07 1.94408e+07 1.71658e+07 2.49299e+07 1.99077e+07 1.63031e+07 1.56025e+07 1.1649e+07 1.14536e+07 9.42821e+06 1.02929e+07 8.30692e+06 1.2776e+07 9.24025e+06 8.93378e+06 8.81612e+06 8.0123e+06 7.92392e+06 7.78895e+06 7.03929e+06 6.49674e+06 8.13698e+06 6.00656e+06 7.05308e+06 7.88683e+06 6.05299e+06 6.136e+06
threshold=890.77328491210949 505.08055114746099 1367.7973632812502 1218.723571777344 -5849.7499999999991 847.75000000000011 3159.0000000000005 1683.2846679687502 -643.74999999999989 -1651.2499999999998 686.02239990234386 342.62544250488287 1683.2846679687502 3608.2500000000005 1289.656921386719 3444.2500000000005 3051.2500000000005 545.25000000000011 4559.7500000000009 761.29205322265636 1218.723571777344 137.25000000000003 -5180.9999999999991 -3239.2499999999995 -719.74999999999989 574.09957885742199 596.25827026367199 635.98635864257824 576.01174926757824 604.26492309570324
decision_type=2 2 2 2 2 2 2 2 2 2 2 2 2 2 2 2 2 2 2 2 2 2 2 2 2 2 2 2 2 2
left_child=1 11 4 -4 9 6 7 12 -9 -2 25 -1 13 -5 16 20 22 -18 -17 -12 -16 -7 -6 -24 -25 28 -27 -28 -3 -30
right_child=2 10 3 5 14 21 -8 8 -10 -11 19 -13 -14 -15 15 18 17 -19 -20 -21 -22 -23 23 24 -26 26 27 -29 29 -31
leaf_value=5.2618760291282092 -76.011111241295225 -1.1747689117692974 -69.986204331496666 -11.313144393861293 11.704019700686137 22.723570259094242 -69.099051979816323 -84.096204528808599 -24.050374224552741 -18.547090784708658 -8.1142107245227244 1.9342216545287654 11.652957525849343 -50.645075897943407 -36.431041682177579 -65.351199310476133 -4.6512035714525757 22.000188518762588 -23.679763056437178 -1.7165854190048107 -7.5465021089743125 -14.786907306794198 -30.931605057006188 -2.5450285319283785 -16.341880106230576 3.2228510690749519 -4.6808059580918409 1.3189259843216954 -9.0964453458364769 -1.4328050608303131
leaf_weight=3400 21 3132 29 80 30 25 33 20 26 27 1101 10799 32 21 29 22 147 40 30 881 131 31 47 166 300 1440 962 1272 566 485
leaf_count=3400 21 3132 29 80 30 25 33 20 26 27 1101 10799 32 21 29 22 147 40 30 881 131 31 47 166 300 1440 962 1272 566 485
internal_value=-7.56047e-09 0.858006 -16.0254 -27.2832 -12.6481 -22.6624 -29.1661 -21.8041 -50.1573 -43.6876 -1.84503 2.73104 -11.9978 -19.4911 -11.0665 -19.7793 -8.5362 1.04963 -41.31 -5.27046 -12.7818 1.95884 -11.8374 -13.2141 -11.4271 -0.980938 0.494187 -1.26466 -2.27657 -5.55994
internal_weight=25325 24038 1287 297 990 268 212 179 46 48 9839 14199 133 101 942 212 730 187 52 1982 160 56 543 513 466 7857 3674 2234 4183 1051
internal_count=25325 24038 1287 297 990 268 212 179 46 48 9839 14199 133 101 942 212 730 187 52 1982 160 56 543 513 466 7857 3674 2234 4183 1051
is_linear=0
shrinkage=0.05


Tree=5
num_leaves=31
num_cat=0
split_feature=292 271 47 96 12 191 219 254 201 271 96 269 280 180 141 271 246 87 261 121 166 25 6 255 243 288 292 271 292 150
split_gain=1.2601e+08 4.40826e+07 2.16484e+07 7.68393e+07 2.53066e+07 1.93271e+07 2.42193e+07 1.83743e+07 1.74472e+07 1.06542e+07 1.06297e+07 9.34374e+06 9.31144e+06 9.71467e+06 8.17889e+06 7.73969e+06 1.22648e+07 1.79396e+07 1.01616e+07 9.39669e+06 8.31831e+06 8.18525e+06 7.74085e+06 7.13261e+06 6.95068e+06 6.72194e+06 6.54391e+06 9.32979e+06 6.5153e+06 8.6395e+06
threshold=890.77328491210949 505.08055114746099 635.98635864257824 601.67877197265636 1289.656921386719 2973.0000000000005 3209.7500000000005 -2209.7499999999995 1082.6817016601565 686.02239990234386 386.14636230468756 -1316.4999999999998 1168.5000000000002 1683.2846679687502 -5003.7499999999991 1169.2799072265627 607.25000000000011 -1322.7499999999998 223.25000000000003 4623.0000000000009 1218.723571777344 9850.5654296875018 4757.2568359375009 1181.2500000000002 761.29205322265636 148.75000000000003 480.97723388671881 455.44989013671881 1495.4898681640627 -766.74999999999989
decision_type=2 2 2 2 2 2 2 2 2 2 2 2 2 2 2 2 2 2 2 2 2 2 2 2 2 2 2 2 2 2
left_child=1 10 3 -2 15 7 -7 11 -9 -3 -1 -6 13 23 -11 19 25 -18 21 -4 -20 22 -19 -10 -16 -17 27 -12 29 -27
right_child=2 9 4 -5 5 6 -8 8 12 14 26 -13 -14 -15 24 16 17 18 20 -21 -22 -23 -24 -25 -26 28 -28 -29 -30 -31
leaf_value=4.1725583067618288 -3.3419870814210491 -0.92845165774871186 -7.4475698927654719 -124.42098522186279 -70.262950814288601 -85.181428075719765 -26.617426212394943 -58.093824100494388 -2.6521417715281022 -33.445724218368532 1.7935138954679166 -25.665537520249686 18.778461302243748 -35.059136133193974 -7.3510487995111324 -29.078666925430298 -54.149388536654023 -22.724707329791528 -19.540476219044177 17.704846104979516 11.937081197413002 -4.8232397564819891 -64.711915661039811 -30.875278204458734 -1.3659921063550495 6.0625309280727224 3.9636477348463788 -2.595611208408819 22.567585912244073 -33.300853606462475
leaf_weight=6111 38 7855 518 20 23 27 51 20 131 25 4518 24 26 40 1081 20 38 23 43 40 41 21 21 27 880 46 1914 1654 29 20
leaf_count=6111 38 7855 518 20 23 27 51 20 131 25 4518 24 26 40 1081 20 38 23 43 40 41 21 21 27 880 46 1914 1654 29 20
internal_value=-1.42671e-08 0.816091 -15.2426 -45.0934 -13.8338 -24.7872 -46.8896 -18.8628 -13.3486 -1.75568 2.59878 -47.4898 -9.35352 -13.0476 -5.02754 -9.13408 -15.5816 -23.4834 -15.6626 -5.64453 -4.17643 -30.5063 -42.7641 -7.47508 -4.66525 -2.73264 1.4094 0.617297 2.81389 -5.86577
internal_weight=25325 24038 1287 58 1229 369 78 291 244 9841 14197 47 224 198 1986 860 302 187 149 558 84 65 44 158 1961 115 8086 6172 95 66
internal_count=25325 24038 1287 58 1229 369 78 291 244 9841 14197 47 224 198 1986 860 302 187 149 558 84 65 44 158 1961 115 8086 6172 95 66
is_linear=0
shrinkage=0.05


Tree=6
num_leaves=31
num_cat=0
split_feature=278 271 264 12 191 219 269 271 254 247 194 39 278 246 262 57 100 120 267 128 250 168 138 196 269 248 287 286 271 48
split_gain=1.13993e+08 3.96297e+07 1.80342e+07 1.91129e+07 1.6961e+07 1.84211e+07 1.70905e+07 1.33239e+07 1.00008e+07 9.51171e+06 8.6009e+06 8.01589e+06 1.18549e+07 1.30163e+07 2.33234e+07 7.71816e+06 7.57349e+06 7.42352e+06 1.47543e+07 7.29692e+06 7.29132e+06 6.89081e+06 7.77243e+06 9.07617e+06 6.53645e+06 6.46174e+06 6.34866e+06 6.2248e+06 6.09574e+06 6.05117e+06
threshold=890.77328491210949 446.13514709472662 813.91189575195324 1289.656921386719 2973.0000000000005 3209.7500000000005 -559.74999999999989 615.86886596679699 -2333.9999999999995 -1800.7499999999998 1169.2799072265627 9696.3222656250018 1289.656921386719 812.25000000000011 394.25000000000006 -5714.7499999999991 3051.2500000000005 3071.7500000000005 1625.2500000000002 -1509.7499999999998 456.78472900390631 -89.749999999999986 1082.6817016601565 1134.2500000000002 778.75000000000011 50.250000000000007 400.25000000000006 81.38553619384767 327.64590454101568 6496.4562988281259
decision_type=2 2 2 2 2 2 2 2 2 2 2 2 2 2 2 2 2 2 2 2 2 2 2 2 2 2 2 2 2 2
left_child=1 28 -2 11 6 -6 8 20 -5 -10 -8 12 16 -14 -15 -9 21 19 -19 24 -3 -4 27 -24 -12 -13 -18 -23 -1 -17
right_child=2 7 3 4 5 -7 10 15 9 -11 17 25 13 14 -16 29 26 18 -20 -21 -22 22 23 -25 -26 -27 -28 -29 -30 -31
leaf_value=5.2475251690468827 -55.716826033592227 -3.3918926588419454 -6.5910433251362353 -57.625466966629034 -76.383267406054912 -25.729543823242189 -33.68496579627196 -27.485179206096763 0.74321582221984872 -38.386739208058614 3.242341862168423 25.814209769322321 -8.3622706845402721 -83.674513208298464 -20.883112188339236 -2.9255573730326665 -4.4515922130682535 -52.332468559628445 6.9374765668596545 15.862122979760171 0.5572413588256282 -31.313607275074926 -48.75713851516312 -14.979357369001523 -28.146407035545067 -4.3485490679740906 19.310105179894617 -5.0894138502843171 2.4379918555700528 -17.081648291860308
leaf_weight=2600 26 1352 308 32 28 50 30 33 25 41 43 26 64 21 50 3851 117 21 21 52 8626 29 37 43 27 56 37 103 7499 77
leaf_count=2600 26 1352 308 32 28 50 30 33 25 41 43 26 64 21 50 3851 117 21 21 52 8626 29 37 43 27 56 37 103 7499 77
internal_value=-4.42198e-10 0.776203 -14.4976 -13.6477 -23.2001 -43.9129 -17.6672 -0.95184 -34.6866 -23.5648 -9.06982 -9.68091 -11.1908 -24.7149 -39.4552 -3.40536 -8.48195 -4.56705 -22.6975 1.67457 0.0221412 -11.3663 -18.3039 -30.6016 -8.86475 5.21525 1.25739 -10.8508 3.16131 -3.20306
internal_weight=25325 24038 1287 1261 370 78 292 13939 98 66 194 891 809 135 71 3961 674 164 42 122 9978 520 212 80 70 82 154 132 10099 3928
internal_count=25325 24038 1287 1261 370 78 292 13939 98 66 194 891 809 135 71 3961 674 164 42 122 9978 520 212 80 70 82 154 132 10099 3928
is_linear=0
shrinkage=0.05


Tree=7
num_leaves=31
num_cat=0
split_feature=285 96 64 177 289 271 173 268 54 120 246 151 55 96 183 117 280 4 58 260 141 86 284 24 40 93 288 75 54 75
split_gain=1.03051e+08 3.70029e+07 1.65628e+07 4.96429e+07 3.2677e+07 1.52258e+07 2.3062e+07 1.72788e+07 1.50308e+07 1.36735e+07 1.33463e+07 1.11512e+07 1.08219e+07 1.08164e+07 1.06614e+07 9.75361e+06 9.60989e+06 8.71904e+06 8.3702e+06 8.16707e+06 8.08103e+06 7.27123e+06 6.96194e+06 9.45504e+06 8.40157e+06 6.9218e+06 1.06551e+07 6.90448e+06 1.55021e+07 9.7751e+06
threshold=890.77328491210949 524.93762207031261 -3055.7499999999995 -2572.9999999999995 -532.24999999999989 1289.656921386719 1218.723571777344 847.75000000000011 1218.723571777344 2042.2500000000002 2739.0000000000005 9221.8823242187518 -2538.536499023437 386.14636230468756 -2247.9999999999995 474.70594787597662 -299.74999999999994 -4254.8649902343741 -5400.7499999999991 689.75000000000011 -5003.7499999999991 4092.0000000000005 -641.03250122070301 -852.24999999999989 1495.4898681640627 3084.7500000000005 726.75000000000011 552.20584106445324 601.67877197265636 604.26492309570324
decision_type=2 2 2 2 2 2 2 2 2 2 2 2 2 2 2 2 2 2 2 2 2 2 2 2 2 2 2 2 2 2
left_child=1 13 3 12 -5 16 8 9 -7 14 11 -11 18 -1 -8 21 19 -6 -2 -4 -3 -15 -18 -24 25 -25 -27 -22 -29 -30
right_child=2 20 5 4 17 6 7 -9 -10 10 -12 -13 -14 15 -16 -17 22 -19 -20 -21 27 -23 23 24 -26 26 -28 28 29 -31
leaf_value=3.8131118427228126 -12.754688918983545 -28.718711386408128 -11.038025785348355 -107.79003197352093 -14.153947133603305 -29.034327069724483 -27.492340983766496 14.132593519791314 -79.534845965841555 -36.584674891332789 -60.364355049462155 -0.80395435032091656 -43.956554450988769 0.0027441257130800326 8.3355147584740603 3.1947793404286742 -14.770241598363194 -56.416116244976344 14.931083513834537 -34.459571146252365 -4.3570946368528167 -21.128699321281619 20.967132992070656 -7.474176769150036 -29.412428722211292 -3.0896518581657002 24.833736353450352 2.5074116734677321 -8.2069959446067866 -1.6970433613602822
leaf_weight=6200 91 28 195 24 23 41 33 46 23 51 29 38 20 5734 56 3510 106 26 39 46 2032 41 46 179 28 93 54 2107 683 3703
leaf_count=6200 91 28 195 24 23 41 33 46 23 51 29 38 20 5734 56 3510 106 26 39 46 2032 41 46 179 28 93 54 2107 683 3703
internal_value=2.53523e-09 0.73801 -13.7842 -26.1741 -59.9907 -11.1875 -20.3691 -13.5861 -47.183 -19.7459 -30.9062 -21.3075 -9.71664 2.19596 -4.94897 1.11612 -7.2911 -36.5788 -4.44896 -15.5085 -1.90157 -0.14728 -3.37727 -0.358133 -3.12921 -0.871759 7.16792 -1.81349 -1.01747 -2.71079
internal_weight=25325 24038 1287 223 73 1064 317 253 64 207 118 89 150 15485 89 9285 747 49 130 241 8553 5775 506 400 354 326 147 8525 6493 4386
internal_count=25325 24038 1287 223 73 1064 317 253 64 207 118 89 150 15485 89 9285 747 49 130 241 8553 5775 506 400 354 326 147 8525 6493 4386
is_linear=0
shrinkage=0.05


Tree=8
num_leaves=31
num_cat=0
split_feature=292 271 47 9 12 131 229 254 201 138 128 229 274 282 271 62 127 278 208 271 20 184 32 94 287 123 271 248 82 191
split_gain=9.31421e+07 3.40203e+07 1.9799e+07 6.74514e+07 1.97276e+07 1.58267e+07 2.53586e+07 1.2107e+07 9.94757e+06 1.16887e+07 9.42785e+06 8.3523e+06 7.97561e+06 7.24275e+06 6.88016e+06 6.80975e+06 1.2844e+07 6.63058e+06 6.48974e+06 6.32067e+06 6.85766e+06 1.2953e+07 9.50604e+06 8.02677e+06 6.88424e+06 8.70152e+06 1.01702e+07 7.86174e+06 6.63164e+06 7.43364e+06
threshold=890.77328491210949 505.08055114746099 635.98635864257824 2838.7500000000005 1289.656921386719 1169.2799072265627 1169.2799072265627 -2209.7499999999995 1169.2799072265627 1683.2846679687502 -6041.4999999999991 381.28965759277349 1196.5000000000002 -1105.2499999999998 686.02239990234386 6267.9858398437509 3652.2500000000005 1125.5928955078127 402.84135437011724 890.77328491210949 -2076.4421386718745 -1477.2499999999998 -3752.3950195312495 -4309.4999999999991 -1043.7499999999998 10750.452636718752 1218.723571777344 -697.24999999999989 1082.6817016601565 633.25000000000011
decision_type=2 2 2 2 2 2 2 2 2 2 2 2 2 2 2 2 2 2 2 2 2 2 2 2 2 2 2 2 2 2
left_child=1 11 3 -2 19 6 -6 13 17 15 -3 -1 -11 -7 -12 16 -10 -9 -13 -4 21 23 -23 -21 -22 26 -26 -28 -29 -30
right_child=2 10 4 -5 5 7 -8 8 9 12 14 18 -14 -15 -16 -17 -18 -19 -20 20 24 22 -24 -25 25 -27 27 28 29 -31
leaf_value=3.7085816883358174 -115.9758671092987 -33.532182585674782 6.4663312395958048 -2.5341594194111075 -9.381318000229923 -64.388050994873055 -82.985094718933112 -15.912300391991934 -0.57209420944126244 -48.044839703595201 -0.81937650764391656 -1.561348107794222 -13.047703574924936 -22.345492381141298 -4.1237242164677133 20.158884177889146 -43.93035109519959 -53.07908643086752 1.9421683881079201 -15.226162690555348 -27.867375199454173 -19.898430012493602 -58.546575531592737 14.495916877254363 -2.4346772142757591 25.810911512374879 4.0648161498705546 -50.092145601908371 -38.733399983110104 -7.0281219632017855
leaf_weight=5887 20 23 73 38 22 20 25 24 117 27 7847 1649 41 21 1971 28 20 24 6661 85 35 41 26 31 416 22 30 21 29 51
leaf_count=5887 20 23 73 38 22 20 25 24 117 27 7847 1649 41 21 1971 28 20 24 6661 85 35 41 26 31 416 22 30 21 29 51
internal_value=-1.2188e-08 0.70163 -13.1047 -41.652 -11.7575 -21.4284 -48.5323 -17.4723 -13.7689 -9.49897 -1.55764 2.2677 -26.9436 -42.8541 -1.48274 -2.30966 -6.90177 -34.4957 1.24695 -7.60801 -8.91351 -17.3929 -34.8962 -7.28319 -6.34443 -5.02053 -6.26055 -18.4099 -25.0855 -18.5213
internal_weight=25325 24038 1287 58 1229 369 47 322 281 233 9841 14197 68 41 9818 165 137 48 8310 860 787 183 67 116 604 569 547 131 101 80
internal_count=25325 24038 1287 58 1229 369 47 322 281 233 9841 14197 68 41 9818 165 137 48 8310 860 787 183 67 116 604 569 547 131 101 80
is_linear=0
shrinkage=0.05


Tree=9
num_leaves=31
num_cat=0
split_feature=278 96 264 12 191 219 269 14 271 254 283 194 117 54 33 39 292 246 261 58 271 75 54 75 145 211 33 5 281 198
split_gain=8.40946e+07 3.07355e+07 1.62963e+07 1.46823e+07 1.37141e+07 1.60883e+07 1.40194e+07 9.28627e+06 8.37494e+06 7.92476e+06 8.55354e+06 7.20314e+06 7.12467e+06 8.35772e+06 7.57083e+06 6.95467e+06 9.39604e+06 9.80069e+06 1.97186e+07 6.16482e+06 6.09734e+06 6.07008e+06 1.41608e+07 9.16622e+06 8.78287e+06 7.5081e+06 7.50414e+06 9.35317e+06 5.8527e+06 6.7461e+06
threshold=890.77328491210949 524.93762207031261 813.91189575195324 1289.656921386719 2973.0000000000005 3209.7500000000005 -559.74999999999989 5544.5000000000009 376.53460693359381 -2333.9999999999995 -670.49999999999989 1169.2799072265627 474.70594787597662 448.08587646484381 388.03623962402349 9696.3222656250018 1367.7973632812502 812.25000000000011 169.75000000000003 5498.0000000000009 1289.656921386719 552.20584106445324 601.67877197265636 604.26492309570324 655.58581542968761 2097.0000000000005 829.74215698242199 829.74215698242199 333.75000000000006 -42.249999999999993
decision_type=2 2 2 2 2 2 2 2 2 2 2 2 2 2 2 2 2 2 2 2 2 2 2 2 2 2 2 2 2 2
left_child=1 7 -2 15 6 -6 9 8 -1 -5 -11 -8 13 14 -10 16 -4 -18 -19 -9 -13 -3 -23 25 -25 -24 27 -26 -29 -30
right_child=2 21 3 4 5 -7 11 19 12 10 -12 20 -14 -15 -16 -17 17 18 -20 -21 -22 22 23 24 26 -27 -28 28 29 -31
leaf_value=3.629262958834516 -51.634827166337232 -4.1268924936292501 -7.6199557712830446 -50.875453064590694 -68.986240264347629 -21.648432123661042 -29.78091055552165 -29.377752110896967 -0.61615707267132436 6.7427974510192872 -32.424257245271107 9.5589916086196904 3.0686581500974368 -2.268650514869881 3.5912009731286378 5.7077478978692033 -6.0789663977739288 -73.46616489161616 -11.931228748957317 -0.014296116973414567 -10.456657915333144 2.3753130981251527 -6.2750520714647147 1.4080052528450826 -4.0476046794938467 -24.522569337198814 1.9868869097003092 -9.1275778281061282 -48.2796520974901 -12.596303242674241
leaf_weight=5566 26 2030 715 32 28 50 30 39 2104 20 46 60 3367 2203 2174 82 41 23 30 33 104 2108 621 1452 1670 62 480 76 27 26
leaf_count=5566 26 2030 715 32 28 50 30 39 2104 20 46 60 3367 2203 2174 82 41 23 30 33 104 2108 621 1452 1670 62 480 76 27 26
internal_value=-7.44602e-09 0.666683 -12.452 -11.6441 -20.0165 -38.6415 -15.0413 1.99532 2.079 -30.4559 -20.5555 -7.25454 1.2028 0.233458 1.52194 -8.16737 -9.57375 -24.4351 -38.6351 -15.9195 -3.13386 -1.73921 -0.996039 -2.6061 -1.63123 -7.93149 -3.56759 -5.04961 -18.0213 -30.7746
internal_weight=25325 24038 1287 1261 370 78 292 15486 15414 98 66 194 9848 6481 4278 891 809 94 53 72 164 8552 6522 4414 3731 683 2279 1799 129 53
internal_count=25325 24038 1287 1261 370 78 292 15486 15414 98 66 194 9848 6481 4278 891 809 94 53 72 164 8552 6522 4414 3731 683 2279 1799 129 53
is_linear=0
shrinkage=0.05


Tree=10
num_leaves=31
num_cat=0
split_feature=292 229 47 96 5 134 204 226 51 189 128 210 274 96 13 208 29 286 184 8 261 260 264 88 278 54 222 261 156 256
split_gain=7.63043e+07 2.8385e+07 1.79162e+07 6.36575e+07 1.70234e+07 1.55403e+07 1.28709e+07 1.28859e+07 1.33147e+07 1.51818e+07 1.0233e+07 9.20547e+06 9.52497e+06 9.0388e+06 8.20421e+06 8.00481e+06 7.90496e+06 8.12727e+06 1.067e+07 8.19171e+06 7.85882e+06 1.00932e+07 7.75928e+06 7.23154e+06 8.01472e+06 6.80444e+06 6.16794e+06 5.82369e+06 5.37663e+06 5.17758e+06
threshold=890.77328491210949 537.28536987304699 635.98635864257824 601.67877197265636 1125.5928955078127 -5083.9999999999991 3443.7500000000005 993.75000000000011 3989.7500000000005 5626.2500000000009 -6041.4999999999991 -4072.7499999999995 -125.24999999999999 386.14636230468756 -48.321662902832024 521.20877075195324 -4201.2499999999991 103.76750564575197 1209.2500000000002 -2675.9999999999995 543.25000000000011 782.75000000000011 1218.723571777344 1444.122497558594 1289.656921386719 1367.7973632812502 507.99243164062506 223.25000000000003 -2269.7499999999995 -677.55999755859364
decision_type=2 2 2 2 2 2 2 2 2 2 2 2 2 2 2 2 2 2 2 2 2 2 2 2 2 2 2 2 2 2
left_child=1 13 3 -2 20 -6 11 -8 14 -10 -3 -7 23 -1 -9 26 -14 19 22 -18 21 -4 -19 28 -25 -11 -15 -24 -13 -21
right_child=2 10 4 -5 5 6 7 8 9 25 -12 12 16 15 -16 -17 17 18 -20 29 -22 -23 27 24 -26 -27 -28 -29 -30 -31
leaf_value=3.3286684403246398 -1.0154230563264146 -37.574642970561982 -3.135980850999172 -111.22058951377869 -53.254834003801705 22.801595623493196 -61.542537772137194 -28.404887244814915 -61.804729978499871 5.4333348131179813 -1.7636095481706011 -26.861836827596029 -29.139259000924916 0.7180543629223517 10.53662778954757 4.0970114038602237 28.420281880477383 -10.333385203314609 1.2643699719355657 -24.618955965042115 6.0340708228323958 -20.483630949628036 -56.941987945919948 -63.597603569030767 -22.155592966079713 -34.862915177778767 -3.887556816176378 -21.225518951416017 4.8890488425890606 4.6380199724628079
leaf_weight=6169 38 20 325 20 27 20 23 21 31 20 7729 30 39 7676 38 1641 29 61 91 20 139 113 21 20 28 22 803 25 24 62
leaf_count=6169 38 20 325 20 27 20 23 21 31 20 7729 30 39 7676 38 1641 29 61 91 20 139 113 21 20 28 22 803 25 24 62
internal_value=-1.76629e-08 0.635053 -11.8612 -39.0172 -10.5797 -16.1155 -14.5111 -27.0055 -20.9877 -35.2639 -1.85604 -10.3905 -11.8658 1.82011 -3.32391 0.900521 -7.92748 -5.25027 -11.3217 5.57988 -4.32428 -7.61152 -22.0258 -25.3022 -39.4231 -15.6742 0.281882 -37.5309 -12.7503 -2.49783
internal_weight=25325 24038 1287 58 1229 652 625 155 132 73 7749 470 450 16289 59 10120 348 309 198 111 577 438 107 102 48 42 8479 46 54 82
internal_count=25325 24038 1287 58 1229 652 625 155 132 73 7749 470 450 16289 59 10120 348 309 198 111 577 438 107 102 48 42 8479 46 54 82
is_linear=0
shrinkage=0.05


Tree=11
num_leaves=31
num_cat=0
split_feature=271 59 54 236 271 282 66 292 208 268 245 131 140 267 260 213 253 149 250 229 208 274 69 250 271 260 229 115 281 289
split_gain=7.00062e+07 2.32447e+07 2.15741e+07 2.05641e+07 1.75955e+07 1.29823e+07 1.2803e+07 9.61732e+06 1.91985e+07 7.44506e+06 1.60415e+07 8.10547e+06 7.27619e+06 1.06419e+07 9.71633e+06 7.44138e+06 6.74306e+06 6.51375e+06 6.07428e+06 7.16866e+06 7.56385e+06 5.88166e+06 5.77117e+06 5.53211e+06 6.49224e+06 5.51641e+06 5.39275e+06 5.29688e+06 5.2447e+06 5.1346e+06
threshold=690.89605712890636 -6207.4999999999991 1367.7973632812502 865.92257690429699 444.31143188476568 969.25000000000011 -3491.9999999999995 1289.656921386719 1125.5928955078127 847.75000000000011 2276.2500000000005 1218.723571777344 2057.7500000000005 1835.2500000000002 1414.7500000000002 1716.5000000000002 -1024.4999999999998 4818.0000000000009 456.78472900390631 537.28536987304699 559.09616088867199 -383.74999999999994 5253.3989257812509 507.93685913085943 486.61528015136724 -319.24999999999994 1125.5928955078127 -4988.7499999999991 1374.5000000000002 -507.24999999999994
decision_type=2 2 2 2 2 2 2 2 2 2 2 2 2 2 2 2 2 2 2 2 2 2 2 2 2 2 2 2 2 2
left_child=4 3 7 -2 -1 6 -4 17 -9 10 21 -11 15 14 22 16 -8 -3 25 23 -21 -10 -14 24 -20 -6 -5 -28 -15 -18
right_child=1 2 5 26 18 -7 12 8 9 11 -12 -13 13 28 -16 -17 29 -19 19 20 -22 -23 -24 -25 -26 -27 27 -29 -30 -31
leaf_value=2.5475953654387409 -77.006902580261226 -4.459201438022343 -45.009526084451117 1.7894466263907298 3.3878699471873626 -58.047547159194949 14.709259501370518 -49.093557842799598 -24.704539109814554 -12.630058059692383 -55.429553232193001 31.846008123670305 -39.907216789608917 -19.188680884951637 -61.310360925847831 20.899951968590418 -32.550161513974594 12.075418550362352 2.3777957069343088 -3.9195153250939598 0.0678762484686741 1.3444813279641998 -4.0155967036883036 3.3861960519179366 -2.5540321577241873 -4.8309622719380769 -47.234671638125462 -12.849497861663501 16.587800073623658 -6.9322161077328452
leaf_weight=10000 20 2530 34 21 248 20 22 35 31 20 20 21 21 21 22 24 31 61 1387 1657 4214 72 24 2210 1286 1155 21 24 20 53
leaf_count=10000 20 2530 34 21 248 20 22 35 31 20 20 21 21 21 22 24 31 61 1387 1657 4214 72 24 2210 1286 1155 21 24 20 53
internal_value=-6.08359e-09 -6.95227 -6.23683 -32.5916 0.994033 -19.1678 -16.309 -4.88348 -15.4761 -8.30161 -14.4523 10.1504 -12.2089 -21.8006 -34.0784 -4.24046 -9.93263 -4.06993 -0.283883 0.119807 -1.0575 -6.49552 -20.765 1.53533 0.00505697 -3.37817 -19.1324 -28.8959 -1.73674 -16.3865
internal_weight=25325 3168 3082 86 22157 292 272 2790 199 164 123 41 238 108 67 130 106 2591 12157 10754 5871 103 45 4883 2673 1403 66 45 41 84
internal_count=25325 3168 3082 86 22157 292 272 2790 199 164 123 41 238 108 67 130 106 2591 12157 10754 5871 103 45 4883 2673 1403 66 45 41 84
is_linear=0
shrinkage=0.05


Tree=12
num_leaves=31
num_cat=0
split_feature=96 59 89 257 271 33 289 274 246 227 124 96 82 253 257 81 233 187 0 89 47 36 261 191 110 260 281 159 183 180
split_gain=6.34977e+07 2.09754e+07 1.87754e+07 1.77156e+07 1.67504e+07 1.40657e+07 2.12419e+07 8.90468e+06 1.19433e+07 1.19903e+07 9.72545e+06 1.4973e+07 7.93054e+06 1.03583e+07 7.81768e+06 7.02244e+06 7.37322e+06 6.94509e+06 6.70512e+06 6.67979e+06 7.86679e+06 7.62793e+06 6.66641e+06 6.66993e+06 6.41209e+06 6.05408e+06 8.59498e+06 5.92598e+06 5.39874e+06 5.34636e+06
threshold=709.18753051757824 -6207.4999999999991 1082.6817016601565 999.20349121093761 444.31143188476568 829.74215698242199 -1172.7499999999998 -402.24999999999994 1371.2500000000002 1374.2500000000002 1289.656921386719 1169.2799072265627 1125.5928955078127 3833.0000000000005 1125.5928955078127 1747.8275146484377 -1247.7499999999998 1367.7973632812502 -3485.9999999999995 1125.5928955078127 1367.7973632812502 6557.5000000000009 -531.24999999999989 -132.24999999999997 1125.5928955078127 -319.24999999999994 434.75000000000006 813.91189575195324 -1074.7499999999998 800.77172851562511
decision_type=2 2 2 2 2 2 2 2 2 2 2 2 2 2 2 2 2 2 2 2 2 2 2 2 2 2 2 2 2 2
left_child=4 3 5 -2 -1 6 -3 15 19 10 11 -10 -11 24 18 -4 28 -15 -8 -9 21 -21 23 -22 -14 -6 -27 29 -17 -20
right_child=1 2 7 -5 25 -7 14 8 9 12 -12 -13 13 17 -16 16 -18 -19 27 20 22 -23 -24 -25 -26 26 -28 -29 -30 -31
leaf_value=2.4200939238566086 -72.998209948539738 -54.535476444078533 -9.7540828495490857 -18.660437007347745 1.8284332786088813 1.7366332956284367 -18.354624500582297 -24.790589451108659 -18.165548138618473 -34.980140137672429 -16.051922199130058 -76.74302873611451 20.573022789425323 -43.042206217447919 -31.272574659983317 -40.965966262817382 -55.659545326232916 -6.0561032381924722 -4.8755217729056186 1.123884878818344 -7.6358206231253494 33.186680198851086 1.5543332498735536 -39.764480252265933 -6.3548002923182292 -1.9200164556094608 1.2228907658821624 2.395211109412144 -4.6679007757277722 -16.784925703244792
leaf_weight=9994 20 23 41 60 2581 738 93 35 20 32 40 24 27 30 30 20 28 22 790 159 35 21 52 30 122 6645 3234 251 21 107
leaf_count=9994 20 23 41 60 2581 738 93 35 20 32 40 24 27 30 30 20 28 22 790 159 35 21 52 30 122 6645 3234 251 21 107
internal_value=-3.61044e-09 -7.00172 -6.27816 -32.2449 0.895249 -3.7718 -6.91339 -12.9882 -10.7586 -17.7 -33.8955 -50.1169 -11.8613 -8.18067 -6.05162 -26.143 -35.8813 -27.3942 -5.44193 -4.13077 -1.69611 4.86454 -11.7894 -22.4644 -1.47526 -0.327809 -0.891151 -4.39586 -22.3743 -6.29615
internal_weight=25325 2871 2791 80 22454 2032 1294 759 649 317 84 44 233 201 1271 110 69 52 1241 332 297 180 117 65 149 12460 9879 1148 41 897
internal_count=25325 2871 2791 80 22454 2032 1294 759 649 317 84 44 233 201 1271 110 69 52 1241 332 297 180 117 65 149 12460 9879 1148 41 897
is_linear=0
shrinkage=0.05


Tree=13
num_leaves=31
num_cat=0
split_feature=271 59 12 236 54 204 124 131 74 274 289 274 245 250 96 281 275 229 145 261 282 281 72 271 33 47 81 275 239 138
split_gain=5.80266e+07 1.89893e+07 1.79761e+07 1.77232e+07 1.4589e+07 1.0562e+07 2.11351e+07 9.69146e+06 9.7966e+06 7.774e+06 1.20696e+07 7.23041e+06 8.8461e+06 6.21604e+06 5.9787e+06 5.44575e+06 7.04962e+06 5.11595e+06 4.90322e+06 4.90113e+06 4.75312e+06 4.6956e+06 4.41348e+06 4.35622e+06 7.68046e+06 6.63234e+06 6.24989e+06 5.94653e+06 4.34623e+06 4.22773e+06
threshold=690.89605712890636 -6207.4999999999991 1289.656921386719 865.92257690429699 448.08587646484381 3285.7500000000005 1169.2799072265627 1683.2846679687502 9194.3901367187518 654.25000000000011 -259.24999999999994 2832.5000000000005 3001.2500000000005 1169.2799072265627 1218.723571777344 212.75000000000003 -786.99999999999989 1125.5928955078127 1218.723571777344 -882.74999999999989 -31.749999999999996 434.75000000000006 3598.2500000000005 318.05302429199224 388.03623962402349 369.98370361328131 3865.890014648438 90.250000000000014 1184.7500000000002 676.67611694335949
decision_type=2 2 2 2 2 2 2 2 2 2 2 2 2 2 2 2 2 2 2 2 2 2 2 2 2 2 2 2 2 2
left_child=4 3 11 -2 23 7 -7 13 -9 -8 -11 -3 -13 14 -4 16 -6 -5 -19 -15 22 -22 -17 -1 25 -25 -27 -28 -21 -23
right_child=1 2 5 17 15 6 9 8 -10 10 -12 12 -14 19 -16 20 -18 18 -20 28 21 29 -24 24 -26 26 27 -29 -30 -31
leaf_value=4.2909718668113319 -70.736777715682976 -3.9158152716183157 4.2742398718129033 3.3693920180911108 1.7793453889760535 -70.311802506446838 -44.889349594116212 -56.58853955950056 -9.3539162926051933 6.2771241407502778 -37.228352050781254 -44.81743159294129 0.20735656261444091 -8.6528522987114762 -25.851521177538515 2.4207193419031845 -2.2898000339832683 -43.393616884404963 -10.376290854552519 -1.5699037397229993 -3.7525400261882411 1.3874938492059226 -10.949812780864654 1.5683230036985674 3.4040650302201225 -1.9543001583669817 -7.72573457847942 -40.607147889137273 24.039667882919314 -6.2127325753273048
leaf_weight=2161 20 2657 23 21 1386 24 20 21 23 44 25 24 20 76 58 3037 4587 22 23 37 865 1855 63 3002 3765 1169 44 20 30 203
leaf_count=2161 20 2657 23 21 1386 24 20 21 23 44 25 24 20 76 58 3037 4587 22 23 37 865 1855 63 3002 3765 1169 44 20 30 203
internal_value=1.21933e-08 -6.32953 -5.68289 -29.5034 0.904995 -15.8501 -28.6707 -10.4444 -31.8977 -17.4416 -9.48573 -4.24872 -24.3516 -6.23033 -17.2973 -0.275807 -1.34558 -17.0084 -26.5181 0.0383694 0.785083 -0.66142 2.149 2.29904 1.76097 0.300225 -2.78723 -18.0012 9.89707 0.637812
internal_weight=25325 3168 3082 86 22157 381 113 268 44 89 69 2701 44 224 81 11996 5973 66 45 143 6023 2923 3100 10161 8000 4235 1233 64 67 2058
internal_count=25325 3168 3082 86 22157 381 113 268 44 89 69 2701 44 224 81 11996 5973 66 45 143 6023 2923 3100 10161 8000 4235 1233 64 67 2058
is_linear=0
shrinkage=0.05


end of trees

feature_importances:
Column_271=38
Column_96=15
Column_292=12
Column_250=11
Column_54=9
Column_260=9
Column_274=9
Column_261=8
Column_229=7
Column_278=7
Column_282=7
Column_12=6
Column_128=6
Column_191=6
Column_243=6
Column_268=6
Column_281=6
Column_5=5
Column_47=5
Column_75=5
Column_124=5
Column_138=5
Column_215=5
Column_236=5
Column_246=5
Column_248=5
Column_289=5
Column_33=4
Column_131=4
Column_205=4
Column_208=4
Column_254=4
Column_269=4
Column_280=4
Column_285=4
Column_36=3
Column_39=3
Column_43=3
Column_59=3
Column_141=3
Column_180=3
Column_187=3
Column_219=3
Column_264=3
Column_267=3
Column_287=3
Column_18=2
Column_48=2
Column_58=2
Column_64=2
Column_74=2
Column_81=2
Column_82=2
Column_86=2
Column_89=2
Column_93=2
Column_100=2
Column_117=2
Column_120=2
Column_127=2
Column_136=2
Column_145=2
Column_152=2
Column_166=2
Column_177=2
Column_183=2
Column_184=2
Column_194=2
Column_198=2
Column_201=2
Column_204=2
Column_239=2
Column_240=2
Column_245=2
Column_253=2
Column_257=2
Column_275=2
Column_283=2
Column_284=2
Column_286=2
Column_288=2
Column_0=1
Column_1=1
Column_2=1
Column_4=1
Column_6=1
Column_8=1
Column_9=1
Column_13=1
Column_14=1
Column_20=1
Column_24=1
Column_25=1
Column_27=1
Column_28=1
Column_29=1
Column_32=1
Column_40=1
Column_51=1
Column_55=1
Column_57=1
Column_61=1
Column_62=1
Column_66=1
Column_69=1
Column_72=1
Column_87=1
Column_88=1
Column_94=1
Column_102=1
Column_106=1
Column_110=1
Column_115=1
Column_121=1
Column_123=1
Column_134=1
Column_139=1
Column_140=1
Column_147=1
Column_149=1
Column_150=1
Column_151=1
Column_155=1
Column_156=1
Column_159=1
Column_168=1
Column_173=1
Column_179=1
Column_189=1
Column_196=1
Column_206=1
Column_210=1
Column_211=1
Column_212=1
Column_213=1
Column_216=1
Column_222=1
Column_226=1
Column_227=1
Column_232=1
Column_233=1
Column_241=1
Column_247=1
Column_252=1
Column_255=1
Column_256=1
Column_262=1
Column_266=1

parameters:
[boosting: gbdt]
[objective: regression]
[metric: l2]
[tree_learner: serial]
[device_type: cpu]
[data_sample_strategy: bagging]
[data: ]
[valid: ]
[num_iterations: 1000]
[learning_rate: 0.05]
[num_leaves: 31]
[num_threads: 0]
[seed: 42]
[deterministic: 1]
[force_col_wise: 0]
[force_row_wise: 0]
[histogram_pool_size: -1]
[max_depth: -1]
[min_data_in_leaf: 20]
[min_sum_hessian_in_leaf: 0.001]
[bagging_fraction: 1]
[pos_bagging_fraction: 1]
[neg_bagging_fraction: 1]
[bagging_freq: 0]
[bagging_seed: 400]
[bagging_by_query: 0]
[feature_fraction: 1]
[feature_fraction_bynode: 1]
[feature_fraction_seed: 30056]
[extra_trees: 0]
[extra_seed: 12879]
[early_stopping_round: 0]
[early_stopping_min_delta: 0]
[first_metric_only: 0]
[max_delta_step: 0]
[lambda_l1: 0]
[lambda_l2: 0]
[linear_lambda: 0]
[min_gain_to_split: 0]
[drop_rate: 0.1]
[max_drop: 50]
[skip_drop: 0.5]
[xgboost_dart_mode: 0]
[uniform_drop: 0]
[drop_seed: 17869]
[top_rate: 0.2]
[other_rate: 0.1]
[min_data_per_group: 100]
[max_cat_threshold: 32]
[cat_l2: 10]
[cat_smooth: 10]
[max_cat_to_onehot: 4]
[top_k: 20]
[monotone_constraints: ]
[monotone_constraints_method: basic]
[monotone_penalty: 0]
[feature_contri: ]
[forcedsplits_filename: ]
[refit_decay_rate: 0.9]
[cegb_tradeoff: 1]
[cegb_penalty_split: 0]
[cegb_penalty_feature_lazy: ]
[cegb_penalty_feature_coupled: ]
[path_smooth: 0]
[interaction_constraints: ]
[verbosity: -1]
[saved_feature_importance_type: 0]
[use_quantized_grad: 0]
[num_grad_quant_bins: 4]
[quant_train_renew_leaf: 0]
[stochastic_rounding: 1]
[linear_tree: 0]
[max_bin: 255]
[max_bin_by_feature: ]
[min_data_in_bin: 3]
[bin_construct_sample_cnt: 200000]
[data_random_seed: 175]
[is_enable_sparse: 1]
[enable_bundle: 1]
[use_missing: 1]
[zero_as_missing: 0]
[feature_pre_filter: 1]
[pre_partition: 0]
[two_round: 0]
[header: 0]
[label_column: ]
[weight_column: ]
[group_column: ]
[ignore_column: ]
[categorical_feature: ]
[forcedbins_filename: ]
[precise_float_parser: 0]
[parser_config_file: ]
[objective_seed: 16083]
[num_class: 1]
[is_unbalance: 0]
[scale_pos_weight: 1]
[sigmoid: 1]
[boost_from_average: 1]
[reg_sqrt: 0]
[alpha: 0.9]
[fair_c: 1]
[poisson_max_delta_step: 0.7]
[tweedie_variance_power: 1.5]
[lambdarank_truncation_level: 30]
[lambdarank_norm: 1]
[label_gain: ]
[lambdarank_position_bias_regularization: 0]
[eval_at: ]
[multi_error_top_k: 1]
[auc_mu_weights: ]
[num_machines: 1]
[local_listen_port: 12400]
[time_out: 120]
[machine_list_filename: ]
[machines: ]
[gpu_platform_id: -1]
[gpu_device_id: -1]
[gpu_device_id_list: ]
[gpu_use_dp: 0]
[num_gpu: 1]

end of parameters

pandas_categorical:null
