tree
version=v4
num_class=1
num_tree_per_iteration=1
label_index=0
max_feature_idx=258
objective=regression
feature_names=Column_0 Column_1 Column_2 Column_3 Column_4 Column_5 Column_6 Column_7 Column_8 Column_9 Column_10 Column_11 Column_12 Column_13 Column_14 Column_15 Column_16 Column_17 Column_18 Column_19 Column_20 Column_21 Column_22 Column_23 Column_24 Column_25 Column_26 Column_27 Column_28 Column_29 Column_30 Column_31 Column_32 Column_33 Column_34 Column_35 Column_36 Column_37 Column_38 Column_39 Column_40 Column_41 Column_42 Column_43 Column_44 Column_45 Column_46 Column_47 Column_48 Column_49 Column_50 Column_51 Column_52 Column_53 Column_54 Column_55 Column_56 Column_57 Column_58 Column_59 Column_60 Column_61 Column_62 Column_63 Column_64 Column_65 Column_66 Column_67 Column_68 Column_69 Column_70 Column_71 Column_72 Column_73 Column_74 Column_75 Column_76 Column_77 Column_78 Column_79 Column_80 Column_81 Column_82 Column_83 Column_84 Column_85 Column_86 Column_87 Column_88 Column_89 Column_90 Column_91 Column_92 Column_93 Column_94 Column_95 Column_96 Column_97 Column_98 Column_99 Column_100 Column_101 Column_102 Column_103 Column_104 Column_105 Column_106 Column_107 Column_108 Column_109 Column_110 Column_111 Column_112 Column_113 Column_114 Column_115 Column_116 Column_117 Column_118 Column_119 Column_120 Column_121 Column_122 Column_123 Column_124 Column_125 Column_126 Column_127 Column_128 Column_129 Column_130 Column_131 Column_132 Column_133 Column_134 Column_135 Column_136 Column_137 Column_138 Column_139 Column_140 Column_141 Column_142 Column_143 Column_144 Column_145 Column_146 Column_147 Column_148 Column_149 Column_150 Column_151 Column_152 Column_153 Column_154 Column_155 Column_156 Column_157 Column_158 Column_159 Column_160 Column_161 Column_162 Column_163 Column_164 Column_165 Column_166 Column_167 Column_168 Column_169 Column_170 Column_171 Column_172 Column_173 Column_174 Column_175 Column_176 Column_177 Column_178 Column_179 Column_180 Column_181 Column_182 Column_183 Column_184 Column_185 Column_186 Column_187 Column_188 Column_189 Column_190 Column_191 Column_192 Column_193 Column_194 Column_195 Column_196 Column_197 Column_198 Column_199 Column_200 Column_201 Column_202 Column_203 Column_204 Column_205 Column_206 Column_207 Column_208 Column_209 Column_210 Column_211 Column_212 Column_213 Column_214 Column_215 Column_216 Column_217 Column_218 Column_219 Column_220 Column_221 Column_222 Column_223 Column_224 Column_225 Column_226 Column_227 Column_228 Column_229 Column_230 Column_231 Column_232 Column_233 Column_234 Column_235 Column_236 Column_237 Column_238 Column_239 Column_240 Column_241 Column_242 Column_243 Column_244 Column_245 Column_246 Column_247 Column_248 Column_249 Column_250 Column_251 Column_252 Column_253 Column_254 Column_255 Column_256 Column_257 Column_258
feature_infos=[-10208:15705] [-9136.5:15771.5] [-10464:14267] [-9947:14752.5] [-7808.375:17497.609375] [136.75750732421875:1862.834716796875] [-7695.85400390625:15214.8408203125] [-9945:14758.5] [-9616.5:14988] [-10637:14483] [-9641.5:14800] [-7744.47509765625:17430.869140625] [136.75750732421875:1862.834716796875] [-7732.00341796875:15122.9462890625] [-9635.5:14806] [-8911:15018.5] [-10269.5:14527.5] [-9398.5:14830.5] [-7679.990234375:17354.2890625] [136.75750732421875:1862.834716796875] [-7686.85400390625:14962.1328125] [-9413.5:14836.5] [-7962:14983.5] [-9573.5:14558] [-8656.5:14685.5] [-7611.93505859375:17270.109375] [136.75750732421875:1862.834716796875] [-7723.00341796875:14749.302734375] [-8639:14680.5] [-7809.5:14747] [-9330.5:13242.5] [-8481:13421] [-7545.10498046875:17183.189453125] [136.75750732421875:1862.834716796875] [-7574.59423828125:14526.9111328125] [-8463.5:13423.5] [-7692:13474.5] [-9236:12653.5] [-8386.5:13007.5] [-7485.5751953125:17094.994140625] [136.75750732421875:1862.834716796875] [-7443.81298828125:14305.419921875] [-8369:13001.5] [-8137.5:13191.5] [-9681.5:12376.5] [-8832:13185] [-7436.81494140625:16997.890625] [136.75750732421875:1862.834716796875] [-7280.875:14018.3818359375] [-8814.5:13179] [-7992.5:13532] [-9536.5:12583] [-8687:13525.5] [-7403.5400390625:16909.83984375] [136.75750732421875:1862.834716796875] [-7107.00341796875:13861.4375] [-8669.5:13519.5] [-7840:13618.5] [-8887.5:12894.5] [-8346.5:13258.5] [-7386.205078125:16827.630859375] [136.75750732421875:1862.834716796875] [-6958.59423828125:13759.4892578125] [-8430:13240.5] [-7983.5:13336.5] [-9004:12533.5] [-8169:12770.5] [-7357.9150390625:16741.689453125] [136.75750732421875:1862.834716796875] [-6827.81298828125:13645.8076171875] [-8167:12752.5] [-7838.5:12848.5] [-9289.5:12240.5] [-7890.5:12379] [-7332.51513671875:16653.5390625] [136.75750732421875:1862.834716796875] [-6664.875:13530.6435546875] [-7907.5:12375] [-7133:12681.5] [-8585.5:12236.5] [-7666.5:12445] [-7311.375:16563.099609375] [136.75750732421875:1862.834716796875] [-6474.2958984375:13431.94921875] [-7643:12449] [-6321:12457] [-9245.5:11703.5] [-8326.5:12013] [-7283.91015625:16467.494140625] [136.75750732421875:1862.834716796875] [-6300.564453125:13302.953125] [-8303:12001] [-6795.5:12088.5] [-9009:11302.5] [-7329.5:11895.5] [-7248.64013671875:16367.740234375] [136.75750732421875:1862.834716796875] [-6100.4052734375:13145.09375] [-7316.5:11868.5] [-7123:12643.5] [-8667:11694.5] [-7817.5:12637] [-7215.81005859375:16279.650390625] [136.75750732421875:1862.834716796875] [-5962.77783203125:13039.3583984375] [-7800:12631] [-7231:12730] [-8775:12006] [-7925.5:12370] [-7173.23486328125:16188.0498046875] [136.75750732421875:1862.834716796875] [-5852.07080078125:12918.87109375] [-7908:12352] [-7298.5:12448] [-8842.5:11645] [-7993:11780.5] [-7133.47021484375:16089.6201171875] [136.75750732421875:1862.834716796875] [-5791.35400390625:12754.24609375] [-7975.5:11776.5] [-7146:11839.5] [-8333:10762] [-8067:11139.5] [-7089.96484375:15986.3603515625] [136.75750732421875:1862.834716796875] [-5827.50341796875:12576.0419921875] [-8054:11154] [-7860.5:11498] [-9404.5:10575] [-8727:10953] [-7046.009765625:15880.3095703125] [136.75750732421875:1862.834716796875] [-5679.09423828125:12373.583984375] [-8714:10953.5] [-8520.5:11475.5] [-10064.5:10364] [-9215:10909.5] [-6996.64990234375:15777.6953125] [136.75750732421875:1862.834716796875] [-5567.00341796875:12240.4853515625] [-9197.5:10895] [-8368:10954] [-9415.5:10039] [-8874.5:10636] [-6945.2099609375:15668.3203125] [136.75750732421875:1862.834716796875] [-5418.59423828125:12094.623046875] [-8958:10638.5] [-7886.5:10644.5] [-8968:9874.5] [-8697:10103] [-6892.4150390625:15550.08984375] [136.75750732421875:1862.834716796875] [-5287.81298828125:11902.0205078125] [-8695:10105.5] [-8366.5:10220.5] [-9387:9445.5] [-8391.5:9584] [-6829.919921875:15426.5703125] [136.75750732421875:1862.834716796875] [-5538.9072265625:11691.2919921875] [-8385.5:9589] [-7661:9673] [-9019.5:8912.5] [-8148.5:9321.5] [-6770.18994140625:15294.599609375] [136.75750732421875:1862.834716796875] [-5776.142578125:11406.810546875] [-8163.5:9307] [-6584.5:9464.5] [-8323.5:8647.5] [-7072:9352] [-6711.43017578125:15156.7099609375] [136.75750732421875:1862.834716796875] [-5872.4931640625:11095.646484375] [-7087:9337.5] [-6548.5:9396.5] [-7735:8481.5] [-6555:9078.5] [-6651.10986328125:15019.0146484375] [136.75750732421875:1862.834716796875] [-5934.53955078125:10794.7236328125] [-6547.5:9081] [-6079:9087] [-7187.5:8317] [-6541.5:8418.5] [-6590.21484375:14879.8701171875] [136.75750732421875:1862.834716796875] [-5989.7177734375:10554.4765625] [-6501:8412.5] [-5783:8953] [-7327:7888] [-6477.5:8026.5] [-6532.15478515625:14735.58984375] [136.75750732421875:1862.834716796875] [-5818.10693359375:10267.16015625] [-6460:8031.5] [-5630.5:8420] [-6678:6975] [-6137:7004.5] [-6475.35498046875:14589.349609375] [136.75750732421875:1862.834716796875] [-5538.0517578125:9894.0546875] [-6220.5:7006.5] [-5149:8001.5] [-6322:6062.5] [-5959.5:7046.5] [-6415.7001953125:14413.740234375] [136.75750732421875:1862.834716796875] [-5415.63818359375:9538.146484375] [-5957.5:7022] [-5629:7496.5] [-6649.5:6099] [-5654:6564] [-6351.384765625:14247.599609375] [136.75750732421875:1862.834716796875] [-5248.6708984375:9237.2236328125] [-5648:6611.5] [-4923.5:7365] [-6282:6080.5] [-5411:6594.5] [-6283.169921875:14052.0654296875] [136.75750732421875:1862.834716796875] [-5092.9736328125:8996.9765625] [-5426:6642] [-3590.5:7395.5] [-5586:5830] [-4098.5:6114] [-6208.740234375:13854.7998046875] [136.75750732421875:1862.834716796875] [-4841.47607421875:8709.66015625] [-4080.5:6127] [-3811:7632.5] [-5526.5:6125.5] [-3817.5:6934] [-6137.47998046875:13667.240234375] [136.75750732421875:1862.834716796875] [-4600.4326171875:8336.5546875] [-3810:6916] [-3341.5:6917.5] [-4450:5769] [-3804:6096.5] [-6065.31005859375:13484.6103515625] [136.75750732421875:1862.834716796875] [-4415.0751953125:7855.07373046875] [-3763.5:6091.5] [-2259.5:7066] [-4331:3434] [-2439.5:4998.5] [-5988.6748046875:13280.5400390625] [136.75750732421875:1862.834716796875] [-4111.568359375:7491.65771484375] [-2399:4995] [0:5732.5] [-4567.5:0] none [-5910.5498046875:13074.490234375] [136.75750732421875:1862.834716796875] [-3737.789306640625:6810.59814453125]
tree_sizes=2806 2818 2817 2830 2821 2827 2831

Tree=0
num_leaves=31
num_cat=0
split_feature=220 218 239 46 102 243 241 123 22 73 101 99 98 197 98 230 247 40 12 163 164 191 118 80 113 213 9 219 163 222
split_gain=4.03443e+06 1.03405e+07 4.393e+06 3.44843e+06 3.18289e+06 4.09155e+06 3.57643e+06 5.02628e+06 3.51576e+06 6.16965e+06 3.56811e+06 5.18112e+06 5.35072e+06 3.08586e+06 2.96291e+06 2.96261e+06 2.9174e+06 4.11559e+06 2.72762e+06 2.72226e+06 2.99846e+06 2.62899e+06 2.8502e+06 2.39042e+06 2.34867e+06 3.08959e+06 2.28159e+06 2.43332e+06 2.25208e+06 2.24449e+06
threshold=2704.0000000000005 3359.0000000000005 2291.0000000000005 6177.2600097656259 5038.9323730468759 823.68878173828136 -91.249999999999986 7676.4748535156259 4616.5000000000009 4159.5000000000009 -285.74999999999994 1693.2500000000002 1847.5000000000002 2355.7500000000005 2375.2500000000005 580.23028564453136 -1749.2499999999998 858.00915527343761 584.03851318359386 189.75000000000003 982.25000000000011 -2366.9999999999995 -2889.672729492187 1686.2500000000002 1139.2500000000002 -958.99999999999989 -3624.9999999999995 218.25000000000003 -2443.7499999999995 992.53356933593761
decision_type=2 2 2 2 2 2 2 2 2 2 2 2 2 2 2 2 2 2 2 2 2 2 2 2 2 2 2 2 2 2
left_child=1 4 3 -2 5 26 13 19 10 -10 21 15 -13 16 -14 24 -6 18 -18 -8 -21 22 -7 -22 25 -12 27 -1 -23 -16
right_child=2 -3 -4 -5 6 8 7 -9 9 -11 11 12 14 -15 29 -17 17 -19 -20 20 23 28 -24 -25 -26 -27 -28 -29 -30 -31
leaf_value=-3.4046815674077631 -13.370671850210851 -33.201740076430802 23.16591321107196 15.017425685834723 -10.261324485081598 -25.218824051904843 -9.0656658053123689 -20.28459324819508 21.221957453054028 -12.314240720160965 -32.532990700955025 11.486800952863533 -24.19780550406967 26.47667603011115 -11.773341515789697 -34.912914922848778 16.32502204196987 26.431951536722682 -4.5823497840797378 23.425342836831703 -9.9207883514133446 15.666083597850637 1.1551044923894267 6.2909072972126605 -3.0729906939349201 -8.8279311306444157 -0.27736439346460695 -20.68109681038873 -0.62490983838714054 3.7932914228205412
leaf_weight=277 23 24 38 20 20 20 38 26 32 24 27 40 27 25 57 22 26 29 39 21 28 27 21 121 30 28 21134 22 99 39
leaf_count=277 23 24 38 20 20 20 38 26 32 24 27 40 27 25 57 22 26 29 39 21 28 27 21 121 30 28 21134 22 99 39
internal_value=-0.359289 -0.399706 10.7794 -0.166906 -0.364401 -0.442315 4.21558 0.442116 -4.94584 6.8493 -6.45734 -10.0106 -4.39884 10.568 -9.5649 -18.5593 7.07929 10.7688 3.7806 3.03295 5.73735 -0.712581 -11.7102 3.24441 -14.3266 -20.465 -0.338725 -4.67586 2.86602 -5.4494
internal_weight=22404 22323 81 43 22299 21926 373 234 493 56 437 270 163 139 123 107 114 94 65 208 170 167 41 149 85 55 21433 299 126 96
internal_count=22404 22323 81 43 22299 21926 373 234 493 56 437 270 163 139 123 107 114 94 65 208 170 167 41 149 85 55 21433 299 126 96
is_linear=0
shrinkage=1


Tree=1
num_leaves=31
num_cat=0
split_feature=220 218 190 207 190 84 257 191 145 225 101 108 124 57 75 114 100 218 115 108 97 219 206 157 197 234 254 9 240 250
split_gain=3.64108e+06 9.33227e+06 4.08562e+06 2.89356e+06 4.80075e+06 4.0069e+06 3.97387e+06 3.75725e+06 3.11203e+06 3.1124e+06 3.08022e+06 4.86992e+06 5.08816e+06 3.04335e+06 3.00588e+06 2.84052e+06 2.75848e+06 2.7373e+06 2.33179e+06 2.3223e+06 2.23432e+06 2.03625e+06 2.71279e+06 2.40717e+06 2.02749e+06 4.33687e+06 2.61259e+06 1.94709e+06 1.94073e+06 2.24509e+06
threshold=2704.0000000000005 3359.0000000000005 4245.2500000000009 3876.772583007813 85.250000000000014 1651.2500000000002 823.68878173828136 -647.24999999999989 1109.719909667969 -227.24999999999997 -384.24999999999994 1104.2500000000002 858.00915527343761 505.75000000000006 452.46113586425787 544.25000000000011 -2595.4999999999995 -521.74999999999989 2629.5000000000005 1919.7500000000002 1737.2115478515627 -12.249999999999998 -1669.4999999999998 -2025.7499999999998 2803.2500000000005 583.00000000000011 -762.99999999999989 -3624.9999999999995 -335.74999999999994 692.68301391601574
decision_type=2 2 2 2 2 2 2 2 2 2 2 2 2 2 2 2 2 2 2 2 2 2 2 2 2 2 2 2 2 2
left_child=1 3 -2 6 17 28 27 -7 9 -9 16 13 14 -12 -13 -11 21 -5 19 -14 -15 22 -8 -24 26 -26 -17 -1 -6 -30
right_child=2 -3 -4 4 5 7 10 8 -10 15 11 12 18 20 -16 24 -18 -19 -20 -21 -22 -23 23 -25 25 -27 -28 -29 29 -31
leaf_value=-3.9898058918821455 0.53783048417833113 -31.200330114364625 23.136562224891453 31.514082751955307 1.0411817579558402 -15.142064507802329 -12.96472852141769 24.175141500929993 -8.2736233861822832 23.223397572835289 -33.706838272809982 4.7769034152030949 9.0521942201782686 -5.5315402772066733 -15.276463328825461 -15.219716783165934 8.8594668038189415 9.1235091722928559 19.830545508364835 -12.419783005714416 -21.418250006123596 -18.807474133968352 19.860401282310487 -4.3772527058919275 30.660245150611516 2.211599125733247 3.7045249637486282 0.060298437157639266 -2.6188016857419694 -24.599399382105243
leaf_weight=301 45 24 36 21 33 24 27 24 38 21 20 25 34 53 74 20 64 39 24 20 38 20 20 21 21 37 207 21026 21 26
leaf_count=301 45 24 36 21 33 24 27 24 38 21 20 25 34 53 74 20 64 39 24 20 38 20 20 21 21 37 207 21026 21 26
internal_value=-2.40523e-08 -0.0383962 10.5817 -0.00485722 3.63838 1.94492 -0.0939003 4.02608 5.27618 6.83646 -4.79734 -7.83655 -2.6877 -16.0469 -10.2125 5.47656 0.961148 16.9602 6.86297 1.09961 -12.1656 -4.78308 -0.658264 7.44599 4.1689 12.512 2.03719 0.00313703 -8.25275 -14.7783
internal_weight=22404 22323 81 22299 532 472 21767 392 368 330 440 288 177 111 99 306 152 60 78 54 91 88 68 41 285 58 227 21327 80 47
internal_count=22404 22323 81 22299 532 472 21767 392 368 330 440 288 177 111 99 306 152 60 78 54 91 88 68 41 285 58 227 21327 80 47
is_linear=0
shrinkage=0.05


Tree=2
num_leaves=31
num_cat=0
split_feature=220 218 248 254 18 47 31 142 238 90 94 247 224 75 253 79 197 195 211 254 204 231 171 232 60 37 106 219 26 54
split_gain=3.28607e+06 8.42237e+06 3.89322e+06 7.09755e+06 2.66642e+06 3.4926e+06 4.65701e+06 4.04402e+06 3.27901e+06 3.66622e+06 4.3386e+06 3.56559e+06 4.25836e+06 5.58997e+06 3.5337e+06 3.20799e+06 2.43642e+06 2.9369e+06 2.11401e+06 1.97559e+06 1.91939e+06 2.41156e+06 2.04026e+06 1.93491e+06 2.28144e+06 2.2083e+06 2.93647e+06 1.7264e+06 1.69306e+06 1.65206e+06
threshold=2704.0000000000005 3359.0000000000005 624.75000000000011 -267.24999999999994 5532.6374511718759 1200.0135498046877 -4241.4999999999991 239.75000000000003 1174.5000000000002 4968.4550781250009 2533.5000000000005 -1466.7499999999998 -520.24999999999989 1109.719909667969 327.25000000000006 -412.74999999999994 2803.2500000000005 2038.8775634765627 1542.2500000000002 -1324.9999999999998 3072.2500000000005 1248.7500000000002 3367.0000000000005 1701.5000000000002 -520.16000366210926 2435.7500000000005 2370.2500000000005 -1405.7499999999998 380.68510437011724 798.89459228515636
decision_type=2 2 2 2 2 2 2 2 2 2 2 2 2 2 2 2 2 2 2 2 2 2 2 2 2 2 2 2 2 2
left_child=1 4 -2 -4 5 19 -7 -8 11 10 -10 14 13 -13 -6 -14 17 18 -17 27 21 -21 -22 28 -25 26 -26 -1 -23 -19
right_child=2 -3 3 -5 8 6 7 -9 9 -11 -12 12 15 -15 -16 16 -18 29 -20 20 22 23 -24 24 25 -27 -28 -29 -30 -31
leaf_value=-1.1578685426193736 -1.3229774475097658 -29.640312316020328 40.213298572193494 -0.9416887283325196 7.0168322032148183 8.1477899144093211 -28.361759953821704 -1.1517852349714799 -7.9446034789085394 -22.091832594438031 20.120711481003536 4.707318263583713 -13.537364740371704 36.321940422058105 -22.022280888557436 6.2989612882099459 22.051396827697758 -9.1847946171462542 23.737385272979736 0.02902729088446972 22.220414123535157 0.13884874245394832 0.15503228360956367 15.413237624168397 -1.7010659502513374 5.5520811670231369 -21.498106072499201 -20.986541293916247 -11.117601720622329 7.87358997518366
leaf_weight=23 39 24 22 20 22 24 36 22 40 22 21 27 20 29 20 63 25 40 24 21422 20 46 22 20 67 53 26 21 122 22
leaf_count=23 39 24 22 20 22 24 36 22 40 22 21 27 20 29 20 63 25 40 24 21422 20 46 22 20 67 53 26 21 122 22
internal_value=4.2676e-08 -0.0364764 10.0526 20.6157 -0.0046143 -0.0761211 -10.3758 -18.0407 4.17596 -4.59361 1.71723 6.66868 8.93332 21.0792 -6.81132 5.4273 7.60715 5.18362 11.1096 -0.0374537 -0.0160894 -0.0367041 10.6624 -4.25257 -0.424079 -2.59357 -7.23572 -10.6216 -8.03548 -3.13182
internal_weight=22404 22323 81 42 22299 21924 82 58 375 83 61 292 250 56 42 194 174 149 87 21842 21798 21756 42 334 166 146 93 44 168 62
internal_count=22404 22323 81 42 22299 21924 82 58 375 83 61 292 250 56 42 194 174 149 87 21842 21798 21756 42 334 166 146 93 44 168 62
is_linear=0
shrinkage=0.05


Tree=3
num_leaves=31
num_cat=0
split_feature=220 218 190 22 50 121 170 129 235 243 93 68 39 129 185 2 254 106 85 99 89 184 203 52 9 219 77 247 141 166
split_gain=2.96568e+06 7.60119e+06 3.60807e+06 2.46489e+06 5.50826e+06 3.82596e+06 5.00994e+06 3.3374e+06 3.40258e+06 3.3991e+06 2.73478e+06 2.70748e+06 2.22008e+06 3.29451e+06 4.46129e+06 2.98994e+06 2.71355e+06 2.93224e+06 3.96308e+06 2.61094e+06 2.47323e+06 2.45967e+06 2.02425e+06 2.56045e+06 1.86275e+06 2.21146e+06 1.8059e+06 1.86138e+06 1.79364e+06 1.71427e+06
threshold=2704.0000000000005 3359.0000000000005 4245.2500000000009 4616.5000000000009 4752.7500000000009 3012.0000000000005 1707.2500000000002 4128.5000000000009 5292.7800292968759 823.68878173828136 2802.7500000000005 641.11550903320324 4928.3625488281259 2421.2500000000005 -629.24999999999989 635.50000000000011 -75.749999999999986 182.25000000000003 562.75000000000011 -1510.7499999999998 441.57783508300787 163.25000000000003 -912.74999999999989 2958.0000000000005 -3624.9999999999995 218.25000000000003 2116.5000000000005 -625.24999999999989 1331.2500000000002 589.15350341796886
decision_type=2 2 2 2 2 2 2 2 2 2 2 2 2 2 2 2 2 2 2 2 2 2 2 2 2 2 2 2 2 2
left_child=1 3 -2 7 26 10 -7 8 9 24 -6 29 16 14 15 -14 17 19 -19 -11 -20 -16 -22 -24 25 -1 -5 -28 -23 -8
right_child=2 -3 -4 4 5 6 11 -9 -10 12 -12 -13 13 -15 21 -17 -18 18 20 -21 22 28 23 -25 -26 -27 27 -29 -30 -31
leaf_value=-2.6730479129385003 0.11133708530002172 -28.158297135432562 21.348316579394872 2.0136701344822843 3.6892733953215862 20.235020481215585 -4.5116476154327394 -20.478816146850587 20.569291992187502 -9.2881833513577785 -18.163081608167509 -12.897076156560113 -4.1290640902519229 19.410723840622676 -16.905437067422 21.377598914393673 6.5350598209782653 -31.332538431341 5.7411719131469727 4.9732348837714264 -19.881185146849205 10.860938053131104 -2.4550221443176272 -18.929254646862255 0.089393708754513829 -19.143075633049012 29.633607076561972 12.648362387992719 -9.6126177694486543 15.714270045540552
leaf_weight=277 45 24 36 24 22 36 20 20 20 60 41 34 20 21 44 27 38 22 25 69 47 20 77 34 21157 22 23 54 23 22
leaf_count=277 45 24 36 24 22 36 20 20 20 60 41 34 20 21 44 27 38 22 25 69 47 20 77 34 21157 22 23 54 23 22
internal_value=6.29093e-08 -0.0346525 9.54999 -0.00438356 4.69142 -0.67475 4.87001 -0.063233 -0.0446759 -0.0634304 -10.5321 -2.40815 -4.03057 0.996957 -1.88878 10.5237 -6.12537 -7.56578 -11.2821 -1.65998 -8.87168 -8.59438 -11.1838 -7.50118 0.0340101 -3.88489 13.9892 17.7219 -0.0900337 6.08288
internal_weight=22404 22323 81 22299 276 175 112 22023 22003 21983 63 76 527 155 134 47 372 334 205 129 183 87 158 111 21456 299 101 77 43 42
internal_count=22404 22323 81 22299 276 175 112 22023 22003 21983 63 76 527 155 134 47 372 334 205 129 183 87 158 111 21456 299 101 77 43 42
is_linear=0
shrinkage=0.05


Tree=4
num_leaves=31
num_cat=0
split_feature=220 218 248 254 18 218 141 93 235 254 243 22 73 248 101 87 239 4 99 89 85 253 233 201 252 163 164 129 204 231
split_gain=2.67653e+06 6.86007e+06 3.45487e+06 6.38973e+06 2.31065e+06 2.96627e+06 3.19491e+06 7.61929e+06 3.0474e+06 4.50754e+06 2.96296e+06 3.33817e+06 3.90794e+06 2.13299e+06 2.33673e+06 3.59233e+06 2.75516e+06 2.48536e+06 2.20493e+06 2.14904e+06 3.37867e+06 2.09101e+06 2.03349e+06 3.37e+06 2.73544e+06 2.07409e+06 4.8252e+06 3.24906e+06 1.84865e+06 2.20667e+06
threshold=2704.0000000000005 3359.0000000000005 624.75000000000011 -267.24999999999994 5532.6374511718759 2729.7500000000005 5256.5000000000009 4123.2500000000009 5292.7800292968759 -658.24999999999989 823.68878173828136 4616.5000000000009 4159.5000000000009 -858.99999999999989 -285.74999999999994 278.75000000000006 793.75000000000011 2550.7299804687505 -1510.7499999999998 441.57783508300787 2868.7500000000005 478.25000000000006 -716.74999999999989 992.53356933593761 -415.74999999999994 199.75000000000003 1221.2500000000002 624.25000000000011 3072.2500000000005 1142.5000000000002
decision_type=2 2 2 2 2 2 2 2 2 2 2 2 2 2 2 2 2 2 2 2 2 2 2 2 2 2 2 2 2 2
left_child=1 4 -2 -4 10 6 7 8 22 -10 28 13 -13 -12 18 -16 19 -18 -15 -17 21 -21 23 -6 -25 27 -27 -24 29 -1
right_child=2 -3 3 -5 5 -7 -8 -9 9 -11 11 12 -14 14 15 16 17 -19 -20 20 -22 -23 25 24 -26 26 -28 -29 -30 -31
leaf_value=0.071615673491937745 -1.6435721128414837 -26.750382518768312 37.617876265265728 -1.4310959625244142 23.842204291245036 -13.509167961452318 23.040405990766445 -21.683082587630661 -2.6715135300159454 26.790439030769711 7.0571136459227537 18.331316898850833 -6.0132218897342682 -8.3811077101156126 -24.869833697694723 2.0803762873013816 15.008322706676665 -5.0666343846197783 4.1051415452474282 -13.467464677025291 -26.272568696584457 5.2790291332063219 3.2972069044355994 -11.768935174942017 13.268471022446953 22.760571795481226 -1.137943452903905 -22.925512622651599 12.025633907318117 -3.5467382488122512
leaf_weight=20975 39 24 22 20 29 23 23 27 20 37 31 34 32 64 33 24 21 58 79 51 39 21 27 20 24 27 97 21 32 430
leaf_count=20975 39 24 22 20 29 23 23 27 20 37 31 34 32 64 33 24 21 58 79 51 39 21 27 20 24 27 97 21 32 430
internal_value=-5.95768e-08 -0.03292 9.07249 19.0231 -0.0041645 3.88753 5.02425 3.76476 6.03989 16.4529 -0.0707301 -3.92721 6.5279 -5.56625 -6.56964 -9.51448 -7.1466 0.269747 -1.48311 -11.4865 -14.4199 -7.99974 3.61727 10.6094 1.88783 0.649673 4.06577 -8.17523 0.0168802 -0.00107259
internal_weight=22404 22323 81 42 22299 375 352 329 302 57 21924 487 66 421 390 247 214 79 143 135 111 72 245 73 44 172 124 48 21437 21405
internal_count=22404 22323 81 42 22299 375 352 329 302 57 21924 487 66 421 390 247 214 79 143 135 111 72 245 73 44 172 124 48 21437 21405
is_linear=0
shrinkage=0.05


Tree=5
num_leaves=31
num_cat=0
split_feature=220 218 239 46 207 190 84 191 243 145 225 208 195 232 241 252 223 248 114 240 220 227 227 246 185 197 224 38 9 219
split_gain=2.41556e+06 6.19122e+06 3.21133e+06 2.92111e+06 2.13069e+06 3.82919e+06 3.43077e+06 3.10387e+06 2.8674e+06 2.77522e+06 2.62074e+06 2.53733e+06 3.20693e+06 2.8739e+06 2.58131e+06 3.38069e+06 2.84842e+06 2.35313e+06 2.26069e+06 2.07657e+06 2.09548e+06 2.05396e+06 3.49467e+06 2.51394e+06 1.83577e+06 1.63041e+06 3.75373e+06 2.28464e+06 1.60843e+06 1.90929e+06
threshold=2704.0000000000005 3359.0000000000005 2291.0000000000005 6177.2600097656259 3876.772583007813 85.250000000000014 1651.2500000000002 -647.24999999999989 823.68878173828136 1109.719909667969 -227.24999999999997 899.23205566406261 1869.7168579101565 1054.0000000000002 -186.74999999999997 -96.249999999999986 226.69798278808597 -214.74999999999997 544.25000000000011 -303.24999999999994 -196.24999999999997 889.25000000000011 -432.24999999999994 498.75000000000006 -2680.2499999999995 2803.2500000000005 1522.2500000000002 5412.0000000000009 -3624.9999999999995 218.25000000000003
decision_type=2 2 2 2 2 2 2 2 2 2 2 2 2 2 2 2 2 2 2 2 2 2 2 2 2 2 2 2 2 2
left_child=1 4 3 -2 8 17 -7 -8 28 10 -9 13 14 19 16 -16 24 -6 -12 20 -10 22 -17 -24 -13 27 -27 -20 29 -1
right_child=2 -3 -4 -5 5 6 7 9 11 -11 18 12 -14 -15 15 21 -18 -19 25 -21 -22 -23 23 -25 -26 26 -28 -29 -30 -31
leaf_value=-2.5423231303046325 -12.892451054116956 -25.412862984339398 19.209278219624572 13.235112571716309 2.4610725744910864 -7.8261850392818451 -13.8862983862559 22.055663988987604 -4.170288310164497 -8.1236984353316455 20.729700215657555 -15.694423767372413 13.174452501535416 -25.526755439758304 14.132231230349156 10.283973313932833 -20.746073444911413 22.826968742061307 3.6233223414539704 7.4015104248410184 -23.218996099992232 7.74840955734253 3.0382473790645599 -17.766184374071518 -0.68534610644880556 28.09659400213333 1.6295657304493159 -12.127635897122898 0.055019195058014704 -18.179729847680957
leaf_weight=277 23 24 38 20 23 80 24 24 42 38 21 27 32 25 37 23 35 37 201 21 22 33 20 53 83 21 37 26 21016 21
leaf_count=277 23 24 38 20 23 80 24 24 42 38 21 27 32 25 37 23 35 37 201 21 22 33 20 53 83 21 37 26 21016 21
internal_value=3.58073e-08 -0.0312739 8.61887 -0.740096 -0.00395618 3.12234 1.60993 3.53566 -0.0803651 4.67188 6.14531 -4.01676 -1.89762 -10.6246 -3.44845 0.808907 -8.32238 15.02 4.89744 -6.24163 -10.7183 -3.01251 -6.71158 -12.0663 -4.36939 3.73085 11.2125 1.81925 0.00329762 -3.64429
internal_weight=22404 22323 81 43 22299 532 472 392 21767 368 330 453 343 110 311 166 145 60 306 85 64 129 96 73 110 285 58 227 21314 298
internal_count=22404 22323 81 43 22299 532 472 392 21767 368 330 453 343 110 311 166 145 60 306 85 64 129 96 73 110 285 58 227 21314 298
is_linear=0
shrinkage=0.05


Tree=6
num_leaves=31
num_cat=0
split_feature=220 218 248 254 225 22 50 121 170 129 235 82 247 243 225 211 185 51 84 31 197 46 249 40 241 217 157 21 99 11
split_gain=2.18005e+06 5.58757e+06 3.06793e+06 5.05824e+06 2.04697e+06 2.4095e+06 5.90579e+06 3.27162e+06 3.20413e+06 3.02378e+06 2.78746e+06 2.45163e+06 2.44771e+06 2.19688e+06 2.40791e+06 2.53699e+06 3.06414e+06 2.38714e+06 3.41178e+06 2.12735e+06 2.4585e+06 3.44223e+06 1.95675e+06 1.85978e+06 3.78667e+06 1.85498e+06 1.6534e+06 1.58804e+06 2.1103e+06 1.69413e+06
threshold=2704.0000000000005 3359.0000000000005 111.75000000000001 -267.24999999999994 -1118.7499999999998 4616.5000000000009 4752.7500000000009 3012.0000000000005 1707.2500000000002 4128.5000000000009 5292.7800292968759 798.89459228515636 -896.74999999999989 823.68878173828136 -161.74999999999997 -69.749999999999986 -618.24999999999989 821.25000000000011 783.75000000000011 -3358.9999999999995 64.250000000000014 4101.9050292968759 2070.494995117188 528.01879882812511 -77.749999999999986 -1292.7499999999998 1264.7500000000002 3996.2500000000005 3586.0000000000005 5587.8076171875009
decision_type=2 2 2 2 2 2 2 2 2 2 2 2 2 2 2 2 2 2 2 2 2 2 2 2 2 2 2 2 2 2
left_child=1 4 -2 -4 19 9 12 11 -9 10 13 26 -7 -6 17 16 22 18 25 -1 21 -21 -16 -10 -25 -15 -8 28 29 -17
right_child=2 -3 3 -5 5 6 7 8 23 -11 -12 -13 -14 14 15 27 -18 -19 -20 20 -22 -23 -24 24 -26 -27 -28 -29 -30 -31
leaf_value=-18.241238723754886 -8.8062443733215332 -24.142219408353171 28.395877488454182 -0.40417430016302297 0.067358516201520252 29.830940730231152 -7.1792088890075689 17.932829986080048 9.8820278701782236 -19.440738859176637 18.667456254959106 4.0954672312736511 10.489599930273521 -7.683170233832465 -16.348943452835083 -6.0154346342946665 -28.861645292199178 -7.0321920364330985 25.309873426528206 -3.5249430722000086 -19.71123941421509 16.905401215345965 3.859088549406632 9.8602656555175798 -18.419937400160165 11.028321756766394 -27.510204454064372 -16.889471969604493 12.931939797174364 3.4909495576979626
leaf_weight=25 20 24 30 31 21261 21 20 31 25 20 20 20 74 27 25 183 23 39 21 199 20 23 23 20 29 26 20 20 21 63
leaf_count=25 20 24 30 31 21261 21 20 31 25 20 20 20 74 27 25 183 23 39 21 199 20 23 23 20 29 26 20 20 21 63
internal_value=4.11906e-08 -0.0297102 8.18793 13.7598 -0.00375837 0.0489782 4.83383 -0.884142 4.43805 -0.00816229 0.0097051 -10.198 14.7651 -0.00746566 -3.38504 -5.39356 -13.8561 2.97825 8.25403 -4.35541 -2.92093 -1.40829 -6.66593 -1.21516 -6.877 1.49605 -17.3447 -3.30005 -2.28211 -3.58087
internal_weight=22404 22323 81 61 22299 22032 260 165 105 21772 21752 60 95 21732 471 358 71 113 74 267 242 222 48 74 49 53 40 287 267 246
internal_count=22404 22323 81 61 22299 22032 260 165 105 21772 21752 60 95 21732 471 358 71 113 74 267 242 222 48 74 49 53 40 287 267 246
is_linear=0
shrinkage=0.05


end of trees

feature_importances:
Column_218=9
Column_220=8
Column_254=7
Column_197=5
Column_219=5
Column_243=5
Column_248=5
Column_9=4
Column_22=4
Column_99=4
Column_129=4
Column_190=4
Column_225=4
Column_247=4
Column_46=3
Column_84=3
Column_101=3
Column_163=3
Column_185=3
Column_191=3
Column_235=3
Column_239=3
Column_241=3
Column_18=2
Column_31=2
Column_40=2
Column_50=2
Column_73=2
Column_75=2
Column_85=2
Column_89=2
Column_93=2
Column_98=2
Column_106=2
Column_108=2
Column_114=2
Column_121=2
Column_141=2
Column_145=2
Column_157=2
Column_164=2
Column_170=2
Column_195=2
Column_204=2
Column_207=2
Column_211=2
Column_224=2
Column_227=2
Column_231=2
Column_232=2
Column_240=2
Column_252=2
Column_253=2
Column_2=1
Column_4=1
Column_11=1
Column_12=1
Column_21=1
Column_26=1
Column_37=1
Column_38=1
Column_39=1
Column_47=1
Column_51=1
Column_52=1
Column_54=1
Column_57=1
Column_60=1
Column_68=1
Column_77=1
Column_79=1
Column_80=1
Column_82=1
Column_87=1
Column_90=1
Column_94=1
Column_97=1
Column_100=1
Column_102=1
Column_113=1
Column_115=1
Column_118=1
Column_123=1
Column_124=1
Column_142=1
Column_166=1
Column_171=1
Column_184=1
Column_201=1
Column_203=1
Column_206=1
Column_208=1
Column_213=1
Column_217=1
Column_222=1
Column_223=1
Column_230=1
Column_233=1
Column_234=1
Column_238=1
Column_246=1
Column_249=1
Column_250=1
Column_257=1

parameters:
[boosting: gbdt]
[objective: regression]
[metric: l2]
[tree_learner: serial]
[device_type: cpu]
[data_sample_strategy: bagging]
[data: ]
[valid: ]
[num_iterations: 1000]
[learning_rate: 0.05]
[num_leaves: 31]
[num_threads: 0]
[seed: 42]
[deterministic: 1]
[force_col_wise: 0]
[force_row_wise: 0]
[histogram_pool_size: -1]
[max_depth: -1]
[min_data_in_leaf: 20]
[min_sum_hessian_in_leaf: 0.001]
[bagging_fraction: 1]
[pos_bagging_fraction: 1]
[neg_bagging_fraction: 1]
[bagging_freq: 0]
[bagging_seed: 400]
[bagging_by_query: 0]
[feature_fraction: 1]
[feature_fraction_bynode: 1]
[feature_fraction_seed: 30056]
[extra_trees: 0]
[extra_seed: 12879]
[early_stopping_round: 0]
[early_stopping_min_delta: 0]
[first_metric_only: 0]
[max_delta_step: 0]
[lambda_l1: 0]
[lambda_l2: 0]
[linear_lambda: 0]
[min_gain_to_split: 0]
[drop_rate: 0.1]
[max_drop: 50]
[skip_drop: 0.5]
[xgboost_dart_mode: 0]
[uniform_drop: 0]
[drop_seed: 17869]
[top_rate: 0.2]
[other_rate: 0.1]
[min_data_per_group: 100]
[max_cat_threshold: 32]
[cat_l2: 10]
[cat_smooth: 10]
[max_cat_to_onehot: 4]
[top_k: 20]
[monotone_constraints: ]
[monotone_constraints_method: basic]
[monotone_penalty: 0]
[feature_contri: ]
[forcedsplits_filename: ]
[refit_decay_rate: 0.9]
[cegb_tradeoff: 1]
[cegb_penalty_split: 0]
[cegb_penalty_feature_lazy: ]
[cegb_penalty_feature_coupled: ]
[path_smooth: 0]
[interaction_constraints: ]
[verbosity: -1]
[saved_feature_importance_type: 0]
[use_quantized_grad: 0]
[num_grad_quant_bins: 4]
[quant_train_renew_leaf: 0]
[stochastic_rounding: 1]
[linear_tree: 0]
[max_bin: 255]
[max_bin_by_feature: ]
[min_data_in_bin: 3]
[bin_construct_sample_cnt: 200000]
[data_random_seed: 175]
[is_enable_sparse: 1]
[enable_bundle: 1]
[use_missing: 1]
[zero_as_missing: 0]
[feature_pre_filter: 1]
[pre_partition: 0]
[two_round: 0]
[header: 0]
[label_column: ]
[weight_column: ]
[group_column: ]
[ignore_column: ]
[categorical_feature: ]
[forcedbins_filename: ]
[precise_float_parser: 0]
[parser_config_file: ]
[objective_seed: 16083]
[num_class: 1]
[is_unbalance: 0]
[scale_pos_weight: 1]
[sigmoid: 1]
[boost_from_average: 1]
[reg_sqrt: 0]
[alpha: 0.9]
[fair_c: 1]
[poisson_max_delta_step: 0.7]
[tweedie_variance_power: 1.5]
[lambdarank_truncation_level: 30]
[lambdarank_norm: 1]
[label_gain: ]
[lambdarank_position_bias_regularization: 0]
[eval_at: ]
[multi_error_top_k: 1]
[auc_mu_weights: ]
[num_machines: 1]
[local_listen_port: 12400]
[time_out: 120]
[machine_list_filename: ]
[machines: ]
[gpu_platform_id: -1]
[gpu_device_id: -1]
[gpu_device_id_list: ]
[gpu_use_dp: 0]
[num_gpu: 1]

end of parameters

pandas_categorical:null
