tree
version=v4
num_class=1
num_tree_per_iteration=1
label_index=0
max_feature_idx=146
objective=regression
feature_names=Column_0 Column_1 Column_2 Column_3 Column_4 Column_5 Column_6 Column_7 Column_8 Column_9 Column_10 Column_11 Column_12 Column_13 Column_14 Column_15 Column_16 Column_17 Column_18 Column_19 Column_20 Column_21 Column_22 Column_23 Column_24 Column_25 Column_26 Column_27 Column_28 Column_29 Column_30 Column_31 Column_32 Column_33 Column_34 Column_35 Column_36 Column_37 Column_38 Column_39 Column_40 Column_41 Column_42 Column_43 Column_44 Column_45 Column_46 Column_47 Column_48 Column_49 Column_50 Column_51 Column_52 Column_53 Column_54 Column_55 Column_56 Column_57 Column_58 Column_59 Column_60 Column_61 Column_62 Column_63 Column_64 Column_65 Column_66 Column_67 Column_68 Column_69 Column_70 Column_71 Column_72 Column_73 Column_74 Column_75 Column_76 Column_77 Column_78 Column_79 Column_80 Column_81 Column_82 Column_83 Column_84 Column_85 Column_86 Column_87 Column_88 Column_89 Column_90 Column_91 Column_92 Column_93 Column_94 Column_95 Column_96 Column_97 Column_98 Column_99 Column_100 Column_101 Column_102 Column_103 Column_104 Column_105 Column_106 Column_107 Column_108 Column_109 Column_110 Column_111 Column_112 Column_113 Column_114 Column_115 Column_116 Column_117 Column_118 Column_119 Column_120 Column_121 Column_122 Column_123 Column_124 Column_125 Column_126 Column_127 Column_128 Column_129 Column_130 Column_131 Column_132 Column_133 Column_134 Column_135 Column_136 Column_137 Column_138 Column_139 Column_140 Column_141 Column_142 Column_143 Column_144 Column_145 Column_146
feature_infos=[-6398.5:9662.5] [-6306:9695] [-6865:9212.5] [-6455.5:9305] [-7549.43994140625:10046.5] [101.59349060058594:1576.9803466796875] [-6240.71826171875:9059.3359375] [-6456.5:9302.5] [-6291:9317.5] [-6635:8520] [-6470:8767.5] [-7499.40478515625:9994.2998046875] [101.59349060058594:1576.9803466796875] [-6225.69873046875:9032.8056640625] [-6471:8770] [-6221.5:8950] [-6602:8300] [-6465:8550] [-7450:9943.0498046875] [101.59349060058594:1576.9803466796875] [-6142.90771484375:8988.9140625] [-6463.5:8552.5] [-6206.5:8710] [-6687.5:7865] [-6450:7970] [-7403.1748046875:9886.349609375] [101.59349060058594:1576.9803466796875] [-6070.6435546875:8896.28515625] [-6448.5:7970] [-5815:8392.5] [-7302.5:7670] [-6037.5:7810] [-7345.0498046875:9838] [101.59349060058594:1576.9803466796875] [-5985.5849609375:8797.5322265625] [-6036:7807.5] [-5733:8102.5] [-6710:7595] [-5979:7767.5] [-7281.53515625:9797.875] [101.59349060058594:1576.9803466796875] [-5896.62255859375:8703.892578125] [-5980:7767.5] [-5766.5:7977.5] [-6285:7492.5] [-5974:7502.5] [-7221.23486328125:9755.599609375] [101.59349060058594:1576.9803466796875] [-5830.248046875:8594.67578125] [-5972.5:7502.5] [-5684.5:7610] [-6102.5:6407.5] [-5930.5:6855] [-7160.7001953125:9705.9501953125] [101.59349060058594:1576.9803466796875] [-5776.04345703125:8436.5234375] [-5931.5:6850] [-5682:6910] [-6327.5:5862.5] [-5925.5:6215] [-7098.35009765625:9645.1748046875] [101.59349060058594:1576.9803466796875] [-5696.53955078125:8234.56640625] [-5924:6215] [-4788:6882.5] [-5955:6075] [-4969:6175] [-7034.10498046875:9579.724609375] [101.59349060058594:1576.9803466796875] [-5629.30859375:8047.3330078125] [-4967.5:6172.5] [-4755.5:6262.5] [-5616.5:4767.5] [-5242.5:5237.5] [-6973.41015625:9497.275390625] [101.59349060058594:1576.9803466796875] [-5552.55322265625:7791.8935546875] [-5242.5:5240] [-4462.5:5702.5] [-6150:5020] [-4890:5280] [-6912.97509765625:9411.1748046875] [101.59349060058594:1576.9803466796875] [-5317.27587890625:7563.53955078125] [-4882.5:5280] [-4235:5595] [-5600:4532.5] [-4937.5:4695] [-6850.96484375:9319.900390625] [101.59349060058594:1576.9803466796875] [-5069.38720703125:7278.4453125] [-4936:4695] [-4035:5857.5] [-5585:4685] [-4640:5227.5] [-6786.6650390625:9237.775390625] [101.59349060058594:1576.9803466796875] [-4798.76123046875:7091.99560546875] [-4647.5:5225] [-4595:5805] [-5747.5:4535] [-4992.5:4540] [-6720.18017578125:9145] [101.59349060058594:1576.9803466796875] [-4532.7373046875:6859.99609375] [-4997.5:4540] [-4230:5297.5] [-5565:4400] [-4490:5147.5] [-6648.26513671875:9058.525390625] [101.59349060058594:1576.9803466796875] [-4290.0791015625:6704.314453125] [-4495:5147.5] [-3637.5:5197.5] [-4972.5:3602] [-3997.5:4675.5] [-6574.80517578125:8967.525390625] [101.59349060058594:1576.9803466796875] [-4022.890380859375:6503.6953125] [-3996:4677] [-3428.5:5622.5] [-4645:4667.5] [-3446.5:5142.5] [-6498.52490234375:8883.125] [101.59349060058594:1576.9803466796875] [-3788.854736328125:6379.9501953125] [-3446.5:5137.5] [-3347:5157.5] [-4635:4878.5] [-3375:5102.5] [-6423.0048828125:8783.7998046875] [101.59349060058594:1576.9803466796875] [-3573.09521484375:6135.181640625] [-3556.5:5103] [-3399:6013.5] [-4097:3127] [-3429:4117.5] [-6346.5400390625:8676.9248046875] [101.59349060058594:1576.9803466796875] [-3299.632080078125:5822.2109375] [-3430.5:4114.5] [0:4883] [-3620:0] none [-6267.39013671875:8548.2998046875] [101.59349060058594:1576.9803466796875] [-2999.66552734375:5292.9189453125]
tree_sizes=2873 2858 2834 2823 2821 2856

Tree=0
num_leaves=31
num_cat=0
split_feature=87 136 141 112 105 109 64 75 121 114 142 138 31 33 80 127 125 22 2 113 113 135 44 139 86 75 112 135 37 142
split_gain=3.79087e+06 7.31738e+06 2.47296e+06 2.39574e+06 1.65854e+06 2.31602e+06 3.16344e+06 1.94181e+06 2.77565e+06 1.50588e+06 1.30953e+06 1.28617e+06 1.16215e+06 3.74522e+06 2.06764e+06 2.24626e+06 1.73754e+06 1.45375e+06 1.43866e+06 1.15361e+06 1.47237e+06 1.29175e+06 1.30865e+06 2.67062e+06 1.12262e+06 1.1082e+06 1.07109e+06 1.06864e+06 1.06007e+06 1.3996e+06
threshold=2658.2500000000005 866.25000000000011 1319.2500000000002 1568.7500000000002 2333.7500000000005 4185.3376464843759 1613.7500000000002 630.97421264648449 243.75000000000003 1215.5000000000002 -75.249999999999986 630.97421264648449 2817.0000000000005 553.73107910156261 1939.0000000000002 332.25000000000006 1654.1351318359377 2409.7500000000005 2113.2500000000005 197.25000000000003 -184.74999999999997 -263.24999999999994 -1219.7499999999998 -228.50540924072263 -1493.2499999999998 492.29144287109381 -189.74999999999997 52.250000000000007 1316.2500000000002 -502.24999999999994
decision_type=2 2 2 2 2 2 2 2 2 2 2 2 2 2 2 2 2 2 2 2 2 2 2 2 2 2 2 2 2 2
left_child=2 9 4 -4 5 10 -7 -8 -9 -2 12 -12 14 25 16 -16 17 19 27 20 -1 22 23 26 -13 -14 -21 -18 -24 -30
right_child=1 -3 3 -5 -6 6 7 8 -10 -11 11 24 13 -15 15 -17 18 -19 -20 21 -22 -23 28 -25 -26 -27 -28 -29 29 -31
leaf_value=-0.95093118155274525 -6.78886151393022 31.702383981861168 -24.424467286937418 -0.54113412617372325 -12.290559700708943 19.150056239208883 8.8796992497609644 4.2373602123321046 -19.654051035459677 8.8284059328642606 0.14868788021030599 15.696546983020708 -5.0231515450279423 -25.305301158245246 -8.8290506438571619 9.7149520670786131 -22.837801054533166 4.2900751764983163 -0.88766167026344922 4.4171993877333007 0.24961943390124425 -0.70319080616042062 -1.4312196030164719 -22.349105429829216 2.8936919163818198 7.6031994342249236 -6.318480281473283 -6.4928006611425086 6.1529135905119805 -7.7587622529731295
leaf_weight=4480 33 27 21 21 29 35 48 31 20 29 6762 23 57 20 20 89 20 153 36 30 5940 5510 1518 23 67 25 103 20 21 130
leaf_count=4480 33 27 21 21 29 35 48 31 20 29 6762 23 57 20 20 89 20 153 36 30 5940 5510 1518 23 67 25 103 20 21 130
internal_value=-0.324001 9.97703 -0.360306 -12.4828 -0.34011 -0.326347 6.22951 1.66164 -5.13182 0.515989 -0.361421 0.227718 -0.583283 -5.90535 -0.55328 6.31238 -0.594892 -0.562875 -8.13905 -0.604694 -0.266548 -1.08506 -2.23799 -6.61742 6.16553 -1.17365 -3.8969 -14.6653 -1.82865 -5.82403
internal_weight=25341 89 25252 42 25210 25181 134 99 51 62 25047 6852 18195 102 18093 109 17984 17908 76 17755 10420 7335 1825 156 90 82 133 40 1669 151
internal_count=25341 89 25252 42 25210 25181 134 99 51 62 25047 6852 18195 102 18093 109 17984 17908 76 17755 10420 7335 1825 156 90 82 133 40 1669 151
is_linear=0
shrinkage=1


Tree=1
num_leaves=31
num_cat=0
split_feature=87 136 141 5 105 109 64 72 141 114 142 138 31 33 80 127 125 22 2 55 73 86 75 99 113 113 44 17 73 72
split_gain=3.42126e+06 6.60394e+06 2.23184e+06 2.17131e+06 1.49683e+06 2.0902e+06 2.855e+06 1.80992e+06 1.39987e+06 1.35906e+06 1.18185e+06 1.16077e+06 1.04884e+06 3.38006e+06 1.86605e+06 2.02725e+06 1.56813e+06 1.31201e+06 1.29839e+06 1.09546e+06 1.01964e+06 1.01317e+06 1.00015e+06 976228 960883 1.34854e+06 1.13561e+06 1.85644e+06 1.64089e+06 1.52068e+06
threshold=2658.2500000000005 866.25000000000011 1319.2500000000002 441.64888000488287 2333.7500000000005 4185.3376464843759 1613.7500000000002 1368.7500000000002 284.75000000000006 1215.5000000000002 -75.249999999999986 630.97421264648449 2817.0000000000005 553.73107910156261 1939.0000000000002 332.25000000000006 1654.1351318359377 2409.7500000000005 2113.2500000000005 2455.4665527343755 1401.0000000000002 -1493.2499999999998 492.29144287109381 1772.7500000000002 197.25000000000003 -184.74999999999997 -915.74999999999989 -58.749999999999993 -555.24999999999989 -1293.4999999999998
decision_type=2 2 2 2 2 2 2 2 2 2 2 2 2 2 2 2 2 2 2 2 2 2 2 2 2 2 2 2 2 2
left_child=2 9 4 -4 5 10 -7 -8 -9 -2 12 -12 14 22 16 -16 17 19 23 24 -19 -13 -14 -18 25 -1 27 -26 -29 -28
right_child=1 -3 3 -5 -6 6 7 8 -10 -11 11 21 13 -15 15 -17 18 20 -20 -21 -22 -23 -24 -25 26 -27 29 28 -30 -31
leaf_value=-0.59833991817591892 -6.1416174325076014 30.425065759376242 -23.474318161010743 -0.71135276447642937 -11.36823051386866 18.500354091099332 -8.1264535903930675 -3.5836072672968329 11.579842147827149 8.6947867261952378 0.44905416903782092 15.219520809339441 -4.464193297269051 -23.732235070541503 -8.0797972369194024 9.5370049530200749 -21.435397400632503 1.6235915702297576 -0.5354780044820574 -10.94168541232745 10.420392104114097 3.056808187000787 7.5308400421142583 -5.8130725622177124 -1.7921244143925126 0.5511066056752788 10.751620472272238 -19.225600919723512 -2.8222082153443369 -0.53133371651270678
leaf_weight=4479 33 27 20 22 29 35 31 23 45 29 6762 23 57 20 20 89 20 105 36 24 48 67 25 20 695 5930 30 30 31 6536
leaf_count=4479 33 27 20 22 29 35 31 23 45 29 6762 23 57 20 20 89 20 105 36 24 48 67 25 20 695 5930 30 30 31 6536
internal_value=-4.28883e-08 9.78598 -0.0344905 -11.5509 -0.0153041 -0.0022294 6.22584 1.88636 6.45103 0.797991 -0.0355492 0.524133 -0.246318 -5.30228 -0.217815 6.30456 -0.257347 -0.226931 -7.4243 -0.266659 4.38337 6.16506 -0.807171 -13.6242 -0.25221 0.056499 -0.691072 -2.52617 -10.8895 -0.479782
internal_weight=25341 89 25252 42 25210 25181 134 99 68 62 25047 6852 18195 102 18093 109 17984 17908 76 17755 153 90 82 40 17731 10409 7322 756 61 6566
internal_count=25341 89 25252 42 25210 25181 134 99 68 62 25047 6852 18195 102 18093 109 17984 17908 76 17755 153 90 82 40 17731 10409 7322 756 61 6566
is_linear=0
shrinkage=0.05


Tree=2
num_leaves=31
num_cat=0
split_feature=72 141 142 141 112 17 4 121 5 135 114 138 110 130 54 54 43 96 110 131 5 89 76 93 9 120 44 85 65 101
split_gain=3.10046e+06 4.34567e+06 2.30032e+06 1.56722e+06 2.70457e+06 1.29652e+06 2.13147e+06 3.68219e+06 2.08676e+06 1.19829e+06 1.65033e+06 1.73561e+06 1.48178e+06 1.59594e+06 1.53341e+06 1.48235e+06 1.52218e+06 1.36611e+06 2.09052e+06 1.29917e+06 1.25399e+06 2.12167e+06 1.20606e+06 1.1731e+06 2.19009e+06 2.08668e+06 1.17816e+06 1.14232e+06 1.21375e+06 1.04461e+06
threshold=2654.7500000000005 1092.7500000000002 -263.24999999999994 1319.2500000000002 1568.7500000000002 4030.0000000000005 5424.9750976562509 -100.74999999999999 517.10519409179699 -337.24999999999994 9.2500000000000018 744.84381103515636 719.73504638671886 883.20251464843761 797.33575439453136 661.46316528320324 1528.0000000000002 601.57815551757824 575.74453735351574 852.46588134765636 529.70809936523449 495.52513122558599 2437.786254882813 1504.2500000000002 2069.2500000000005 1472.2500000000002 1348.5000000000002 1236.2500000000002 123.25000000000001 1469.7500000000002
decision_type=2 2 2 2 2 2 2 2 2 2 2 2 2 2 2 2 2 2 2 2 2 2 2 2 2 2 2 2 2 2
left_child=3 2 -2 5 -5 6 9 -8 -7 10 -1 17 15 14 -14 23 27 18 20 -13 29 -22 -15 -11 26 -26 -25 28 -17 -12
right_child=1 -3 -4 4 -6 8 7 -9 -10 12 11 19 13 22 -16 16 -18 -19 -20 -21 21 -23 -24 24 25 -27 -28 -29 -30 -31
leaf_value=-0.31845798183755358 11.477129085643872 27.968295453942343 -6.6803412379640523 -22.372097996303015 3.003980909075056 1.3471966981887817 24.857901365860652 -3.7544733220880682 -20.520960354804995 0.13626783284576657 -2.064579290516027 -21.941237068176271 7.1305836377605321 9.0714125873535636 -7.1357292726635935 -1.5189356242738121 -13.354956970214843 5.3444035235318275 -18.377737482956476 -3.9192305278778079 -19.629996169054952 -2.4638741396091604 -4.1383874320983889 18.645650971454124 -13.558480608904805 6.2872689652543237 5.8401795102328791 8.9629047893342513 -11.899139324707143 7.0933949282675073
leaf_weight=5109 37 23 33 21 21 24 23 22 20 18588 552 20 31 127 48 164 35 55 21 20 27 54 20 23 27 26 82 21 34 33
leaf_count=5109 37 23 33 21 21 24 23 22 20 18588 552 20 31 127 48 164 35 55 21 20 27 54 20 23 27 26 82 21 34 33
internal_value=2.46324e-08 9.11262 2.91718 -0.0335659 -9.68406 -0.0174856 -0.00249009 10.8696 -8.59287 -0.0219687 -0.645871 -2.78494 0.1692 4.19396 -1.53756 0.121326 -3.67275 -2.23803 -2.84506 -12.9302 -2.35529 -8.18591 7.27416 0.172735 4.46288 -3.82283 8.64519 -2.12537 -3.30139 -1.54798
internal_weight=25341 93 70 25248 42 25206 25162 45 44 25117 5891 782 19226 226 79 19000 254 742 687 40 666 81 147 18746 158 53 105 219 198 585
internal_count=25341 93 70 25248 42 25206 25162 45 44 25117 5891 782 19226 226 79 19000 254 742 687 40 666 81 147 18746 158 53 105 219 198 585
is_linear=0
shrinkage=0.05


Tree=3
num_leaves=31
num_cat=0
split_feature=87 136 141 5 105 109 45 134 82 121 114 142 145 31 35 33 86 61 125 111 36 133 23 26 16 131 113 113 113 20
split_gain=2.86605e+06 5.60557e+06 1.86129e+06 1.98265e+06 1.34539e+06 1.82083e+06 2.52727e+06 2.13113e+06 1.56598e+06 1.9742e+06 1.15213e+06 1.03724e+06 1.05204e+06 999017 918306 3.02688e+06 1.63088e+06 1.34667e+06 1.12208e+06 1.8292e+06 1.17518e+06 1.09166e+06 1.02512e+06 961824 956010 945394 1.40152e+06 930160 1.2378e+06 1.0989e+06
threshold=2658.2500000000005 866.25000000000011 1319.2500000000002 441.64888000488287 2333.7500000000005 4185.3376464843759 1704.2500000000002 297.75000000000006 619.95794677734386 235.50000000000003 1215.5000000000002 -75.249999999999986 367.27325439453131 -1758.9999999999998 2807.7500000000005 547.78625488281261 1615.2500000000002 405.05412292480474 1654.1351318359377 1854.3482666015627 2439.7500000000005 294.25000000000006 1870.2500000000002 390.21321105957037 3133.7500000000005 719.73504638671886 494.75000000000006 197.25000000000003 -184.74999999999997 2241.689575195313
decision_type=2 2 2 2 2 2 2 2 2 2 2 2 2 2 2 2 2 2 2 2 2 2 2 2 2 2 2 2 2 2
left_child=2 10 4 -4 5 11 -7 -8 -9 -10 -2 14 13 -13 16 23 18 -18 20 -20 27 -21 -19 24 -16 26 -22 28 29 -1
right_child=1 -3 3 -5 -6 6 7 8 9 -11 -12 12 -14 -15 15 -17 17 22 19 21 25 -23 -24 -25 -26 -27 -28 -29 -30 -31
leaf_value=-0.49590214198753291 -5.7134699445782289 27.971907138824463 -21.942250080108643 -0.19064570123499092 -10.777322732785652 17.14061386320326 15.353796820207075 5.6594546836965227 2.5942270874977114 -19.110998186198149 7.9468402599466259 -7.8566884936430519 1.5095572663740644 0.17717567176164412 2.4350446343421939 -21.38469175425443 -0.73567865380534425 4.8808110460321963 -19.359097249507904 -9.9112767423902248 -7.2128029140333343 5.288676339608652 16.593998149133498 6.448650772725383 -11.403615643427923 14.985539813041687 7.4396463618558997 -0.67974255840788633 0.52706638252747662 -8.5275789926218444
leaf_weight=4443 33 27 20 22 29 36 22 34 20 22 29 39 1852 4961 24 22 54 47 20 21 24 27 31 31 26 20 51 7361 5950 43
leaf_count=4443 33 27 20 22 29 36 22 34 20 22 29 39 1852 4961 24 22 54 47 20 21 24 27 31 31 26 20 51 7361 5950 43
internal_value=1.93089e-08 8.9568 -0.031568 -10.5486 -0.0140466 -0.00165098 5.81127 1.64947 -2.31758 -8.77518 0.67603 -0.0327497 0.491573 0.114512 -0.230203 -4.93794 -0.203401 5.33398 -0.244099 -6.65477 -0.219735 -1.3613 9.53605 -0.470923 -4.76106 5.32658 2.75086 -0.249341 0.0542417 -0.572889
internal_weight=25341 89 25252 42 25210 25181 134 98 76 42 62 25047 6852 5000 18195 103 18092 132 17960 68 17892 48 78 81 50 95 75 17797 10436 4486
internal_count=25341 89 25252 42 25210 25181 134 98 76 42 62 25047 6852 5000 18195 103 18092 132 17960 68 17892 48 78 81 50 95 75 17797 10436 4486
is_linear=0
shrinkage=0.05


Tree=4
num_leaves=31
num_cat=0
split_feature=100 121 145 115 109 45 141 142 114 127 87 76 142 142 138 83 94 40 129 145 31 86 101 113 85 61 121 113 44 72
split_gain=2.62587e+06 4.3033e+06 2.15008e+06 2.09587e+06 1.96643e+06 2.50456e+06 2.06317e+06 1.48031e+06 1.83451e+06 1.50178e+06 1.20871e+06 1.08818e+06 1.39728e+06 903275 1.19133e+06 940906 1.20844e+06 892088 853826 849611 906035 802711 741502 809366 1.3219e+06 1.77206e+06 2.20554e+06 1.02789e+06 971178 1.62018e+06
threshold=2136.2500000000005 636.75000000000011 797.33575439453136 1932.2500000000002 4185.3376464843759 1704.2500000000002 1319.2500000000002 -430.24999999999994 -90.249999999999986 718.25000000000011 1605.0000000000002 3060.682739257813 -112.24999999999999 -75.249999999999986 630.97421264648449 2181.226928710938 1697.2500000000002 661.46316528320324 1377.0000000000002 367.27325439453131 -1758.9999999999998 -1493.2499999999998 1947.5000000000002 197.25000000000003 1182.7500000000002 416.64807128906256 -620.24999999999989 -177.74999999999997 -915.74999999999989 -1293.4999999999998
decision_type=2 2 2 2 2 2 2 2 2 2 2 2 2 2 2 2 2 2 2 2 2 2 2 2 2 2 2 2 2 2
left_child=3 -2 18 4 6 -6 11 8 -7 -9 -11 13 -13 22 15 16 17 19 -3 20 -15 -16 23 24 27 -26 -27 -1 -25 -30
right_child=1 2 -4 -5 5 7 -8 9 -10 10 -12 12 -14 14 21 -17 -18 -19 -20 -21 -22 -23 -24 28 25 26 -28 -29 29 -31
leaf_value=-0.54503596842410118 -11.848103938102723 2.1320632400512696 27.393148838390005 -12.435889160633089 17.019430047112543 4.5715331857854675 -12.734843266010285 17.282198940623893 -16.351655688285827 -7.7954396533966062 8.8477635125319178 -12.018670856661913 3.8414291540781655 -7.4638540439116658 14.283233742091966 -8.1534060209989558 12.416164254006887 -6.3887618417541185 15.637924419749869 1.435559254784875 0.18702231206219208 3.4147128904782811 6.8719874046944289 -2.3072857603549166 -0.88092832167943325 24.858322733924503 3.2532167321002046 0.45794028763182038 10.634071136965897 -0.47144200995149821
leaf_weight=4551 20 25 22 34 37 22 32 22 20 20 24 41 21 39 23 32 21 48 22 1651 4959 65 37 755 48 21 27 5823 33 6846
leaf_count=4551 20 25 22 34 37 22 32 22 20 20 24 41 21 39 23 32 21 48 22 1651 4959 65 37 755 48 21 27 5823 33 6846
internal_value=-3.34133e-09 8.57329 14.4925 -0.0302163 -0.0134905 5.79245 -0.0470669 1.94617 -5.39189 6.61585 1.28267 -0.0308531 -6.6467 -0.014432 0.4753 0.399945 0.440688 0.403136 8.45396 0.452167 0.127322 6.25535 -0.19903 -0.213481 0.0719871 5.91226 12.7055 0.0179417 -0.605 -0.418167
internal_weight=25341 89 69 25252 25218 145 25073 108 42 66 44 25041 62 24979 6838 6750 6718 6697 47 6649 4998 88 18141 18104 10470 96 48 10374 7634 6879
internal_count=25341 89 69 25252 25218 145 25073 108 42 66 44 25041 62 24979 6838 6750 6718 6697 47 6649 4998 88 18141 18104 10470 96 48 10374 7634 6879
is_linear=0
shrinkage=0.05


Tree=5
num_leaves=31
num_cat=0
split_feature=4 142 68 128 120 141 28 26 43 135 133 30 135 114 45 1 110 130 40 54 50 79 85 110 119 85 91 92 133 128
split_gain=2.4034e+06 4.24652e+06 1.74744e+06 2.53259e+06 1.66809e+06 2.08091e+06 1.54864e+06 1.67889e+06 1.43603e+06 1.25757e+06 1.75447e+06 1.22822e+06 1.04198e+06 1.54748e+06 2.20694e+06 2.13053e+06 1.27129e+06 1.48835e+06 1.39839e+06 1.25769e+06 1.65001e+06 1.24969e+06 2.78028e+06 1.69652e+06 1.12327e+06 1.06501e+06 1.22712e+06 1.74569e+06 1.05962e+06 1.49907e+06
threshold=5424.9750976562509 -722.24999999999989 644.34121704101574 60.250000000000007 2089.0000000000005 1319.2500000000002 3316.0000000000005 553.73107910156261 3238.2500000000005 546.25000000000011 948.00000000000011 3542.5000000000005 -337.24999999999994 -370.24999999999994 -1374.2499999999998 -1114.7499999999998 719.73504638671886 883.20251464843761 797.33575439453136 661.46316528320324 1561.2500000000002 1340.5000000000002 1182.7500000000002 587.72634887695324 -25.749999999999996 1236.2500000000002 675.25000000000011 668.25000000000011 -125.74999999999999 -392.24999999999994
decision_type=2 2 2 2 2 2 2 2 2 2 2 2 2 2 2 2 2 2 2 2 2 2 2 2 2 2 2 2 2 2
left_child=4 -2 -3 -4 5 6 8 11 12 10 -6 -8 13 21 15 -15 19 18 -18 -14 25 22 -1 -24 -20 26 27 -21 -16 -30
right_child=1 2 3 -5 9 -7 7 -9 -10 -11 -12 -13 16 14 28 -17 17 -19 24 20 -22 -23 23 -25 -26 -27 -28 -29 29 -31
leaf_value=-0.10709313539052601 25.135216624920186 14.120520124435425 6.1790345128377275 -16.155769961259583 13.965089776515962 -12.412424651314232 -7.6498230039518562 -18.499737362428146 11.109779259254193 17.668836301023312 -6.0864967296520867 5.7313208827265996 0.15896862336698958 -5.1092702873966154 -0.53539427254567773 -24.076618950366978 6.3743823354894467 7.1493329210097301 1.7944571775197984 -3.5687670478633806 -15.346867017562573 -11.39614183108012 4.0156371561686202 22.545145652407694 -13.966743150124183 8.6809735434395936 -13.517517017364504 11.494387357885188 -11.809820643795861 -2.3656181260814146
leaf_weight=3791 26 20 30 22 20 34 47 22 29 22 24 27 18691 57 1243 20 33 136 20 153 26 24 30 21 26 21 25 22 45 634
leaf_count=3791 26 20 30 22 20 34 47 22 29 22 24 27 18691 57 1243 20 33 136 20 153 26 24 30 21 26 21 25 22 45 634
internal_value=2.86558e-08 7.815 1.56048 -3.27031 -0.0303399 -0.0511502 -0.0344345 -6.37281 -0.0101408 7.90819 3.02786 -2.76751 -0.0230306 -0.606152 -1.73562 -10.0359 0.155532 3.97869 -1.47964 0.112128 -3.43239 -0.0221367 0.0489139 11.6454 -7.11405 -2.03069 -3.15541 -1.67511 -1.40309 -2.99152
internal_weight=25341 98 72 52 25243 25177 25143 96 25047 66 44 74 25018 5865 1999 77 19153 215 79 18938 247 3866 3842 51 46 221 200 175 1922 679
internal_count=25341 98 72 52 25243 25177 25143 96 25047 66 44 74 25018 5865 1999 77 19153 215 79 18938 247 3866 3842 51 46 221 200 175 1922 679
is_linear=0
shrinkage=0.05


end of trees

feature_importances:
Column_113=9
Column_142=9
Column_141=8
Column_114=6
Column_121=5
Column_135=5
Column_5=4
Column_31=4
Column_44=4
Column_72=4
Column_85=4
Column_86=4
Column_87=4
Column_109=4
Column_110=4
Column_138=4
Column_33=3
Column_45=3
Column_54=3
Column_75=3
Column_105=3
Column_112=3
Column_125=3
Column_127=3
Column_133=3
Column_136=3
Column_145=3
Column_2=2
Column_4=2
Column_17=2
Column_22=2
Column_26=2
Column_40=2
Column_43=2
Column_61=2
Column_64=2
Column_73=2
Column_76=2
Column_80=2
Column_101=2
Column_120=2
Column_128=2
Column_130=2
Column_131=2
Column_1=1
Column_9=1
Column_16=1
Column_20=1
Column_23=1
Column_28=1
Column_30=1
Column_35=1
Column_36=1
Column_37=1
Column_50=1
Column_55=1
Column_65=1
Column_68=1
Column_79=1
Column_82=1
Column_83=1
Column_89=1
Column_91=1
Column_92=1
Column_93=1
Column_94=1
Column_96=1
Column_99=1
Column_100=1
Column_111=1
Column_115=1
Column_119=1
Column_129=1
Column_134=1
Column_139=1

parameters:
[boosting: gbdt]
[objective: regression]
[metric: l2]
[tree_learner: serial]
[device_type: cpu]
[data_sample_strategy: bagging]
[data: ]
[valid: ]
[num_iterations: 1000]
[learning_rate: 0.05]
[num_leaves: 31]
[num_threads: 0]
[seed: 42]
[deterministic: 1]
[force_col_wise: 0]
[force_row_wise: 0]
[histogram_pool_size: -1]
[max_depth: -1]
[min_data_in_leaf: 20]
[min_sum_hessian_in_leaf: 0.001]
[bagging_fraction: 1]
[pos_bagging_fraction: 1]
[neg_bagging_fraction: 1]
[bagging_freq: 0]
[bagging_seed: 400]
[bagging_by_query: 0]
[feature_fraction: 1]
[feature_fraction_bynode: 1]
[feature_fraction_seed: 30056]
[extra_trees: 0]
[extra_seed: 12879]
[early_stopping_round: 0]
[early_stopping_min_delta: 0]
[first_metric_only: 0]
[max_delta_step: 0]
[lambda_l1: 0]
[lambda_l2: 0]
[linear_lambda: 0]
[min_gain_to_split: 0]
[drop_rate: 0.1]
[max_drop: 50]
[skip_drop: 0.5]
[xgboost_dart_mode: 0]
[uniform_drop: 0]
[drop_seed: 17869]
[top_rate: 0.2]
[other_rate: 0.1]
[min_data_per_group: 100]
[max_cat_threshold: 32]
[cat_l2: 10]
[cat_smooth: 10]
[max_cat_to_onehot: 4]
[top_k: 20]
[monotone_constraints: ]
[monotone_constraints_method: basic]
[monotone_penalty: 0]
[feature_contri: ]
[forcedsplits_filename: ]
[refit_decay_rate: 0.9]
[cegb_tradeoff: 1]
[cegb_penalty_split: 0]
[cegb_penalty_feature_lazy: ]
[cegb_penalty_feature_coupled: ]
[path_smooth: 0]
[interaction_constraints: ]
[verbosity: -1]
[saved_feature_importance_type: 0]
[use_quantized_grad: 0]
[num_grad_quant_bins: 4]
[quant_train_renew_leaf: 0]
[stochastic_rounding: 1]
[linear_tree: 0]
[max_bin: 255]
[max_bin_by_feature: ]
[min_data_in_bin: 3]
[bin_construct_sample_cnt: 200000]
[data_random_seed: 175]
[is_enable_sparse: 1]
[enable_bundle: 1]
[use_missing: 1]
[zero_as_missing: 0]
[feature_pre_filter: 1]
[pre_partition: 0]
[two_round: 0]
[header: 0]
[label_column: ]
[weight_column: ]
[group_column: ]
[ignore_column: ]
[categorical_feature: ]
[forcedbins_filename: ]
[precise_float_parser: 0]
[parser_config_file: ]
[objective_seed: 16083]
[num_class: 1]
[is_unbalance: 0]
[scale_pos_weight: 1]
[sigmoid: 1]
[boost_from_average: 1]
[reg_sqrt: 0]
[alpha: 0.9]
[fair_c: 1]
[poisson_max_delta_step: 0.7]
[tweedie_variance_power: 1.5]
[lambdarank_truncation_level: 30]
[lambdarank_norm: 1]
[label_gain: ]
[lambdarank_position_bias_regularization: 0]
[eval_at: ]
[multi_error_top_k: 1]
[auc_mu_weights: ]
[num_machines: 1]
[local_listen_port: 12400]
[time_out: 120]
[machine_list_filename: ]
[machines: ]
[gpu_platform_id: -1]
[gpu_device_id: -1]
[gpu_device_id_list: ]
[gpu_use_dp: 0]
[num_gpu: 1]

end of parameters

pandas_categorical:null
