tree
version=v4
num_class=1
num_tree_per_iteration=1
label_index=0
max_feature_idx=146
objective=regression
feature_names=Column_0 Column_1 Column_2 Column_3 Column_4 Column_5 Column_6 Column_7 Column_8 Column_9 Column_10 Column_11 Column_12 Column_13 Column_14 Column_15 Column_16 Column_17 Column_18 Column_19 Column_20 Column_21 Column_22 Column_23 Column_24 Column_25 Column_26 Column_27 Column_28 Column_29 Column_30 Column_31 Column_32 Column_33 Column_34 Column_35 Column_36 Column_37 Column_38 Column_39 Column_40 Column_41 Column_42 Column_43 Column_44 Column_45 Column_46 Column_47 Column_48 Column_49 Column_50 Column_51 Column_52 Column_53 Column_54 Column_55 Column_56 Column_57 Column_58 Column_59 Column_60 Column_61 Column_62 Column_63 Column_64 Column_65 Column_66 Column_67 Column_68 Column_69 Column_70 Column_71 Column_72 Column_73 Column_74 Column_75 Column_76 Column_77 Column_78 Column_79 Column_80 Column_81 Column_82 Column_83 Column_84 Column_85 Column_86 Column_87 Column_88 Column_89 Column_90 Column_91 Column_92 Column_93 Column_94 Column_95 Column_96 Column_97 Column_98 Column_99 Column_100 Column_101 Column_102 Column_103 Column_104 Column_105 Column_106 Column_107 Column_108 Column_109 Column_110 Column_111 Column_112 Column_113 Column_114 Column_115 Column_116 Column_117 Column_118 Column_119 Column_120 Column_121 Column_122 Column_123 Column_124 Column_125 Column_126 Column_127 Column_128 Column_129 Column_130 Column_131 Column_132 Column_133 Column_134 Column_135 Column_136 Column_137 Column_138 Column_139 Column_140 Column_141 Column_142 Column_143 Column_144 Column_145 Column_146
feature_infos=[-6398.5:9662.5] [-6306:9695] [-6865:9212.5] [-6455.5:9305] [-7549.43994140625:10046.5] [101.59349060058594:1576.9803466796875] [-6240.71826171875:9059.3359375] [-6456.5:9302.5] [-6291:9317.5] [-6635:8520] [-6470:8767.5] [-7499.40478515625:9994.2998046875] [101.59349060058594:1576.9803466796875] [-6225.69873046875:9032.8056640625] [-6471:8770] [-6221.5:8950] [-6602:8300] [-6465:8550] [-7450:9943.0498046875] [101.59349060058594:1576.9803466796875] [-6142.90771484375:8988.9140625] [-6463.5:8552.5] [-6206.5:8710] [-6687.5:7865] [-6450:7970] [-7403.1748046875:9886.349609375] [101.59349060058594:1576.9803466796875] [-6070.6435546875:8896.28515625] [-6448.5:7970] [-5815:8392.5] [-7302.5:7670] [-6037.5:7810] [-7345.0498046875:9838] [101.59349060058594:1576.9803466796875] [-5985.5849609375:8797.5322265625] [-6036:7807.5] [-5733:8102.5] [-6710:7595] [-5979:7767.5] [-7281.53515625:9797.875] [101.59349060058594:1576.9803466796875] [-5896.62255859375:8703.892578125] [-5980:7767.5] [-5766.5:7977.5] [-6285:7492.5] [-5974:7502.5] [-7221.23486328125:9755.599609375] [101.59349060058594:1576.9803466796875] [-5830.248046875:8594.67578125] [-5972.5:7502.5] [-5684.5:7610] [-6102.5:6407.5] [-5930.5:6855] [-7160.7001953125:9705.9501953125] [101.59349060058594:1576.9803466796875] [-5776.04345703125:8436.5234375] [-5931.5:6850] [-5682:6910] [-6327.5:5862.5] [-5925.5:6215] [-7098.35009765625:9645.1748046875] [101.59349060058594:1576.9803466796875] [-5696.53955078125:8234.56640625] [-5924:6215] [-4788:6882.5] [-5955:6075] [-4969:6175] [-7034.10498046875:9579.724609375] [101.59349060058594:1576.9803466796875] [-5629.30859375:8047.3330078125] [-4967.5:6172.5] [-4755.5:6262.5] [-5616.5:4767.5] [-5242.5:5237.5] [-6973.41015625:9497.275390625] [101.59349060058594:1576.9803466796875] [-5552.55322265625:7791.8935546875] [-5242.5:5240] [-4462.5:5702.5] [-6150:5020] [-4890:5280] [-6912.97509765625:9411.1748046875] [101.59349060058594:1576.9803466796875] [-5317.27587890625:7563.53955078125] [-4882.5:5280] [-4235:5595] [-5600:4532.5] [-4937.5:4695] [-6850.96484375:9319.900390625] [101.59349060058594:1576.9803466796875] [-5069.38720703125:7278.4453125] [-4936:4695] [-4035:5857.5] [-5585:4685] [-4640:5227.5] [-6786.6650390625:9237.775390625] [101.59349060058594:1576.9803466796875] [-4798.76123046875:7091.99560546875] [-4647.5:5225] [-4595:5805] [-5747.5:4535] [-4992.5:4540] [-6720.18017578125:9145] [101.59349060058594:1576.9803466796875] [-4532.7373046875:6859.99609375] [-4997.5:4540] [-4230:5297.5] [-5565:4400] [-4490:5147.5] [-6648.26513671875:9058.525390625] [101.59349060058594:1576.9803466796875] [-4290.0791015625:6704.314453125] [-4495:5147.5] [-3637.5:5197.5] [-4972.5:3602] [-3997.5:4675.5] [-6574.80517578125:8967.525390625] [101.59349060058594:1576.9803466796875] [-4022.890380859375:6503.6953125] [-3996:4677] [-3428.5:5622.5] [-4645:4667.5] [-3446.5:5142.5] [-6498.52490234375:8883.125] [101.59349060058594:1576.9803466796875] [-3788.854736328125:6379.9501953125] [-3446.5:5137.5] [-3347:5157.5] [-4635:4878.5] [-3375:5102.5] [-6423.0048828125:8783.7998046875] [101.59349060058594:1576.9803466796875] [-3573.09521484375:6135.181640625] [-3556.5:5103] [-3399:6013.5] [-4097:3127] [-3429:4117.5] [-6346.5400390625:8676.9248046875] [101.59349060058594:1576.9803466796875] [-3299.632080078125:5822.2109375] [-3430.5:4114.5] [0:4883] [-3620:0] none [-6267.39013671875:8548.2998046875] [101.59349060058594:1576.9803466796875] [-2999.66552734375:5292.9189453125]
tree_sizes=2831 2845 2836 2837 2842 2855 2899 2863 2860 2861 2862

Tree=0
num_leaves=31
num_cat=0
split_feature=116 77 82 135 82 142 117 103 31 31 33 92 132 23 61 123 5 56 16 16 74 3 78 122 126 142 109 16 134 86
split_gain=8.18626e+06 7.52784e+06 7.71408e+06 6.74326e+06 4.99785e+06 3.35353e+06 2.89705e+06 4.14365e+06 2.88835e+06 4.97967e+06 3.78466e+06 3.58151e+06 7.15564e+06 6.37147e+06 3.2748e+06 3.37626e+06 4.14021e+06 2.9912e+06 2.91705e+06 2.57267e+06 3.66119e+06 4.79417e+06 2.88772e+06 4.29061e+06 2.57586e+06 2.73414e+06 2.62266e+06 3.20791e+06 2.37306e+06 2.34357e+06
threshold=4134.7749023437509 559.50000000000011 644.34121704101574 -328.74999999999994 744.84381103515636 -75.249999999999986 619.95794677734386 517.10519409179699 2817.0000000000005 3781.0000000000005 547.78625488281261 1779.0000000000002 1446.2200927734377 1870.2500000000002 416.64807128906256 1566.549987792969 406.60939025878912 1455.2500000000002 3133.7500000000005 -1924.2499999999998 -3849.6298828124995 -485.74999999999994 -1806.2499999999998 -722.99999999999989 165.25000000000003 -776.24999999999989 3085.005004882813 355.25000000000006 180.25000000000003 -1549.7499999999998
decision_type=2 2 2 2 2 2 2 2 2 2 2 2 2 2 2 2 2 2 2 2 2 2 2 2 2 2 2 2 2 2
left_child=5 -2 6 -4 -5 8 7 -3 11 10 18 12 19 -14 -13 17 -17 -16 -10 22 21 -21 23 -1 -22 -26 -27 -28 -25 -24
right_child=1 2 3 4 -6 -7 -8 -9 9 -11 -12 14 13 -15 15 16 -18 -19 -20 20 24 -23 29 28 25 26 27 -29 -30 -31
leaf_value=-4.2543409982052909 34.553438888717352 18.566681768081388 10.017342496786695 -37.377522888346171 -3.2018704556971396 0.18054364823433222 29.781323459169229 -8.8812730600075493 1.2837272058291678 13.275204565795967 -29.457138108636137 -1.7201723023760671 -32.927825564922728 -4.1361098432093462 8.9720425048529204 25.484977397756126 0.43226447474677909 35.41122766597703 -17.253010365136994 2.0898456574370226 -0.62203528753634074 25.017477035359889 -8.9570205596192505 3.8760066677318981 -18.518522583170391 -2.1551681240838905 19.021025808848577 0.73549596657779703 23.345580951922724 -3.0725999215509683
leaf_weight=88 26 44 37 20 23 6873 26 20 44 22 26 117 33 46 23 20 94 20 41 95 12207 30 229 34 25 4264 31 106 29 648
leaf_count=88 26 44 37 20 23 6873 26 20 44 22 26 117 33 46 23 20 94 20 41 95 12207 30 229 34 25 4264 31 106 29 648
internal_value=-0.681603 9.49725 5.66512 -5.6319 -19.0975 -0.760945 15.7069 9.9892 -1.11509 -8.45655 -12.7637 -1.06126 -1.14827 -16.163 4.61188 9.33066 4.82748 21.2693 -7.65752 -1.08157 -0.932636 7.59248 -3.50951 2.87698 -0.996704 -2.03005 -1.93638 4.8731 12.8382 -4.60912
internal_weight=25341 196 170 80 43 25145 90 64 18272 133 111 18139 17865 79 274 157 114 43 85 17786 16758 125 1028 151 16633 4426 4401 137 63 877
internal_count=25341 196 170 80 43 25145 90 64 18272 133 111 18139 17865 79 274 157 114 43 85 17786 16758 125 1028 151 16633 4426 4401 137 63 877
is_linear=0
shrinkage=1


Tree=1
num_leaves=31
num_cat=0
split_feature=116 77 82 135 82 142 117 103 31 71 33 92 125 113 61 130 5 56 16 122 16 74 3 1 117 133 58 89 114 29
split_gain=7.3881e+06 6.79388e+06 6.96196e+06 6.08579e+06 4.51056e+06 3.02656e+06 2.61459e+06 3.73964e+06 2.60673e+06 4.70537e+06 3.57432e+06 3.23232e+06 6.63922e+06 4.3409e+06 2.95551e+06 3.05324e+06 3.77148e+06 2.71371e+06 2.66537e+06 2.36487e+06 2.63129e+06 3.73893e+06 3.51442e+06 2.49765e+06 2.42007e+06 5.20187e+06 3.61668e+06 3.32441e+06 3.62992e+06 2.96057e+06
threshold=4134.7749023437509 559.50000000000011 644.34121704101574 -328.74999999999994 744.84381103515636 -75.249999999999986 619.95794677734386 517.10519409179699 2817.0000000000005 3310.2500000000005 547.78625488281261 1779.0000000000002 1654.1351318359377 1269.0000000000002 416.64807128906256 1573.5449829101565 406.60939025878912 1455.2500000000002 3133.7500000000005 366.75000000000006 -1974.4999999999998 -3849.6298828124995 -485.74999999999994 -1744.7499999999998 700.57888793945324 -439.74999999999994 -1689.2499999999998 661.46316528320324 -844.74999999999989 2167.2500000000005
decision_type=2 2 2 2 2 2 2 2 2 2 2 2 2 2 2 2 2 2 2 2 2 2 2 2 2 2 2 2 2 2
left_child=5 -2 6 -4 -5 8 7 -3 11 10 18 12 19 -14 -13 17 -17 -16 -10 20 23 22 -22 -1 27 26 -26 -23 -29 -27
right_child=1 2 3 4 -6 -7 -8 -9 9 -11 -12 14 13 -15 15 16 -18 -19 -20 -21 21 24 -24 -25 25 29 -28 28 -30 -31
leaf_value=-0.99595354520201895 33.473288836845988 18.285870187932797 10.163998039348705 -34.861124340295795 -2.3942542698072353 0.81903923262584399 28.939779817141023 -7.7896858978271482 2.0255959581245078 14.968314113616945 -28.467210197448733 -0.98664095636106974 -2.6379860591888429 -34.17826277414958 9.3504389603932694 24.858251323699953 0.92462378368582776 34.288188000917437 -15.28096472846137 -1.8747447704602564 4.135280205158705 -0.10957211537868956 24.729682201809354 -6.7319475021106854 -23.987001920881728 6.5432309114441427 -0.24834641779170319 -28.025065339803696 -4.567014445649817 25.8973116831346
leaf_weight=589 26 44 37 20 23 6873 26 20 44 20 24 117 20 24 24 20 93 20 45 2346 89 14071 27 280 21 194 68 20 94 22
leaf_count=589 26 44 37 20 23 6873 26 20 44 20 24 117 20 24 24 20 93 20 45 2346 89 14071 27 280 21 194 68 20 94 22
internal_value=1.17868e-08 9.66991 6.02939 -4.70278 -17.4951 -0.0753749 15.5691 10.1373 -0.411808 -7.3862 -11.3427 -0.36067 -0.44333 -19.8418 5.0288 9.51165 5.16066 20.6858 -6.72491 -0.395435 -0.171173 -0.0121413 8.9288 -2.84414 -0.0837182 4.32299 -5.8496 -0.17847 -8.68246 8.51448
internal_weight=25341 196 170 80 43 25145 90 64 18272 133 113 18139 17865 44 274 157 113 44 89 17821 15475 14606 116 869 14490 305 89 14185 114 216
internal_count=25341 196 170 80 43 25145 90 64 18272 133 113 18139 17865 44 274 157 113 44 89 17821 15475 14606 116 869 14490 305 89 14185 114 216
is_linear=0
shrinkage=0.05


Tree=2
num_leaves=31
num_cat=0
split_feature=116 77 82 135 82 142 138 31 31 33 92 125 34 61 50 109 130 89 16 31 31 112 19 101 44 99 61 134 106 87
split_gain=6.66776e+06 6.13148e+06 6.28317e+06 5.49242e+06 4.07078e+06 2.73147e+06 2.45843e+06 2.35258e+06 4.33414e+06 3.10846e+06 2.91716e+06 5.9919e+06 4.0674e+06 2.66735e+06 2.91914e+06 4.57536e+06 3.03892e+06 3.3234e+06 2.42877e+06 2.2688e+06 2.25161e+06 2.18756e+06 4.18424e+06 4.08936e+06 2.78673e+06 2.61366e+06 5.16276e+06 2.38854e+06 2.66511e+06 2.11985e+06
threshold=4134.7749023437509 559.50000000000011 644.34121704101574 -328.74999999999994 744.84381103515636 -75.249999999999986 719.73504638671886 2817.0000000000005 3781.0000000000005 547.78625488281261 1779.0000000000002 1654.1351318359377 2651.505004882813 416.64807128906256 2022.2500000000002 2406.667602539063 1845.382507324219 477.58610534667974 3133.7500000000005 2021.5000000000002 2817.0000000000005 194.25000000000003 904.46777343750011 691.75000000000011 -1219.7499999999998 1184.5000000000002 402.31501770019537 1366.0000000000002 1638.2500000000002 -592.74999999999989
decision_type=2 2 2 2 2 2 2 2 2 2 2 2 2 2 2 2 2 2 2 2 2 2 2 2 2 2 2 2 2 2
left_child=5 -2 6 -4 -5 7 -3 10 9 18 11 21 -13 -12 15 -15 -16 -18 -9 -19 -7 25 24 -24 -23 29 -27 28 -26 -1
right_child=1 2 3 4 -6 20 -8 8 -10 -11 13 12 -14 14 16 -17 17 19 -20 -21 -22 22 23 -25 27 26 -28 -29 -30 -31
leaf_value=-1.1082433120871247 31.799625367384692 10.090250623927398 9.6557972940238752 -33.118068237304691 -2.2745416392450748 0.71619180662069193 29.319130776145244 1.751076076416807 13.257419013977051 -26.163987389894636 -0.93730900434092579 -35.502703018188477 -4.9721683422724405 9.5622807186477043 32.205988049507141 -18.8165264377743 26.570738670939491 14.356019210815431 -15.16323612027052 -7.659844909667969 14.010177087783815 -6.9932109687746191 -0.99688932782127759 -31.843742687051947 -0.91505769358221267 -3.1428044544458391 30.939761314392094 -17.320717854933307 12.044474260807037 0.3356919475651603
leaf_weight=3523 26 68 37 20 23 6841 22 44 22 26 117 20 24 49 20 20 21 22 41 25 32 194 21 22 4827 25 20 22 40 9127
leaf_count=3523 26 68 37 20 23 6841 22 44 22 26 117 20 24 49 20 20 21 22 41 25 32 194 21 22 4827 25 20 22 40 9127
internal_value=2.01242e-08 9.18641 5.72792 -4.46764 -16.6204 -0.0716061 14.7906 -0.391218 -7.01689 -11.0352 -0.342637 -0.421163 -18.8497 4.77736 9.03607 1.33654 15.0732 10.0341 -6.40759 2.64545 0.778087 -0.375663 -1.24745 -16.779 -1.11606 -0.0236515 12.005 -0.882851 -0.808548 -0.0664412
internal_weight=25341 196 170 80 43 25145 90 18272 133 111 18139 17865 44 274 157 69 88 68 85 47 6873 17821 5126 43 5083 12695 45 4889 4867 12650
internal_count=25341 196 170 80 43 25145 90 18272 133 111 18139 17865 44 274 157 69 88 68 85 47 6873 17821 5126 43 5083 12695 45 4889 4867 12650
is_linear=0
shrinkage=0.05


Tree=3
num_leaves=31
num_cat=0
split_feature=116 72 47 117 131 101 142 5 127 31 71 33 92 132 127 61 50 109 71 25 28 122 54 122 16 74 3 81 96 33
split_gain=6.01766e+06 5.53729e+06 5.96657e+06 6.51027e+06 5.80179e+06 5.73358e+06 2.46515e+06 2.39689e+06 2.15356e+06 2.1232e+06 4.11406e+06 2.97827e+06 2.63274e+06 5.47887e+06 5.68963e+06 2.4138e+06 2.74671e+06 4.12926e+06 3.04813e+06 2.31169e+06 2.81636e+06 2.39595e+06 3.05036e+06 2.88031e+06 2.29739e+06 3.4114e+06 3.16438e+06 2.4076e+06 3.04901e+06 2.64206e+06
threshold=4134.7749023437509 53.750000000000007 679.19335937500011 700.57888793945324 581.48425292968761 849.75000000000011 -75.249999999999986 513.46029663085949 1574.7500000000002 2817.0000000000005 3310.2500000000005 575.74453735351574 1779.0000000000002 1446.2200927734377 1163.2500000000002 421.66194152832037 2022.2500000000002 2406.667602539063 2469.5000000000005 3982.119995117188 -240.74999999999997 366.75000000000006 744.84381103515636 591.75000000000011 -1974.4999999999998 -3849.6298828124995 -485.74999999999994 176.11499786376956 581.48425292968761 852.46588134765636
decision_type=2 2 2 2 2 2 2 2 2 2 2 2 2 2 2 2 2 2 2 2 2 2 2 2 2 2 2 2 2 2
left_child=6 -2 3 4 -3 -4 9 -6 -8 12 11 -11 13 19 -15 -14 17 -17 -18 21 -21 24 -23 -24 27 26 -26 -1 -29 -30
right_child=1 2 5 -5 7 -7 8 -9 -10 10 -12 -13 15 14 -16 16 18 -19 -20 20 -22 22 23 -25 25 -27 -28 28 29 -31
leaf_value=-1.6751969521100016 33.657638978958133 18.100974634419316 -27.969964181809203 33.514266141823363 4.92522539138794 4.4353722168849066 0.68902828604865995 -18.990992801839656 16.35772958235307 -6.6013265378052184 14.236711664199829 -27.869717421531675 -0.7778721641004086 -5.7259672973115565 -36.585161000490189 9.0841666576813687 21.333632695047481 -17.87570001959801 1.1880444969449726 23.044786362648011 3.1007285207122952 -1.6201145407326465 -23.997575143178306 -1.4870977083841961 3.9671286570305906 -0.093356065701395791 23.509028138054745 -23.193531075318656 6.0495201545603141 -12.41801844490899
leaf_weight=757 20 46 21 28 20 39 6851 22 22 93 20 20 120 59 20 49 57 20 28 20 154 2214 30 27 89 14359 27 30 34 45
leaf_count=757 20 46 21 28 20 39 6851 22 22 93 20 20 120 59 20 49 57 20 28 20 154 2214 30 27 89 14359 27 30 34 45
internal_value=-5.49735e-08 8.72709 5.89408 12.5151 5.83349 -6.9065 -0.0680259 -7.60232 0.739183 -0.371657 -6.66604 -10.3656 -0.325505 -0.400105 -13.5384 4.5385 8.68112 1.26971 14.6974 -0.341749 5.39315 -0.398407 -1.91414 -13.3347 -0.174026 -0.0243649 8.51567 -2.67559 -9.62324 -4.46996
internal_weight=25341 196 176 116 88 60 25145 42 6873 18272 133 113 18139 17865 79 274 154 69 85 17786 174 17612 2271 57 15341 14475 116 866 109 79
internal_count=25341 196 176 116 88 60 25145 42 6873 18272 133 113 18139 17865 79 274 154 69 85 17786 174 17612 2271 57 15341 14475 116 866 109 79
is_linear=0
shrinkage=0.05


Tree=4
num_leaves=31
num_cat=0
split_feature=116 51 47 40 61 89 142 116 62 117 103 89 119 85 23 3 134 12 124 131 68 136 119 142 6 137 113 113 113 145
split_gain=5.43093e+06 5.24658e+06 6.38425e+06 6.63375e+06 5.47864e+06 5.32733e+06 2.2248e+06 2.11855e+06 2.30017e+06 2.06903e+06 2.6542e+06 1.94633e+06 2.15507e+06 5.29482e+06 2.50216e+06 4.28271e+06 2.51343e+06 2.63827e+06 2.10813e+06 4.92254e+06 4.66883e+06 4.05885e+06 3.45699e+06 3.56117e+06 3.45663e+06 3.35294e+06 4.0664e+06 3.43464e+06 3.12785e+06 2.90269e+06
threshold=4134.7749023437509 743.75000000000011 679.19335937500011 619.95794677734386 852.46588134765636 594.14135742187511 -75.249999999999986 4612.8249511718759 3240.1142578125005 700.57888793945324 679.19335937500011 298.57344055175787 -1241.9999999999998 -2078.7499999999995 -2997.4999999999995 -1400.4999999999998 -62.249999999999993 492.29144287109381 679.19335937500011 661.46316528320324 644.34121704101574 -116.74999999999999 -58.749999999999993 -389.74999999999994 2674.1140136718755 1288.4599609375002 79.750000000000014 -370.74999999999994 1183.5000000000002 679.19335937500011
decision_type=2 2 2 2 2 2 2 2 2 2 2 2 2 2 2 2 2 2 2 2 2 2 2 2 2 2 2 2 2 2
left_child=6 -2 3 5 -4 7 11 8 -3 10 -8 -1 14 -14 -13 -16 -17 -18 19 29 24 -21 25 28 -20 26 -22 -27 -24 -15
right_child=1 2 4 -5 -6 -7 9 -9 -10 -11 -12 12 13 18 15 16 17 -19 20 21 22 -23 23 -25 -26 27 -28 -29 -30 -31
leaf_value=0.50059784700335075 31.905824316115606 16.222639336124544 -21.48234210736824 38.400612525939948 9.5484852676391601 -16.216814470291137 0.68554301136984441 25.454635918658713 -4.6463913917541504 11.046757902204991 -16.709544491767883 -16.082417631149294 17.818460195492474 -0.72664399668698609 5.5779877063839933 -2.8649325002942767 -30.515177223899151 -7.5534708549236429 6.1940085681473338 -1.2507904515546913 4.1282751342985362 -25.030499428196961 -19.752966151372444 0.16662757808253881 26.029269584814706 -0.46360538884213098 -17.400947202485185 18.686527600053882 3.0484198241006761 15.11050044914772
leaf_weight=4890 21 31 33 20 25 20 6803 23 23 48 22 44 39 12440 86 70 22 29 82 34 90 38 53 147 30 38 29 61 21 29
leaf_count=4890 21 31 33 20 25 20 6803 23 23 48 22 44 39 12440 86 70 22 29 82 34 90 38 53 147 30 38 29 61 21 29
internal_value=-5.1733e-08 8.29074 5.45693 12.1809 -8.10699 6.7748 -0.0646246 12.7466 7.33398 0.702224 0.629471 -0.353074 -0.66502 -0.577294 -5.25438 -2.95277 -9.01595 -17.4585 -0.632093 -0.765085 2.39486 -13.8012 0.0701192 -4.33663 11.507 4.53752 -1.11834 11.336 -13.2823 -0.68981
internal_weight=25341 196 175 117 58 97 25145 77 54 6873 6825 18272 13382 13131 251 207 121 51 13092 12541 551 72 439 221 112 218 119 99 74 12469
internal_count=25341 196 175 117 58 97 25145 77 54 6873 6825 18272 13382 13131 251 207 121 51 13092 12541 551 72 439 221 112 218 119 99 74 12469
is_linear=0
shrinkage=0.05


Tree=5
num_leaves=31
num_cat=0
split_feature=4 128 75 92 49 142 120 78 144 92 19 16 124 119 54 85 117 141 136 84 38 127 5 115 138 89 103 67 31 4
split_gain=4.95723e+06 7.00138e+06 8.84525e+06 2.21498e+06 3.8109e+06 4.43195e+06 3.86697e+06 3.45021e+06 2.91886e+06 2.7991e+06 2.68561e+06 1.90896e+06 2.6242e+06 2.18096e+06 4.696e+06 3.05111e+06 2.73004e+06 2.55255e+06 2.54747e+06 2.27448e+06 2.80016e+06 2.14572e+06 2.50664e+06 2.40224e+06 2.2602e+06 2.71018e+06 5.04819e+06 1.93799e+06 2.6872e+06 1.86387e+06
threshold=5424.9750976562509 -322.74999999999994 644.34121704101574 1779.0000000000002 2008.2500000000002 -440.74999999999994 1377.7500000000002 1672.0000000000002 3932.6274414062505 390.25000000000006 305.77293395996099 -1924.2499999999998 1012.183807373047 362.75000000000006 630.97421264648449 1079.7500000000002 569.17248535156261 833.25000000000011 497.75000000000006 1380.7500000000002 1472.7500000000002 1023.7500000000001 904.46777343750011 -224.74999999999997 562.74551391601574 403.54901123046881 396.62860107421881 -3899.720092773437 -505.74999999999994 496.39749145507818
decision_type=2 2 2 2 2 2 2 2 2 2 2 2 2 2 2 2 2 2 2 2 2 2 2 2 2 2 2 2 2 2
left_child=3 -2 -3 4 8 7 9 -6 11 -7 -5 21 13 15 -15 17 -17 27 -16 20 -18 22 24 -24 25 -1 -27 28 -13 -11
right_child=1 2 -4 10 5 6 -8 -9 -10 29 -12 12 -14 14 18 16 19 -19 -20 -21 -22 -23 23 -25 -26 26 -28 -29 -30 -31
leaf_value=0.029332864816420348 28.016851856834013 27.737667427062991 -12.986831147670745 -11.227066877683004 -6.2525900268554686 -18.478723507835753 -22.327654961744944 -35.27008061181931 17.759889735346256 -11.974463517189026 4.2089629698544746 1.2084921211386339 17.30109266801314 -0.67710461662870536 -6.451933131532245 2.2093166938578466 9.2367879505668373 -16.889460186524826 -22.953517658369883 -2.0343415718078615 29.958081824364871 14.252259395122529 -2.8587022521279075 -26.801564607620243 1.9518645375967028 -30.209861556887628 -4.5493922997946328 0.11119097189144141 17.282826494559263 2.6699025320719527
leaf_weight=381 38 20 40 30 20 21 24 21 23 25 464 78 22 3827 142 502 56 22 28 25 23 20 22 20 295 20 460 18467 39 166
leaf_count=381 38 20 40 30 20 21 24 21 23 25 464 78 22 3827 142 502 56 22 28 25 23 20 22 20 295 20 460 18467 39 166
internal_value=5.85932e-08 11.2237 0.588002 -0.0435732 -0.109744 -5.94151 -3.3054 -21.1152 -0.0437344 -1.15194 3.27155 -0.0604828 0.0406816 0.0243203 -1.03832 0.245399 3.73682 0.131683 -9.16984 11.11 15.2696 -1.99 -2.26116 -14.2601 -1.82521 -3.11933 -5.61858 0.151833 6.5666 0.753101
internal_weight=25341 98 60 25243 24749 277 236 41 24472 212 494 24449 23231 23209 3997 19212 606 18606 170 104 79 1218 1198 42 1156 861 480 18584 117 191
internal_count=25341 98 60 25243 24749 277 236 41 24472 212 494 24449 23231 23209 3997 19212 606 18606 170 104 79 1218 1198 42 1156 861 480 18584 117 191
is_linear=0
shrinkage=0.05


Tree=6
num_leaves=31
num_cat=0
split_feature=4 121 79 92 49 120 142 144 92 19 78 142 139 131 120 122 102 57 54 68 30 9 58 64 131 75 94 70 86 30
split_gain=4.4739e+06 6.42324e+06 7.10748e+06 1.99902e+06 3.43934e+06 4.05608e+06 3.73586e+06 2.63427e+06 2.52618e+06 2.42377e+06 2.23316e+06 1.83435e+06 2.33312e+06 2.09432e+06 2.00431e+06 1.92592e+06 2.49341e+06 3.04267e+06 2.8074e+06 2.80676e+06 2.21835e+06 1.94014e+06 1.93097e+06 4.36954e+06 2.7181e+06 2.26588e+06 2.79343e+06 2.24928e+06 2.75064e+06 4.14767e+06
threshold=5424.9750976562509 -120.24999999999999 2471.5000000000005 1779.0000000000002 2008.2500000000002 1377.7500000000002 -440.74999999999994 3932.6274414062505 390.25000000000006 305.77293395996099 1672.0000000000002 -75.249999999999986 1255.9990844726565 719.73504638671886 1601.7500000000002 366.75000000000006 3259.9775390625005 1377.2500000000002 744.84381103515636 553.73107910156261 1667.0000000000002 2179.2500000000005 -1368.2499999999998 -658.24999999999989 904.46777343750011 852.46588134765636 -1551.2499999999998 -2014.7499999999998 -1549.7499999999998 -2276.4999999999995
decision_type=2 2 2 2 2 2 2 2 2 2 2 2 2 2 2 2 2 2 2 2 2 2 2 2 2 2 2 2 2 2
left_child=3 -2 -3 4 7 6 10 11 -8 -5 -6 12 14 -13 15 20 18 19 -17 -18 21 22 23 25 -24 27 -27 -1 29 -29
right_child=1 2 -4 9 5 -7 8 -9 -10 -11 -12 13 -14 -15 -16 16 17 -19 -20 -21 -22 -23 24 -25 -26 26 -28 28 -30 -31
leaf_value=4.0406062789809658 27.836441715785437 -12.052989398516141 22.529815049966178 -10.665713719924291 -5.9399607276916511 -24.853832221984863 -17.554787383760726 16.871895043746285 0.71544551849365234 3.9985147794901295 -29.568141679763798 0.58304758420237957 -9.4347510791676381 13.210090160369873 14.151102530956269 -1.7118834576089794 2.6422940622676503 -6.0747118656451891 -14.066527481282012 27.622955993984057 6.1566709658077787 -12.464688286185265 0.016190617174270696 -9.2065512313592173 12.909582312514145 -23.160521894454959 -0.85403366908431055 -14.639539751341179 0.19248833394417286 -1.9290434236583032
leaf_weight=231 35 39 24 30 20 25 21 23 191 464 20 6702 70 33 24 2122 22 26 47 23 140 32 13535 176 41 25 32 86 829 253
leaf_count=231 35 39 24 30 20 25 21 23 191 464 20 6702 70 33 24 2122 22 26 47 23 140 32 13535 176 41 25 32 86 829 253
internal_value=-1.88127e-08 10.6625 1.12141 -0.0413946 -0.104257 -5.64443 -3.73874 -0.0415477 -1.09434 3.10797 -17.7541 -0.0574588 -0.324508 0.644917 -0.288364 -0.308032 -1.67778 7.54248 -1.9796 15.4102 -0.108537 -0.166091 -0.140213 -1.76519 0.0551291 -0.865685 -10.6376 -0.467545 -1.35914 -5.15354
internal_weight=25341 98 63 25243 24749 277 252 24472 212 494 40 24449 17714 6735 17644 17620 2240 71 2169 45 15380 15240 15208 1632 13576 1456 57 1399 1168 339
internal_count=25341 98 63 25243 24749 277 252 24472 212 494 40 24449 17714 6735 17644 17620 2240 71 2169 45 15380 15240 15208 1632 13576 1456 57 1399 1168 339
is_linear=0
shrinkage=0.05


Tree=7
num_leaves=31
num_cat=0
split_feature=116 77 82 135 86 117 131 142 31 31 95 92 125 113 4 61 108 6 5 127 113 49 131 29 37 113 114 122 133 114
split_gain=4.06524e+06 4.45419e+06 4.88163e+06 4.15802e+06 3.48929e+06 2.18398e+06 3.37117e+06 1.82282e+06 1.91622e+06 3.54083e+06 2.88444e+06 1.98231e+06 4.5031e+06 3.45537e+06 2.15174e+06 2.69071e+06 2.66312e+06 2.65303e+06 3.12404e+06 1.89065e+06 1.73823e+06 2.99879e+06 4.16793e+06 3.38011e+06 3.4666e+06 2.96667e+06 3.56158e+06 3.43372e+06 2.88395e+06 2.61019e+06
threshold=4134.7749023437509 559.50000000000011 644.34121704101574 -328.74999999999994 1492.7500000000002 619.95794677734386 581.48425292968761 -75.249999999999986 2817.0000000000005 3781.0000000000005 3739.277465820313 1779.0000000000002 1654.1351318359377 1269.0000000000002 4330.6950683593759 421.66194152832037 880.50000000000011 1827.8001098632815 547.78625488281261 1574.7500000000002 197.25000000000003 -502.24999999999994 904.46777343750011 -323.99999999999994 -875.24999999999989 -177.74999999999997 -709.74999999999989 -618.74999999999989 -355.74999999999994 -242.74999999999997
decision_type=2 2 2 2 2 2 2 2 2 2 2 2 2 2 2 2 2 2 2 2 2 2 2 2 2 2 2 2 2 2
left_child=7 -2 5 -4 -5 6 -3 8 11 10 -10 12 20 -14 15 -13 -17 -18 -19 -9 25 23 -23 28 -25 -1 27 -27 -22 -30
right_child=1 2 3 4 -6 -7 -8 19 9 -11 -12 14 13 -15 -16 16 17 18 -20 -21 21 22 -24 24 -26 26 -28 -29 29 -31
leaf_value=-0.83943452878311209 26.446626600852383 15.554387128920784 7.5270364026765568 -29.251061560890889 -0.75718685331798741 24.433624333601731 -8.6065829493782751 0.59121769606753627 -5.9213940669311569 12.028395887938414 -26.140218088030817 -0.48438409932024851 -0.964692450761795 -29.104617734750111 -10.353133181730907 21.662180287308164 13.658306869470849 9.6100875652753395 -15.4061030626297 15.272396295720881 -15.284993799109209 -0.55096707215182672 20.772619126672332 -17.763286783960133 -4.6144266787803536 -7.3023610291026886 0.56475015370497728 8.0470275557474658 5.1171426610035056 -2.5010017775010622
leaf_weight=4573 26 42 37 22 21 26 22 6851 89 22 22 111 20 24 24 36 53 26 24 22 38 6280 23 72 165 42 5568 275 136 649
leaf_count=4573 26 42 37 22 21 26 22 6851 89 22 22 111 20 24 24 36 53 26 24 22 38 6280 23 72 165 42 5568 275 136 649
internal_value=2.77635e-08 7.17297 4.22523 -4.76155 -15.3354 12.2135 7.24905 -0.0559118 -0.317006 -6.29672 -9.92873 -0.273161 -0.337893 -16.3137 3.94746 5.32031 9.95572 5.86414 -2.39768 0.638211 -0.298449 -0.88696 -0.473156 -3.34753 -8.60902 0.115895 0.858243 6.01335 -1.83238 -1.18117
internal_weight=25341 196 170 80 43 90 64 25145 18272 133 111 18139 17865 44 274 250 139 103 50 6873 17821 7363 6303 1060 237 10458 5885 317 823 785
internal_count=25341 196 170 80 43 90 64 25145 18272 133 111 18139 17865 44 274 250 139 103 50 6873 17821 7363 6303 1060 237 10458 5885 317 823 785
is_linear=0
shrinkage=0.05


Tree=8
num_leaves=31
num_cat=0
split_feature=4 128 75 33 135 44 117 54 65 103 141 142 115 113 121 44 107 135 133 128 114 80 141 121 99 9 41 36 47 132
split_gain=3.86106e+06 5.73896e+06 7.47243e+06 1.81711e+06 1.74923e+06 2.66535e+06 2.17687e+06 3.48377e+06 3.01169e+06 2.95318e+06 2.39432e+06 2.03555e+06 2.6166e+06 1.98434e+06 3.20394e+06 3.57637e+06 3.31084e+06 2.80321e+06 2.53078e+06 3.22083e+06 3.68215e+06 3.35277e+06 2.23573e+06 4.12118e+06 2.23355e+06 3.52348e+06 3.18844e+06 2.82132e+06 2.18967e+06 3.43564e+06
threshold=5424.9750976562509 -322.74999999999994 644.34121704101574 744.84381103515636 -266.24999999999994 -3400.4999999999995 719.73504638671886 661.46316528320324 -396.24999999999994 700.57888793945324 170.25000000000003 -204.74999999999997 -23.749999999999996 224.75000000000003 -609.24999999999989 -1219.7499999999998 -385.24999999999994 -379.74999999999994 -125.74999999999999 -260.74999999999994 -196.74999999999997 2361.2500000000005 306.75000000000006 -279.74999999999994 1184.5000000000002 2179.2500000000005 2404.522094726563 2439.7500000000005 441.64888000488287 1446.2200927734377
decision_type=2 2 2 2 2 2 2 2 2 2 2 2 2 2 2 2 2 2 2 2 2 2 2 2 2 2 2 2 2 2
left_child=4 -2 -3 -4 13 -6 7 -7 -9 -8 -10 12 -11 24 16 17 -15 -16 22 20 -20 28 -17 -24 25 26 -1 -27 -21 -30
right_child=1 2 3 -5 5 6 9 8 10 11 -12 -13 -14 14 15 18 -18 -19 19 21 -22 -23 23 -25 -26 27 -28 -29 29 -31
leaf_value=-0.21981606100226539 25.109302129243552 25.230138473510745 -22.857745912075046 -1.5439812088012697 15.940473422297726 0.24324149276135487 23.749498448371888 1.7852789723762759 -22.562478654615344 10.623941114970616 -6.9339410753331636 9.1524011278152475 -7.9881221146419144 21.742335699319838 -16.466967317726041 -0.6551737379547351 1.6966709188161753 -2.2633890396164311 -29.730981707572937 -1.2846414219322946 -7.2156665623188019 17.168596895535789 -9.7292103099822995 17.644236972115259 15.357567290378654 -28.21983670294285 18.850828317078676 -2.7924585103988648 -4.9972454418330434 -24.562099304199222
leaf_weight=5833 38 20 20 20 27 16875 20 81 31 28 117 80 58 25 79 732 117 62 22 534 104 21 20 44 23 20 22 24 219 25
leaf_count=5833 38 20 20 20 27 16875 20 81 31 28 117 80 58 25 79 732 117 62 22 534 104 21 20 44 23 20 22 24 219 25
internal_value=1.44647e-08 9.90532 0.276137 -12.2009 -0.0384551 0.243133 0.21862 0.160115 -5.9655 5.59861 -10.2075 3.41176 -1.92838 -0.653678 -2.01367 -2.56577 5.22584 -10.2214 -1.93855 -3.71721 -11.1469 -2.54557 0.128361 9.09003 -0.193458 -0.254091 -0.148159 -14.3504 -3.0777 -7.00184
internal_weight=25341 98 60 40 25243 17317 17290 17104 229 186 148 166 86 7926 2004 1862 142 141 1721 925 126 799 796 64 5922 5899 5855 44 778 244
internal_count=25341 98 60 40 25243 17317 17290 17104 229 186 148 166 86 7926 2004 1862 142 141 1721 925 126 799 796 64 5922 5899 5855 44 778 244
is_linear=0
shrinkage=0.05


Tree=9
num_leaves=31
num_cat=0
split_feature=4 122 86 92 49 120 142 136 84 142 70 137 82 92 100 68 145 5 101 85 107 56 16 91 133 108 128 77 31 91
split_gain=3.4846e+06 5.31377e+06 6.17835e+06 1.60343e+06 2.97679e+06 3.4991e+06 3.20836e+06 2.39257e+06 4.98361e+06 2.9479e+06 2.78953e+06 2.25038e+06 3.68392e+06 2.22416e+06 2.18985e+06 2.18218e+06 4.03655e+06 4.89712e+06 3.28147e+06 3.45361e+06 2.75298e+06 5.43712e+06 5.16087e+06 5.85879e+06 2.4953e+06 2.37574e+06 2.31755e+06 2.05643e+06 3.42361e+06 2.65531e+06
threshold=5424.9750976562509 487.75000000000006 2399.7500000000005 1779.0000000000002 2008.2500000000002 1377.7500000000002 -440.74999999999994 765.75000000000011 2709.2500000000005 -212.24999999999997 2576.2500000000005 3041.7524414062505 472.83790588378912 390.25000000000006 21.750000000000004 506.08625793457037 630.97421264648449 402.30279541015631 1305.5000000000002 1353.0000000000002 -216.24999999999997 840.25000000000011 -561.74999999999989 -778.49999999999989 -639.49999999999989 440.25000000000006 -741.24999999999989 559.50000000000011 112.75000000000001 -9.2499999999999982
decision_type=2 2 2 2 2 2 2 2 2 2 2 2 2 2 2 2 2 2 2 2 2 2 2 2 2 2 2 2 2 2
left_child=3 -2 -3 4 11 6 14 8 -5 -10 -9 15 -13 -8 -6 16 27 -18 19 20 21 22 23 -17 -25 -21 -22 -1 -29 -30
right_child=1 2 -4 7 5 -7 13 10 9 -11 -12 12 -14 -15 -16 18 17 -19 -20 25 26 -23 -24 24 -26 -27 -28 28 29 -31
leaf_value=0.26349343950070564 25.030549441746302 -12.828207058376737 18.812291546221132 3.1044637369306578 -28.164164776802064 -23.088811218261721 -16.471552789778936 4.1787101048343587 -1.1696167182922363 -27.692762576450004 24.173861831885119 -3.6922429548491031 7.3780103329538322 0.67176555694709905 -4.7662282347679144 -2.8683698587887516 33.276581921577453 2.709938265147962 -15.639285640716555 18.763992346823215 7.5001401844349775 11.2723466265829 -4.8252871806562787 -6.2038338841332337 6.15372865940728 2.8305934604557081 -4.2462124068354283 -5.6790280154156489 -8.3560783949352437 -0.27347770310635111
leaf_weight=17718 35 36 27 373 20 25 21 53 20 22 26 109 242 191 20 456 20 38 40 32 44 95 568 45 443 87 920 359 105 3151
leaf_count=17718 35 36 27 373 20 25 21 53 20 22 26 109 242 191 20 456 20 38 40 32 44 95 568 45 443 87 920 359 105 3151
internal_value=-1.15306e-08 9.41006 0.732007 -0.0365323 -0.0928324 -5.24702 -3.477 2.78406 1.26586 -15.0627 10.7594 -0.0344919 3.94024 -1.02639 -16.4652 -0.0923308 0.0775653 13.2502 -1.42356 -1.21217 -1.59761 -0.330391 -1.0594 1.20652 5.0142 7.1152 -3.71007 0.0417517 -1.04506 -0.534127
internal_weight=25341 98 63 25243 24749 277 252 494 415 42 79 24472 351 212 40 24121 21391 58 2730 2690 2571 1607 1512 944 488 119 964 21333 3615 3256
internal_count=25341 98 63 25243 24749 277 252 494 415 42 79 24472 351 212 40 24121 21391 58 2730 2690 2571 1607 1512 944 488 119 964 21333 3615 3256
is_linear=0
shrinkage=0.05


Tree=10
num_leaves=31
num_cat=0
split_feature=100 128 129 126 53 78 55 131 96 128 145 113 127 76 133 136 16 5 138 68 74 1 135 26 103 51 93 124 142 115
split_gain=3.18619e+06 6.0912e+06 2.1598e+06 1.97139e+06 5.27236e+06 5.72435e+06 4.48823e+06 3.82593e+06 7.16088e+06 2.94188e+06 2.29196e+06 2.21967e+06 2.29993e+06 2.2741e+06 2.02901e+06 1.98028e+06 1.90818e+06 2.39265e+06 2.15028e+06 2.38646e+06 2.09589e+06 3.67985e+06 2.03778e+06 1.98104e+06 1.96231e+06 5.50223e+06 1.70898e+06 1.82023e+06 6.16521e+06 5.56632e+06
threshold=2136.2500000000005 240.25000000000003 1377.0000000000002 920.75000000000011 5075.8200683593759 2392.7500000000005 1013.1541748046876 661.46316528320324 797.33575439453136 -1.7499999999999998 719.73504638671886 1438.5000000000002 1228.2500000000002 2437.786254882813 637.75000000000011 402.25000000000006 -1924.2499999999998 904.46777343750011 562.74551391601574 398.11355590820318 -3849.6298828124995 -260.74999999999994 60.750000000000007 398.11936950683599 395.19096374511724 -1493.2499999999998 -2630.9999999999995 679.19335937500011 -476.24999999999994 15.250000000000002
decision_type=2 2 2 2 2 2 2 2 2 2 2 2 2 2 2 2 2 2 2 2 2 2 2 2 2 2 2 2 2 2
left_child=3 -2 -3 4 11 -6 10 9 -9 -8 -5 12 16 -13 -11 -16 17 18 19 -1 21 -18 23 -20 25 -21 -22 -28 29 -29
right_child=1 2 -4 6 5 -7 7 8 -10 14 -12 13 -14 -15 15 -17 20 -19 22 24 26 -23 -24 -25 -26 -27 27 28 -30 -31
leaf_value=0.19536734127746616 -13.383401957425205 9.3327837626139338 27.534083646535876 1.0654785602779711 30.753425348216094 -1.8948914794921876 -21.017816456158958 -34.245471954345703 3.5695409343356177 4.788297158924502 18.177523864399301 8.1016882475465533 13.791929209232331 -5.7207133202939424 -12.435314485843366 -1.8128504403432211 1.480104628555915 -14.185848708030505 15.658999840418497 -34.04215298607236 -13.062406063079834 20.474030106207906 16.705600131641734 -0.31548775075934832 -4.0583255093871209 -0.67230336189270024 -0.046581702453159068 0.76824591715084889 6.7513907804415965 -21.274717069617132
leaf_weight=367 22 39 28 177 29 25 24 31 21 67 22 152 30 37 65 135 102 39 21 21 25 34 22 256 445 30 22605 95 334 41
leaf_count=367 22 39 28 177 29 25 24 31 21 67 22 152 30 37 65 135 102 39 21 21 25 34 22 256 445 30 22605 95 334 41
internal_value=-9.40286e-09 9.4438 16.9393 -0.0332844 0.0321448 15.6385 -3.01623 -6.4819 -18.974 -4.24963 2.95726 -0.00203518 -0.0437311 5.39572 -2.74238 -5.26515 -0.0607164 -2.00413 -1.59528 -2.86131 0.0397329 6.22859 2.05885 0.895574 -5.123 -14.4128 0.00329632 0.017452 3.0972 -5.87706
internal_weight=25341 89 67 25252 24710 54 542 343 52 291 199 24656 24467 189 267 200 24437 1201 1162 863 23236 136 299 277 496 51 23100 23075 470 136
internal_count=25341 89 67 25252 24710 54 542 343 52 291 199 24656 24467 189 267 200 24437 1201 1162 863 23236 136 299 277 496 51 23100 23075 470 136
is_linear=0
shrinkage=0.05


end of trees

feature_importances:
Column_142=15
Column_31=12
Column_92=11
Column_16=10
Column_113=9
Column_82=8
Column_117=8
Column_5=7
Column_61=7
Column_116=7
Column_122=7
Column_131=7
Column_135=7
Column_4=6
Column_33=6
Column_103=6
Column_128=6
Column_77=5
Column_89=5
Column_127=5
Column_133=5
Column_3=4
Column_49=4
Column_54=4
Column_68=4
Column_74=4
Column_78=4
Column_86=4
Column_114=4
Column_120=4
Column_136=4
Column_19=3
Column_44=3
Column_47=3
Column_56=3
Column_71=3
Column_75=3
Column_85=3
Column_101=3
Column_109=3
Column_115=3
Column_119=3
Column_121=3
Column_124=3
Column_125=3
Column_132=3
Column_134=3
Column_138=3
Column_141=3
Column_145=3
Column_1=2
Column_6=2
Column_9=2
Column_23=2
Column_29=2
Column_30=2
Column_50=2
Column_51=2
Column_58=2
Column_70=2
Column_84=2
Column_91=2
Column_96=2
Column_99=2
Column_100=2
Column_107=2
Column_108=2
Column_126=2
Column_130=2
Column_137=2
Column_144=2
Column_12=1
Column_25=1
Column_26=1
Column_28=1
Column_34=1
Column_36=1
Column_37=1
Column_38=1
Column_40=1
Column_41=1
Column_53=1
Column_55=1
Column_57=1
Column_62=1
Column_64=1
Column_65=1
Column_67=1
Column_72=1
Column_76=1
Column_79=1
Column_80=1
Column_81=1
Column_87=1
Column_93=1
Column_94=1
Column_95=1
Column_102=1
Column_106=1
Column_112=1
Column_123=1
Column_129=1
Column_139=1

parameters:
[boosting: gbdt]
[objective: regression]
[metric: l2]
[tree_learner: serial]
[device_type: cpu]
[data_sample_strategy: bagging]
[data: ]
[valid: ]
[num_iterations: 1000]
[learning_rate: 0.05]
[num_leaves: 31]
[num_threads: 0]
[seed: 42]
[deterministic: 1]
[force_col_wise: 0]
[force_row_wise: 0]
[histogram_pool_size: -1]
[max_depth: -1]
[min_data_in_leaf: 20]
[min_sum_hessian_in_leaf: 0.001]
[bagging_fraction: 1]
[pos_bagging_fraction: 1]
[neg_bagging_fraction: 1]
[bagging_freq: 0]
[bagging_seed: 400]
[bagging_by_query: 0]
[feature_fraction: 1]
[feature_fraction_bynode: 1]
[feature_fraction_seed: 30056]
[extra_trees: 0]
[extra_seed: 12879]
[early_stopping_round: 0]
[early_stopping_min_delta: 0]
[first_metric_only: 0]
[max_delta_step: 0]
[lambda_l1: 0]
[lambda_l2: 0]
[linear_lambda: 0]
[min_gain_to_split: 0]
[drop_rate: 0.1]
[max_drop: 50]
[skip_drop: 0.5]
[xgboost_dart_mode: 0]
[uniform_drop: 0]
[drop_seed: 17869]
[top_rate: 0.2]
[other_rate: 0.1]
[min_data_per_group: 100]
[max_cat_threshold: 32]
[cat_l2: 10]
[cat_smooth: 10]
[max_cat_to_onehot: 4]
[top_k: 20]
[monotone_constraints: ]
[monotone_constraints_method: basic]
[monotone_penalty: 0]
[feature_contri: ]
[forcedsplits_filename: ]
[refit_decay_rate: 0.9]
[cegb_tradeoff: 1]
[cegb_penalty_split: 0]
[cegb_penalty_feature_lazy: ]
[cegb_penalty_feature_coupled: ]
[path_smooth: 0]
[interaction_constraints: ]
[verbosity: -1]
[saved_feature_importance_type: 0]
[use_quantized_grad: 0]
[num_grad_quant_bins: 4]
[quant_train_renew_leaf: 0]
[stochastic_rounding: 1]
[linear_tree: 0]
[max_bin: 255]
[max_bin_by_feature: ]
[min_data_in_bin: 3]
[bin_construct_sample_cnt: 200000]
[data_random_seed: 175]
[is_enable_sparse: 1]
[enable_bundle: 1]
[use_missing: 1]
[zero_as_missing: 0]
[feature_pre_filter: 1]
[pre_partition: 0]
[two_round: 0]
[header: 0]
[label_column: ]
[weight_column: ]
[group_column: ]
[ignore_column: ]
[categorical_feature: ]
[forcedbins_filename: ]
[precise_float_parser: 0]
[parser_config_file: ]
[objective_seed: 16083]
[num_class: 1]
[is_unbalance: 0]
[scale_pos_weight: 1]
[sigmoid: 1]
[boost_from_average: 1]
[reg_sqrt: 0]
[alpha: 0.9]
[fair_c: 1]
[poisson_max_delta_step: 0.7]
[tweedie_variance_power: 1.5]
[lambdarank_truncation_level: 30]
[lambdarank_norm: 1]
[label_gain: ]
[lambdarank_position_bias_regularization: 0]
[eval_at: ]
[multi_error_top_k: 1]
[auc_mu_weights: ]
[num_machines: 1]
[local_listen_port: 12400]
[time_out: 120]
[machine_list_filename: ]
[machines: ]
[gpu_platform_id: -1]
[gpu_device_id: -1]
[gpu_device_id_list: ]
[gpu_use_dp: 0]
[num_gpu: 1]

end of parameters

pandas_categorical:null
