tree
version=v4
num_class=1
num_tree_per_iteration=1
label_index=0
max_feature_idx=293
objective=regression
feature_names=Column_0 Column_1 Column_2 Column_3 Column_4 Column_5 Column_6 Column_7 Column_8 Column_9 Column_10 Column_11 Column_12 Column_13 Column_14 Column_15 Column_16 Column_17 Column_18 Column_19 Column_20 Column_21 Column_22 Column_23 Column_24 Column_25 Column_26 Column_27 Column_28 Column_29 Column_30 Column_31 Column_32 Column_33 Column_34 Column_35 Column_36 Column_37 Column_38 Column_39 Column_40 Column_41 Column_42 Column_43 Column_44 Column_45 Column_46 Column_47 Column_48 Column_49 Column_50 Column_51 Column_52 Column_53 Column_54 Column_55 Column_56 Column_57 Column_58 Column_59 Column_60 Column_61 Column_62 Column_63 Column_64 Column_65 Column_66 Column_67 Column_68 Column_69 Column_70 Column_71 Column_72 Column_73 Column_74 Column_75 Column_76 Column_77 Column_78 Column_79 Column_80 Column_81 Column_82 Column_83 Column_84 Column_85 Column_86 Column_87 Column_88 Column_89 Column_90 Column_91 Column_92 Column_93 Column_94 Column_95 Column_96 Column_97 Column_98 Column_99 Column_100 Column_101 Column_102 Column_103 Column_104 Column_105 Column_106 Column_107 Column_108 Column_109 Column_110 Column_111 Column_112 Column_113 Column_114 Column_115 Column_116 Column_117 Column_118 Column_119 Column_120 Column_121 Column_122 Column_123 Column_124 Column_125 Column_126 Column_127 Column_128 Column_129 Column_130 Column_131 Column_132 Column_133 Column_134 Column_135 Column_136 Column_137 Column_138 Column_139 Column_140 Column_141 Column_142 Column_143 Column_144 Column_145 Column_146 Column_147 Column_148 Column_149 Column_150 Column_151 Column_152 Column_153 Column_154 Column_155 Column_156 Column_157 Column_158 Column_159 Column_160 Column_161 Column_162 Column_163 Column_164 Column_165 Column_166 Column_167 Column_168 Column_169 Column_170 Column_171 Column_172 Column_173 Column_174 Column_175 Column_176 Column_177 Column_178 Column_179 Column_180 Column_181 Column_182 Column_183 Column_184 Column_185 Column_186 Column_187 Column_188 Column_189 Column_190 Column_191 Column_192 Column_193 Column_194 Column_195 Column_196 Column_197 Column_198 Column_199 Column_200 Column_201 Column_202 Column_203 Column_204 Column_205 Column_206 Column_207 Column_208 Column_209 Column_210 Column_211 Column_212 Column_213 Column_214 Column_215 Column_216 Column_217 Column_218 Column_219 Column_220 Column_221 Column_222 Column_223 Column_224 Column_225 Column_226 Column_227 Column_228 Column_229 Column_230 Column_231 Column_232 Column_233 Column_234 Column_235 Column_236 Column_237 Column_238 Column_239 Column_240 Column_241 Column_242 Column_243 Column_244 Column_245 Column_246 Column_247 Column_248 Column_249 Column_250 Column_251 Column_252 Column_253 Column_254 Column_255 Column_256 Column_257 Column_258 Column_259 Column_260 Column_261 Column_262 Column_263 Column_264 Column_265 Column_266 Column_267 Column_268 Column_269 Column_270 Column_271 Column_272 Column_273 Column_274 Column_275 Column_276 Column_277 Column_278 Column_279 Column_280 Column_281 Column_282 Column_283 Column_284 Column_285 Column_286 Column_287 Column_288 Column_289 Column_290 Column_291 Column_292 Column_293
feature_infos=[-6602.5:9202.5] [-6012.5:9695] [-6967.5:9187.5] [-6720:9640] [-7132.18994140625:10798.7646484375] [151.30067443847656:1441.2490234375] [-6287.337890625:9162.3759765625] [-6715:9640] [-6060:9755] [-7157.5:9440] [-6910:9620] [-7108.68994140625:10775.9150390625] [151.30067443847656:1441.2490234375] [-6264.1708984375:9203.9775390625] [-6905:9620] [-6225:9855] [-7005:9518] [-6595:9735] [-7090.39013671875:10754.1650390625] [151.30067443847656:1441.2490234375] [-6184.92822265625:9252.2529296875] [-6595:9735] [-6190:9850] [-7287.5:9531.5] [-7040:9640] [-7076.14013671875:10732.1650390625] [151.30067443847656:1441.2490234375] [-6144.2529296875:9287.501953125] [-7035:9635] [-6355:9700] [-7135:9216.5] [-6725:9325] [-7058.43994140625:10701.0146484375] [151.30067443847656:1441.2490234375] [-6095.45703125:9261.3662109375] [-6725:9320] [-5880:9385] [-6934.5:8860] [-6627.5:9160] [-7021.26513671875:10667.0654296875] [151.30067443847656:1441.2490234375] [-6029.73388671875:9204.8779296875] [-6620:9160] [-6030:9275] [-6915:8960] [-6082.5:9155] [-6991.740234375:10634.08984375] [151.30067443847656:1441.2490234375] [-6032.4853515625:9147.84375] [-6087.5:9155] [-5745:9375] [-6677.5:9038] [-6087.5:9255] [-6964.60986328125:10593.615234375] [151.30067443847656:1441.2490234375] [-6002.7138671875:9056.67578125] [-6095:9255] [-5510:9370] [-6275:9051.5] [-5652.5:9160] [-6933.43505859375:10549.7099609375] [151.30067443847656:1441.2490234375] [-5966.46728515625:8934.9326171875] [-5647.5:9155] [-5182.5:9220] [-6060:8415] [-5575:8600] [-6899.56005859375:10502.009765625] [151.30067443847656:1441.2490234375] [-5908.37890625:8789.484375] [-5570:8600] [-5070:8715] [-5947.5:8396.5] [-5532.5:8505] [-6853.384765625:10453.3603515625] [151.30067443847656:1441.2490234375] [-5824.435546875:8724.8779296875] [-5530:8500] [-4847.5:8565] [-5945:7760] [-5697.5:8505] [-6808.8349609375:10401.4345703125] [151.30067443847656:1441.2490234375] [-5742.89599609375:8667.84375] [-5692.5:8502.5] [-5012.5:8847.5] [-5792.5:7932.5] [-5507.5:8820] [-6761.01513671875:10354.66015625] [151.30067443847656:1441.2490234375] [-5701.26904296875:8576.67578125] [-5502.5:8817.5] [-4835:8850] [-5602.5:8070] [-5285:8335] [-6712.9150390625:10308.91015625] [151.30067443847656:1441.2490234375] [-5642.74462890625:8454.9326171875] [-5277.5:8332.5] [-4955:8407.5] [-5800:7867.5] [-5615:7962.5] [-6662.56494140625:10261.8095703125] [151.30067443847656:1441.2490234375] [-5598.404296875:8309.484375] [-5615:7980] [-5122.5:8137.5] [-5967.5:7305] [-5782.5:7685] [-6614.0400390625:10212.6845703125] [151.30067443847656:1441.2490234375] [-5615.14013671875:8161.34912109375] [-5782.5:7687.5] [-5272.5:8002.5] [-5957.5:7322.5] [-5660:7622.5] [-6564.740234375:10162.4853515625] [151.30067443847656:1441.2490234375] [-5619.21826171875:8051.0166015625] [-5660:7617.5] [-5390:8115] [-5815:7312.5] [-5612.5:7435] [-6517.9599609375:10109.1845703125] [151.30067443847656:1441.2490234375] [-5618.607421875:7950.923828125] [-5610:7432.5] [-5552.5:7867.5] [-5975:6907.5] [-5605:6965] [-6468.634765625:10051.7353515625] [151.30067443847656:1441.2490234375] [-5617.37060546875:7836.7490234375] [-5562.5:6965] [-5452.5:7417.5] [-5788:6830] [-5452.5:7342.5] [-6415.43505859375:9995.53515625] [151.30067443847656:1441.2490234375] [-5602.38232421875:7745.2265625] [-5498:7340] [-5225:7402.5] [-5950:6695] [-5250:6857.5] [-6355.509765625:9938.2353515625] [151.30067443847656:1441.2490234375] [-5570.34765625:7656.5693359375] [-5250:6855] [-4895:7072.5] [-5620:6749.5] [-5370:6850] [-6320.93994140625:9875.134765625] [151.30067443847656:1441.2490234375] [-5503.49755859375:7571.0166015625] [-5365:6852.5] [-4782.5:6875] [-5465:6335] [-5085:6470] [-6283.76513671875:9809.7353515625] [151.30067443847656:1441.2490234375] [-5465.45263671875:7470.923828125] [-5077.5:6470] [-4957.5:6672.5] [-6055:6094.5] [-5807.5:6250] [-6254.240234375:9740.39453125] [151.30067443847656:1441.2490234375] [-5416.5478515625:7356.7490234375] [-5802.5:6250] [-5547.5:6637.5] [-6645:6100] [-6397.5:6350] [-6227.10986328125:9671.294921875] [151.30067443847656:1441.2490234375] [-5345.72509765625:7265.2265625] [-6392.5:6350] [-5712.5:6390] [-6492.5:6020] [-6082.5:6290] [-6195.93505859375:9600.0947265625] [151.30067443847656:1441.2490234375] [-5310.43212890625:7176.5693359375] [-6082.5:6285] [-5237.5:6360] [-6292:5625] [-5985:5740] [-6162.06005859375:9524.1201171875] [151.30067443847656:1441.2490234375] [-5255.16552734375:7045.97216796875] [-5977.5:5740] [-5387.5:6432.5] [-6272.5:5560] [-5440:5690] [-6115.884765625:9443.9697265625] [151.30067443847656:1441.2490234375] [-5169.01416015625:6917.7021484375] [-5445:5692.5] [-5102.5:5940] [-6035:5257.5] [-5445:5440] [-6071.3349609375:9356.794921875] [151.30067443847656:1441.2490234375] [-5092.740234375:6768.36572265625] [-5452.5:5440] [-4460:6047.5] [-5632.5:5185] [-4667.5:5540] [-6023.51513671875:9263.5947265625] [151.30067443847656:1441.2490234375] [-5019.763671875:6656.69580078125] [-4660:5540] [-4540:5845] [-5417.5:5095] [-4775:5372.5] [-5975.4150390625:9172.044921875] [151.30067443847656:1441.2490234375] [-4908.8759765625:6539.95068359375] [-4770:5372.5] [-4427.5:6160] [-5305:5205] [-4890:5650] [-5925.06494140625:9079.599609375] [151.30067443847656:1441.2490234375] [-4716.47802734375:6408.13720703125] [-4887.5:5647.5] [-3482.5:5650] [-5112.5:4862.5] [-3945:4895] [-5876.5400390625:8983.0498046875] [151.30067443847656:1441.2490234375] [-4497.70751953125:6270.5791015625] [-3942.5:4892.5] [-3235:5285] [-4167.5:4370] [-3605:4435] [-5827.240234375:8883.275390625] [151.30067443847656:1441.2490234375] [-4282.0068359375:6080.07177734375] [-3605:4435] [-3180:4955] [-3987.5:4207.5] [-3572.5:4240] [-5780.4599609375:8783.5947265625] [151.30067443847656:1441.2490234375] [-4061.824462890625:5881.42919921875] [-3570:4235] [-2922.5:4462.5] [-4365:3720] [-3250:3865] [-5731.134765625:8692.044921875] [151.30067443847656:1441.2490234375] [-3873.476806640625:5698.1171875] [-3247.5:3867.5] [-2625:4570] [-4483:3590] [-2967.5:3895] [-5677.93505859375:8599.599609375] [151.30067443847656:1441.2490234375] [-3634.978759765625:5534.19775390625] [-2975:3900] [-2245.5:4370] [-4391:3550] [-2829.5:3732.5] [-5618.009765625:8503.0498046875] [151.30067443847656:1441.2490234375] [-3406.15234375:5354.2705078125] [-2829.5:3732.5] [-2114.5:4682.5] [-4291.5:3727.5] [-2382.5:4172.5] [-5556.009765625:8403.275390625] [151.30067443847656:1441.2490234375] [-3216.27490234375:5114.56396484375] [-2387.5:4170] [-1950:4172.5] [-3794.5:2895] [-2412.5:3182.5] [-5501.1650390625:8282.125] [151.30067443847656:1441.2490234375] [-3097.75:4709.1494140625] [-2410:3190] [-1555:3807.5] [-4102:2291] [-1870:2502.5] [-5450.1650390625:8166.9248046875] [151.30067443847656:1441.2490234375] [-2902.04541015625:4459.56396484375] [-2160:2505] [0:2642.5] [-4206.5:0] none [-5395.26513671875:8037.8251953125] [151.30067443847656:1441.2490234375] [-2638.22314453125:4054.149169921875]
tree_sizes=2850 2840 2873 2872 2833 2847 2860 2861 2827 2837 2855 2871 2875 2856 2874 2870 2856 2858 2850 2849 2890 2856

Tree=0
num_leaves=31
num_cat=0
split_feature=40 29 257 199 51 183 261 240 94 242 82 4 214 9 117 51 2 159 5 257 97 258 146 274 262 150 283 215 250 292
split_gain=4.80271e+06 5.14444e+06 6.58799e+06 4.61877e+06 4.11569e+06 5.35877e+06 3.79605e+06 3.37902e+06 3.50299e+06 3.16071e+06 2.97533e+06 3.40339e+06 4.3217e+06 2.91933e+06 2.89738e+06 3.5052e+06 3.05359e+06 2.79107e+06 2.45307e+06 3.9969e+06 3.34201e+06 2.80741e+06 2.68624e+06 3.65876e+06 3.20579e+06 2.80588e+06 2.94585e+06 2.87459e+06 2.59356e+06 2.58495e+06
threshold=1045.2505493164065 5176.2500000000009 724.36727905273449 1394.7500000000002 -315.24999999999994 426.25000000000006 463.75000000000006 -966.74999999999989 2259.0000000000005 2551.6750488281255 523.98001098632824 5106.8376464843759 3234.1425781250005 2726.0000000000005 458.16539001464849 3007.0000000000005 2067.7500000000005 410.69157409667974 412.68888854980474 653.59622192382824 3325.586303710938 2083.674438476563 -712.13189697265614 771.75000000000011 389.75000000000006 454.75000000000006 -363.74999999999994 775.33657836914074 424.76710510253912 530.86532592773449
decision_type=2 2 2 2 2 2 2 2 2 2 2 2 2 2 2 2 2 2 2 2 2 2 2 2 2 2 2 2 2 2
left_child=1 6 -3 -4 5 -2 7 8 13 -10 14 12 -12 -1 17 16 -16 -8 19 20 -9 22 24 25 -20 -24 -27 -28 -26 -25
right_child=4 2 3 -5 -6 -7 10 18 9 -11 11 -13 -14 -15 15 -17 -18 -19 21 -21 -22 -23 23 29 28 26 27 -29 -30 -31
leaf_value=-0.70806013887643449 -17.955376748518873 -5.8399823648242801 42.036290103241505 12.040294371970315 -23.01092164537404 11.996520612983181 -0.3398152449338645 1.0407681173461221 -26.455948122786211 -0.14347207399877671 -6.13635929642275 10.70355186364227 -29.997043202843994 15.83920011578439 5.4459175333048506 24.582718645151587 -14.919662451983505 -6.5858620734547788 1.4736847837653544 -17.841090930882959 20.999385266405191 -14.955687176927048 4.6592189782531683 4.1679748595030297 3.7032138785400659 -6.9989482213722951 2.4481460328757452 -14.726948214338947 -12.305823128150628 17.87735326588901
leaf_weight=2083 28 29 21 33 38 32 1240 17106 25 21 197 26 21 27 149 21 21 209 1071 28 21 23 1244 65 37 100 955 25 80 73
leaf_count=2083 28 29 21 33 38 32 1240 17106 25 21 197 26 21 27 149 21 21 209 1071 28 21 23 1244 65 37 100 955 25 80 73
internal_value=0.911633 0.955023 13.3823 23.7054 -10.1355 -1.98103 0.913545 1.09041 -0.793897 -14.4437 -1.24414 -6.39553 -8.43487 -0.496318 -0.477714 5.31082 2.93017 -1.24073 1.28546 1.03438 1.06524 2.45816 2.56789 3.51013 0.61521 3.04044 1.17584 2.01001 -7.24314 11.42
internal_weight=25049 24951 83 54 98 60 24868 22984 2156 46 1884 244 218 2110 1640 191 170 1449 20828 17155 17127 3673 3650 2462 1188 2324 1080 980 117 138
internal_count=25049 24951 83 54 98 60 24868 22984 2156 46 1884 244 218 2110 1640 191 170 1449 20828 17155 17127 3673 3650 2462 1188 2324 1080 980 117 138
is_linear=0
shrinkage=1


Tree=1
num_leaves=31
num_cat=0
split_feature=40 29 110 110 51 183 261 252 178 247 144 75 82 75 269 66 138 117 29 201 274 2 5 16 275 89 130 5 136 288
split_gain=4.33444e+06 4.64286e+06 6.16434e+06 4.87556e+06 3.71441e+06 4.83629e+06 3.42594e+06 3.12428e+06 4.81327e+06 4.64358e+06 2.72453e+06 3.99199e+06 2.68524e+06 3.27658e+06 3.38876e+06 2.86048e+06 3.48583e+06 2.61488e+06 3.2459e+06 2.63528e+06 2.58755e+06 2.57812e+06 2.54104e+06 2.50592e+06 3.23353e+06 4.23639e+06 3.15919e+06 7.4477e+06 3.15641e+06 2.70312e+06
threshold=1045.2505493164065 5176.2500000000009 674.41351318359386 611.19790649414074 -315.24999999999994 426.25000000000006 463.75000000000006 -840.74999999999989 711.25000000000011 -1373.2499999999998 3577.8425292968755 653.59622192382824 523.98001098632824 636.49594116210949 481.75000000000006 664.25000000000011 537.80807495117199 458.16539001464849 3570.2500000000005 476.75883483886724 708.50000000000011 1871.2500000000002 422.71945190429693 2906.7500000000005 -73.749999999999986 452.66287231445318 2294.6350097656255 775.33657836914074 -1547.7499999999998 225.75000000000003
decision_type=2 2 2 2 2 2 2 2 2 2 2 2 2 2 2 2 2 2 2 2 2 2 2 2 2 2 2 2 2 2
left_child=1 6 3 -3 5 -2 7 8 10 -10 11 -1 17 15 -15 -14 -17 19 21 -8 -21 -19 -9 26 25 -25 27 -24 -28 -30
right_child=4 2 -4 -5 -6 -7 12 22 9 -11 -12 -13 13 14 -16 16 -18 18 -20 20 -22 -23 23 24 -26 -27 28 -29 29 -31
leaf_value=-1.2966196174181781 -17.923659798077175 15.45177076239335 36.031236627101897 -12.97914552307129 -22.72642775585777 10.530642986297607 -1.625217907828242 0.074760835057902583 -32.006520359332747 -0.79468698609958999 14.766623344421388 -14.718356405558257 -3.6791671369111896 -17.231606619698663 5.5957523289653999 -3.1061779158455987 -24.649684538653023 4.7819592577345835 23.238381843566899 -26.602830464499341 -4.1513825127572721 -11.3597407023112 1.5613664184198592 10.290143895149232 6.0584961361355258 -15.5730414101952 22.512711758083768 -18.710938371782717 0.96366114004277714 9.5999371147594577
leaf_weight=1236 28 38 20 25 38 32 1395 18033 26 22 25 58 66 21 72 28 57 141 20 21 33 30 3003 20 45 76 27 46 204 163
leaf_count=1236 28 38 20 25 38 32 1395 18033 26 22 25 58 66 21 72 28 57 141 20 21 33 30 3003 20 45 76 27 46 204 163
internal_value=-8.38039e-08 0.0412202 11.8471 4.16966 -10.4948 -2.74803 0.00181642 0.169839 -2.14833 -17.7011 -1.58235 -1.89821 -2.04798 -6.9418 0.441187 -11.4889 -17.553 -1.31988 4.17922 -2.04474 -12.8825 1.95008 0.316434 1.53242 -5.00082 -10.1849 1.79997 1.25552 6.01325 4.79939
internal_weight=25049 24951 83 63 98 60 24868 22984 1367 48 1319 1294 1884 244 93 151 85 1640 191 1449 54 171 21617 3584 141 96 3443 3049 394 367
internal_count=25049 24951 83 63 98 60 24868 22984 1367 48 1319 1294 1884 244 93 151 85 1640 191 1449 54 171 21617 3584 141 96 3443 3049 394 367
is_linear=0
shrinkage=0.05


Tree=2
num_leaves=31
num_cat=0
split_feature=40 229 177 58 227 226 261 264 288 1 79 82 264 233 181 233 76 282 217 138 250 137 263 270 19 253 195 98 23 61
split_gain=3.91183e+06 4.29866e+06 8.3369e+06 3.38642e+06 6.73729e+06 4.56359e+06 3.1849e+06 3.13915e+06 6.87498e+06 3.22153e+06 2.85132e+06 4.23176e+06 3.40161e+06 4.25877e+06 2.95625e+06 2.6335e+06 2.64101e+06 2.59091e+06 2.2321e+06 2.14914e+06 2.01703e+06 4.68209e+06 5.18519e+06 3.9499e+06 2.39539e+06 2.40766e+06 2.33914e+06 2.14869e+06 2.52454e+06 2.36708e+06
threshold=1045.2505493164065 1045.2505493164065 -2184.2499999999995 -890.74999999999989 1052.2500000000002 -894.74999999999989 463.75000000000006 879.99746704101574 410.25000000000006 5432.0000000000009 3029.5000000000005 523.98001098632824 487.39910888671881 1758.7500000000002 2206.153198242188 -884.24999999999989 1885.0337524414065 -212.74999999999997 -684.74999999999989 578.96932983398449 696.40509033203136 4444.5073242187509 2790.9450683593755 939.85751342773449 333.65686035156256 1383.2500000000002 36.99732971191407 -896.74999999999989 -316.74999999999994 724.36727905273449
decision_type=2 2 2 2 2 2 2 2 2 2 2 2 2 2 2 2 2 2 2 2 2 2 2 2 2 2 2 2 2 2
left_child=1 6 -3 5 -5 -2 7 9 -9 15 11 -8 -12 -14 19 16 -1 18 -18 -13 24 22 23 -22 26 27 -17 28 29 -26
right_child=3 2 -4 4 -6 -7 10 8 -10 -11 12 14 13 -15 -16 20 17 -19 -20 -21 21 -23 -24 -25 25 -27 -28 -29 -30 -31
leaf_value=-0.97136868216742522 -18.390656452178956 -13.169755520820619 26.206127836646104 -41.517876780033113 -4.2956825335179607 13.12129467151783 -1.5136811530830583 -30.594710815429689 8.2118322099958156 19.770617239815849 -8.8673108969415946 -12.124963414802981 0.46493579934283003 24.032475214534337 -22.692479711590394 0.61918648803293397 -4.4674606431098214 4.4114233398437497 -25.871845889913626 -1.4433174402713778 -15.641532782621162 9.9477269252141323 -32.5276215986772 6.3321826347937957 0.26173139459606298 10.834704550958817 -0.79514191907709908 1.4804205050158368 -6.9932035768554162 -16.627607954116097
leaf_weight=2942 20 20 41 20 31 27 1586 25 21 21 28 89 41 36 33 6434 21 20 29 100 43 36 22 39 1713 63 5358 6032 137 21
leaf_count=2942 20 20 41 20 31 27 1586 25 21 21 28 89 41 36 33 6434 21 20 29 100 43 36 22 39 1713 63 5358 6032 137 21
internal_value=-8.23075e-08 0.0391591 13.296 -9.97002 -18.8926 -0.288046 0.00666949 0.169868 -12.8787 0.196044 -1.95351 -2.4187 6.05664 11.4835 -8.88426 0.178101 -1.19975 -10.7982 -16.882 -6.4733 0.386669 -5.59372 -10.9734 -5.19062 0.429044 1.09887 -0.0234502 1.02126 -0.459061 0.0571892
internal_weight=25049 24951 61 98 51 47 24890 22977 46 22931 1913 1808 105 77 222 22910 3012 70 50 189 19898 140 104 82 19758 7966 11792 7903 1871 1734
internal_count=25049 24951 61 98 51 47 24890 22977 46 22931 1913 1808 105 77 222 22910 3012 70 50 189 19898 140 104 82 19758 7966 11792 7903 1871 1734
is_linear=0
shrinkage=0.05


Tree=3
num_leaves=31
num_cat=0
split_feature=40 187 37 51 183 261 79 82 264 233 240 292 1 181 185 5 257 97 177 100 138 289 138 152 288 264 117 6 289 198
split_gain=3.53043e+06 3.97737e+06 6.99869e+06 3.19204e+06 4.31718e+06 2.70731e+06 3.25269e+06 3.81916e+06 3.4879e+06 4.73793e+06 3.01825e+06 5.00359e+06 4.11112e+06 2.66801e+06 2.32446e+06 2.1922e+06 2.80423e+06 2.98507e+06 2.79371e+06 2.30173e+06 1.9396e+06 1.9372e+06 2.06632e+06 2.23694e+06 2.30245e+06 2.20859e+06 1.91748e+06 1.88513e+06 1.87099e+06 4.66137e+06
threshold=1045.2505493164065 1045.2505493164065 762.75000000000011 -315.24999999999994 426.25000000000006 463.75000000000006 3029.5000000000005 523.98001098632824 487.39910888671881 1758.7500000000002 -739.74999999999989 879.99746704101574 5432.0000000000009 2206.153198242188 1045.2500000000002 412.68888854980474 674.41351318359386 3325.586303710938 2543.7500000000005 -3570.2499999999995 578.96932983398449 -63.749999999999993 467.49603271484381 518.72827148437511 179.75000000000003 483.63320922851568 598.99819946289074 3447.118774414063 -582.74999999999989 923.75000000000011
decision_type=2 2 2 2 2 2 2 2 2 2 2 2 2 2 2 2 2 2 2 2 2 2 2 2 2 2 2 2 2 2
left_child=1 5 -3 4 -2 10 7 21 -8 -10 11 14 15 20 -1 16 17 26 19 -17 -9 22 25 24 -24 -7 27 -12 29 -21
right_child=3 2 -4 -5 -6 6 8 13 9 -11 12 -13 -14 -15 -16 18 -18 -19 -20 28 -22 -23 23 -25 -26 -27 -28 -29 -30 -31
leaf_value=-0.78780145906711718 -16.628201992171153 -9.619203786849976 27.864647663000859 -20.810520547942112 10.255646619200707 -2.876145709614736 -8.4239455802100043 -11.518715408762519 0.44168892255643516 25.120183116036493 0.14235737118087852 -19.919613936288016 19.564535324914118 -21.557856045347272 -11.330440569823644 -14.752553322201685 -18.107306189764113 19.014640957968577 -13.103869123756887 0.22297280430793764 -1.3711513974666596 1.1831860541564521 -2.7070612764468902 -5.6299634235661209 15.613962713200998 -15.328678098884788 -15.320969276428224 10.74941076551165 2.1265460210800429 -24.349023580551147
leaf_weight=3866 28 20 33 38 32 946 28 89 41 37 15741 35 28 33 53 21 21 21 32 120 100 488 27 41 47 37 20 42 2961 23
leaf_count=3866 28 20 33 38 32 946 28 89 41 37 15741 35 28 33 53 21 21 21 32 120 100 488 27 41 47 37 20 42 2961 23
internal_value=6.03022e-08 0.0372013 13.7198 -9.47152 -2.29015 0.00807539 -1.79868 -2.29776 6.71401 12.1482 0.158533 -1.09847 0.419709 -8.44005 -0.930379 0.391499 0.15178 0.176012 1.59465 1.74516 -6.14963 -1.438 -2.60297 3.73858 8.92926 -3.34486 0.150978 0.170584 1.85678 -3.72917
internal_weight=25049 24951 53 98 60 24898 1914 1808 106 78 22984 3954 19030 222 3919 19002 15845 15824 3157 3125 189 1586 1098 115 74 983 15803 15783 3104 143
internal_count=25049 24951 53 98 60 24898 1914 1808 106 78 22984 3954 19030 222 3919 19002 15845 15824 3157 3125 189 1586 1098 115 74 983 15803 15783 3104 143
is_linear=0
shrinkage=0.05


Tree=4
num_leaves=31
num_cat=0
split_feature=40 187 37 183 86 261 261 79 61 16 191 254 72 233 90 88 235 254 96 78 71 121 248 20 47 141 222 135 94 108
split_gain=3.18621e+06 3.58958e+06 6.31631e+06 3.01069e+06 5.43009e+06 5.42296e+06 2.46237e+06 3.38513e+06 3.106e+06 4.63034e+06 2.98106e+06 4.04855e+06 2.97569e+06 2.79504e+06 5.10567e+06 4.5551e+06 3.93549e+06 3.3771e+06 2.42972e+06 2.19567e+06 3.92399e+06 4.25652e+06 2.65734e+06 2.04769e+06 1.96383e+06 2.34459e+06 3.01518e+06 2.45044e+06 3.71075e+06 2.62867e+06
threshold=1045.2505493164065 1045.2505493164065 762.75000000000011 22.750000000000004 -574.74999999999989 613.00000000000011 423.25000000000006 3029.5000000000005 500.19013977050787 2590.7500000000005 2340.0000000000005 1600.2500000000002 3508.7500000000005 -884.24999999999989 1971.3867797851565 5840.6223144531259 2927.849975585938 -1432.7499999999998 449.77992248535162 2136.0000000000005 748.75000000000011 300.75000000000006 1151.0000000000002 2324.9135742187505 458.16539001464849 -2105.4999999999995 624.58282470703136 -527.24999999999989 254.25000000000003 -164.74999999999997
decision_type=2 2 2 2 2 2 2 2 2 2 2 2 2 2 2 2 2 2 2 2 2 2 2 2 2 2 2 2 2 2
left_child=1 6 -3 -2 -5 -6 13 8 18 19 12 -12 -9 14 24 17 -16 -15 -8 20 21 -10 -22 -21 -1 26 -26 29 -29 -27
right_child=3 2 -4 4 5 -7 7 10 9 -11 11 -13 -14 15 16 -17 -18 -19 -20 23 22 -23 -24 -25 25 27 -28 28 -30 -31
leaf_value=-1.6839634271101396 -25.779246339343842 -9.1382437467575084 26.471415736458518 9.3844431490511511 -35.601658458709714 1.218732032775879 -1.8411175665206045 3.189520163371645 -6.3085027824056912 -23.574774491124685 -14.595356791360039 14.067148884859954 25.650567493438725 -16.41341848373413 -25.727623820949248 19.229314297437668 -2.9639237513908974 0.37514691427423202 4.5102083598274785 -3.6535719600590797 -8.1851906336270854 15.603751984957993 -26.498064470291141 15.780996919714887 -0.98070404710976966 2.9878632785404622 -20.264263331890106 -12.289387031178922 4.5454560856320967 16.817083892306766
leaf_weight=2191 21 20 33 37 20 20 1621 29 94 36 28 22 30 30 37 32 39 19606 166 33 52 29 32 23 92 482 26 64 67 37
leaf_count=2191 21 20 33 37 20 20 1621 29 94 36 28 22 30 30 37 32 39 19606 166 33 52 29 32 23 92 482 26 64 67 37
internal_value=-3.93655e-10 0.0353412 13.0338 -8.99794 -4.42122 -17.1915 0.00767156 -1.59148 -2.04032 -6.75704 6.99835 -1.98385 14.6104 0.162282 -1.25001 0.380215 -14.0463 0.349497 -1.25112 -4.45499 -6.8312 -1.1422 -15.1615 4.32848 -0.921343 1.25431 -5.22962 2.4314 -3.6792 3.97376
internal_weight=25049 24951 53 98 77 40 24898 2195 2086 299 109 50 59 22703 3035 19668 76 19636 1787 263 207 123 84 56 2959 768 118 650 131 519
internal_count=25049 24951 53 98 77 40 24898 2195 2086 299 109 50 59 22703 3035 19668 76 19636 1787 263 207 123 84 56 2959 768 118 650 131 519
is_linear=0
shrinkage=0.05


Tree=5
num_leaves=31
num_cat=0
split_feature=40 187 274 274 51 183 261 53 1 292 178 178 262 288 200 198 66 11 283 282 264 156 268 222 262 222 16 61 96 229
split_gain=2.87556e+06 3.2396e+06 6.01846e+06 2.88266e+06 4.61765e+06 3.35945e+06 2.31654e+06 6.17311e+06 3.016e+06 5.12803e+06 2.96362e+06 2.8672e+06 2.44861e+06 3.44586e+06 2.31947e+06 2.09395e+06 2.04722e+06 3.56564e+06 4.55209e+06 2.14095e+06 2.76301e+06 2.26013e+06 2.17092e+06 1.99961e+06 2.15668e+06 1.98685e+06 1.92148e+06 1.88626e+06 3.16017e+06 2.29159e+06
threshold=1045.2505493164065 1045.2505493164065 191.25000000000003 814.75000000000011 -349.74999999999994 426.25000000000006 -1546.4999999999998 -816.55499267578114 5432.0000000000009 724.36727905273449 415.25000000000006 -1125.2499999999998 420.25000000000006 164.25000000000003 -2047.532531738281 2231.5000000000005 3098.7500000000005 3101.972534179688 353.75000000000006 -386.74999999999994 500.19013977050787 2726.5000000000005 55.750000000000007 588.47909545898449 879.50000000000011 518.72827148437511 -80.749999999999986 588.47909545898449 611.19790649414074 588.47909545898449
decision_type=2 2 2 2 2 2 2 2 2 2 2 2 2 2 2 2 2 2 2 2 2 2 2 2 2 2 2 2 2 2
left_child=1 6 -3 4 5 -2 7 11 12 -10 26 -1 14 23 27 -11 19 -18 -19 20 -15 22 -21 25 -25 -14 -9 29 -29 -8
right_child=3 2 -4 -5 -6 -7 8 10 9 15 -12 -13 13 16 -16 -17 17 18 -20 21 -22 -23 -24 24 -26 -27 -28 28 -30 -31
leaf_value=-1.104793117786276 -19.134938965673033 -9.2608477219939243 25.499066659175991 3.4871534578727954 -34.64831834793091 8.1947948585857056 -1.7608783481944621 -17.279626919031141 -9.3646050589425229 31.558696365356447 -31.369270730018616 20.457215636684783 -3.3701394360125181 -0.50605205127171116 0.37281972399804952 9.4854393731980107 15.302300163737517 -16.952251212405308 10.271808534509995 5.6437937033560974 -24.4982874867462 -15.820949372001317 -0.48643809151826939 -4.84122253285872 -24.338479533402818 7.5938525701678081 -1.3570251385370891 18.434409058888754 -5.1443130581467242 -18.02110342545943
leaf_weight=58 23 20 33 33 20 22 1437 40 21 22 20 21 1058 28 19520 21 57 28 34 155 21 23 2116 37 23 43 36 30 27 22
leaf_count=58 23 20 33 33 20 22 1437 40 21 22 20 21 1058 28 19520 21 57 28 34 155 21 23 2116 37 23 43 36 30 27 22
internal_value=1.22495e-08 0.0335742 12.3821 -8.54805 -14.6582 -5.77374 0.00728799 -5.72514 0.0478646 10.888 -14.244 4.62688 0.0197302 -1.18085 0.226504 20.7787 -0.121942 6.27571 -2.02293 -0.446876 -10.7884 -0.225979 -0.0680383 -3.42634 -12.3152 -2.94194 -9.73734 -1.65746 7.26554 -2.00606
internal_weight=25049 24951 53 98 65 45 24898 175 24723 64 96 79 24659 3623 21036 43 2462 119 62 2343 49 2294 2271 1161 60 1101 76 1516 57 1459
internal_count=25049 24951 53 98 65 45 24898 175 24723 64 96 79 24659 3623 21036 43 2462 119 62 2343 49 2294 2271 1161 60 1101 76 1516 57 1459
is_linear=0
shrinkage=0.05


Tree=6
num_leaves=31
num_cat=0
split_feature=40 229 177 30 157 264 283 140 185 93 88 64 261 82 3 54 1 100 236 273 138 261 71 36 260 222 89 37 234 159
split_gain=2.59519e+06 2.99216e+06 6.86417e+06 2.75647e+06 4.03394e+06 2.32129e+06 7.15576e+06 2.57023e+06 4.85207e+06 2.89901e+06 3.62659e+06 3.07409e+06 3.06312e+06 3.905e+06 4.83459e+06 2.79665e+06 2.47936e+06 2.21738e+06 1.98778e+06 2.63939e+06 3.77667e+06 3.69903e+06 2.92992e+06 3.8153e+06 2.53239e+06 2.30617e+06 2.46232e+06 2.74022e+06 2.30999e+06 2.87569e+06
threshold=1045.2505493164065 1045.2505493164065 -2184.2499999999995 -306.24999999999994 426.25000000000006 879.99746704101574 112.75000000000001 3943.2500000000005 3152.5000000000005 4202.0000000000009 5840.6223144531259 4073.7500000000005 727.00000000000011 523.98001098632824 2319.2500000000005 530.86532592773449 1017.7500000000001 -1872.7499999999998 611.19790649414074 -339.74999999999994 588.47909545898449 -614.24999999999989 1652.7500000000002 676.75000000000011 -161.74999999999997 545.15829467773449 537.80807495117199 -1486.7499999999998 -735.24999999999989 523.98001098632824
decision_type=2 2 2 2 2 2 2 2 2 2 2 2 2 2 2 2 2 2 2 2 2 2 2 2 2 2 2 2 2 2
left_child=1 5 -3 4 17 7 -7 9 -9 10 11 12 18 -14 16 -13 -15 -2 25 20 -20 24 23 -22 -21 28 27 -27 29 -1
right_child=3 2 -4 -5 -6 6 -8 8 -10 -11 -12 15 13 14 -16 -17 -18 -19 19 21 22 -23 -24 -25 -26 26 -28 -29 -30 -31
leaf_value=-1.0900202105161603 0.77662267684936526 -12.9224582862854 22.806634321445372 -19.371088995252336 15.401705412431197 -23.604451343748305 13.121619924761001 30.474219932556153 0.18332556226314645 -18.566432035536995 21.301652421951296 22.479088211059572 -1.6821984603903333 -12.398646560493781 -29.044774284362791 -0.59487754503885915 5.8526940282185871 -22.485944875081383 -19.507218101501465 0.49643636459999901 -5.1286919800717321 -2.896045802639482 -14.522682898044588 17.446366312327211 17.391378979455858 -10.162486354719128 5.9167881630170038 2.1504933781580093 0.2347262372965071 -10.513848821322124
leaf_weight=2231 20 20 41 35 22 36 21 20 39 21 20 29 610 49 30 24 30 21 50 47 61 366 40 27 42 57 351 218 20387 84
leaf_count=2231 20 20 41 35 22 36 21 20 39 21 20 29 610 49 30 24 30 21 50 47 61 366 40 27 42 57 351 218 20387 84
internal_value=2.193e-09 0.0318954 11.0922 -8.12064 -1.87039 0.00478908 -10.0738 0.0279228 10.4514 0.00309891 0.018853 0.00164292 -0.0241889 -3.23983 -11.9568 12.0305 -5.46776 -11.1384 0.0723031 -2.69234 -7.85431 -0.672928 -3.30239 1.79775 8.46933 0.147321 3.14112 -0.401652 0.0647681 -1.43196
internal_weight=25049 24951 61 98 63 24890 57 24833 59 24774 24753 24733 24680 719 109 53 79 41 23961 633 178 455 128 88 89 23328 626 275 22702 2315
internal_count=25049 24951 61 98 63 24890 57 24833 59 24774 24753 24733 24680 719 109 53 79 41 23961 633 178 455 128 88 89 23328 626 275 22702 2315
is_linear=0
shrinkage=0.05


Tree=7
num_leaves=31
num_cat=0
split_feature=40 187 37 274 51 183 259 292 1 292 262 288 138 200 141 5 281 19 212 236 275 89 201 194 236 156 238 51 289 232
split_gain=2.34216e+06 2.79491e+06 5.33141e+06 2.65112e+06 3.98657e+06 2.86385e+06 2.08787e+06 5.44787e+06 2.45378e+06 4.41076e+06 2.37314e+06 3.14424e+06 1.99427e+06 1.80571e+06 1.79162e+06 2.0449e+06 3.30882e+06 2.82265e+06 2.71251e+06 3.11983e+06 2.91731e+06 2.44087e+06 3.71592e+06 3.04093e+06 2.5802e+06 2.34991e+06 2.34883e+06 2.26571e+06 2.22893e+06 2.16955e+06
threshold=1045.2505493164065 1045.2505493164065 762.75000000000011 814.75000000000011 -349.74999999999994 426.25000000000006 -839.74999999999989 879.99746704101574 5432.0000000000009 724.36727905273449 420.25000000000006 164.25000000000003 636.49594116210949 -2047.532531738281 3447.5000000000005 444.00724792480474 706.25000000000011 653.59622192382824 -1308.2499999999998 611.19790649414074 -313.74999999999994 530.86532592773449 431.49392700195318 578.96932983398449 696.40509033203136 290.25000000000006 290.25000000000006 1166.2500000000002 -62.749999999999993 245.25000000000003
decision_type=2 2 2 2 2 2 2 2 2 2 2 2 2 2 2 2 2 2 2 2 2 2 2 2 2 2 2 2 2 2
left_child=1 6 -3 4 5 -2 7 -1 10 -10 13 -12 -11 -8 15 -15 17 21 -19 26 25 23 -23 -17 -24 -21 -20 -25 29 -18
right_child=3 2 -4 -5 -6 -7 8 -9 9 12 11 -13 -14 14 -16 16 28 18 19 20 -22 22 24 27 -26 -27 -28 -29 -30 -31
leaf_value=-1.6529061554741986 -17.655509948730469 -8.8701283740997319 23.84563299309124 3.827125089818781 -32.148219733536244 7.5779166828502316 -1.4980629419054099 -27.374519711449036 -8.9029641321727215 29.09391600567362 -3.2467896159500862 -0.090111527353682594 7.5056967544555668 0.24256783743487498 -11.40723470505327 1.6480116011750419 14.591526048323686 7.9941872732979924 -4.0151050924277696 -11.234030711345184 -1.9280885670496071 -15.418886563891457 7.0935556727358948 -20.558955326786748 -6.6376550081613903 -31.671028848127886 9.5750120251677764 -1.3983651691012913 25.457816158641471 -5.5595339124852963
leaf_weight=1044 23 20 33 33 20 22 1322 21 21 23 1161 2461 20 16567 32 1252 34 49 122 39 46 21 454 27 37 22 43 36 22 22
leaf_count=1044 23 20 33 33 20 22 1322 21 21 23 1161 2461 20 16567 32 1252 34 49 122 39 46 21 454 27 37 22 43 36 22 22
internal_value=-7.71007e-09 0.0303007 11.5001 -7.71461 -13.5743 -5.31917 0.00588514 -2.16009 0.102674 9.87987 0.076348 -1.10196 19.0529 0.288182 0.413622 0.433751 1.85663 1.48928 -2.83484 -4.78566 -11.4353 2.24902 5.1779 1.10865 6.05882 -18.6048 -0.473438 -9.61005 11.9727 6.67504
internal_weight=25049 24951 53 98 65 45 24898 1065 23833 64 23769 3622 43 20147 18825 18793 2226 2148 321 272 107 1827 512 1315 491 61 165 63 78 56
internal_count=25049 24951 53 98 65 45 24898 1065 23833 64 23769 3622 43 20147 18825 18793 2226 2148 321 272 107 1827 512 1315 491 61 165 63 78 56
is_linear=0
shrinkage=0.05


Tree=8
num_leaves=31
num_cat=0
split_feature=40 32 198 274 82 120 167 236 64 245 53 241 253 227 281 268 226 30 157 184 222 264 261 218 191 20 55 162 106 226
split_gain=2.1138e+06 2.57547e+06 6.91423e+06 5.35302e+06 3.6659e+06 3.35559e+06 2.83095e+06 2.77973e+06 5.50655e+06 5.40531e+06 4.05418e+06 2.94561e+06 3.99305e+06 5.46572e+06 3.12306e+06 2.58525e+06 2.8219e+06 2.39864e+06 3.48644e+06 2.38757e+06 2.33224e+06 2.16142e+06 3.51305e+06 3.40536e+06 2.84434e+06 2.12439e+06 3.40875e+06 2.49113e+06 2.7852e+06 2.83652e+06
threshold=1045.2505493164065 4996.3525390625009 780.25000000000011 536.25000000000011 775.33657836914074 3211.7500000000005 2570.362426757813 598.99819946289074 4073.7500000000005 -1561.7499999999998 2878.2700195312505 1924.2500000000002 1027.7500000000002 828.25000000000011 616.25000000000011 903.75000000000011 1153.5000000000002 -306.24999999999994 426.25000000000006 2947.7500000000005 674.41351318359386 598.99819946289074 -920.24999999999989 1675.2500000000002 387.25000000000006 -1445.5113525390623 -1268.2289428710935 2525.7500000000005 1155.7500000000002 327.75000000000006
decision_type=2 2 2 2 2 2 2 2 2 2 2 2 2 2 2 2 2 2 2 2 2 2 2 2 2 2 2 2 2 2
left_child=1 7 4 5 -3 -4 -5 8 19 10 -9 12 25 14 -14 16 -8 18 -2 21 -15 -1 -23 24 -24 -11 -27 28 -28 -30
right_child=17 2 3 6 -6 -7 15 9 -10 11 -12 -13 13 20 -16 -17 -18 -19 -20 -21 -22 22 23 -25 -26 26 27 -29 29 -31
leaf_value=0.031116237314775815 -10.114500366769185 10.076552107321319 -3.4082805633544924 -10.035636709286617 33.672822380065917 -31.350923629034135 3.0625808951529589 -35.901372927711122 25.667369933355424 -7.5419360913482372 -4.8323913676398149 13.685354528755978 -34.611051892382754 -10.264899201220588 -9.4369062748822312 -3.7779134483337402 27.615800174713133 -17.823721572331021 14.558842836726797 -17.215800370872021 8.0556685149669658 -6.5108831135850211 12.476528242284601 29.246365320114865 -9.1544813246954053 20.591582202911379 1.9607166731022163 13.762186445038896 -9.0097694125483123 5.3748212462121794
leaf_weight=23709 41 93 22 26 20 21 22 21 21 102 21 29 28 38 22 25 25 35 22 20 32 38 55 21 21 20 271 29 155 44
leaf_count=23709 41 93 22 26 20 21 22 21 21 102 21 29 28 38 22 25 25 35 22 20 32 38 55 21 21 20 271 29 155 44
internal_value=-7.65711e-09 0.0287856 5.03788 -2.34719 14.2529 -17.0547 4.1061 -0.0227312 0.0750747 -2.89969 -20.3669 -1.94694 -2.55873 -10.9084 -23.5344 9.21283 16.1228 -7.32888 -1.49841 0.0525538 -1.88978 0.0670382 6.37574 11.4241 6.49954 -0.945266 0.351189 -0.460049 -1.33759 -5.82926
internal_weight=25049 24951 254 141 113 43 98 24697 23885 812 42 770 741 120 50 72 47 98 63 23864 70 23844 135 97 76 621 519 499 470 199
internal_count=25049 24951 254 141 113 43 98 24697 23885 812 42 770 741 120 50 72 47 98 63 23864 70 23844 135 97 76 621 519 499 470 199
is_linear=0
shrinkage=0.05


Tree=9
num_leaves=31
num_cat=0
split_feature=29 199 262 243 274 253 241 189 288 277 261 254 40 252 213 281 64 54 110 220 261 222 93 220 198 66 234 166 192 254
split_gain=2.0206e+06 4.30178e+06 3.91933e+06 2.79337e+06 3.86352e+06 4.9273e+06 3.41612e+06 3.98799e+06 3.89354e+06 3.22552e+06 3.11788e+06 3.00163e+06 4.15555e+06 2.64956e+06 2.82905e+06 2.74939e+06 2.63271e+06 2.86462e+06 3.40718e+06 2.38215e+06 2.2589e+06 2.568e+06 2.91078e+06 3.28012e+06 3.17561e+06 2.26048e+06 2.23044e+06 2.44275e+06 2.42204e+06 2.20077e+06
threshold=5176.2500000000009 1394.7500000000002 487.75000000000006 598.99819946289074 216.75000000000003 964.75000000000011 -1823.7499999999998 1178.2500000000002 207.25000000000003 -754.08749389648426 -220.24999999999997 1340.0000000000002 1045.2505493164065 -295.24999999999994 -1210.9999999999998 307.75000000000006 3632.2500000000005 397.35771179199224 458.16539001464849 2613.7500000000005 423.25000000000006 552.32839965820324 22.250000000000004 255.25000000000003 195.75000000000003 1343.5000000000002 -735.24999999999989 545.15829467773449 466.25000000000006 -201.74999999999997
decision_type=2 2 2 2 2 2 2 2 2 2 2 2 2 2 2 2 2 2 2 2 2 2 2 2 2 2 2 2 2 2
left_child=3 -2 -3 16 5 6 -5 9 -9 -8 13 12 -12 14 -6 -16 20 -18 -19 -4 21 26 23 -23 -25 29 27 28 -1 -24
right_child=1 2 19 4 10 -7 7 8 -10 -11 11 -13 -14 -15 15 -17 17 18 -20 -21 -22 22 25 24 -26 -27 -28 -29 -30 -31
leaf_value=-0.90025637912945999 24.169221475389271 -18.00022765159607 -3.9022301401410786 -23.041208728154501 11.415177622708407 -26.086198389119115 -11.379816799733177 -28.618934459008017 -0.34938257762363983 0.91380727686954821 -2.0959540577021367 13.397061199612089 -20.780194280725539 11.000525402049631 -21.460736665271579 0.37345043472621753 24.183918966417728 -9.6066555316631614 16.8122614176377 18.940821022033692 -1.5583127944900443 3.1730383968044973 9.434680616855621 -25.120990865880795 2.4074671173095705 3.1368618268233082 0.29889369302257057 -10.539029881613596 -18.37770143598318 26.715767782705804
leaf_weight=2238 27 20 21 24 33 29 67 29 21 262 303 27 33 98 21 46 23 26 23 25 1997 232 58 22 20 78 19129 70 20 27
leaf_count=2238 27 20 21 24 33 29 67 29 21 262 303 27 33 98 21 46 23 26 23 25 1997 232 58 22 20 78 19129 70 20 27
internal_value=-1.36587e-08 7.35632 0.47832 -0.0274138 -2.62603 -6.1801 -4.74766 -3.58923 -16.7457 -1.58976 0.110795 -2.64215 -3.93101 5.15786 -0.567959 -6.4701 0.08027 9.62693 2.79406 8.51247 0.0514994 0.198334 3.99278 0.845374 -12.0122 9.28351 0.121055 -1.34023 -1.05506 14.924
internal_weight=25049 93 66 24956 993 432 403 379 50 329 561 363 336 198 100 67 23963 72 49 46 23891 21894 437 274 42 163 21457 2328 2258 85
internal_count=25049 93 66 24956 993 432 403 379 50 329 561 363 336 198 100 67 23963 72 49 46 23891 21894 437 274 42 163 21457 2328 2258 85
is_linear=0
shrinkage=0.05


Tree=10
num_leaves=31
num_cat=0
split_feature=289 88 128 191 243 64 34 31 288 196 292 261 222 148 191 41 267 233 223 230 254 261 40 260 229 217 4 186 8 75
split_gain=1.98868e+06 2.79769e+06 4.35058e+06 3.77857e+06 3.28694e+06 3.32597e+06 3.11096e+06 4.98769e+06 2.94695e+06 4.64574e+06 2.60196e+06 2.47889e+06 2.4793e+06 2.74922e+06 2.43918e+06 2.87032e+06 2.4131e+06 2.39636e+06 3.25588e+06 2.50083e+06 2.38949e+06 3.11293e+06 3.6523e+06 3.37585e+06 2.25575e+06 1.84479e+06 1.98851e+06 2.46819e+06 1.89588e+06 2.39297e+06
threshold=-30.249999999999996 5840.6223144531259 3029.7500000000005 -420.74999999999994 598.99819946289074 4073.7500000000005 -1538.9211425781248 -1870.9999999999998 185.75000000000003 1761.5000000000002 674.41351318359386 593.75000000000011 545.15829467773449 1383.0000000000002 -1963.2499999999998 -1371.7159423828123 1479.7500000000002 -434.74999999999994 -1782.981994628906 -730.96163940429676 -1687.7499999999998 -565.74999999999989 1045.2505493164065 -157.24999999999997 611.19790649414074 98.250000000000014 4550.3276367187509 3176.227416992188 1010.2500000000001 560.00579833984386
decision_type=2 2 2 2 2 2 2 2 2 2 2 2 2 2 2 2 2 2 2 2 2 2 2 2 2 2 2 2 2 2
left_child=1 4 3 -3 5 11 17 -8 9 -9 -2 12 -1 14 -14 -16 -4 18 -6 -20 -10 23 -23 -22 -17 -13 27 28 29 -27
right_child=10 2 16 -5 6 -7 7 8 20 -11 -12 25 13 -15 15 24 -18 -19 19 -21 21 22 -24 -25 -26 26 -28 -29 -30 -31
leaf_value=-0.048936995251402424 1.1717369537054887 4.6806476509571082 -11.536246200844095 34.709019415893344 -5.1594106749484414 19.37409745129672 15.498348888984095 -4.5172072549661006 -13.477194553427399 -24.620296475291255 16.778246406272608 7.5567889141481972 10.764313126914203 11.351849521385446 -8.0484063744181551 4.0534405976177688 10.771862805973401 -1.3478612254495206 -37.52626327332996 -12.821591628789902 -0.30763835634504044 -0.41420040748257575 -20.016891384124758 15.854861207008362 -11.418049034705529 -4.4913786759540555 9.406421513711253 -17.822685192371235 -0.62891633814909087 -21.799633641470049
leaf_weight=20033 2463 20 27 22 38 22 39 282 32 32 27 43 64 91 82 251 22 46 21 20 70 276 26 60 26 407 31 29 426 21
leaf_count=20033 2463 20 27 22 38 22 39 282 32 32 27 43 64 91 82 251 22 46 21 20 70 276 26 60 26 407 31 29 426 21
internal_value=-6.50701e-09 -0.148012 8.60125 20.4098 -0.183448 -0.0569374 -3.0744 -1.95047 -2.82516 -6.56593 1.34096 -0.0768166 0.03904 3.46792 1.77185 0.168733 -1.52036 -10.4203 -15.7031 -25.4752 -0.293689 0.682867 -2.10185 7.15198 2.60124 -2.56428 -3.04044 -3.47742 -2.99028 -5.34062
internal_weight=25049 22559 91 42 22468 21526 942 817 778 314 2490 21504 20547 514 423 359 49 125 79 41 464 432 302 130 277 957 914 883 854 428
internal_count=25049 22559 91 42 22468 21526 942 817 778 314 2490 21504 20547 514 423 359 49 125 79 41 464 432 302 130 277 957 914 883 854 428
is_linear=0
shrinkage=0.05


Tree=11
num_leaves=31
num_cat=0
split_feature=229 184 252 271 47 227 238 140 185 282 92 228 261 68 2 32 237 282 211 82 275 288 176 261 82 159 184 80 27 96
split_gain=1.87134e+06 8.88022e+06 4.62498e+06 4.10606e+06 2.82213e+06 4.71027e+06 2.07012e+06 2.02832e+06 4.6934e+06 3.15789e+06 2.96908e+06 3.19379e+06 1.84439e+06 2.52122e+06 3.63221e+06 2.7864e+06 2.86356e+06 1.91109e+06 1.90103e+06 1.82425e+06 1.72413e+06 1.693e+06 2.28962e+06 2.09993e+06 1.94059e+06 4.46364e+06 1.75865e+06 1.60323e+06 2.47966e+06 1.68308e+06
threshold=1045.2505493164065 -2503.7499999999995 402.75000000000006 1045.2505493164065 1045.2505493164065 1245.5000000000002 -471.74999999999994 3943.2500000000005 3152.5000000000005 -94.749999999999986 4712.5000000000009 4927.0451660156259 727.00000000000011 512.03503417968761 2122.7500000000005 -398.68501281738276 549.10852050781261 36.250000000000007 2063.7500000000005 473.41499328613287 389.25000000000006 50.250000000000007 1225.2500000000002 -1546.4999999999998 879.99746704101574 879.99746704101574 1337.2500000000002 3683.7500000000005 4320.8957519531259 537.80807495117199
decision_type=2 2 2 2 2 2 2 2 2 2 2 2 2 2 2 2 2 2 2 2 2 2 2 2 2 2 2 2 2 2
left_child=3 -2 6 4 7 -6 -3 10 -9 -10 11 12 21 15 17 16 -14 -15 -16 -17 -18 22 23 -1 27 -26 -24 28 29 -23
right_child=1 2 -4 -5 5 -7 -8 8 9 -11 -12 -13 13 14 18 19 20 -19 -20 -21 -22 24 26 -25 25 -27 -28 -29 -30 -31
leaf_value=-14.679182254351103 -21.078864127939397 14.348840688381877 31.143190343039379 -21.143420600891115 -22.751478177659653 7.828360214233399 -6.712893514633179 28.271587880452472 -14.33789818173363 13.42314274787903 -19.262495689392093 19.500934546334406 2.0641915678977969 -12.058131792738632 -30.778424419056286 -0.16613258546618023 -21.296495338388393 2.3450324339944806 -9.9925661097873348 11.542678459485373 -6.5745606400245853 0.18221472810000583 -8.0911978151258186 -0.42683778885978341 -27.42980018615723 5.975457015037537 0.42966546416282658 10.424630434696491 -13.019762034075601 2.1388914484677151
leaf_weight=26 22 28 28 23 34 20 20 21 21 20 20 21 48 37 22 438 37 61 22 36 43 18117 181 4328 20 20 91 39 35 1170
leaf_count=26 22 28 28 23 34 20 20 21 21 20 20 21 48 37 22 438 37 61 22 36 43 18117 181 4328 20 20 91 39 35 1170
internal_value=4.28472e-08 6.89575 14.9937 -0.0270844 -0.00760126 -11.4256 5.57312 0.0171866 9.04952 -0.795927 -0.00538334 0.0101516 -0.00637202 -2.45819 -8.45117 -1.04456 -7.59059 -3.0929 -20.3855 0.723144 -13.3835 0.0695488 -0.789974 -0.511946 0.274495 -10.7272 -5.24047 0.297224 0.276783 0.300912
internal_weight=25049 98 76 24951 24928 54 48 24874 62 41 24812 24792 24771 744 142 602 128 98 44 474 80 24027 4626 4354 19401 40 272 19361 19322 19287
internal_count=25049 98 76 24951 24928 54 48 24874 62 41 24812 24792 24771 744 142 602 128 98 44 474 80 24027 4626 4354 19401 40 272 19361 19322 19287
is_linear=0
shrinkage=0.05


Tree=12
num_leaves=31
num_cat=0
split_feature=253 229 185 268 40 227 257 46 42 261 274 282 264 79 110 201 47 117 217 132 222 5 134 16 218 65 236 209 4 38
split_gain=1.77898e+06 3.53681e+06 5.54217e+06 3.15403e+06 2.69227e+06 2.96173e+06 2.62268e+06 2.6837e+06 2.6107e+06 1.98692e+06 3.21115e+06 2.79728e+06 2.65758e+06 2.41574e+06 2.84056e+06 4.62845e+06 3.66206e+06 2.14294e+06 1.9496e+06 2.10984e+06 1.90305e+06 2.11506e+06 1.97064e+06 2.26463e+06 1.8984e+06 2.14696e+06 1.87179e+06 6.19834e+06 3.46108e+06 2.52814e+06
threshold=-519.24999999999989 1045.2505493164065 -552.24999999999989 -504.74999999999994 1045.2505493164065 1245.5000000000002 578.96932983398449 3431.9624023437505 1505.2500000000002 257.75000000000006 791.00000000000011 -371.74999999999994 500.19013977050787 3029.5000000000005 458.16539001464849 467.49603271484381 537.80807495117199 775.33657836914074 2280.0000000000005 3468.716186523438 552.32839965820324 570.11660766601574 -2002.2499999999998 -3170.9999999999995 -1085.7499999999998 -1539.7499999999998 696.40509033203136 -259.95541381835932 2899.0749511718755 3542.5000000000005
decision_type=2 2 2 2 2 2 2 2 2 2 2 2 2 2 2 2 2 2 2 2 2 2 2 2 2 2 2 2 2 2
left_child=6 4 -3 -4 9 -6 20 8 24 10 18 -11 -12 17 15 -15 -16 -13 19 26 21 22 -1 -24 25 -8 29 28 -28 -2
right_child=1 2 3 -5 5 -7 7 -9 -10 11 12 13 -14 14 16 -17 -18 -19 -20 -21 -22 -23 23 -25 -26 -27 27 -29 -30 -31
leaf_value=-7.1921388818506617 0.27770327809124751 -11.043812489509584 32.204454205586359 7.3312682571411134 -21.948449766224829 1.2916790008544923 -5.5396873269762317 3.5245266260071233 -25.646855121850969 -6.6834657272696489 0.91707178687695246 -0.71860305632834509 12.444963003409029 13.018569290161134 30.54673957824707 -18.0609722469164 4.0469106078147892 -14.606230313437326 -12.699709655498637 12.718503531287698 7.8064166490171774 -10.737680455616543 10.802482655373488 -0.71042379305062431 -1.6290271639823914 -26.41228251890703 -0.93707146528290552 -12.420099016882126 24.024389875502816 16.188431724548341
leaf_weight=114 18725 20 26 25 29 26 28 44 24 200 101 3497 99 25 22 23 32 28 29 34 61 56 44 1461 62 22 41 105 21 25
leaf_count=114 18725 20 26 25 29 26 28 44 24 200 101 3497 99 25 22 23 32 28 29 34 61 56 44 1461 62 22 41 105 21 25
internal_value=-2.41242e-08 0.121267 11.2637 20.0117 0.0869633 -10.9622 -1.46413 -7.20904 -10.6817 0.113377 0.320933 -0.926844 6.62338 -0.609412 6.97639 -1.87371 14.8431 -0.828916 0.254522 0.274345 -0.868458 -1.18438 -0.853937 -0.373834 -7.47483 -14.7236 0.251979 -5.01807 7.51762 0.298918
internal_weight=25049 23133 71 51 23062 55 1916 180 136 23007 19180 3827 200 3627 102 48 54 3525 18980 18951 1736 1675 1619 1505 112 50 18917 167 62 18750
internal_count=25049 23133 71 51 23062 55 1916 180 136 23007 19180 3827 200 3627 102 48 54 3525 18980 18951 1736 1675 1619 1505 112 50 18917 167 62 18750
is_linear=0
shrinkage=0.05


Tree=13
num_leaves=31
num_cat=0
split_feature=289 292 60 128 243 64 274 253 261 248 196 247 261 222 148 267 212 169 270 82 113 108 40 41 229 246 183 73 57 254
split_gain=1.76248e+06 2.28057e+06 2.26858e+06 3.82636e+06 2.81455e+06 2.89471e+06 2.75811e+06 4.13545e+06 2.92703e+06 3.58936e+06 3.2424e+06 2.75712e+06 2.27817e+06 2.38292e+06 2.86712e+06 2.25999e+06 2.20847e+06 2.17782e+06 2.10672e+06 2.07454e+06 3.15157e+06 2.52792e+06 2.02572e+06 1.98956e+06 2.01928e+06 2.40219e+06 2.94385e+06 1.93256e+06 2.75554e+06 1.92764e+06
threshold=-30.249999999999996 674.41351318359386 5987.1423339843759 3029.7500000000005 598.99819946289074 3632.2500000000005 216.75000000000003 964.75000000000011 -220.24999999999997 -187.24999999999997 -1713.4999999999998 -1373.2499999999998 447.75000000000006 545.15829467773449 1383.0000000000002 1479.7500000000002 -1621.7499999999998 455.75000000000006 4643.5451660156259 518.72827148437511 2358.2500000000005 1536.7500000000002 1045.2505493164065 -1371.7159423828123 611.19790649414074 828.75000000000011 494.75000000000006 455.25000000000006 1307.2500000000002 -459.74999999999994
decision_type=2 2 2 2 2 2 2 2 2 2 2 2 2 2 2 2 2 2 2 2 2 2 2 2 2 2 2 2 2 2
left_child=2 -2 4 18 5 12 7 11 9 10 -8 17 13 -1 16 -5 -15 -6 -4 -14 21 27 -10 -18 25 26 -25 -21 -29 -13
right_child=1 -3 3 15 6 -7 8 -9 22 -11 -12 29 19 14 -16 -17 23 -19 -20 20 -22 -23 -24 24 -26 -27 -28 28 -30 -31
leaf_value=-0.02827328230709035 1.1039697122867884 15.714888862327294 7.2440577058565054 -11.944777382910253 -6.9982354662635107 10.912898763020834 16.14281945455642 -24.046535781334185 -1.9058551690578462 12.728783245629902 -5.8495133129947163 1.0847597211919806 -1.3418348667784441 10.105695666661903 12.093051998703569 9.8295928608287468 -6.5597414516540899 -23.074659149400119 29.384530420736834 -2.3550220090150833 -26.043191223144532 9.9224181582530342 -15.139929524064065 5.0569250258143086 -11.492728185653688 18.385818740844726 -9.3519802946514563 -29.146213277180991 -3.5321255797431585 -7.3634568504567417
leaf_weight=19426 2463 27 21 26 77 60 21 29 300 79 83 186 1402 67 81 22 83 29 22 60 20 24 32 167 24 25 45 21 21 106
leaf_count=19426 2463 27 21 26 77 60 21 29 300 79 83 186 1402 67 81 22 83 29 22 60 20 24 32 167 24 25 45 21 21 106
internal_value=1.87529e-08 1.2624 -0.13934 7.73925 -0.17125 -0.0541828 -2.8464 -5.81766 -0.382856 4.69434 -1.40875 -4.48942 -0.0848371 0.0587615 3.49522 -1.96486 1.80076 -11.3965 18.5717 -1.93251 -7.6046 -4.67784 -3.18143 0.183223 2.32754 3.72706 1.99843 -8.1132 -16.3392 -1.98206
internal_weight=25049 2490 22559 91 22468 21526 942 427 515 183 104 398 21466 19918 492 48 411 106 43 1548 146 126 332 344 261 237 212 102 42 292
internal_count=25049 2490 22559 91 22468 21526 942 427 515 183 104 398 21466 19918 492 48 411 106 43 1548 146 126 332 344 261 237 212 102 42 292
is_linear=0
shrinkage=0.05


Tree=14
num_leaves=31
num_cat=0
split_feature=143 229 271 252 253 167 110 267 120 2 140 185 282 92 80 158 261 208 12 267 3 257 190 269 66 128 240 273 55 45
split_gain=1.7137e+06 3.4888e+06 6.08065e+06 5.43653e+06 2.83828e+06 2.25271e+06 1.78532e+06 3.98962e+06 6.37643e+06 1.68316e+06 1.65474e+06 4.2502e+06 2.74295e+06 2.66814e+06 2.30151e+06 4.08952e+06 1.65874e+06 1.8569e+06 2.201e+06 3.6931e+06 3.36045e+06 2.75667e+06 2.44542e+06 2.55928e+06 2.4435e+06 2.35764e+06 1.95594e+06 2.84673e+06 2.52103e+06 2.62739e+06
threshold=-2175.7499999999995 1045.2505493164065 1045.2505493164065 402.75000000000006 443.25000000000006 29.779231071472172 879.99746704101574 1479.7500000000002 818.75000000000011 -1365.2499999999998 3943.2500000000005 3152.5000000000005 -94.749999999999986 4712.5000000000009 3683.7500000000005 2897.2700195312505 423.25000000000006 775.33657836914074 426.99803161621099 843.75000000000011 1255.2500000000002 636.49594116210949 -1184.7499999999998 -244.24999999999997 -1378.7499999999998 -2078.2499999999995 -1294.4999999999998 -1066.9999999999998 620.71203613281261 -551.74999999999989
decision_type=2 2 2 2 2 2 2 2 2 2 2 2 2 2 2 2 2 2 2 2 2 2 2 2 2 2 2 2 2 2
left_child=4 2 6 5 -1 -3 10 8 9 -8 13 -12 -13 14 16 -16 17 18 21 22 -21 24 23 -20 -2 -25 27 -24 29 -29
right_child=1 3 -4 -5 -6 -7 7 -9 -10 -11 11 12 -14 -15 15 -17 -18 -19 19 20 -22 -23 26 25 -26 -27 -28 28 -30 -31
leaf_value=-2.0471786297978585 -1.6960496121630309 -10.522543664682996 -26.874914459955125 30.387380496660871 -18.037839946746825 10.011106451819925 -10.417686762412389 11.825418024477752 -30.027370567321778 7.9445233306059464 26.519500530333744 -13.762518510364352 12.110445826649666 -18.206292762756348 -9.8706154632568364 16.959190472291439 -1.3081685967818633 -8.6195866799354555 1.8222167796190876 4.2339316737084163 23.92989150249597 -12.674210469667301 11.64787313938141 25.292053089141845 0.19430994666830123 7.5620897976557417 0.98294149917388962 -8.7889221343554951 -18.05027282112523 6.7937481244405111
leaf_weight=370 1905 22 21 24 30 34 24 23 30 26 21 21 20 20 20 49 2092 60 162 63 33 43 24 25 16656 75 3000 76 38 42
leaf_count=370 1905 22 21 24 30 34 24 23 30 26 21 21 20 20 20 49 2092 60 162 63 33 43 24 25 16656 75 3000 76 38 42
internal_value=-2.59443e-08 0.0526833 0.0187395 10.4772 -3.24648 1.94432 0.0417462 -6.52722 -11.8036 -0.869338 0.0694248 8.22751 -1.14156 0.0486808 0.0636666 9.18244 0.0377674 0.164589 0.188392 1.33152 11.0044 -0.0290012 1.06174 5.7048 0.000293732 11.9946 0.679196 -4.38323 -6.84956 -3.24255
internal_weight=25049 24649 24569 80 400 56 24548 103 80 50 24445 62 41 24383 24363 69 24294 22202 22142 3538 96 18604 3442 262 18561 100 3180 180 156 118
internal_count=25049 24649 24569 80 400 56 24548 103 80 50 24445 62 41 24383 24363 69 24294 22202 22142 3538 96 18604 3442 262 18561 100 3180 180 156 118
is_linear=0
shrinkage=0.05


Tree=15
num_leaves=31
num_cat=0
split_feature=288 125 229 252 271 108 47 227 143 140 185 177 80 180 282 159 261 262 264 274 241 289 96 12 285 287 2 97 209 19
split_gain=1.59392e+06 2.84542e+06 2.07012e+06 4.32751e+06 3.16863e+06 2.34492e+06 2.26278e+06 3.3168e+06 1.97789e+06 1.70054e+06 3.55261e+06 2.24484e+06 2.2356e+06 2.87801e+06 2.1931e+06 2.06165e+06 1.73908e+06 2.43504e+06 2.12375e+06 2.35141e+06 3.79279e+06 1.99898e+06 1.94024e+06 4.34572e+06 3.73239e+06 2.82765e+06 2.58303e+06 2.73407e+06 2.4151e+06 2.37706e+06
threshold=50.250000000000007 2891.310424804688 1045.2505493164065 402.75000000000006 1045.2505493164065 -949.49999999999989 1045.2505493164065 1000.5000000000001 -2342.2499999999995 3943.2500000000005 3152.5000000000005 3105.2500000000005 3683.7500000000005 598.99819946289074 -94.749999999999986 469.80149841308599 477.00000000000006 789.75000000000011 674.41351318359386 401.75000000000006 645.25000000000011 -62.749999999999993 537.80807495117199 636.49594116210949 483.63320922851568 -392.24999999999994 -1021.7499999999999 -806.51361083984364 604.95916748046886 545.15829467773449
decision_type=2 2 2 2 2 2 2 2 2 2 2 2 2 2 2 2 2 2 2 2 2 2 2 2 2 2 2 2 2 2
left_child=1 8 4 5 6 -4 9 -8 -1 11 -11 12 16 15 -12 -14 17 18 22 -20 -21 -18 29 24 28 -25 27 -27 -24 -2
right_child=2 -3 3 -5 -6 -7 7 -9 -10 10 14 -13 13 -15 -16 -17 21 -19 19 20 -22 -23 23 25 -26 26 -28 -29 -30 -31
leaf_value=-11.415830920324771 0.28394750224043847 -17.655656005859377 -12.991593605821784 23.260353343486788 -19.254128338041763 7.7282197313176262 -21.446574447432468 4.2991013093428183 -0.64242553133985292 25.193525875182381 -11.91032940387726 -16.159692455473401 10.543924024830694 19.570687915998349 11.504923791885377 -11.124623816353935 -2.5660729687288732 9.8168969189942779 -7.5953926936739435 8.0730905154172117 -16.69664779663086 1.2225834627452477 2.0533425704185211 -17.66888348614728 7.9453215183804238 -2.5892240463677099 2.1676822928597015 -22.912422115906427 -12.39881140765022 -4.5335349719799485
leaf_weight=43 16891 25 22 30 21 36 29 22 4609 21 20 21 23 34 20 21 1131 67 173 68 20 503 193 27 392 59 211 23 34 260
leaf_count=43 16891 25 22 30 21 36 29 22 4609 21 20 21 23 34 20 21 1131 67 173 68 20 503 193 27 392 59 211 23 34 260
internal_value=3.10018e-09 -0.832416 0.191106 7.84331 0.157908 -0.13102 0.178026 -10.3406 -0.742008 0.204567 8.54026 0.179334 0.196379 8.64483 -0.202703 0.202117 0.163515 0.302209 0.26747 -4.2106 2.4436 -1.3998 0.332079 2.54513 4.99079 -2.18572 -0.758938 -8.28963 -0.111297 0.210917
internal_weight=25049 4677 20372 88 20284 58 20263 51 4652 20212 61 20151 20130 78 40 44 20052 18418 18351 261 88 1634 18090 939 619 320 293 82 227 17151
internal_count=25049 4677 20372 88 20284 58 20263 51 4652 20212 61 20151 20130 78 40 44 20052 18418 18351 261 88 1634 18090 939 619 320 293 82 227 17151
is_linear=0
shrinkage=0.05


Tree=16
num_leaves=31
num_cat=0
split_feature=253 229 212 268 257 116 109 218 40 227 100 163 274 68 259 204 238 12 201 3 193 4 128 29 58 82 194 193 37 134
split_gain=1.53751e+06 2.56205e+06 4.56854e+06 2.27388e+06 2.10316e+06 2.38682e+06 4.3467e+06 1.92006e+06 1.90892e+06 2.41905e+06 1.89134e+06 3.0475e+06 2.3187e+06 1.76228e+06 1.71776e+06 2.71007e+06 2.54652e+06 2.9664e+06 2.06511e+06 2.29542e+06 3.02479e+06 3.91758e+06 2.26877e+06 1.98561e+06 1.9242e+06 1.79133e+06 1.7654e+06 1.67911e+06 1.66677e+06 2.00776e+06
threshold=-519.24999999999989 1045.2505493164065 -1277.2499999999998 -587.24999999999989 578.96932983398449 2608.1350097656255 1563.8499755859377 -1085.7499999999998 1045.2505493164065 1245.5000000000002 -3570.2499999999995 -2656.4999999999995 160.75000000000003 578.96932983398449 -169.24999999999997 2143.0000000000005 -897.49999999999989 439.06622314453131 362.21589660644537 1822.2500000000002 2426.1049804687505 3045.2375488281255 785.25000000000011 1376.5000000000002 2563.5000000000005 674.41351318359386 429.29431152343756 -3275.912475585937 -3959.2499999999995 -2002.2499999999998
decision_type=2 2 2 2 2 2 2 2 2 2 2 2 2 2 2 2 2 2 2 2 2 2 2 2 2 2 2 2 2 2
left_child=4 8 -3 -4 28 6 7 13 10 -10 -2 12 -12 -6 15 16 -13 24 -19 20 21 22 25 -24 -18 26 -20 -16 -1 -30
right_child=1 2 3 -5 5 -7 -8 -9 9 -11 11 14 -14 -15 27 -17 17 18 19 -21 -22 -23 23 -25 -26 -27 -28 -29 29 -31
leaf_value=10.13388233465307 -10.494903289704096 -8.7263581524724554 29.721692922840948 7.9375333251953126 -25.078460502624512 1.5360945920475195 -31.271255556742354 -0.2687074150955468 -19.149173318928685 1.8541477936964768 2.2480722455417408 -2.5196703956509623 21.493337769343938 -4.3401037868999301 -8.2747534539550553 -17.187099443163191 0.56480288076921237 12.810017840615636 -0.34316535506707929 10.500475286668348 -17.001310330033302 23.490014605088668 -12.637495946884156 3.7345304027680428 13.478278298213565 -7.3842288047839437 5.4029396268657663 -0.15962630975538172 -7.426174598310304 -0.58440819137882871
leaf_weight=34 42 23 23 25 20 61 21 57 29 26 34 533 29 21 64 21 5474 58 192 93 20 22 46 31 29 39 440 15840 115 1587
leaf_count=34 42 23 23 25 20 61 21 57 29 26 34 533 29 21 64 21 5474 58 192 93 20 22 46 31 29 39 440 15840 115 1587
internal_value=1.5262e-08 0.112737 9.59621 18.3758 -1.36114 -6.50568 -10.6279 -6.20436 0.0835403 -9.22033 0.105782 0.125169 11.107 -14.4564 0.0949598 0.747761 0.801743 1.07647 3.67072 3.0704 2.19572 2.69435 2.08271 -6.04616 0.632855 3.01553 3.65729 -0.192283 -0.827715 -1.04669
internal_weight=25049 23133 71 48 1916 180 119 98 23062 55 23007 22965 63 41 22902 6998 6977 6444 941 883 790 770 748 77 5503 671 632 15904 1736 1702
internal_count=25049 23133 71 48 1916 180 119 98 23062 55 23007 22965 63 41 22902 6998 6977 6444 941 883 790 770 748 77 5503 671 632 15904 1736 1702
is_linear=0
shrinkage=0.05


Tree=17
num_leaves=31
num_cat=0
split_feature=289 292 39 128 243 64 274 253 259 233 234 211 197 241 266 64 152 144 103 267 278 178 142 193 268 292 103 12 1 51
split_gain=1.54134e+06 1.97084e+06 1.82533e+06 3.16582e+06 2.33116e+06 2.56512e+06 2.30525e+06 3.66773e+06 2.75335e+06 3.49164e+06 2.97784e+06 2.7887e+06 2.55422e+06 3.08701e+06 2.54146e+06 2.49424e+06 2.63725e+06 2.36938e+06 2.03394e+06 2.03325e+06 2.00187e+06 1.76859e+06 1.74659e+06 1.75849e+06 1.73758e+06 1.97269e+06 2.14704e+06 5.44327e+06 2.73506e+06 3.24645e+06
threshold=-30.249999999999996 674.41351318359386 6097.6625976562509 3029.7500000000005 598.99819946289074 4073.7500000000005 216.75000000000003 964.75000000000011 730.25000000000011 408.75000000000006 402.25000000000006 -1186.9999999999998 1819.5000000000002 -1246.2499999999998 -795.49999999999989 2436.5000000000005 636.49594116210949 3195.8525390625005 674.41351318359386 1479.7500000000002 674.41351318359386 1417.2500000000002 21.250000000000004 -1165.7050170898435 312.25000000000006 500.19013977050787 560.00579833984386 636.49594116210949 25.750000000000004 -1642.9999999999998
decision_type=2 2 2 2 2 2 2 2 2 2 2 2 2 2 2 2 2 2 2 2 2 2 2 2 2 2 2 2 2 2
left_child=2 -2 4 18 5 24 7 12 9 11 -10 -8 13 14 -6 -13 -17 22 -4 -5 21 -12 23 -15 25 -1 -27 -28 29 -29
right_child=1 -3 3 19 6 -7 8 -9 10 -11 20 15 -14 17 -16 16 -18 -19 -20 -21 -22 -23 -24 -25 -26 26 27 28 -30 -31
leaf_value=-0.04389746401577363 1.0332679285472346 14.615834153140035 5.1285841703414921 -11.356119852799637 -6.1780236067595311 17.011978470195427 15.086490691149677 -22.477046258285128 -23.918494300842287 12.647427098453045 -3.6478724360466006 0.64324755411411016 -19.530909803390504 -11.262627256768091 -26.338955940500917 -0.32696130540635854 -22.426256734353526 8.4427228714290425 26.930469844652261 9.2971308448097929 1.5738420296864337 -22.601636390686039 -8.9296943122148527 2.532773201573979 -1.5102245550688584 0.76441428271222744 12.410455810283588 3.1920086050033571 3.6409333080053332 -24.083964757124583
leaf_weight=18629 2463 27 20 26 54 22 27 29 20 64 32 215 25 28 22 27 27 57 23 22 83 20 80 132 1908 686 151 20 86 24
leaf_count=18629 2463 27 20 26 54 22 27 29 20 64 32 215 25 28 22 27 27 57 23 22 83 20 80 132 1908 686 151 20 86 24
internal_value=-2.99009e-08 1.18055 -0.130306 6.93682 -0.158929 -0.0523877 -2.59354 -5.30994 -0.341308 2.05759 -5.91294 -0.232106 -4.05907 -3.02209 -12.0141 -1.76966 -11.3766 -0.721104 16.7901 -1.89005 -3.24545 -10.9378 -2.89751 0.118578 -0.0698457 0.0703994 2.2723 5.95347 -1.54657 -11.6858
internal_weight=25049 2490 22559 91 22468 21526 942 427 515 360 155 296 398 373 76 269 54 297 43 48 135 52 240 160 21504 19596 967 281 130 44
internal_count=25049 2490 22559 91 22468 21526 942 427 515 360 155 296 398 373 76 269 54 297 43 48 135 52 240 160 21504 19596 967 281 130 44
is_linear=0
shrinkage=0.05


Tree=18
num_leaves=31
num_cat=0
split_feature=143 229 271 252 253 167 43 110 212 85 2 115 98 278 166 281 140 185 92 166 80 158 135 243 292 63 218 15 96 110
split_gain=1.44602e+06 2.63341e+06 4.95598e+06 4.26857e+06 2.52935e+06 1.7892e+06 1.5383e+06 1.80508e+06 3.68212e+06 8.58011e+06 2.45597e+06 1.51467e+06 1.84045e+06 1.52681e+06 1.75149e+06 1.35698e+06 1.32277e+06 3.38139e+06 2.3299e+06 2.27626e+06 1.91483e+06 3.32593e+06 1.51221e+06 1.3712e+06 3.25098e+06 1.85325e+06 1.71785e+06 1.68684e+06 1.48165e+06 2.77835e+06
threshold=-2175.7499999999995 1045.2505493164065 1045.2505493164065 402.75000000000006 443.25000000000006 29.779231071472172 -3418.2499999999995 879.99746704101574 1704.7500000000002 1472.7500000000002 -994.74999999999989 -1422.7499999999998 -1502.2499999999998 483.63320922851568 429.29431152343756 436.25000000000006 3943.2500000000005 3152.5000000000005 4712.5000000000009 487.39910888671881 3683.7500000000005 2897.2700195312505 2675.5000000000005 724.36727905273449 724.36727905273449 2028.2500000000002 830.25000000000011 4410.0000000000009 552.32839965820324 552.32839965820324
decision_type=2 2 2 2 2 2 2 2 2 2 2 2 2 2 2 2 2 2 2 2 2 2 2 2 2 2 2 2 2 2
left_child=4 2 6 5 11 -3 -2 16 9 10 -9 12 13 -1 -15 -16 18 -18 20 -19 23 -22 -23 27 26 -26 -25 28 29 -8
right_child=1 3 -4 -5 -6 -7 7 8 -10 -11 -12 -13 -14 14 15 -17 17 19 -20 -21 21 22 -24 24 25 -27 -28 -29 -30 -31
leaf_value=-5.3175662522693337 11.54861659674809 -9.566194586320357 -24.260571452549527 26.747541753451031 -16.945360310872399 8.733446704640107 0.016707235603444809 -13.460090419292451 12.271945323944093 -39.951821002960209 7.6031404925930888 10.296763734022777 -13.230901198773772 15.646290664672854 1.8658086374402048 -11.576892510327426 23.662569759005592 11.062279329597951 -17.024295139312745 -12.507113665626164 -8.8165183258056654 24.344033547242486 6.7729314041137698 -23.961328491797815 11.307016570455042 -5.0487384030985281 -5.4108198887358112 -14.463360252380372 1.8545338873259603 -7.7744388249646068
leaf_weight=139 29 22 21 24 30 34 22913 25 20 20 31 24 37 20 128 22 21 20 20 21 20 24 25 26 29 43 24 20 1102 115
leaf_count=139 29 22 21 24 30 34 22913 25 20 20 31 24 37 20 128 22 21 20 20 21 20 24 25 26 29 43 24 20 1102 115
internal_value=2.32168e-08 0.0483941 0.0189037 9.10527 -2.98216 1.5443 0.039674 0.0260617 -6.81669 -11.84 -1.80009 -1.85001 -2.69256 -1.43069 1.7474 -0.105788 0.0529586 7.34694 0.0343951 -1.00985 0.0484115 8.36594 15.3792 0.0247666 -5.26268 1.539 -15.0571 0.0514775 0.063508 -0.0222011
internal_weight=25049 24649 24569 80 400 56 24548 24519 96 76 56 370 346 309 170 150 24423 62 24361 41 24341 69 49 24272 122 72 50 24150 24130 23028
internal_count=25049 24649 24569 80 400 56 24548 24519 96 76 56 370 346 309 170 150 24423 62 24361 41 24341 69 49 24272 122 72 50 24150 24130 23028
is_linear=0
shrinkage=0.05


Tree=19
num_leaves=31
num_cat=0
split_feature=288 125 143 29 103 110 83 228 243 72 184 82 289 274 260 184 241 55 140 9 71 30 115 111 45 286 121 142 264 134
split_gain=1.43067e+06 2.40616e+06 1.73562e+06 1.55297e+06 3.53953e+06 4.29404e+06 2.48675e+06 2.41935e+06 1.77246e+06 3.48861e+06 2.17236e+06 3.88483e+06 3.52474e+06 2.8906e+06 3.20627e+06 2.33957e+06 2.20345e+06 2.1442e+06 2.07217e+06 2.56826e+06 1.89109e+06 1.84087e+06 1.80711e+06 2.22526e+06 2.29163e+06 1.82664e+06 2.09863e+06 1.84849e+06 1.63325e+06 1.86825e+06
threshold=50.250000000000007 2891.310424804688 -2342.2499999999995 5176.2500000000009 674.41351318359386 611.19790649414074 4755.3945312500009 4927.0451660156259 598.99819946289074 3508.7500000000005 1645.2500000000002 436.54501342773443 -302.24999999999994 791.00000000000011 873.75000000000011 -277.24999999999994 -1823.7499999999998 -1689.972961425781 -1517.2499999999998 -69.749999999999986 -1427.2499999999998 -2715.2499999999995 2280.5000000000005 1853.5092773437502 2392.7500000000005 -569.09362792968739 842.00000000000011 -866.74999999999989 598.99819946289074 3548.0000000000005
decision_type=2 2 2 2 2 2 2 2 2 2 2 2 2 2 2 2 2 2 2 2 2 2 2 2 2 2 2 2 2 2
left_child=1 2 -1 6 5 -5 7 8 9 28 13 -12 -13 14 16 -16 -10 21 19 20 -19 -18 23 25 -25 -20 27 -27 29 -2
right_child=3 -3 -4 4 -6 -7 -8 -9 10 -11 11 12 -14 -15 15 -17 17 18 22 -21 -22 -23 -24 24 -26 26 -28 -29 -30 -31
leaf_value=-10.704264813800192 0.20569321422119607 -16.258921667098999 -0.61221695583831803 10.821662428572372 21.881352683349892 -16.334051477909089 -17.46977029800415 17.131978822889785 -16.237750975290933 16.493930169307827 10.451238584518434 -28.821393620526351 -6.3225231827521817 5.5548068487282958 -26.474685709042987 -6.174867858886719 -3.2618961952468184 13.202090445018952 -10.842395353317261 21.118379510402679 -6.2307933222862992 -20.524972314419955 7.5976922424334408 -22.801388735356539 -4.3615490493320284 -3.5980863666534426 -9.326109712188309 6.9863297715105794 6.4125389168847278 -14.373182873021472
leaf_weight=43 19219 25 4609 37 27 24 20 21 24 33 20 27 49 132 22 40 47 21 34 25 31 23 53 23 63 60 37 132 106 22
leaf_count=43 19219 25 4609 37 27 24 20 21 24 33 20 27 49 132 22 40 47 21 34 25 31 23 53 23 63 60 37 132 106 22
internal_value=-9.88546e-09 -0.788639 -0.705501 0.181056 6.80887 0.137447 0.152301 0.169694 0.152097 0.250827 -2.06504 -9.1558 -14.3155 -1.17754 -2.57702 -13.378 -1.40832 -0.760043 0.434488 7.94869 1.6171 -8.93405 -1.0048 -2.31119 -9.29313 -0.0281261 1.57749 3.6787 0.223122 0.189024
internal_weight=25049 4677 4652 20372 88 61 20284 20264 20243 19380 863 96 76 767 635 62 573 549 479 77 52 70 402 349 86 263 229 192 19347 19241
internal_count=25049 4677 4652 20372 88 61 20284 20264 20243 19380 863 96 76 767 635 62 573 549 479 77 52 70 402 349 86 263 229 192 19347 19241
is_linear=0
shrinkage=0.05


Tree=20
num_leaves=31
num_cat=0
split_feature=253 229 185 268 46 116 233 40 100 163 274 257 149 292 259 44 170 74 211 12 120 114 13 111 61 262 82 184 259 193
split_gain=1.37543e+06 2.00534e+06 3.99215e+06 2.61901e+06 1.82224e+06 1.79427e+06 3.55725e+06 1.74812e+06 1.61697e+06 2.45904e+06 2.27531e+06 1.8771e+06 4.00752e+06 1.58038e+06 1.64162e+06 2.22879e+06 3.92739e+06 1.97133e+06 2.38514e+06 1.84025e+06 2.16538e+06 2.75405e+06 2.08231e+06 1.77438e+06 1.97172e+06 1.74819e+06 1.7362e+06 1.70195e+06 1.60841e+06 1.47045e+06
threshold=-519.24999999999989 1045.2505493164065 -552.24999999999989 -504.74999999999994 657.69750976562511 2608.1350097656255 -1940.9999999999998 653.59622192382824 -3570.2499999999995 -2656.4999999999995 160.75000000000003 879.99746704101574 2808.7500000000005 879.99746704101574 -169.24999999999997 -1434.2499999999998 -22.249999999999996 4809.6125488281259 1686.7500000000002 439.06622314453131 1404.7500000000002 1462.7500000000002 -1744.6024780273435 -962.06277465820301 588.47909545898449 -256.24999999999994 636.49594116210949 -284.74999999999994 -197.24999999999997 -3275.912475585937
decision_type=2 2 2 2 2 2 2 2 2 2 2 2 2 2 2 2 2 2 2 2 2 2 2 2 2 2 2 2 2 2
left_child=4 8 -3 -4 7 6 -6 -1 -2 10 -10 13 -13 14 15 16 23 18 19 -17 22 -22 -21 24 27 -18 28 -11 -24 -16
right_child=1 2 3 -5 5 -7 -8 -9 9 11 -12 12 -14 -15 29 17 25 -19 -20 20 21 -23 26 -25 -26 -27 -28 -29 -30 -31
leaf_value=-0.32531154314295785 -9.7208938575926283 -10.43605591773987 27.031921691160939 4.3663401184082034 -26.056424377078102 2.020626513537239 -4.7064727862748237 -15.204821877479555 1.3043295758111138 -0.97495844812444943 20.24290098321849 -0.94707756876945504 -26.325530718905583 14.147336553335192 -7.7586324572563177 0.85573197051398153 -23.954091229805581 16.848626790046691 -12.079638604644467 -7.8678698524352049 -11.666927723981898 4.9317169152054134 5.9452032327814308 -8.2550622231523771 8.6382048708493606 -4.2914568187296389 -1.2376913732792958 7.7237871444831461 19.494656960860542 -0.16441868977614482
leaf_weight=1515 42 20 26 25 21 85 275 20 35 1198 29 60 21 20 64 4797 26 20 34 31 49 51 459 71 61 20 83 59 23 15809
leaf_count=1515 42 20 26 25 21 85 275 20 35 1198 29 60 21 20 64 4797 26 20 34 31 49 51 459 71 61 20 83 59 23 15809
internal_value=-8.60855e-09 0.106629 8.49672 15.9213 -1.2874 -4.38245 -6.22117 -0.519181 0.080799 0.0986822 9.88587 0.0713961 -7.52668 0.0983008 0.0860067 0.72494 -1.03144 1.17931 1.12261 1.20433 3.60694 -3.20162 4.74932 -0.555418 -0.140642 -15.4051 5.44159 -0.566664 6.59175 -0.195039
internal_weight=25049 23133 71 51 1916 381 296 1535 23062 23020 64 22956 81 22875 22855 6982 1435 5547 5527 5493 696 100 596 1389 1318 46 565 1257 482 15873
internal_count=25049 23133 71 51 1916 381 296 1535 23062 23020 64 22956 81 22875 22855 6982 1435 5547 5527 5493 696 100 596 1389 1318 46 565 1257 482 15873
is_linear=0
shrinkage=0.05


Tree=21
num_leaves=31
num_cat=0
split_feature=289 292 261 199 143 233 278 61 274 191 206 267 117 103 117 148 180 280 247 264 106 96 201 162 220 213 240 220 289 148
split_gain=1.3642e+06 1.65396e+06 1.54675e+06 3.86006e+06 3.30048e+06 2.95468e+06 4.50339e+06 2.95375e+06 2.7542e+06 2.58655e+06 3.4375e+06 2.98553e+06 3.07385e+06 3.11496e+06 3.26298e+06 2.66582e+06 2.48946e+06 2.29765e+06 2.09885e+06 1.84028e+06 1.83712e+06 3.05905e+06 2.22247e+06 2.20845e+06 1.79032e+06 1.8486e+06 1.71029e+06 2.69964e+06 1.66172e+06 1.64438e+06
threshold=-30.249999999999996 674.41351318359386 257.75000000000006 2890.0000000000005 3866.0000000000005 2122.2500000000005 636.49594116210949 500.19013977050787 791.00000000000011 1651.7500000000002 1998.2500000000002 1608.7500000000002 775.33657836914074 611.19790649414074 578.96932983398449 1410.7500000000002 469.80149841308599 638.25000000000011 507.25000000000006 500.19013977050787 2750.5000000000005 439.06622314453131 452.66287231445318 2888.7500000000005 843.75000000000011 106.25000000000001 -966.74999999999989 255.25000000000003 -92.249999999999986 779.25000000000011
decision_type=2 2 2 2 2 2 2 2 2 2 2 2 2 2 2 2 2 2 2 2 2 2 2 2 2 2 2 2 2 2
left_child=2 -2 3 4 8 7 16 20 26 11 -11 12 13 14 24 29 -7 -12 19 -10 23 22 -22 -4 25 -9 27 28 -1 -15
right_child=1 -3 5 -5 -6 6 -8 9 18 10 17 -13 -14 15 -16 -17 -18 -19 -20 -21 21 -23 -24 -25 -26 -27 -28 -29 -30 -31
leaf_value=-1.6891703927843835 0.9757220704194689 13.418514428315341 -0.92247400050094708 -21.905521206855777 19.883204773494178 9.7156450531699434 22.517492840506815 2.2955587607163652 -1.3049222554988518 -28.974190795898437 4.7182624106605848 13.085730049133302 -17.994309224837867 6.3461697063446048 -23.954635377724969 14.684829930255288 -14.352111189705987 -17.928327887398858 20.551514765620233 9.1391830702396959 6.8846928064940407 20.83238587808609 -9.0684007925145771 -16.82873242334886 2.1550874711916999 -13.666112389564516 0.15579768938497726 -17.378031818683333 2.7163971546255512 -11.613532121364887
leaf_weight=1796 2463 27 2695 20 21 22 33 26 81 25 24 25 39 25 24 38 21 21 22 88 61 25 34 22 65 60 16951 26 243 26
leaf_count=1796 2463 27 2695 20 21 22 33 26 81 25 24 25 39 25 24 38 21 21 22 88 61 25 34 22 65 60 16951 26 243 26
internal_value=4.07679e-09 1.11064 -0.12259 0.0491247 0.0719608 -1.12083 8.62404 -1.34976 0.0503002 -5.3835 -14.1087 -3.52141 -4.89163 -2.95601 -6.82922 4.65984 -2.03838 -5.85015 6.02452 4.13343 -0.783874 5.27042 1.17516 -1.05127 -4.10729 -8.84049 -0.00970592 -1.36828 -1.16413 -2.80976
internal_weight=25049 2490 22559 19248 19228 3311 76 3235 19207 398 70 328 303 264 175 89 43 45 191 169 2837 120 95 2717 151 86 19016 2065 2039 51
internal_count=25049 2490 22559 19248 19228 3311 76 3235 19207 398 70 328 303 264 175 89 43 45 191 169 2837 120 95 2717 151 86 19016 2065 2039 51
is_linear=0
shrinkage=0.05


end of trees

feature_importances:
Column_261=22
Column_40=15
Column_274=15
Column_82=12
Column_229=12
Column_292=12
Column_264=11
Column_253=10
Column_288=10
Column_289=10
Column_222=9
Column_51=8
Column_110=8
Column_185=8
Column_233=8
Column_64=7
Column_183=7
Column_257=7
Column_262=7
Column_282=7
Column_1=6
Column_2=6
Column_5=6
Column_29=6
Column_96=6
Column_117=6
Column_138=6
Column_140=6
Column_184=6
Column_227=6
Column_243=6
Column_252=6
Column_254=6
Column_267=6
Column_268=6
Column_12=5
Column_37=5
Column_61=5
Column_128=5
Column_143=5
Column_191=5
Column_201=5
Column_236=5
Column_241=5
Column_259=5
Column_4=4
Column_16=4
Column_47=4
Column_66=4
Column_79=4
Column_80=4
Column_100=4
Column_103=4
Column_148=4
Column_159=4
Column_177=4
Column_178=4
Column_187=4
Column_193=4
Column_198=4
Column_212=4
Column_218=4
Column_220=4
Column_240=4
Column_271=4
Column_281=4
Column_3=3
Column_19=3
Column_30=3
Column_55=3
Column_71=3
Column_75=3
Column_88=3
Column_89=3
Column_92=3
Column_97=3
Column_108=3
Column_120=3
Column_134=3
Column_166=3
Column_167=3
Column_199=3
Column_211=3
Column_217=3
Column_226=3
Column_234=3
Column_238=3
Column_247=3
Column_260=3
Column_275=3
Column_278=3
Column_283=3
Column_9=2
Column_20=2
Column_32=2
Column_41=2
Column_45=2
Column_46=2
Column_53=2
Column_54=2
Column_58=2
Column_68=2
Column_72=2
Column_93=2
Column_94=2
Column_98=2
Column_106=2
Column_111=2
Column_115=2
Column_116=2
Column_121=2
Column_125=2
Column_135=2
Column_141=2
Column_142=2
Column_144=2
Column_152=2
Column_156=2
Column_157=2
Column_158=2
Column_162=2
Column_163=2
Column_180=2
Column_181=2
Column_194=2
Column_196=2
Column_200=2
Column_209=2
Column_213=2
Column_228=2
Column_248=2
Column_250=2
Column_269=2
Column_270=2
Column_273=2
Column_6=1
Column_8=1
Column_11=1
Column_13=1
Column_15=1
Column_23=1
Column_27=1
Column_31=1
Column_34=1
Column_36=1
Column_38=1
Column_39=1
Column_42=1
Column_43=1
Column_44=1
Column_57=1
Column_60=1
Column_63=1
Column_65=1
Column_73=1
Column_74=1
Column_76=1
Column_78=1
Column_83=1
Column_85=1
Column_86=1
Column_90=1
Column_109=1
Column_113=1
Column_114=1
Column_130=1
Column_132=1
Column_136=1
Column_137=1
Column_146=1
Column_149=1
Column_150=1
Column_169=1
Column_170=1
Column_176=1
Column_186=1
Column_189=1
Column_190=1
Column_192=1
Column_195=1
Column_197=1
Column_204=1
Column_206=1
Column_208=1
Column_214=1
Column_215=1
Column_223=1
Column_230=1
Column_232=1
Column_235=1
Column_237=1
Column_242=1
Column_245=1
Column_246=1
Column_258=1
Column_263=1
Column_266=1
Column_277=1
Column_280=1
Column_285=1
Column_286=1
Column_287=1

parameters:
[boosting: gbdt]
[objective: regression]
[metric: l2]
[tree_learner: serial]
[device_type: cpu]
[data_sample_strategy: bagging]
[data: ]
[valid: ]
[num_iterations: 1000]
[learning_rate: 0.05]
[num_leaves: 31]
[num_threads: 0]
[seed: 42]
[deterministic: 1]
[force_col_wise: 0]
[force_row_wise: 0]
[histogram_pool_size: -1]
[max_depth: -1]
[min_data_in_leaf: 20]
[min_sum_hessian_in_leaf: 0.001]
[bagging_fraction: 1]
[pos_bagging_fraction: 1]
[neg_bagging_fraction: 1]
[bagging_freq: 0]
[bagging_seed: 400]
[bagging_by_query: 0]
[feature_fraction: 1]
[feature_fraction_bynode: 1]
[feature_fraction_seed: 30056]
[extra_trees: 0]
[extra_seed: 12879]
[early_stopping_round: 0]
[early_stopping_min_delta: 0]
[first_metric_only: 0]
[max_delta_step: 0]
[lambda_l1: 0]
[lambda_l2: 0]
[linear_lambda: 0]
[min_gain_to_split: 0]
[drop_rate: 0.1]
[max_drop: 50]
[skip_drop: 0.5]
[xgboost_dart_mode: 0]
[uniform_drop: 0]
[drop_seed: 17869]
[top_rate: 0.2]
[other_rate: 0.1]
[min_data_per_group: 100]
[max_cat_threshold: 32]
[cat_l2: 10]
[cat_smooth: 10]
[max_cat_to_onehot: 4]
[top_k: 20]
[monotone_constraints: ]
[monotone_constraints_method: basic]
[monotone_penalty: 0]
[feature_contri: ]
[forcedsplits_filename: ]
[refit_decay_rate: 0.9]
[cegb_tradeoff: 1]
[cegb_penalty_split: 0]
[cegb_penalty_feature_lazy: ]
[cegb_penalty_feature_coupled: ]
[path_smooth: 0]
[interaction_constraints: ]
[verbosity: -1]
[saved_feature_importance_type: 0]
[use_quantized_grad: 0]
[num_grad_quant_bins: 4]
[quant_train_renew_leaf: 0]
[stochastic_rounding: 1]
[linear_tree: 0]
[max_bin: 255]
[max_bin_by_feature: ]
[min_data_in_bin: 3]
[bin_construct_sample_cnt: 200000]
[data_random_seed: 175]
[is_enable_sparse: 1]
[enable_bundle: 1]
[use_missing: 1]
[zero_as_missing: 0]
[feature_pre_filter: 1]
[pre_partition: 0]
[two_round: 0]
[header: 0]
[label_column: ]
[weight_column: ]
[group_column: ]
[ignore_column: ]
[categorical_feature: ]
[forcedbins_filename: ]
[precise_float_parser: 0]
[parser_config_file: ]
[objective_seed: 16083]
[num_class: 1]
[is_unbalance: 0]
[scale_pos_weight: 1]
[sigmoid: 1]
[boost_from_average: 1]
[reg_sqrt: 0]
[alpha: 0.9]
[fair_c: 1]
[poisson_max_delta_step: 0.7]
[tweedie_variance_power: 1.5]
[lambdarank_truncation_level: 30]
[lambdarank_norm: 1]
[label_gain: ]
[lambdarank_position_bias_regularization: 0]
[eval_at: ]
[multi_error_top_k: 1]
[auc_mu_weights: ]
[num_machines: 1]
[local_listen_port: 12400]
[time_out: 120]
[machine_list_filename: ]
[machines: ]
[gpu_platform_id: -1]
[gpu_device_id: -1]
[gpu_device_id_list: ]
[gpu_use_dp: 0]
[num_gpu: 1]

end of parameters

pandas_categorical:null
