tree
version=v4
num_class=1
num_tree_per_iteration=1
label_index=0
max_feature_idx=258
objective=regression
feature_names=Column_0 Column_1 Column_2 Column_3 Column_4 Column_5 Column_6 Column_7 Column_8 Column_9 Column_10 Column_11 Column_12 Column_13 Column_14 Column_15 Column_16 Column_17 Column_18 Column_19 Column_20 Column_21 Column_22 Column_23 Column_24 Column_25 Column_26 Column_27 Column_28 Column_29 Column_30 Column_31 Column_32 Column_33 Column_34 Column_35 Column_36 Column_37 Column_38 Column_39 Column_40 Column_41 Column_42 Column_43 Column_44 Column_45 Column_46 Column_47 Column_48 Column_49 Column_50 Column_51 Column_52 Column_53 Column_54 Column_55 Column_56 Column_57 Column_58 Column_59 Column_60 Column_61 Column_62 Column_63 Column_64 Column_65 Column_66 Column_67 Column_68 Column_69 Column_70 Column_71 Column_72 Column_73 Column_74 Column_75 Column_76 Column_77 Column_78 Column_79 Column_80 Column_81 Column_82 Column_83 Column_84 Column_85 Column_86 Column_87 Column_88 Column_89 Column_90 Column_91 Column_92 Column_93 Column_94 Column_95 Column_96 Column_97 Column_98 Column_99 Column_100 Column_101 Column_102 Column_103 Column_104 Column_105 Column_106 Column_107 Column_108 Column_109 Column_110 Column_111 Column_112 Column_113 Column_114 Column_115 Column_116 Column_117 Column_118 Column_119 Column_120 Column_121 Column_122 Column_123 Column_124 Column_125 Column_126 Column_127 Column_128 Column_129 Column_130 Column_131 Column_132 Column_133 Column_134 Column_135 Column_136 Column_137 Column_138 Column_139 Column_140 Column_141 Column_142 Column_143 Column_144 Column_145 Column_146 Column_147 Column_148 Column_149 Column_150 Column_151 Column_152 Column_153 Column_154 Column_155 Column_156 Column_157 Column_158 Column_159 Column_160 Column_161 Column_162 Column_163 Column_164 Column_165 Column_166 Column_167 Column_168 Column_169 Column_170 Column_171 Column_172 Column_173 Column_174 Column_175 Column_176 Column_177 Column_178 Column_179 Column_180 Column_181 Column_182 Column_183 Column_184 Column_185 Column_186 Column_187 Column_188 Column_189 Column_190 Column_191 Column_192 Column_193 Column_194 Column_195 Column_196 Column_197 Column_198 Column_199 Column_200 Column_201 Column_202 Column_203 Column_204 Column_205 Column_206 Column_207 Column_208 Column_209 Column_210 Column_211 Column_212 Column_213 Column_214 Column_215 Column_216 Column_217 Column_218 Column_219 Column_220 Column_221 Column_222 Column_223 Column_224 Column_225 Column_226 Column_227 Column_228 Column_229 Column_230 Column_231 Column_232 Column_233 Column_234 Column_235 Column_236 Column_237 Column_238 Column_239 Column_240 Column_241 Column_242 Column_243 Column_244 Column_245 Column_246 Column_247 Column_248 Column_249 Column_250 Column_251 Column_252 Column_253 Column_254 Column_255 Column_256 Column_257 Column_258
feature_infos=[-10208:15705] [-9136.5:15771.5] [-10464:14267] [-9947:14752.5] [-7808.375:17497.609375] [136.75750732421875:1862.834716796875] [-7695.85400390625:15214.8408203125] [-9945:14758.5] [-9616.5:14988] [-10637:14483] [-9641.5:14800] [-7744.47509765625:17430.869140625] [136.75750732421875:1862.834716796875] [-7732.00341796875:15122.9462890625] [-9635.5:14806] [-8911:15018.5] [-10269.5:14527.5] [-9398.5:14830.5] [-7679.990234375:17354.2890625] [136.75750732421875:1862.834716796875] [-7686.85400390625:14962.1328125] [-9413.5:14836.5] [-7962:14983.5] [-9573.5:14558] [-8656.5:14685.5] [-7611.93505859375:17270.109375] [136.75750732421875:1862.834716796875] [-7723.00341796875:14749.302734375] [-8639:14680.5] [-7809.5:14747] [-9330.5:13242.5] [-8481:13421] [-7545.10498046875:17183.189453125] [136.75750732421875:1862.834716796875] [-7574.59423828125:14526.9111328125] [-8463.5:13423.5] [-7692:13474.5] [-9236:12653.5] [-8386.5:13007.5] [-7485.5751953125:17094.994140625] [136.75750732421875:1862.834716796875] [-7443.81298828125:14305.419921875] [-8369:13001.5] [-8137.5:13191.5] [-9681.5:12376.5] [-8832:13185] [-7436.81494140625:16997.890625] [136.75750732421875:1862.834716796875] [-7280.875:14018.3818359375] [-8814.5:13179] [-7992.5:13532] [-9536.5:12583] [-8687:13525.5] [-7403.5400390625:16909.83984375] [136.75750732421875:1862.834716796875] [-7107.00341796875:13861.4375] [-8669.5:13519.5] [-7840:13618.5] [-8887.5:12894.5] [-8346.5:13258.5] [-7386.205078125:16827.630859375] [136.75750732421875:1862.834716796875] [-6958.59423828125:13759.4892578125] [-8430:13240.5] [-7983.5:13336.5] [-9004:12533.5] [-8169:12770.5] [-7357.9150390625:16741.689453125] [136.75750732421875:1862.834716796875] [-6827.81298828125:13645.8076171875] [-8167:12752.5] [-7838.5:12848.5] [-9289.5:12240.5] [-7890.5:12379] [-7332.51513671875:16653.5390625] [136.75750732421875:1862.834716796875] [-6664.875:13530.6435546875] [-7907.5:12375] [-7133:12681.5] [-8585.5:12236.5] [-7666.5:12445] [-7311.375:16563.099609375] [136.75750732421875:1862.834716796875] [-6474.2958984375:13431.94921875] [-7643:12449] [-6321:12457] [-9245.5:11703.5] [-8326.5:12013] [-7283.91015625:16467.494140625] [136.75750732421875:1862.834716796875] [-6300.564453125:13302.953125] [-8303:12001] [-6795.5:12088.5] [-9009:11302.5] [-7329.5:11895.5] [-7248.64013671875:16367.740234375] [136.75750732421875:1862.834716796875] [-6100.4052734375:13145.09375] [-7316.5:11868.5] [-7123:12643.5] [-8667:11694.5] [-7817.5:12637] [-7215.81005859375:16279.650390625] [136.75750732421875:1862.834716796875] [-5962.77783203125:13039.3583984375] [-7800:12631] [-7231:12730] [-8775:12006] [-7925.5:12370] [-7173.23486328125:16188.0498046875] [136.75750732421875:1862.834716796875] [-5852.07080078125:12918.87109375] [-7908:12352] [-7298.5:12448] [-8842.5:11645] [-7993:11780.5] [-7133.47021484375:16089.6201171875] [136.75750732421875:1862.834716796875] [-5791.35400390625:12754.24609375] [-7975.5:11776.5] [-7146:11839.5] [-8333:10762] [-8067:11139.5] [-7089.96484375:15986.3603515625] [136.75750732421875:1862.834716796875] [-5827.50341796875:12576.0419921875] [-8054:11154] [-7860.5:11498] [-9404.5:10575] [-8727:10953] [-7046.009765625:15880.3095703125] [136.75750732421875:1862.834716796875] [-5679.09423828125:12373.583984375] [-8714:10953.5] [-8520.5:11475.5] [-10064.5:10364] [-9215:10909.5] [-6996.64990234375:15777.6953125] [136.75750732421875:1862.834716796875] [-5567.00341796875:12240.4853515625] [-9197.5:10895] [-8368:10954] [-9415.5:10039] [-8874.5:10636] [-6945.2099609375:15668.3203125] [136.75750732421875:1862.834716796875] [-5418.59423828125:12094.623046875] [-8958:10638.5] [-7886.5:10644.5] [-8968:9874.5] [-8697:10103] [-6892.4150390625:15550.08984375] [136.75750732421875:1862.834716796875] [-5287.81298828125:11902.0205078125] [-8695:10105.5] [-8366.5:10220.5] [-9387:9445.5] [-8391.5:9584] [-6829.919921875:15426.5703125] [136.75750732421875:1862.834716796875] [-5538.9072265625:11691.2919921875] [-8385.5:9589] [-7661:9673] [-9019.5:8912.5] [-8148.5:9321.5] [-6770.18994140625:15294.599609375] [136.75750732421875:1862.834716796875] [-5776.142578125:11406.810546875] [-8163.5:9307] [-6584.5:9464.5] [-8323.5:8647.5] [-7072:9352] [-6711.43017578125:15156.7099609375] [136.75750732421875:1862.834716796875] [-5872.4931640625:11095.646484375] [-7087:9337.5] [-6548.5:9396.5] [-7735:8481.5] [-6555:9078.5] [-6651.10986328125:15019.0146484375] [136.75750732421875:1862.834716796875] [-5934.53955078125:10794.7236328125] [-6547.5:9081] [-6079:9087] [-7187.5:8317] [-6541.5:8418.5] [-6590.21484375:14879.8701171875] [136.75750732421875:1862.834716796875] [-5989.7177734375:10554.4765625] [-6501:8412.5] [-5783:8953] [-7327:7888] [-6477.5:8026.5] [-6532.15478515625:14735.58984375] [136.75750732421875:1862.834716796875] [-5818.10693359375:10267.16015625] [-6460:8031.5] [-5630.5:8420] [-6678:6975] [-6137:7004.5] [-6475.35498046875:14589.349609375] [136.75750732421875:1862.834716796875] [-5538.0517578125:9894.0546875] [-6220.5:7006.5] [-5149:8001.5] [-6322:6062.5] [-5959.5:7046.5] [-6415.7001953125:14413.740234375] [136.75750732421875:1862.834716796875] [-5415.63818359375:9538.146484375] [-5957.5:7022] [-5629:7496.5] [-6649.5:6099] [-5654:6564] [-6351.384765625:14247.599609375] [136.75750732421875:1862.834716796875] [-5248.6708984375:9237.2236328125] [-5648:6611.5] [-4923.5:7365] [-6282:6080.5] [-5411:6594.5] [-6283.169921875:14052.0654296875] [136.75750732421875:1862.834716796875] [-5092.9736328125:8996.9765625] [-5426:6642] [-3590.5:7395.5] [-5586:5830] [-4098.5:6114] [-6208.740234375:13854.7998046875] [136.75750732421875:1862.834716796875] [-4841.47607421875:8709.66015625] [-4080.5:6127] [-3811:7632.5] [-5526.5:6125.5] [-3817.5:6934] [-6137.47998046875:13667.240234375] [136.75750732421875:1862.834716796875] [-4600.4326171875:8336.5546875] [-3810:6916] [-3341.5:6917.5] [-4450:5769] [-3804:6096.5] [-6065.31005859375:13484.6103515625] [136.75750732421875:1862.834716796875] [-4415.0751953125:7855.07373046875] [-3763.5:6091.5] [-2259.5:7066] [-4331:3434] [-2439.5:4998.5] [-5988.6748046875:13280.5400390625] [136.75750732421875:1862.834716796875] [-4111.568359375:7491.65771484375] [-2399:4995] [0:5732.5] [-4567.5:0] none [-5910.5498046875:13074.490234375] [136.75750732421875:1862.834716796875] [-3737.789306640625:6810.59814453125]
tree_sizes=2811 2792 2811 2804 2804 2809

Tree=0
num_leaves=31
num_cat=0
split_feature=5 60 61 90 250 61 26 163 117 132 43 203 215 2 208 174 215 113 246 47 137 99 225 82 183 199 257 237 233 221
split_gain=1.24e+07 1.74102e+07 1.5882e+07 1.57584e+07 1.28769e+07 1.15573e+07 1.06638e+07 1.09039e+07 3.33033e+07 8.39202e+06 9.38686e+06 7.98099e+06 8.15457e+06 7.96103e+06 7.61127e+06 1.35344e+07 8.03688e+06 9.25713e+06 9.35865e+06 7.26312e+06 8.47694e+06 7.11387e+06 7.10554e+06 7.02671e+06 6.7984e+06 6.03475e+06 5.87995e+06 5.35974e+06 5.33324e+06 6.09244e+06
threshold=1480.4058837890627 5320.8698730468759 1039.6253662109377 457.52384948730474 823.68878173828136 1200.0135498046877 675.23397827148449 2737.7500000000005 798.89459228515636 -283.23091125488276 -2841.4999999999995 -512.74999999999989 992.53356933593761 2402.2500000000005 899.23205566406261 2617.9931640625005 715.72747802734386 20.250000000000004 1321.2500000000002 992.53356933593761 2281.9450683593755 2581.7500000000005 397.75000000000006 633.87484741210949 -1204.7499999999998 1351.7500000000002 1039.6253662109377 -1566.4171142578123 192.75000000000003 3766.0100097656255
decision_type=2 2 2 2 2 2 2 2 2 2 2 2 2 2 2 2 2 2 2 2 2 2 2 2 2 2 2 2 2 2
left_child=1 4 6 9 27 -4 21 11 -9 10 -2 -8 25 -7 16 19 -6 -18 22 24 -21 -3 -19 -24 -16 -13 -26 -1 29 -29
right_child=3 2 5 -5 14 13 7 8 -10 -11 -12 12 -14 -15 15 -17 17 18 -20 20 -22 -23 23 -25 26 -27 -28 28 -30 -31
leaf_value=-7.5823050906224143 4.6561222499276589 -0.18710154361107334 52.833963013799981 -57.259192567810565 8.1787548553069378 -7.2277215096580871 -24.731036919442818 19.267930166685751 -64.100287194101028 19.506463462026911 -40.125286934701613 12.998062146537427 33.331416945325884 33.155597494386399 -20.899209741563681 23.719605203392909 7.8527132903655321 -22.492286783809138 1.6339633285125039 -43.463028415705551 -10.132286807569486 22.497765280914301 -31.588195673964968 -72.537288254586869 -1.8213940282614518 -16.5162520578453 26.452713312906926 -0.29556648885350839 -2.4212187180648441 15.040020632495937
leaf_weight=277 22 54 32 21 24 23 20 23 25 20 25 43 27 26 39 37 20 45 20 27 65 96 22 20 112 29 22 17799 3323 65
leaf_count=277 22 54 32 21 24 23 20 23 25 20 25 43 27 26 39 37 20 45 20 27 65 96 22 20 112 29 22 17799 3323 65
internal_value=-0.733986 -0.660116 9.70378 -19.466 -0.848318 29.4629 4.65492 -4.03636 -24.153 -7.62042 -19.1638 4.07792 9.89792 14.2002 -9.19072 -4.60788 -18.3564 -23.3709 -29.2071 -8.56304 -19.9141 14.3312 -36.297 -51.0878 -2.52662 1.11035 2.82062 -0.672251 -0.581909 -0.239766
internal_weight=22403 22315 398 88 21917 81 317 167 48 67 47 119 99 49 453 302 151 127 107 265 92 150 87 42 173 72 134 21464 21187 17864
internal_count=22403 22315 398 88 21917 81 317 167 48 67 47 119 99 49 453 302 151 127 107 265 92 150 87 42 173 72 134 21464 21187 17864
is_linear=0
shrinkage=1


Tree=1
num_leaves=31
num_cat=0
split_feature=5 60 61 90 250 61 26 19 73 121 132 43 2 208 174 215 113 246 205 47 137 225 61 183 224 257 15 37 169 164
split_gain=1.1191e+07 1.57128e+07 1.43335e+07 1.4222e+07 1.16214e+07 1.04305e+07 9.62408e+06 1.01438e+07 1.62705e+07 1.3028e+07 7.5738e+06 8.47164e+06 7.18483e+06 6.86917e+06 1.22148e+07 7.25328e+06 8.35456e+06 8.44618e+06 6.63872e+06 6.55496e+06 7.65044e+06 6.41275e+06 6.36956e+06 6.13555e+06 5.83071e+06 5.30666e+06 5.06869e+06 5.06779e+06 4.99806e+06 4.66743e+06
threshold=1480.4058837890627 5320.8698730468759 1039.6253662109377 457.52384948730474 823.68878173828136 1200.0135498046877 675.23397827148449 798.89459228515636 6247.0000000000009 3012.0000000000005 -283.23091125488276 -2841.4999999999995 2402.2500000000005 899.23205566406261 2617.9931640625005 715.72747802734386 20.250000000000004 1321.2500000000002 384.75000000000006 992.53356933593761 2281.9450683593755 397.75000000000006 640.96713256835949 -1204.7499999999998 1273.0000000000002 1039.6253662109377 3380.0000000000005 -3616.9999999999995 -19.749999999999996 236.75000000000003
decision_type=2 2 2 2 2 2 2 2 2 2 2 2 2 2 2 2 2 2 2 2 2 2 2 2 2 2 2 2 2 2
left_child=1 4 6 10 27 -4 18 8 -8 26 11 -2 -7 15 19 -6 -17 21 -3 23 -21 -18 -23 -15 -20 28 -9 -1 -25 -22
right_child=3 2 5 -5 13 12 7 9 -10 -11 -12 -13 -14 14 -16 16 17 -19 24 20 29 22 -24 25 -26 -27 -28 -29 -30 -31
leaf_value=-7.6520354051725565 5.1206030022014275 -1.7558037153879802 50.889551222324371 -53.698944218953457 8.4671041925748192 -6.1690492049507482 -0.48843471185484932 10.456546730830752 -45.873830904279437 43.081548760154035 19.228426570892335 -37.421735961914059 32.19510495891938 -19.156962886223425 23.230911500067325 8.1573642587661741 -20.670385191175672 2.2495520210266116 36.843333271302676 -40.592589003068433 5.9997179109474708 -29.27070673162287 -68.258008594512944 -16.071092373615986 12.324707130353843 25.827363933216443 -21.798233864420936 0.13520034458937827 6.3857364998261135 -20.953802373674183
leaf_weight=211 22 45 32 21 24 23 67 29 28 22 20 25 26 39 37 20 45 20 38 27 29 22 20 37 67 22 21 21253 75 36
leaf_count=211 22 45 32 21 24 23 67 29 28 22 20 25 26 39 37 20 45 20 38 27 29 22 20 37 67 22 21 21253 75 36
internal_value=-6.4167e-08 0.0701769 9.91588 -17.7954 -0.108615 28.687 5.11946 -3.13725 -13.8652 11.0177 -6.54211 -17.5083 14.1874 -8.0339 -3.6802 -16.7413 -21.5051 -27.0495 14.3119 -7.4376 -18.2211 -33.7849 -47.8361 -1.703 21.1981 3.37688 -3.09046 0.0586486 -1.03304 -8.92839
internal_weight=22403 22315 398 88 21917 81 317 167 95 72 67 47 49 453 302 151 127 107 150 265 92 87 42 173 105 134 50 21464 112 65
internal_count=22403 22315 398 88 21917 81 317 167 95 72 67 47 49 453 302 151 127 107 150 265 92 87 42 173 105 134 50 21464 112 65
is_linear=0
shrinkage=0.05


Tree=2
num_leaves=31
num_cat=0
split_feature=5 60 61 90 250 61 203 187 26 163 117 236 2 133 108 88 54 26 84 73 80 124 73 99 159 194 237 226 0 113
split_gain=1.00999e+07 1.41808e+07 1.2936e+07 1.28354e+07 1.04883e+07 9.41348e+06 9.16083e+06 6.98142e+06 6.7575e+06 1.17705e+07 3.10248e+07 7.54302e+06 6.48431e+06 6.24998e+06 8.28656e+06 7.16013e+06 1.48124e+07 8.5681e+06 6.6425e+06 5.85413e+06 5.84055e+06 7.5702e+06 8.56397e+06 5.58963e+06 4.75537e+06 5.68521e+06 4.6662e+06 4.88876e+06 5.66596e+06 4.88907e+06
threshold=1480.4058837890627 5320.8698730468759 1039.6253662109377 457.52384948730474 823.68878173828136 1200.0135498046877 -702.74999999999989 1480.4058837890627 675.23397827148449 2737.7500000000005 798.89459228515636 1109.719909667969 2402.2500000000005 2674.5000000000005 -132.24999999999997 4461.2175292968759 633.87484741210949 465.20338439941412 432.25000000000006 -1249.4999999999998 3733.2500000000005 992.53356933593761 2396.7500000000005 2581.7500000000005 531.55700683593761 858.73690795898449 -1566.4171142578123 165.75000000000003 -3090.7499999999995 2793.7500000000005
decision_type=2 2 2 2 2 2 2 2 2 2 2 2 2 2 2 2 2 2 2 2 2 2 2 2 2 2 2 2 2 2
left_child=1 4 6 7 26 -4 -3 19 23 11 -11 -10 -7 14 -6 16 17 -15 -16 -2 21 -20 -23 -8 -25 -26 -1 29 -29 -28
right_child=3 2 5 -5 13 12 8 -9 9 10 -12 -13 -14 15 18 -17 -18 -19 20 -21 -22 22 -24 24 25 -27 27 28 -30 -31
leaf_value=-6.3917780747482498 -33.630418991088867 -24.185376689910889 48.345073884725572 -51.01399767058237 -0.73220829015428368 -5.8605964246003523 1.8805300859304575 16.868371972170745 2.5547622663003429 23.634314046587264 -58.803010070800781 36.843051261901856 30.585349985269399 -13.167438981749795 -38.003819970161686 27.344657990833124 -39.532503545851938 28.212220417220017 -4.0402392570789045 2.6625393867492679 -37.978819692702523 -52.170530281066902 -7.4339394610861085 3.1790162007013958 40.878463757910382 11.650621679850987 0.44178122611708492 -23.020130500793456 -1.2144709323043836 9.4496829384251644
leaf_weight=277 25 25 32 21 132 23 52 22 81 21 25 20 26 22 31 24 21 29 130 20 21 20 23 24 41 28 16743 30 4262 152
leaf_count=277 25 25 32 21 132 23 52 22 81 21 25 20 26 22 31 24 21 29 130 20 21 20 23 24 41 28 16743 30 4262 152
internal_value=8.44297e-09 0.0666681 9.42008 -16.9057 -0.103184 27.2527 4.86349 -6.21501 7.35055 -0.203795 -21.1686 9.34452 13.4781 -7.6322 -10.6777 3.69333 -4.19044 10.3622 -16.5124 -17.5002 -13.0782 -10.0556 -28.2417 15.0091 22.3498 29.0179 0.0557162 0.140011 -1.36689 0.522823
internal_weight=22403 22315 398 88 21917 81 317 67 292 147 46 101 49 453 357 96 72 51 225 45 194 173 43 145 93 69 21464 21187 4292 16895
internal_count=22403 22315 398 88 21917 81 317 67 292 147 46 101 49 453 357 96 72 51 225 45 194 173 43 145 93 69 21464 21187 4292 16895
is_linear=0
shrinkage=0.05


Tree=3
num_leaves=31
num_cat=0
split_feature=5 60 61 90 250 163 190 203 185 226 208 174 222 113 246 26 19 163 122 234 54 94 52 185 159 37 40 194 143 233
split_gain=9.11516e+06 1.27981e+07 1.16747e+07 1.15839e+07 9.46569e+06 8.6573e+06 1.35935e+07 8.26765e+06 6.67641e+06 6.98238e+06 6.13877e+06 1.01999e+07 6.31501e+06 7.02204e+06 7.26024e+06 6.09864e+06 1.09737e+07 1.63519e+07 8.58462e+06 6.36439e+06 5.67186e+06 5.05385e+06 4.7921e+06 6.12305e+06 4.64629e+06 4.37895e+06 4.33269e+06 4.20376e+06 4.09659e+06 4.08712e+06
threshold=1480.4058837890627 5320.8698730468759 1039.6253662109377 457.52384948730474 823.68878173828136 -2980.9999999999995 2309.0000000000005 -702.74999999999989 -1194.7499999999998 -595.74999999999989 899.23205566406261 2617.9931640625005 726.51162719726574 20.250000000000004 1321.2500000000002 675.23397827148449 798.89459228515636 2737.7500000000005 3062.7500000000005 480.75000000000006 1200.0135498046877 2441.0000000000005 2958.0000000000005 1339.5000000000002 531.55700683593761 -3616.9999999999995 368.92990112304693 858.73690795898449 -2768.9999999999995 192.75000000000003
decision_type=2 2 2 2 2 2 2 2 2 2 2 2 2 2 2 2 2 2 2 2 2 2 2 2 2 2 2 2 2 2
left_child=1 4 7 8 25 -4 -7 -3 -2 -10 12 20 -6 -14 22 21 17 19 -18 -17 -12 -9 23 -15 -23 26 -1 -26 -28 -27
right_child=3 2 5 -5 10 6 -8 15 9 -11 11 -13 13 14 -16 16 18 -19 -20 -21 -22 24 -24 -25 27 29 28 -29 -30 -31
leaf_value=10.484338397979737 -30.099946205616 -22.976108371734622 2.1154495551035954 -48.463297898428785 10.68707091331482 65.379707018534347 15.257409729496127 2.8260907514341946 24.078106092370078 -14.474280766646068 -4.2075178488343949 21.456674724656182 7.7943763184547423 -33.739810303235664 2.0813840775262742 -8.7308003684452604 2.8324849837865589 -40.605532330082312 43.123590393066408 25.588670695911755 -29.232866638183594 2.6055486844933551 -46.48491961571478 0.28789955615997315 39.066954695872774 0.42157704831012333 -24.623652391684686 12.802013610839845 -6.1539077225264975 -1.4920127197041342
leaf_weight=30 20 25 26 21 20 24 31 58 23 24 240 37 20 39 21 35 39 31 20 22 25 23 31 20 39 17949 38 25 143 3304
leaf_count=30 20 25 26 21 20 24 31 58 23 24 240 37 20 39 21 35 39 31 20 22 25 23 31 20 39 17949 38 25 143 3304
internal_value=2.08745e-08 0.0633347 8.94908 -16.0604 -0.0980252 25.8901 37.129 4.62031 -5.90426 4.39178 -7.25059 -3.13486 -15.482 -19.4773 -24.3912 6.98302 -0.193606 -11.3795 16.4905 4.51531 -6.5684 14.2586 -30.5681 -22.205 21.8803 0.0529304 -7.11459 28.8072 -10.0315 0.12409
internal_weight=22403 22315 398 88 21917 81 55 317 67 47 453 302 151 131 111 292 147 88 59 57 265 145 90 59 87 21464 211 64 181 21253
internal_count=22403 22315 398 88 21917 81 55 317 67 47 453 302 151 131 111 292 147 88 59 57 265 145 90 59 87 21464 211 64 181 21253
is_linear=0
shrinkage=0.05


Tree=4
num_leaves=31
num_cat=0
split_feature=5 60 61 90 250 61 203 201 206 1 201 133 183 72 103 108 124 239 26 19 163 122 234 124 158 33 47 109 246 19
split_gain=8.22643e+06 1.15503e+07 1.05364e+07 1.04545e+07 8.54279e+06 8.09132e+06 7.46155e+06 6.48233e+06 6.01752e+06 5.74306e+06 5.64528e+06 8.56592e+06 8.29e+06 7.95286e+06 1.18668e+07 6.67917e+06 8.22257e+06 8.40293e+06 5.50402e+06 9.90374e+06 1.47576e+07 7.74762e+06 5.74386e+06 4.81612e+06 4.63684e+06 4.34514e+06 6.65304e+06 4.93666e+06 4.23725e+06 4.19022e+06
threshold=1480.4058837890627 5320.8698730468759 1039.6253662109377 457.52384948730474 823.68878173828136 1200.0135498046877 -702.74999999999989 1200.0135498046877 -629.74999999999989 3963.0000000000005 858.00915527343761 2036.2500000000002 2575.5000000000005 -182.24999999999997 613.32830810546886 127.75000000000001 992.53356933593761 601.75000000000011 675.23397827148449 798.89459228515636 2737.7500000000005 3062.7500000000005 480.75000000000006 858.00915527343761 4993.0573730468759 943.09799194335949 1039.6253662109377 2961.9799804687505 636.75000000000011 563.82043457031261
decision_type=2 2 2 2 2 2 2 2 2 2 2 2 2 2 2 2 2 2 2 2 2 2 2 2 2 2 2 2 2 2
left_child=1 4 6 7 25 -4 -3 -2 -9 -7 12 15 13 -6 -15 -12 23 -18 24 20 22 -21 -20 -17 -8 29 28 -28 -27 -1
right_child=3 2 5 -5 10 9 18 8 -10 -11 11 -13 -14 14 -16 16 17 -19 19 21 -22 -23 -24 -25 -26 26 27 -29 -30 -31
leaf_value=-0.12194712087687123 -26.426458978652956 -21.827302982330323 44.150662612915042 -46.040132032121932 1.2300475662404842 -2.9994394319398063 -2.9264034726402977 -13.134619594755629 24.284365554289387 31.590607775392989 0.56978853445072641 11.221735511808411 3.9762733168072177 -14.279377505438669 -57.950514950071067 -16.82635895711071 -54.229742116513457 -9.9157793903350839 -8.2942607910292505 2.6908615503555691 -38.575254557209632 40.967410068511967 24.3092362837358 6.4980037664112293 18.399095016930783 -10.334382959034132 -3.7710790339857341 23.68474092917009 -34.328417305324386 2.1603355776911157
leaf_weight=19014 24 25 32 21 22 28 33 21 22 21 122 76 36 35 28 53 23 20 35 39 31 20 22 38 112 92 64 22 23 2249
leaf_count=19014 24 25 32 21 22 28 33 21 22 21 122 76 36 35 28 53 23 20 35 39 31 20 22 38 112 92 64 22 23 2249
internal_value=-1.32765e-07 0.0601679 8.50163 -15.2574 -0.0931241 24.5956 4.3893 -5.60904 6.00998 11.8249 -6.88806 -3.51839 -16.1338 -24.651 -33.6888 -7.89437 -15.6005 -33.6186 6.63387 -0.183925 -10.8106 15.666 4.28955 -7.08652 13.5457 0.0502838 -7.26667 3.2525 -15.1332 0.119451
internal_weight=22403 22315 398 88 21917 81 317 67 43 49 453 332 121 85 63 256 134 43 292 147 88 59 57 91 145 21464 201 86 115 21263
internal_count=22403 22315 398 88 21917 81 317 67 43 49 453 332 121 85 63 256 134 43 292 147 88 59 57 91 145 21464 201 86 115 21263
is_linear=0
shrinkage=0.05


Tree=5
num_leaves=31
num_cat=0
split_feature=5 60 194 61 250 163 190 117 93 156 148 206 178 243 183 201 222 209 133 92 107 138 232 253 174 184 72 239 232 207
split_gain=7.42435e+06 1.04242e+07 9.766e+06 9.50911e+06 7.70987e+06 7.39153e+06 1.21444e+07 6.79201e+06 2.38039e+07 1.06753e+07 9.28941e+06 5.88661e+06 6.08485e+06 5.19798e+06 6.06121e+06 4.19469e+06 7.46684e+06 5.8343e+06 5.16468e+06 5.03863e+06 5.43662e+06 5.05007e+06 4.71525e+06 4.71024e+06 4.61757e+06 4.18433e+06 4.09014e+06 4.08168e+06 4.29301e+06 4.50105e+06
threshold=1480.4058837890627 5320.8698730468759 1200.7758789062502 1039.6253662109377 823.68878173828136 -2980.9999999999995 2309.0000000000005 798.89459228515636 4123.2500000000009 -442.74999999999994 5199.5000000000009 1138.7500000000002 1536.0000000000002 1109.719909667969 -933.74999999999989 858.00915527343761 823.68878173828136 2198.5830078125005 2036.2500000000002 1992.0000000000002 1149.5000000000002 858.00915527343761 946.75000000000011 409.25000000000006 705.72012329101574 -413.74999999999994 1831.7500000000002 2291.0000000000005 999.25000000000011 3876.772583007813
decision_type=2 2 2 2 2 2 2 2 2 2 2 2 2 2 2 2 2 2 2 2 2 2 2 2 2 2 2 2 2 2
left_child=1 4 -2 7 27 -5 -7 10 9 -9 11 -3 -13 15 -15 16 17 24 19 22 -21 -22 25 -18 -6 -17 -11 28 29 -1
right_child=2 3 -4 5 13 6 -8 8 -10 26 -12 12 -14 14 -16 18 23 -19 -20 20 21 -23 -24 -25 -26 -27 -28 -29 -30 -31
leaf_value=0.13947001371612963 -35.998110846317182 -4.272620090351829 -1.5923392451893201 1.3978401917677661 -2.083740547180176 60.453106947739926 13.077717559568345 -19.344602273060726 -44.685605121481011 7.1708302725763886 39.660792276133662 33.769405124017169 6.1903181817276138 -17.935969390869143 14.286108539722585 -15.140382351497045 -47.814603455861409 15.507444041115898 8.1493791753595541 -39.537616165975734 -27.555352334976199 7.5510293052310038 13.764892565409344 -15.784865650941027 -34.31652913093567 4.9180174491344353 32.976586832318986 22.625076828002932 -3.1084376034740075 11.94942539209201
leaf_weight=20324 33 79 55 26 25 24 31 26 29 34 23 28 70 20 54 78 24 21 55 24 20 21 30 22 20 39 28 20 1039 81
leaf_count=20324 33 79 55 26 25 24 31 26 29 34 23 28 70 20 54 78 24 21 55 24 20 21 30 22 20 39 28 20 1039 81
internal_value=-9.06056e-08 0.0571595 -14.4945 8.07655 -0.0884679 23.3658 33.7506 4.16983 -5.39906 7.54765 9.76763 5.88321 14.0701 -6.54366 5.57744 -8.91031 -17.032 -6.25406 -5.50346 -9.04547 -20.6375 -9.57403 -3.91973 -32.496 -16.4094 -8.45425 18.825 0.0477696 0.0267126 0.186351
internal_weight=22403 22315 88 398 21917 81 55 317 117 88 200 177 98 453 74 379 112 66 267 212 65 41 147 46 45 117 62 21464 21444 20405
internal_count=22403 22315 88 398 21917 81 55 317 117 88 200 177 98 453 74 379 112 66 267 212 65 41 147 46 45 117 62 21464 21444 20405
is_linear=0
shrinkage=0.05


end of trees

feature_importances:
Column_61=11
Column_5=6
Column_26=6
Column_60=6
Column_163=6
Column_250=6
Column_90=5
Column_19=4
Column_113=4
Column_174=4
Column_183=4
Column_203=4
Column_246=4
Column_2=3
Column_47=3
Column_73=3
Column_117=3
Column_124=3
Column_133=3
Column_194=3
Column_201=3
Column_208=3
Column_215=3
Column_37=2
Column_43=2
Column_54=2
Column_72=2
Column_99=2
Column_108=2
Column_122=2
Column_132=2
Column_137=2
Column_159=2
Column_185=2
Column_190=2
Column_206=2
Column_222=2
Column_225=2
Column_226=2
Column_232=2
Column_233=2
Column_234=2
Column_237=2
Column_239=2
Column_257=2
Column_0=1
Column_1=1
Column_15=1
Column_33=1
Column_40=1
Column_52=1
Column_80=1
Column_82=1
Column_84=1
Column_88=1
Column_92=1
Column_93=1
Column_94=1
Column_103=1
Column_107=1
Column_109=1
Column_121=1
Column_138=1
Column_143=1
Column_148=1
Column_156=1
Column_158=1
Column_164=1
Column_169=1
Column_178=1
Column_184=1
Column_187=1
Column_199=1
Column_205=1
Column_207=1
Column_209=1
Column_221=1
Column_224=1
Column_236=1
Column_243=1
Column_253=1

parameters:
[boosting: gbdt]
[objective: regression]
[metric: l2]
[tree_learner: serial]
[device_type: cpu]
[data_sample_strategy: bagging]
[data: ]
[valid: ]
[num_iterations: 1000]
[learning_rate: 0.05]
[num_leaves: 31]
[num_threads: 0]
[seed: 42]
[deterministic: 1]
[force_col_wise: 0]
[force_row_wise: 0]
[histogram_pool_size: -1]
[max_depth: -1]
[min_data_in_leaf: 20]
[min_sum_hessian_in_leaf: 0.001]
[bagging_fraction: 1]
[pos_bagging_fraction: 1]
[neg_bagging_fraction: 1]
[bagging_freq: 0]
[bagging_seed: 400]
[bagging_by_query: 0]
[feature_fraction: 1]
[feature_fraction_bynode: 1]
[feature_fraction_seed: 30056]
[extra_trees: 0]
[extra_seed: 12879]
[early_stopping_round: 0]
[early_stopping_min_delta: 0]
[first_metric_only: 0]
[max_delta_step: 0]
[lambda_l1: 0]
[lambda_l2: 0]
[linear_lambda: 0]
[min_gain_to_split: 0]
[drop_rate: 0.1]
[max_drop: 50]
[skip_drop: 0.5]
[xgboost_dart_mode: 0]
[uniform_drop: 0]
[drop_seed: 17869]
[top_rate: 0.2]
[other_rate: 0.1]
[min_data_per_group: 100]
[max_cat_threshold: 32]
[cat_l2: 10]
[cat_smooth: 10]
[max_cat_to_onehot: 4]
[top_k: 20]
[monotone_constraints: ]
[monotone_constraints_method: basic]
[monotone_penalty: 0]
[feature_contri: ]
[forcedsplits_filename: ]
[refit_decay_rate: 0.9]
[cegb_tradeoff: 1]
[cegb_penalty_split: 0]
[cegb_penalty_feature_lazy: ]
[cegb_penalty_feature_coupled: ]
[path_smooth: 0]
[interaction_constraints: ]
[verbosity: -1]
[saved_feature_importance_type: 0]
[use_quantized_grad: 0]
[num_grad_quant_bins: 4]
[quant_train_renew_leaf: 0]
[stochastic_rounding: 1]
[linear_tree: 0]
[max_bin: 255]
[max_bin_by_feature: ]
[min_data_in_bin: 3]
[bin_construct_sample_cnt: 200000]
[data_random_seed: 175]
[is_enable_sparse: 1]
[enable_bundle: 1]
[use_missing: 1]
[zero_as_missing: 0]
[feature_pre_filter: 1]
[pre_partition: 0]
[two_round: 0]
[header: 0]
[label_column: ]
[weight_column: ]
[group_column: ]
[ignore_column: ]
[categorical_feature: ]
[forcedbins_filename: ]
[precise_float_parser: 0]
[parser_config_file: ]
[objective_seed: 16083]
[num_class: 1]
[is_unbalance: 0]
[scale_pos_weight: 1]
[sigmoid: 1]
[boost_from_average: 1]
[reg_sqrt: 0]
[alpha: 0.9]
[fair_c: 1]
[poisson_max_delta_step: 0.7]
[tweedie_variance_power: 1.5]
[lambdarank_truncation_level: 30]
[lambdarank_norm: 1]
[label_gain: ]
[lambdarank_position_bias_regularization: 0]
[eval_at: ]
[multi_error_top_k: 1]
[auc_mu_weights: ]
[num_machines: 1]
[local_listen_port: 12400]
[time_out: 120]
[machine_list_filename: ]
[machines: ]
[gpu_platform_id: -1]
[gpu_device_id: -1]
[gpu_device_id_list: ]
[gpu_use_dp: 0]
[num_gpu: 1]

end of parameters

pandas_categorical:null
