tree
version=v4
num_class=1
num_tree_per_iteration=1
label_index=0
max_feature_idx=258
objective=regression
feature_names=Column_0 Column_1 Column_2 Column_3 Column_4 Column_5 Column_6 Column_7 Column_8 Column_9 Column_10 Column_11 Column_12 Column_13 Column_14 Column_15 Column_16 Column_17 Column_18 Column_19 Column_20 Column_21 Column_22 Column_23 Column_24 Column_25 Column_26 Column_27 Column_28 Column_29 Column_30 Column_31 Column_32 Column_33 Column_34 Column_35 Column_36 Column_37 Column_38 Column_39 Column_40 Column_41 Column_42 Column_43 Column_44 Column_45 Column_46 Column_47 Column_48 Column_49 Column_50 Column_51 Column_52 Column_53 Column_54 Column_55 Column_56 Column_57 Column_58 Column_59 Column_60 Column_61 Column_62 Column_63 Column_64 Column_65 Column_66 Column_67 Column_68 Column_69 Column_70 Column_71 Column_72 Column_73 Column_74 Column_75 Column_76 Column_77 Column_78 Column_79 Column_80 Column_81 Column_82 Column_83 Column_84 Column_85 Column_86 Column_87 Column_88 Column_89 Column_90 Column_91 Column_92 Column_93 Column_94 Column_95 Column_96 Column_97 Column_98 Column_99 Column_100 Column_101 Column_102 Column_103 Column_104 Column_105 Column_106 Column_107 Column_108 Column_109 Column_110 Column_111 Column_112 Column_113 Column_114 Column_115 Column_116 Column_117 Column_118 Column_119 Column_120 Column_121 Column_122 Column_123 Column_124 Column_125 Column_126 Column_127 Column_128 Column_129 Column_130 Column_131 Column_132 Column_133 Column_134 Column_135 Column_136 Column_137 Column_138 Column_139 Column_140 Column_141 Column_142 Column_143 Column_144 Column_145 Column_146 Column_147 Column_148 Column_149 Column_150 Column_151 Column_152 Column_153 Column_154 Column_155 Column_156 Column_157 Column_158 Column_159 Column_160 Column_161 Column_162 Column_163 Column_164 Column_165 Column_166 Column_167 Column_168 Column_169 Column_170 Column_171 Column_172 Column_173 Column_174 Column_175 Column_176 Column_177 Column_178 Column_179 Column_180 Column_181 Column_182 Column_183 Column_184 Column_185 Column_186 Column_187 Column_188 Column_189 Column_190 Column_191 Column_192 Column_193 Column_194 Column_195 Column_196 Column_197 Column_198 Column_199 Column_200 Column_201 Column_202 Column_203 Column_204 Column_205 Column_206 Column_207 Column_208 Column_209 Column_210 Column_211 Column_212 Column_213 Column_214 Column_215 Column_216 Column_217 Column_218 Column_219 Column_220 Column_221 Column_222 Column_223 Column_224 Column_225 Column_226 Column_227 Column_228 Column_229 Column_230 Column_231 Column_232 Column_233 Column_234 Column_235 Column_236 Column_237 Column_238 Column_239 Column_240 Column_241 Column_242 Column_243 Column_244 Column_245 Column_246 Column_247 Column_248 Column_249 Column_250 Column_251 Column_252 Column_253 Column_254 Column_255 Column_256 Column_257 Column_258
feature_infos=[-7133:8285] [-7068:8920] [-8405:8227.5] [-7162.5:8527.5] [-8149.22998046875:10745.4501953125] [101.59349060058594:1576.9803466796875] [-7308.34033203125:8667.7353515625] [-7162:8530] [-7087:9197.5] [-7797.5:8475] [-7313.5:9017.5] [-8098.85009765625:10699.125] [101.59349060058594:1576.9803466796875] [-7288.71826171875:8467.078125] [-7312:9017.5] [-7066.5:9270] [-8129.5:8650] [-7749.5:8952.5] [-8049.85498046875:10652.375] [101.59349060058594:1576.9803466796875] [-7273.69873046875:8511.2080078125] [-7748:8952.5] [-6562:9362.5] [-8397:8932.5] [-7845.5:9097.5] [-8004.16015625:10607] [101.59349060058594:1576.9803466796875] [-7190.90771484375:8564.5068359375] [-7844:9100] [-6658:9182.5] [-8493:8497.5] [-7605.5:8915] [-7956.09521484375:10559.4248046875] [101.59349060058594:1576.9803466796875] [-7118.6435546875:8566.142578125] [-7604:8915] [-6760.5:9447.5] [-8253:8725] [-7139.5:9267.5] [-7909.5498046875:10513.5] [101.59349060058594:1576.9803466796875] [-7033.5849609375:8578.9931640625] [-7138:9267.5] [-6678.5:9280] [-7787:8632.5] [-7145.5:8942.5] [-7861.705078125:10467.8251953125] [101.59349060058594:1576.9803466796875] [-6944.62255859375:8612.0390625] [-7144:8945] [-6676:9330] [-7853:8782.5] [-7473:8982.5] [-7810.27490234375:10417.4501953125] [101.59349060058594:1576.9803466796875] [-6878.248046875:8645.7177734375] [-7471.5:8985] [-6501:9215] [-8120.5:8872.5] [-7136.5:9212.5] [-7786.5751953125:10370.25] [101.59349060058594:1576.9803466796875] [-6824.04345703125:8697.2431640625] [-7135:9104.5] [-6427:9262.5] [-7784:8932.5] [-6670.5:9157.5] [-7777.78515625:10325] [101.59349060058594:1576.9803466796875] [-6744.53955078125:8728.17578125] [-6669:9160] [-6241.5:9465] [-7127.5:8980] [-6485:9280] [-7766.68994140625:10284.400390625] [101.59349060058594:1576.9803466796875] [-6677.30859375:8778.341796875] [-6483.5:9282.5] [-6017.5:9950] [-7667.5:9227.5] [-6205.5:9770] [-7754.22021484375:10253.400390625] [101.59349060058594:1576.9803466796875] [-6600.55322265625:8868.4921875] [-6204:9770] [-6015.5:9782.5] [-7840:9135] [-6372:9242.5] [-7721.31494140625:10218] [101.59349060058594:1576.9803466796875] [-6365.27587890625:8902.4931640625] [-6370.5:9242.5] [-5996:9522.5] [-7610:8892.5] [-6676.5:9290] [-7681.73486328125:10174.8251953125] [101.59349060058594:1576.9803466796875] [-6300.216796875:8937.720703125] [-6675:9287.5] [-5951:9500] [-7324:9107.5] [-6620:9317.5] [-7636.759765625:10131.0498046875] [101.59349060058594:1576.9803466796875] [-6274.92431640625:8972.24609375] [-6618.5:9317.5] [-6291.5:9687.5] [-7267.5:9292.5] [-6400.5:9660] [-7593.6298828125:10092.2001953125] [101.59349060058594:1576.9803466796875] [-6260.34033203125:9034.76953125] [-6398.5:9662.5] [-6306:9695] [-6865:9212.5] [-6455.5:9305] [-7549.43994140625:10046.5] [101.59349060058594:1576.9803466796875] [-6240.71826171875:9059.3359375] [-6456.5:9302.5] [-6291:9317.5] [-6635:8520] [-6470:8767.5] [-7499.40478515625:9994.2998046875] [101.59349060058594:1576.9803466796875] [-6225.69873046875:9032.8056640625] [-6471:8770] [-6221.5:8950] [-6602:8300] [-6465:8550] [-7450:9943.0498046875] [101.59349060058594:1576.9803466796875] [-6142.90771484375:8988.9140625] [-6463.5:8552.5] [-6206.5:8710] [-6687.5:7865] [-6450:7970] [-7403.1748046875:9886.349609375] [101.59349060058594:1576.9803466796875] [-6070.6435546875:8896.28515625] [-6448.5:7970] [-5815:8392.5] [-7302.5:7670] [-6037.5:7810] [-7345.0498046875:9838] [101.59349060058594:1576.9803466796875] [-5985.5849609375:8797.5322265625] [-6036:7807.5] [-5733:8102.5] [-6710:7595] [-5979:7767.5] [-7281.53515625:9797.875] [101.59349060058594:1576.9803466796875] [-5896.62255859375:8703.892578125] [-5980:7767.5] [-5766.5:7977.5] [-6285:7492.5] [-5974:7502.5] [-7221.23486328125:9755.599609375] [101.59349060058594:1576.9803466796875] [-5830.248046875:8594.67578125] [-5972.5:7502.5] [-5684.5:7610] [-6102.5:6407.5] [-5930.5:6855] [-7160.7001953125:9705.9501953125] [101.59349060058594:1576.9803466796875] [-5776.04345703125:8436.5234375] [-5931.5:6850] [-5682:6910] [-6327.5:5862.5] [-5925.5:6215] [-7098.35009765625:9645.1748046875] [101.59349060058594:1576.9803466796875] [-5696.53955078125:8234.56640625] [-5924:6215] [-4788:6882.5] [-5955:6075] [-4969:6175] [-7034.10498046875:9579.724609375] [101.59349060058594:1576.9803466796875] [-5629.30859375:8047.3330078125] [-4967.5:6172.5] [-4755.5:6262.5] [-5616.5:4767.5] [-5242.5:5237.5] [-6973.41015625:9497.275390625] [101.59349060058594:1576.9803466796875] [-5552.55322265625:7791.8935546875] [-5242.5:5240] [-4462.5:5702.5] [-6150:5020] [-4890:5280] [-6912.97509765625:9411.1748046875] [101.59349060058594:1576.9803466796875] [-5317.27587890625:7563.53955078125] [-4882.5:5280] [-4235:5595] [-5600:4532.5] [-4937.5:4695] [-6850.96484375:9319.900390625] [101.59349060058594:1576.9803466796875] [-5069.38720703125:7278.4453125] [-4936:4695] [-4035:5857.5] [-5585:4685] [-4640:5227.5] [-6786.6650390625:9237.775390625] [101.59349060058594:1576.9803466796875] [-4798.76123046875:7091.99560546875] [-4647.5:5225] [-4595:5805] [-5747.5:4535] [-4992.5:4540] [-6720.18017578125:9145] [101.59349060058594:1576.9803466796875] [-4532.7373046875:6859.99609375] [-4997.5:4540] [-4230:5297.5] [-5565:4400] [-4490:5147.5] [-6648.26513671875:9058.525390625] [101.59349060058594:1576.9803466796875] [-4290.0791015625:6704.314453125] [-4495:5147.5] [-3637.5:5197.5] [-4972.5:3602] [-3997.5:4675.5] [-6574.80517578125:8967.525390625] [101.59349060058594:1576.9803466796875] [-4022.890380859375:6503.6953125] [-3996:4677] [-3428.5:5622.5] [-4645:4667.5] [-3446.5:5142.5] [-6498.52490234375:8883.125] [101.59349060058594:1576.9803466796875] [-3788.854736328125:6379.9501953125] [-3446.5:5137.5] [-3347:5157.5] [-4635:4878.5] [-3375:5102.5] [-6423.0048828125:8783.7998046875] [101.59349060058594:1576.9803466796875] [-3573.09521484375:6135.181640625] [-3556.5:5103] [-3399:6013.5] [-4097:3127] [-3429:4117.5] [-6346.5400390625:8676.9248046875] [101.59349060058594:1576.9803466796875] [-3299.632080078125:5822.2109375] [-3430.5:4114.5] [0:4883] [-3620:0] none [-6267.39013671875:8548.2998046875] [101.59349060058594:1576.9803466796875] [-2999.66552734375:5292.9189453125]
tree_sizes=2831 2857 2841 2847 2836 2859 2861 2881 2856 2878 2856 2847 2864 2843 2839 2862 2870 2866 2875 2884 2813 2857 2828 2875

Tree=0
num_leaves=31
num_cat=0
split_feature=6 163 75 5 9 153 9 166 134 254 65 204 12 117 244 135 159 143 105 173 177 25 8 254 16 26 170 219 63 6
split_gain=1.24502e+07 6.60791e+06 6.8019e+06 3.57347e+06 6.18413e+06 1.13612e+07 3.82603e+06 3.20682e+06 3.18869e+06 3.04777e+06 2.78063e+06 2.7241e+06 8.1834e+06 6.42969e+06 6.21651e+06 8.87914e+06 4.08495e+06 4.03538e+06 2.79863e+06 3.35291e+06 2.95655e+06 2.73254e+06 2.88626e+06 3.17933e+06 2.70846e+06 2.55569e+06 3.79719e+06 3.77517e+06 3.67565e+06 4.6003e+06
threshold=5156.5039062500009 1403.0000000000002 569.17248535156261 904.46777343750011 1972.0000000000002 874.56988525390636 -404.74999999999994 700.57888793945324 430.25000000000006 -75.249999999999986 -69.749999999999986 1783.2500000000002 581.48425292968761 542.71502685546886 1446.2200927734377 1870.2500000000002 661.46316528320324 2817.0000000000005 3761.0000000000005 416.58860778808599 1791.2500000000002 4842.1301269531259 2100.2500000000005 -534.74999999999989 -2924.9999999999995 534.11987304687511 -2735.7499999999995 -1168.7499999999998 752.75000000000011 2713.646118164063
decision_type=2 2 2 2 2 2 2 2 2 2 2 2 2 2 2 2 2 2 2 2 2 2 2 2 2 2 2 2 2 2
left_child=3 -2 -3 9 5 6 8 -4 24 11 -8 14 13 18 17 -16 -14 21 19 -13 -21 25 -23 -24 -5 -1 -27 -28 -29 -30
right_child=1 2 7 4 -6 -7 10 -9 -10 -11 -12 12 16 -15 15 -17 -18 -19 -20 20 -22 22 23 -25 -26 26 27 28 29 -31
leaf_value=-0.87241127594966561 42.695201974564696 26.153546595578639 -17.738548211401806 3.5352017075358821 -33.145809938144502 26.040682712617645 -34.283093638204001 9.9248610416319245 7.560302952823184 0.20638376483509124 -10.710013735877952 -0.34104833351428276 25.673855685003346 -20.122129165154476 -34.044724539499875 -4.0527149416467552 1.7024703438508393 -23.488548372930389 -11.025334023779731 4.6084413894998999 24.14879564745118 20.935874840579025 20.670201788598199 -1.2240379860369588 -19.302534634997336 -15.821957283237406 3.7326666219023457 -1.9007910146072631 -10.114296706500694 4.593717340470751
leaf_weight=15779 20 37 20 20 21 26 22 22 37 6854 29 147 52 37 34 90 27 20 35 49 32 26 20 97 37 55 214 1088 314 64
leaf_count=15779 20 37 20 20 21 26 22 22 37 6854 29 147 52 37 34 90 27 20 35 49 32 26 20 97 37 55 214 1088 314 64
internal_value=-0.674788 17.0218 10.5222 -0.744239 -7.53949 -4.39485 -9.85226 -3.24819 -3.86977 -0.692122 -20.8788 -1.03087 3.1637 -0.606548 -1.12017 -12.2763 17.4811 -1.04191 2.13899 4.15983 12.3281 -1.01649 5.86717 2.51857 -11.2893 -1.07269 -2.89416 -2.47093 -3.3765 -7.62405
internal_weight=25325 99 79 25226 192 171 145 42 94 25034 51 18180 379 300 17801 124 79 17677 263 228 81 17657 143 117 57 17514 1735 1680 1466 378
internal_count=25325 99 79 25226 192 171 145 42 94 25034 51 18180 379 300 17801 124 79 17677 263 228 81 17657 143 117 57 17514 1735 1680 1466 378
is_linear=0
shrinkage=1


Tree=1
num_leaves=31
num_cat=0
split_feature=6 166 68 5 9 153 9 58 134 254 9 216 127 214 89 66 65 204 244 135 91 227 6 211 249 18 61 215 243 247
split_gain=1.12363e+07 6.3517e+06 9.42831e+06 3.22506e+06 5.58118e+06 1.02535e+07 3.45299e+06 3.14291e+06 2.8778e+06 2.75061e+06 2.54079e+06 3.93189e+06 3.89536e+06 4.17278e+06 3.88201e+06 2.53478e+06 2.50952e+06 2.22733e+06 5.6868e+06 7.2322e+06 2.63923e+06 2.88785e+06 2.24875e+06 4.22562e+06 3.69112e+06 4.35551e+06 4.62143e+06 3.70116e+06 3.44865e+06 4.24224e+06
threshold=5156.5039062500009 852.46588134765636 594.14135742187511 904.46777343750011 1972.0000000000002 874.56988525390636 -404.74999999999994 4543.5000000000009 430.25000000000006 -75.249999999999986 4881.5000000000009 3104.618774414063 3241.2500000000005 4244.0148925781259 529.70809936523449 -706.24999999999989 -69.749999999999986 1783.2500000000002 1446.2200927734377 1870.2500000000002 826.25000000000011 1932.2500000000002 2713.646118164063 809.25000000000011 2200.132446289063 3527.444946289063 797.33575439453136 904.46777343750011 700.57888793945324 -800.74999999999989
decision_type=2 2 2 2 2 2 2 2 2 2 2 2 2 2 2 2 2 2 2 2 2 2 2 2 2 2 2 2 2 2
left_child=3 2 7 9 5 6 8 -2 15 10 11 12 13 17 -14 -5 -8 18 22 -20 -19 -22 24 28 25 26 -1 -28 -24 -30
right_child=1 -3 -4 4 -6 -7 16 -9 -10 -11 -12 -13 14 -15 -16 -17 -18 20 19 -21 21 -23 23 -25 -26 -27 27 -29 29 -31
leaf_value=-0.31569059303629249 9.293792846679688 41.219939477103104 -15.070535078048707 -0.76417748928070073 -30.847471861612231 25.379696409518903 -31.927890604192562 33.68452687944685 7.823336214310415 0.83711290069170097 -18.149777688980105 17.19240637421608 -3.2494966828823091 15.266643138264502 -22.835482193972613 -22.012873450279237 -9.5334647351297832 18.220397022565205 -33.172764045397443 -0.86687624861554413 4.3698033107417391 -13.96145092646281 -1.9776288782612661 9.5425897122892138 -4.9957826679478048 11.031788493621917 -5.8672338142627627 -28.563934923254926 -9.472601719697316 16.879127321072989
leaf_weight=16419 25 21 25 32 21 26 22 28 37 6854 20 32 80 43 37 25 29 30 30 41 205 24 356 163 434 84 82 23 21 56
leaf_count=16419 25 21 25 32 21 26 22 28 37 6854 20 32 80 43 37 25 29 30 30 41 205 24 356 163 434 84 82 23 21 56
internal_value=6.27702e-10 16.8118 10.2404 -0.0659782 -6.52146 -3.53406 -8.71859 22.1795 -3.03523 -0.0164674 -0.338274 -0.318658 -0.349569 -0.290495 -9.44336 -10.0838 -19.1938 -0.327726 -0.395049 -14.5173 4.27547 2.44862 -0.338201 2.68073 -0.44378 -0.324828 -0.382559 -10.8389 0.0976227 9.69229
internal_weight=25325 99 78 25226 192 171 145 53 94 25034 18180 18160 18128 18011 117 57 51 17968 17709 71 259 229 17638 596 17042 16608 16524 105 433 77
internal_count=25325 99 78 25226 192 171 145 53 94 25034 18180 18160 18128 18011 117 57 51 17968 17709 71 259 229 17638 596 17042 16608 16524 105 433 77
is_linear=0
shrinkage=0.05


Tree=2
num_leaves=31
num_cat=0
split_feature=6 117 75 86 215 223 85 254 254 241 31 61 172 226 27 218 222 170 194 140 189 188 148 1 257 204 12 117 180 177
split_gain=1.01408e+07 5.92041e+06 6.5479e+06 2.91337e+06 5.98008e+06 5.29236e+06 2.8898e+06 3.2079e+06 2.55321e+06 2.41736e+06 2.40914e+06 2.40044e+06 3.78582e+06 3.8874e+06 3.85124e+06 3.07571e+06 2.9848e+06 6.33215e+06 4.15408e+06 3.92307e+06 3.40103e+06 5.42513e+06 3.31785e+06 4.67942e+06 3.06196e+06 3.05966e+06 3.42673e+06 5.45766e+06 4.00751e+06 3.22212e+06
threshold=5156.5039062500009 719.73504638671886 569.17248535156261 3709.7500000000005 744.84381103515636 2970.2917480468755 4764.5000000000009 -108.24999999999999 -75.249999999999986 156.75000000000003 -3612.2499999999995 904.46777343750011 1077.1675415039065 -75.749999999999986 162.40338134765628 -122.24999999999999 719.73504638671886 -1595.2499999999998 904.46777343750011 3316.0000000000005 2042.5000000000002 2001.2327270507815 -230.24999999999997 1570.7500000000002 797.33575439453136 1783.2500000000002 581.48425292968761 542.71502685546886 415.07563781738287 1791.2500000000002
decision_type=2 2 2 2 2 2 2 2 2 2 2 2 2 2 2 2 2 2 2 2 2 2 2 2 2 2 2 2 2 2
left_child=3 2 -2 5 6 8 7 9 11 -5 -10 16 14 15 -13 -14 19 18 -18 24 21 22 -19 -24 25 -1 27 28 -27 -30
right_child=1 -3 -4 4 -6 -7 -8 -9 10 -11 -12 12 13 -15 -16 -17 17 20 -20 -21 -22 -23 23 -25 -26 26 -28 -29 29 -31
leaf_value=-0.42249977611265205 22.361437294699929 39.536124447413854 -6.8533304635216217 -3.9905250625610353 -32.758278951644904 25.065086621329897 10.82593195778983 7.0758988142013557 16.269369888305665 -25.766061272987955 0.7195882852412363 -7.7228244851032901 -7.4587827843427661 -12.147573465567369 -33.837761063575748 16.878079404057683 1.1681241486753737 19.749494282080207 -18.939441242733519 -22.523306834697724 -8.2459620361328128 36.02496666431427 -10.045000265194821 10.493317232529323 -17.852274322509768 -0.36454213690012693 17.738694143295287 -22.450198376178744 6.9013996441538144 29.339218282699587
leaf_weight=17401 44 21 34 25 20 21 28 24 25 26 6833 48 20 39 20 37 84 49 37 20 25 20 39 96 25 128 44 20 48 24
leaf_count=17401 44 21 34 25 20 21 28 24 25 26 6833 48 20 39 20 37 84 49 37 20 25 20 39 96 25 128 44 20 48 24
internal_value=3.8653e-08 15.9712 9.62679 -0.0626793 -7.73901 -0.0250667 -2.8809 -7.99812 -0.0460735 -15.0918 0.776273 -0.355536 -6.3774 0.0162283 -15.4037 8.33883 -0.300853 4.27155 -4.98047 -0.391217 9.16017 11.2933 8.60505 4.56003 -0.366194 -0.341448 5.00093 2.45338 4.94374 14.3807
internal_weight=25325 99 78 25226 123 25103 103 75 25082 51 6858 18224 164 96 68 57 18060 350 121 17710 229 204 184 135 17690 17665 264 220 200 72
internal_count=25325 99 78 25226 123 25103 103 75 25082 51 6858 18224 164 96 68 57 18060 350 121 17710 229 204 184 135 17690 17665 264 220 200 72
is_linear=0
shrinkage=0.05


Tree=3
num_leaves=31
num_cat=0
split_feature=6 163 75 5 9 153 2 120 61 9 64 204 12 251 238 117 185 247 4 105 173 25 192 201 187 33 61 60 244 219
split_gain=9.15205e+06 5.54755e+06 5.33948e+06 2.81402e+06 5.07994e+06 9.04194e+06 3.10468e+06 3.18899e+06 2.65911e+06 2.41397e+06 2.3954e+06 2.38959e+06 5.32077e+06 4.56019e+06 5.33452e+06 4.03635e+06 3.88328e+06 3.70204e+06 3.03943e+06 3.03638e+06 2.99915e+06 2.34384e+06 3.27663e+06 4.19092e+06 2.82719e+06 2.77829e+06 3.40453e+06 5.24419e+06 3.36528e+06 3.75084e+06
threshold=5156.5039062500009 1403.0000000000002 569.17248535156261 904.46777343750011 1972.0000000000002 874.56988525390636 507.75000000000006 -87.249999999999986 644.34121704101574 -1224.7499999999998 -942.74999999999989 1783.2500000000002 581.48425292968761 1420.4323730468752 878.25000000000011 542.71502685546886 1793.7500000000002 109.25000000000001 3228.2900390625005 3761.0000000000005 405.05412292480474 4842.1301269531259 178.25000000000003 661.46316528320324 488.90100097656256 534.11987304687511 495.52513122558599 -2173.8449707031245 -1210.0142822265623 -1168.7499999999998
decision_type=2 2 2 2 2 2 2 2 2 2 2 2 2 2 2 2 2 2 2 2 2 2 2 2 2 2 2 2 2 2
left_child=3 -2 -3 11 5 6 7 10 -4 -9 -5 13 15 21 -15 19 -14 -16 -17 20 -13 25 -23 24 -24 26 -1 -28 -27 -30
right_child=1 2 8 4 -6 -7 -8 9 -10 -11 -12 12 16 14 17 18 -18 -19 -20 -21 -22 22 23 -25 -26 28 27 -29 29 -31
leaf_value=-0.049389347363060859 38.696126317977907 23.066686784898913 -14.97877970608798 -3.6033590100028299 -29.297609163465957 23.912347448789159 -24.536026843388878 12.430661770502727 10.211719175279141 -5.8000461122264042 -26.680943431024971 0.093675115910716034 1.6806218269893103 -0.33320230040056953 -39.302396774291992 -0.94427324136098234 23.141054408955128 -10.920432691220885 -26.991216695876346 -9.3869517792354937 10.310928661404676 13.977563932915809 -2.9213259309530262 -20.429160852432251 13.090785325742235 -9.1173874853419612 10.811502152102335 1.2582674159243368 5.8695633338675615 -1.9468278439195306
leaf_weight=21192 20 37 22 22 21 26 24 30 20 46 23 159 35 58 20 24 53 27 21 44 131 71 60 20 51 147 175 802 168 1776
leaf_count=21192 20 37 22 22 21 26 24 30 20 46 23 159 35 58 20 24 53 27 21 44 131 71 60 20 51 147 175 802 168 1776
internal_value=-1.08653e-07 15.1726 9.21732 -0.0595455 -6.08964 -3.23954 -8.10816 -4.84973 -2.9833 1.39629 -15.3986 -0.0132972 3.52981 -0.0806489 -10.4783 0.958106 14.6057 -22.9979 -13.0995 2.8521 4.70906 -0.0360182 5.3276 0.639445 4.43559 -0.0806781 0.0836521 2.96944 -1.82292 -1.27134
internal_weight=25325 99 79 25226 192 171 145 121 42 76 45 25034 467 24567 105 379 88 47 45 334 290 24462 202 131 111 24260 22169 977 2091 1944
internal_count=25325 99 79 25226 192 171 145 121 42 76 45 25034 467 24567 105 379 88 47 45 334 290 24462 202 131 111 24260 22169 977 2091 1944
is_linear=0
shrinkage=0.05


Tree=4
num_leaves=31
num_cat=0
split_feature=6 166 68 58 234 135 187 201 204 110 128 60 113 241 33 194 178 145 8 64 47 47 105 75 123 51 240 229 187 247
split_gain=8.25973e+06 5.27886e+06 7.50919e+06 2.84826e+06 2.65716e+06 4.08741e+06 4.8023e+06 4.67342e+06 4.00796e+06 3.74444e+06 2.30685e+06 3.54819e+06 5.22075e+06 3.20866e+06 3.81801e+06 4.21978e+06 3.09651e+06 2.37635e+06 2.98373e+06 2.74819e+06 2.30995e+06 3.64551e+06 3.10122e+06 2.28981e+06 2.43458e+06 2.39067e+06 2.10604e+06 2.0759e+06 6.34466e+06 5.22797e+06
threshold=5156.5039062500009 852.46588134765636 594.14135742187511 4543.5000000000009 1689.5000000000002 3060.2500000000005 661.46316528320324 581.48425292968761 2874.2500000000005 423.24964904785162 -1921.9999999999998 -5397.1774902343741 -260.74999999999994 715.75000000000011 517.10519409179699 436.57550048828131 -2011.9999999999998 502.09635925292974 -137.24999999999997 -2756.9999999999995 277.44209289550787 342.25267028808599 -2708.9999999999995 1012.183807373047 1734.3575439453127 -175.24999999999997 338.25000000000006 719.73504638671886 630.97421264648449 -1049.7499999999998
decision_type=2 2 2 2 2 2 2 2 2 2 2 2 2 2 2 2 2 2 2 2 2 2 2 2 2 2 2 2 2 2
left_child=4 2 3 -2 5 10 7 26 9 -6 13 12 -12 14 16 -16 20 18 -18 -19 -1 -22 -23 24 -17 -26 -7 28 -13 -29
right_child=1 -3 -4 -5 8 6 -8 -9 -10 -11 11 27 -14 -15 15 23 17 19 -20 -21 21 22 -24 -25 25 -27 -28 29 -30 -31
leaf_value=-9.7814000493004229 6.8113579864501963 36.665559648332142 -14.165280067443849 30.030638790130617 14.635080986022951 -20.174442780358451 -31.229644750413442 13.174348702797523 25.695025329589846 -13.014344375828902 1.6988638807932537 0.073824581310172527 25.318850556541893 17.696129350662233 -28.627801686241515 -6.0239602790347178 -2.8038149110060289 15.341823151237087 -22.466025902032854 -0.80410450877145279 24.873870040820197 -4.8104862476340857 12.005304515361786 -19.182735814367021 19.460785772800449 -4.6936607088361475 -1.5885754461641666 -11.512840369224548 -6.2090017353555691 5.777504139093832
leaf_weight=21 25 21 25 28 25 35 21 26 25 24 75 22910 34 20 21 259 547 38 20 86 26 52 58 28 20 21 27 50 409 348
leaf_count=21 25 21 25 28 25 35 21 26 25 24 75 22910 34 20 21 259 547 38 20 86 26 52 58 28 20 21 27 50 409 348
internal_value=3.72554e-08 14.414 8.4232 19.0781 -0.0565681 -0.0844026 -9.74575 -4.61891 9.40417 1.09251 -0.0423515 0.0661053 9.06657 -2.16568 -2.49754 -6.8993 -0.685964 -2.12615 -3.49737 4.14384 5.6527 8.0359 4.05602 -5.50815 -4.23186 7.089 -12.0806 0.0247404 -0.0363721 3.60535
internal_weight=25325 99 78 53 25226 25152 109 88 74 49 25043 23826 109 1217 1197 349 848 691 567 124 157 136 110 328 300 41 62 23717 23319 398
internal_count=25325 99 78 53 25226 25152 109 88 74 49 25043 23826 109 1217 1197 349 848 691 567 124 157 136 110 328 300 41 62 23717 23319 398
is_linear=0
shrinkage=0.05


Tree=5
num_leaves=31
num_cat=0
split_feature=6 117 78 82 254 86 222 244 92 239 239 234 196 176 244 247 128 186 115 33 257 122 178 236 141 183 245 94 178 131
split_gain=7.4544e+06 4.92293e+06 5.706e+06 3.27334e+06 2.5418e+06 3.37803e+06 5.59519e+06 3.15405e+06 2.42552e+06 2.72182e+06 2.24192e+06 2.16246e+06 2.89198e+06 5.55634e+06 4.70485e+06 3.41444e+06 2.55528e+06 3.67399e+06 3.50678e+06 3.15097e+06 3.26067e+06 3.3892e+06 2.9342e+06 2.85401e+06 6.60651e+06 4.93733e+06 4.0644e+06 3.79382e+06 3.54816e+06 3.07591e+06
threshold=5156.5039062500009 719.73504638671886 4861.2500000000009 587.72634887695324 -75.249999999999986 3709.7500000000005 744.84381103515636 2518.4440917968755 4691.0000000000009 472.75000000000006 1578.5000000000002 367.75000000000006 1940.7500000000002 2837.5000000000005 1545.7882080078127 -179.74999999999997 -1972.2499999999998 -3849.6298828124995 -485.74999999999994 517.10519409179699 482.70347595214849 -3281.2499999999995 -2011.9999999999998 679.19335937500011 2169.5000000000005 2290.2500000000005 -439.24999999999994 -1242.2499999999998 1296.5000000000002 719.73504638671886
decision_type=2 2 2 2 2 2 2 2 2 2 2 2 2 2 2 2 2 2 2 2 2 2 2 2 2 2 2 2 2 2
left_child=4 2 -2 -4 5 7 8 11 9 -7 -6 16 14 -14 -13 -16 19 18 -18 22 -21 -22 -1 29 26 28 -25 -28 -26 -19
right_child=1 -3 3 -5 10 6 -8 -9 -10 -11 -12 12 13 -15 15 -17 17 23 -20 20 21 -23 -24 24 25 -27 27 -29 -30 -31
leaf_value=5.5574674621541451 -9.1980055363972983 35.181590037686483 29.634473773411344 3.1499389314651491 0.71305014168309588 5.2710833776564829 -33.196613025665286 19.533675639629365 10.510615517876365 -17.379351025488642 16.34967326288638 -1.6059119683706262 10.966317771604428 -13.458951581319173 -27.202532212487583 -6.7115723154124103 4.1212174900462122 -0.078130795166976699 24.693196674629494 -22.012350768753976 -22.586199440002442 -3.0861520015793604 -2.6786752095767135 -7.900256552729342 13.340154007764964 -2.5340314683460057 24.381313358653678 2.5424744004788611 39.72166772842408 -8.8782883542776112
leaf_weight=141 30 21 28 20 6864 21 20 20 22 36 23 2403 104 30 29 68 89 14111 27 33 25 205 464 90 26 21 22 207 25 100
leaf_count=141 30 21 28 20 6864 21 20 20 22 36 23 2403 104 30 29 68 89 14111 27 33 25 205 464 90 26 21 22 207 25 100
internal_value=1.43695e-07 13.6933 7.908 18.5993 -0.0537395 -0.361309 -9.57235 -0.311315 -3.59152 -9.03445 0.765271 -0.333099 -1.65814 5.49797 -2.04171 -12.8377 -0.10917 0.0463039 8.90952 -2.74542 -7.31454 -5.20572 -0.759177 -0.0241065 4.1901 17.8704 1.10238 4.64053 26.2723 -0.140056
internal_weight=25325 99 78 48 25226 18339 99 18240 79 57 6887 18220 2634 134 2500 97 15586 14718 116 868 263 230 605 14602 391 72 319 229 51 14211
internal_count=25325 99 78 48 25226 18339 99 18240 79 57 6887 18220 2634 134 2500 97 15586 14718 116 868 263 230 605 14602 391 72 319 229 51 14211
is_linear=0
shrinkage=0.05


Tree=6
num_leaves=31
num_cat=0
split_feature=6 163 75 5 9 153 2 120 64 61 223 257 93 89 245 152 38 128 9 121 66 254 224 225 225 226 161 246 141 177
split_gain=6.7276e+06 4.87114e+06 4.33196e+06 2.46507e+06 4.34889e+06 7.82971e+06 2.82998e+06 2.6668e+06 2.20907e+06 2.18052e+06 2.09797e+06 5.45728e+06 2.43328e+06 3.05121e+06 2.38724e+06 3.16026e+06 2.28713e+06 3.08517e+06 2.07415e+06 1.92267e+06 2.05247e+06 1.87369e+06 2.17517e+06 1.89571e+06 3.06366e+06 3.75144e+06 2.73867e+06 3.32137e+06 3.5084e+06 2.76279e+06
threshold=5156.5039062500009 1403.0000000000002 569.17248535156261 904.46777343750011 1972.0000000000002 874.56988525390636 507.75000000000006 -87.249999999999986 -942.74999999999989 644.34121704101574 2970.2917480468755 719.73504638671886 3128.0000000000005 304.82710266113287 392.75000000000006 594.14135742187511 3903.7500000000005 2133.2500000000005 -1224.7499999999998 2804.5000000000005 4138.7500000000009 -75.249999999999986 1147.7500000000002 197.25000000000003 -177.24999999999997 -812.24999999999989 -502.74999999999994 891.75000000000011 -323.99999999999994 -396.24999999999994
decision_type=2 2 2 2 2 2 2 2 2 2 2 2 2 2 2 2 2 2 2 2 2 2 2 2 2 2 2 2 2 2
left_child=3 -2 -3 10 5 6 7 8 -5 -4 12 -12 16 -14 19 -16 21 -18 -9 -15 -21 23 -23 24 -1 -26 27 28 -25 -28
right_child=1 2 9 4 -6 -7 -8 18 -10 -11 11 -13 13 14 15 -17 17 -19 -20 20 -22 22 -24 26 25 -27 29 -29 -30 -31
leaf_value=-0.81448982337401654 35.051407070159911 19.902667592022873 -14.423696088790894 -2.7968176928433506 -27.16809706914993 22.208484825721158 -23.272646482785547 11.462620787620544 -24.958677524069081 8.3874944734573358 -5.0728180316778335 28.763305360620674 -24.409086484909057 9.3341269516944898 -1.6326729509565567 -27.85574571117759 1.3580076591836083 25.850742702484133 -5.4362170930789873 -15.300866253559406 3.8926960436503095 0.58284754516839954 7.7684897137579512 -2.1181973840124044 8.0869812451134635 0.69478451528917751 2.6848021890684315 15.96212581450289 -9.2016315353502129 -0.83039894441430084
leaf_weight=4526 20 37 22 22 21 26 24 30 23 20 26 22 20 40 27 20 36 20 46 26 30 6699 107 796 177 5656 617 22 224 5943
leaf_count=4526 20 37 22 22 21 26 24 30 23 20 26 22 20 40 27 20 36 20 46 26 30 6699 107 796 177 5656 617 22 224 5943
internal_value=3.98592e-08 13.0086 7.42819 -0.0510527 -5.6949 -3.05784 -7.58835 -4.47741 -14.124 -3.56122 -0.00776682 10.4354 -0.0278289 -6.1169 -3.55856 -12.7914 0.0121549 10.1054 1.23438 0.961702 -5.0186 -0.0106667 0.695816 -0.278376 0.161668 0.919098 -0.878009 -3.2592 -3.67378 -0.499777
internal_weight=25325 99 79 25226 192 171 145 121 45 42 25034 48 24986 163 143 47 24823 56 76 96 56 24767 6806 17961 10359 5833 7602 1042 1020 6560
internal_count=25325 99 79 25226 192 171 145 121 45 42 25034 48 24986 163 143 47 24823 56 76 96 56 24767 6806 17961 10359 5833 7602 1042 1020 6560
is_linear=0
shrinkage=0.05


Tree=7
num_leaves=31
num_cat=0
split_feature=6 240 177 191 22 234 199 196 204 237 234 25 33 61 60 148 200 78 49 32 32 124 233 92 122 37 233 22 213 180
split_gain=6.07166e+06 4.71542e+06 4.79397e+06 3.76141e+06 2.29554e+06 3.23636e+06 5.12247e+06 3.83094e+06 2.60608e+06 4.34438e+06 7.47676e+06 2.85413e+06 3.11539e+06 3.34736e+06 4.40561e+06 3.08879e+06 2.90172e+06 3.80806e+06 3.80885e+06 5.70346e+06 4.41725e+06 4.04544e+06 4.98182e+06 3.39598e+06 7.97198e+06 4.65226e+06 3.31762e+06 3.39675e+06 3.30768e+06 3.29753e+06
threshold=5156.5039062500009 -132.74999999999997 1699.5000000000002 2095.5000000000005 5261.2500000000009 1689.5000000000002 2658.2500000000005 2709.2500000000005 1783.2500000000002 1654.1351318359377 849.75000000000011 4842.1301269531259 534.11987304687511 495.52513122558599 -2173.8449707031245 2117.0000000000005 2300.4050292968755 1705.2500000000002 910.25000000000011 1143.8275146484377 3398.047485351563 719.73504638671886 -1688.7499999999998 -387.74999999999994 27.750000000000004 -870.74999999999989 -569.24999999999989 3299.7500000000005 873.25000000000011 569.17248535156261
decision_type=2 2 2 2 2 2 2 2 2 2 2 2 2 2 2 2 2 2 2 2 2 2 2 2 2 2 2 2 2 2
left_child=4 2 -2 -3 5 7 -7 8 9 11 -11 12 13 -1 -15 16 17 18 20 29 21 22 -14 -23 25 -25 -18 28 -28 -20
right_child=1 3 -4 -5 -6 6 -8 -9 -10 10 -12 -13 15 14 -16 -17 26 -19 19 -21 -22 23 -24 24 -26 -27 27 -29 -30 -31
leaf_value=-0.062520480090714453 42.637742271423342 -7.2862385913303926 9.4923314730326336 19.895510139465333 -14.619799981293855 1.7698934619625408 31.377555356706893 -16.139456287590232 4.0431514788912493 -1.1764830335974694 -31.427499217987062 5.8574026441810156 -21.044193096818596 10.119945988540138 1.3618134323954583 9.9281774556195295 2.3910563831145946 7.9699524193417792 -13.238913244773181 -1.4203654970086756 18.77763007481893 -2.6113423528342414 -0.09487378882002255 -16.229814444122646 -0.91724842419991137 -47.576100978851322 -15.155328525697129 9.7500575634695252 -1.6056400601826017 -38.210336451530459
leaf_weight=21192 20 35 24 20 27 48 21 37 385 64 30 202 29 175 800 54 78 102 39 84 27 145 1324 29 52 20 158 21 63 20
leaf_count=21192 20 35 24 20 27 48 21 37 385 64 30 202 29 175 800 54 78 102 39 84 27 145 1324 29 52 20 158 21 63 20
internal_value=-3.40338e-08 12.3582 24.5584 2.59803 -0.0485001 -0.0328874 10.7809 -0.0625791 -0.0388735 -0.10248 -10.8311 -0.0615075 -0.110484 0.06927 2.93379 -1.88537 -2.17653 -1.42401 -1.96567 -9.78906 -1.27763 -1.61627 -0.543898 -7.51434 -14.5533 -29.0242 -6.57639 -9.46672 -11.2927 -21.7038
internal_weight=25325 99 44 55 25226 25199 69 25130 25093 24708 94 24614 24412 22167 975 2245 2191 1871 1769 143 1626 1599 1353 246 101 49 320 242 221 59
internal_count=25325 99 44 55 25226 25199 69 25130 25093 24708 94 24614 24412 22167 975 2245 2191 1871 1769 143 1626 1599 1353 246 101 49 320 242 221 59
is_linear=0
shrinkage=0.05


Tree=8
num_leaves=31
num_cat=0
split_feature=6 240 177 117 254 22 54 49 236 232 92 201 129 205 236 4 224 94 251 95 252 59 226 194 169 211 5 232 10 31
split_gain=5.47967e+06 4.25567e+06 4.32656e+06 3.57063e+06 2.08033e+06 2.89691e+06 2.30931e+06 3.14024e+06 3.07365e+06 6.06798e+06 4.18386e+06 3.13519e+06 4.11432e+06 3.64768e+06 3.61176e+06 3.21555e+06 3.11484e+06 3.07974e+06 2.89988e+06 2.84611e+06 2.71764e+06 2.48348e+06 2.47238e+06 2.46028e+06 3.52142e+06 2.43928e+06 2.82202e+06 2.43092e+06 2.23764e+06 2.15582e+06
threshold=5156.5039062500009 -132.74999999999997 1699.5000000000002 513.46029663085949 -75.249999999999986 5261.2500000000009 904.46777343750011 1160.7500000000002 700.57888793945324 -900.24999999999989 2736.0000000000005 661.46316528320324 1357.2500000000002 -1416.2499999999998 679.19335937500011 5512.5800781250009 -221.74999999999997 3016.2500000000005 1018.9447631835939 1831.0349731445315 -442.24999999999994 3391.7500000000005 -52.249999999999993 904.46777343750011 -77.749999999999986 2043.7500000000002 581.48425292968761 425.25000000000006 4457.0000000000009 -2339.7499999999995
decision_type=2 2 2 2 2 2 2 2 2 2 2 2 2 2 2 2 2 2 2 2 2 2 2 2 2 2 2 2 2 2
left_child=4 2 -2 -3 5 6 8 19 11 -10 18 14 13 -13 15 17 -12 25 20 29 -11 -19 -21 -22 -25 27 -27 -1 -23 -8
right_child=1 3 -4 -5 -6 -7 7 -9 9 10 16 12 -14 -15 -16 -17 -18 21 -20 22 23 28 -24 24 -26 26 -28 -29 -30 -31
leaf_value=-0.0025134605753044572 40.50585498809815 18.07107712355527 9.0177149454752605 -7.9338316700675264 0.69486802556615956 -18.058099879389225 5.464071264266968 -20.229855841398241 -16.403609741588728 -7.501491285242686 1.8377334785461426 -24.390009005665782 -27.853155899047852 -1.9180657132338454 19.108336313565573 13.19817505533045 23.453156578063968 -17.434612292593176 -13.570963258544603 13.970072094372341 8.9096438744114437 0.60764662386423141 -8.0672845792770396 -15.094897533285206 9.3391467797756196 2.7112089783495126 24.25717631294614 -1.4525550820429851 -16.455863931179049 -13.452326757399764
leaf_weight=13510 20 22 24 33 6887 23 20 32 34 41 25 20 20 186 24 44 50 44 24 35 206 83 20 29 30 55 21 3677 25 61
leaf_count=13510 20 22 24 33 6887 23 20 32 34 41 25 20 20 186 24 44 50 44 24 35 206 83 20 29 30 55 21 3677 25 61
internal_value=4.76849e-09 11.7403 23.3305 2.46813 -0.0460751 -0.324328 -0.302059 -6.13726 -0.248041 3.88479 5.58801 -0.350493 -6.20187 -4.09981 -0.274853 -0.301498 16.248 -0.335605 3.16529 -2.82135 4.47793 -7.42161 5.95649 6.33135 -2.67081 -0.273214 8.6647 -0.312736 -3.34224 -8.78161
internal_weight=25325 99 44 55 25226 18339 18316 168 18148 439 405 17709 226 206 17483 17459 75 17415 330 136 306 152 55 265 59 17263 76 17187 108 81
internal_count=25325 99 44 55 25226 18339 18316 168 18148 439 405 17709 226 206 17483 17459 75 17415 330 136 306 152 55 265 59 17263 76 17187 108 81
is_linear=0
shrinkage=0.05


Tree=9
num_leaves=31
num_cat=0
split_feature=62 190 176 111 234 199 196 204 237 234 25 192 33 148 61 60 3 69 52 219 13 6 124 131 113 219 245 157 165 142
split_gain=5.11275e+06 3.8461e+06 3.24204e+06 3.04693e+06 2.78918e+06 5.58321e+06 3.71143e+06 2.37848e+06 4.41995e+06 5.59161e+06 2.64566e+06 2.93432e+06 2.71783e+06 2.91765e+06 2.84892e+06 4.07285e+06 2.74701e+06 4.10771e+06 3.99795e+06 2.78973e+06 2.65036e+06 2.65024e+06 3.92533e+06 5.52314e+06 3.69948e+06 3.01565e+06 3.81839e+06 3.94084e+06 3.9525e+06 3.85428e+06
threshold=4934.2937011718759 1280.2500000000002 2837.5000000000005 4506.3398437500009 1689.5000000000002 2658.2500000000005 2709.2500000000005 1783.2500000000002 1654.1351318359377 849.75000000000011 4842.1301269531259 178.25000000000003 534.11987304687511 2117.0000000000005 495.52513122558599 -2173.8449707031245 -1968.7499999999998 -960.60104370117176 -1520.2499999999998 -1279.7499999999998 -5016.3322753906241 45.226949691772468 446.18640136718756 412.30027770996099 -2628.7499999999995 -329.24999999999994 -298.24999999999994 -288.74999999999994 1149.2600097656252 -83.749999999999986
decision_type=2 2 2 2 2 2 2 2 2 2 2 2 2 2 2 2 2 2 2 2 2 2 2 2 2 2 2 2 2 2
left_child=3 -2 -3 4 6 -6 7 8 10 -10 12 -12 14 21 -1 20 -17 18 -18 -19 -16 24 23 -23 -14 26 27 28 -24 -29
right_child=1 2 -4 -5 5 -7 -8 -9 9 -11 11 -13 13 -15 15 16 17 19 -20 -21 -22 22 25 -25 -26 -27 -28 29 -30 -31
leaf_value=-0.053904930053425761 30.92711921691895 -7.6749936704282407 13.680469968685737 -19.082052085513162 0.69382368496486124 31.508204396565755 -16.327017462594167 3.8919681971010416 -2.2690814018249514 -27.867252379655838 13.554364659979539 1.1496450482909359 -19.080728750962479 9.6171570084311746 -5.1116148036259874 -9.9136440526980625 3.2813606818517052 -13.113771620918724 28.733599037594264 1.5766246624747335 12.188994085308691 -0.26666956901550293 -9.9588881036509633 -36.980537178402862 -0.0085530325020146038 -5.770412567191654 3.8100101181438997 -33.00815289720893 9.9023530890724878 -7.6629304424921676
leaf_weight=21192 20 27 52 21 49 21 35 380 64 32 74 134 26 55 26 52 36 34 27 653 149 20 46 21 1152 540 252 20 55 60
leaf_count=21192 20 27 52 21 49 21 35 380 64 32 74 134 26 55 26 52 36 34 27 653 149 20 46 21 1152 540 252 20 55 60
internal_value=2.1867e-08 11.3404 6.38177 -0.0445057 -0.0286443 9.93814 -0.0564014 -0.0337132 -0.0940595 -10.8018 -0.0523139 5.56286 -0.10015 -1.75712 0.0677973 2.70763 1.19962 1.97014 14.1895 0.849589 9.61862 -2.04252 -3.91641 -19.0713 -0.429501 -3.27782 -0.169274 -5.70949 0.856639 -13.9992
internal_weight=25325 99 79 25226 25205 70 25135 25100 24720 96 24624 208 24416 2247 22169 977 802 750 63 687 175 2192 1014 41 1178 973 433 181 101 80
internal_count=25325 99 79 25226 25205 70 25135 25100 24720 96 24624 208 24416 2247 22169 977 802 750 63 687 175 2192 1014 41 1178 973 433 181 101 80
is_linear=0
shrinkage=0.05


Tree=10
num_leaves=31
num_cat=0
split_feature=65 232 82 249 86 223 30 71 4 231 192 111 87 105 257 175 218 40 143 241 176 170 163 48 169 0 253 254 61 67
split_gain=4.67e+06 4.82215e+06 4.6754e+06 3.46567e+06 2.99e+06 3.66734e+06 2.28147e+06 2.55556e+06 1.84743e+06 2.85896e+06 3.48368e+06 3.31049e+06 2.60961e+06 3.91109e+06 2.65422e+06 2.49335e+06 2.61623e+06 2.1073e+06 3.24112e+06 4.1607e+06 3.75854e+06 4.36137e+06 4.26408e+06 3.01126e+06 2.91118e+06 5.45822e+06 3.43573e+06 3.28323e+06 2.82061e+06 2.96623e+06
threshold=4483.7500000000009 537.75000000000011 644.34121704101574 4465.4074707031259 3709.7500000000005 2970.2917480468755 4162.0000000000009 4328.7500000000009 4949.7849121093759 1205.5000000000002 1939.0000000000002 3532.9606933593755 3077.7500000000005 2972.5000000000005 630.97421264648449 1940.5000000000002 1295.5000000000002 534.11987304687511 -1899.7499999999998 -80.749999999999986 -544.74999999999989 -1454.7499999999998 -893.24999999999989 -542.56283569335926 1945.7500000000002 2225.2500000000005 470.25000000000006 -837.24999999999989 495.52513122558599 -2115.6750488281245
decision_type=2 2 2 2 2 2 2 2 2 2 2 2 2 2 2 2 2 2 2 2 2 2 2 2 2 2 2 2 2 2
left_child=4 -2 3 -3 5 8 7 -6 12 11 -11 15 13 17 -15 16 -10 28 19 23 22 -22 -20 -19 27 -26 -27 -23 -1 -30
right_child=1 2 -4 -5 6 -7 -8 -9 9 10 -12 -13 -14 14 -16 -17 -18 18 20 -21 21 24 -24 -25 25 26 -28 -29 29 -31
leaf_value=-0.034753093464408046 32.879411792755128 1.7323371610333844 -15.454336919784547 27.040364671250185 -15.765278371175132 19.133433906555176 -17.190433428504249 6.2976432200840549 3.9529362952920817 -22.532824579874674 6.2673235779716858 24.041782370857572 -7.3376860759788904 3.1303231312678412 26.448047637939453 -9.0411793585746523 20.990021194402988 -8.2302940263538744 1.7571503893582656 1.6620230933894282 -21.492954976218087 -14.751971521377564 19.046069909632205 -25.861163345972699 14.745958493777685 6.9447779583930966 -21.688932453502311 -1.7381492009224813 8.7716684792722983 1.4554425245410281
leaf_weight=21367 20 31 20 24 21 25 44 35 169 21 21 23 123 26 23 31 26 74 329 69 28 50 40 36 70 20 22 1579 168 790
leaf_count=21367 20 31 20 24 21 25 44 35 169 21 21 23 123 26 23 31 26 74 329 69 28 50 40 36 70 20 22 1579 168 790
internal_value=-4.06783e-08 11.065 5.24779 12.7758 -0.0416636 -0.00732755 -8.67032 -1.97595 -0.0263883 3.93435 -8.13275 5.96976 -0.0728368 -0.0366464 14.0754 4.13058 6.22455 -0.0647079 -1.49996 -7.96293 -0.958858 -1.91633 3.63129 -14.0004 -1.60148 6.19604 -8.05383 -2.13759 0.0842495 2.73846
internal_weight=25325 95 75 55 25230 25130 100 56 25105 291 42 249 24814 24691 49 226 195 24642 2317 179 2138 1769 369 110 1741 112 42 1629 22325 958
internal_count=25325 95 75 55 25230 25130 100 56 25105 291 42 249 24814 24691 49 226 195 24642 2317 179 2138 1769 369 110 1741 112 42 1629 22325 958
is_linear=0
shrinkage=0.05


Tree=11
num_leaves=31
num_cat=0
split_feature=62 96 75 111 234 204 196 110 204 237 113 155 54 117 250 117 25 8 196 155 72 26 170 212 234 22 16 220 169 57
split_gain=4.34149e+06 3.48222e+06 3.76078e+06 2.73499e+06 2.50144e+06 4.92399e+06 3.40251e+06 3.34742e+06 2.11654e+06 3.96884e+06 4.93914e+06 2.57103e+06 2.41862e+06 5.93209e+06 5.82994e+06 5.26451e+06 2.18983e+06 2.61752e+06 3.06328e+06 3.16941e+06 2.86795e+06 2.29145e+06 2.5178e+06 2.56461e+06 3.18204e+06 3.08168e+06 3.03969e+06 3.6042e+06 2.97744e+06 2.6609e+06
threshold=4934.2937011718759 700.57888793945324 587.72634887695324 4506.3398437500009 1689.5000000000002 2874.2500000000005 2709.2500000000005 423.24964904785162 1783.2500000000002 1654.1351318359377 2872.5000000000005 3238.2500000000005 562.74551391601574 700.57888793945324 852.46588134765636 547.78625488281261 4842.1301269531259 2100.2500000000005 72.250000000000014 548.75000000000011 1729.7500000000002 534.11987304687511 -2735.7499999999995 -344.74999999999994 -675.24999999999989 3299.7500000000005 1378.0000000000002 60.250000000000007 2018.2500000000002 2565.2500000000005
decision_type=2 2 2 2 2 2 2 2 2 2 2 2 2 2 2 2 2 2 2 2 2 2 2 2 2 2 2 2 2 2
left_child=3 2 -2 4 6 7 8 -6 9 16 -11 -12 15 -14 -15 -10 21 -18 19 -19 -20 -1 -23 29 -25 26 28 -28 -26 -24
right_child=1 -3 -4 -5 5 -7 -8 -9 12 10 11 -13 13 14 -16 -17 17 18 20 -21 -22 22 23 24 25 -27 27 -29 -30 -31
leaf_value=0.062775598275166225 12.938280688199129 29.087266569137576 -10.782849303881328 -18.077712903703965 13.535775703430176 29.669378407796223 -15.631039472307478 -12.60673862695694 3.4275754540926702 -26.27301236987114 4.5418739578940652 -17.078950731754304 24.158289125353793 -20.889685612633116 16.367272229421708 -21.997794133966622 17.320845500628153 -0.21217765441307657 -11.10976064491272 24.031044661998749 4.6647994062479805 -11.80529845851963 0.88157567827047645 14.331954150933488 -3.3854394237539172 11.46333028498818 -27.16106559932232 -6.4470379823730104 13.763760071534378 -15.023549102853847
leaf_weight=22169 55 20 24 21 25 21 35 24 273 32 44 20 43 21 21 22 36 26 50 28 68 59 1009 26 954 34 28 84 26 27
leaf_count=22169 55 20 24 21 25 21 35 24 273 32 44 20 43 21 21 22 36 26 50 28 68 59 1009 26 954 34 28 84 26 27
internal_value=-1.22363e-08 10.4501 5.73186 -0.0410118 -0.0259842 9.41271 -0.0522706 0.731279 -0.0305472 -0.0874736 -10.2341 -2.21463 3.67266 11.104 -2.26121 1.53145 -0.0479156 5.06068 2.4946 12.3584 -2.01934 -0.0914357 -1.61289 -1.33805 -2.9614 -3.36071 -3.82226 -11.6255 -2.93046 0.46706
internal_weight=25325 99 79 25226 25205 70 25135 49 25100 24720 96 64 380 85 42 295 24624 208 172 54 118 24416 2247 2188 1152 1126 1092 112 980 1036
internal_count=25325 99 79 25226 25205 70 25135 49 25100 24720 96 64 380 85 42 295 24624 208 172 54 118 24416 2247 2188 1152 1126 1092 112 980 1036
is_linear=0
shrinkage=0.05


Tree=12
num_leaves=31
num_cat=0
split_feature=58 232 82 249 111 228 201 16 163 87 57 78 101 257 75 212 247 254 225 153 238 156 156 94 0 99 37 205 213 241
split_gain=4.02769e+06 4.48979e+06 5.28823e+06 2.65977e+06 2.34107e+06 2.35476e+06 3.60144e+06 4.71109e+06 4.45394e+06 2.52889e+06 4.85466e+06 3.6391e+06 3.58588e+06 2.66359e+06 2.43758e+06 2.13779e+06 1.8025e+06 2.99778e+06 2.73553e+06 3.95778e+06 3.48256e+06 3.09619e+06 2.49074e+06 2.32487e+06 2.30287e+06 2.62738e+06 2.32676e+06 2.25468e+06 2.17828e+06 2.07867e+06
threshold=4543.5000000000009 537.75000000000011 644.34121704101574 4465.4074707031259 4506.3398437500009 4134.7749023437509 509.73971557617193 3812.7500000000005 1941.2500000000002 3077.7500000000005 3686.2500000000005 3434.2500000000005 2961.5000000000005 630.97421264648449 316.11180114746099 965.50000000000011 -266.24999999999994 -837.24999999999989 224.75000000000003 2404.522094726563 -418.74999999999994 -1219.7499999999998 -3400.4999999999995 1505.7500000000002 1523.5000000000002 430.75000000000006 1264.7500000000002 120.75000000000001 -30.249999999999996 -312.24999999999994
decision_type=2 2 2 2 2 2 2 2 2 2 2 2 2 2 2 2 2 2 2 2 2 2 2 2 2 2 2 2 2 2
left_child=4 -2 3 -3 5 9 -7 8 -8 12 11 -11 16 -14 -12 -16 18 -18 19 -1 -20 27 -19 24 -23 -26 -27 29 -25 -22
right_child=1 2 -4 -5 -6 6 7 -9 -10 10 14 -13 13 -15 15 -17 17 22 20 -21 21 23 -24 28 25 26 -28 -29 -30 -31
leaf_value=-0.2123577477872991 30.70437251499721 3.3006213957263579 -17.437504827380181 26.032610164989126 -14.488135262898036 22.075250476201376 6.3385054623639148 18.48363356413665 -23.603526720793354 -5.0649474612597771 -15.532030603160031 -29.903891069094342 3.5473181198383203 26.929247651781356 -2.5196930918418157 11.667035881280899 -18.628044827779135 15.449083624945747 5.9312523332238207 21.034745227206841 -20.871601627183999 -2.1221502490932571 0.25074242906994187 -22.089960279464723 17.046513813734055 -7.3048941112616497 6.264927931147886 -25.022098759242468 -5.0350174152301852 -4.2164155799563572
leaf_weight=5847 21 31 20 22 28 30 27 27 23 29 23 30 29 21 79 40 21 27 120 22 23 1160 17024 20 32 51 83 21 293 101
leaf_count=5847 21 31 20 22 28 30 27 27 23 29 23 30 29 21 79 40 21 27 120 22 23 1160 17024 20 32 51 83 21 293 101
internal_value=-1.16399e-08 10.3306 4.46968 12.7365 -0.0384875 -0.0224343 7.3792 1.65346 -7.43483 -0.0539921 -5.63986 -17.6949 -0.0088923 13.3677 -0.631064 2.24896 -0.0358124 0.251557 -0.666967 -0.132713 -2.31378 -2.86838 0.274809 -2.24883 -1.33391 4.17426 1.10029 -9.87151 -6.12479 -7.30568
internal_weight=25325 94 73 53 25231 25203 107 77 50 25096 201 59 24895 50 142 119 24845 17072 7773 5869 1904 1784 17051 1639 1326 166 134 145 313 124
internal_count=25325 94 73 53 25231 25203 107 77 50 25096 201 59 24895 50 142 119 24845 17072 7773 5869 1904 1784 17051 1639 1326 166 134 145 313 124
is_linear=0
shrinkage=0.05


Tree=13
num_leaves=31
num_cat=0
split_feature=65 233 117 86 223 249 71 30 257 0 47 135 175 19 47 212 168 87 98 227 27 71 201 88 113 199 240 201 206 201
split_gain=3.70224e+06 4.21911e+06 3.42443e+06 2.61662e+06 3.08188e+06 2.24897e+06 2.0571e+06 2.19566e+06 1.86953e+06 3.97164e+06 3.35133e+06 1.81082e+06 2.73349e+06 2.54338e+06 2.55329e+06 2.53712e+06 2.40184e+06 2.44322e+06 2.3588e+06 2.50301e+06 2.31502e+06 8.08399e+06 2.63307e+06 2.29716e+06 4.2941e+06 2.19384e+06 2.03604e+06 2.49468e+06 1.90287e+06 1.82952e+06
threshold=4483.7500000000009 -168.74999999999997 587.72634887695324 3709.7500000000005 2970.2917480468755 4465.4074707031259 4328.7500000000009 4162.0000000000009 1012.183807373047 688.25000000000011 700.57888793945324 -1883.2499999999998 -1971.2499999999998 254.83058166503909 340.43836975097662 -1229.7499999999998 -932.24999999999989 -3071.9999999999995 -3024.7499999999995 -1009.7499999999999 -283.89118957519526 -1484.7499999999998 619.95794677734386 -5213.3625488281241 -260.74999999999994 -1184.4999999999998 -154.24999999999997 363.91156005859381 -1241.4999999999998 587.72634887695324
decision_type=2 2 2 2 2 2 2 2 2 2 2 2 2 2 2 2 2 2 2 2 2 2 2 2 2 2 2 2 2 2
left_child=3 -2 5 4 8 -3 -5 -8 11 -10 -11 12 13 -1 15 -15 20 -18 19 -16 22 -22 26 24 -13 -24 27 -14 -20 -25
right_child=1 2 -4 6 -6 -7 7 -9 9 10 -12 23 16 14 18 -17 17 -19 28 -21 21 -23 25 29 -26 -27 -28 -29 -30 -31
leaf_value=-15.135618915557863 25.36209579149882 0.34674733257293705 -14.521176292896271 -17.670755908224319 17.541562118530276 22.841582050323488 5.6994324248177666 -12.904687549327983 -6.9684750556945803 4.0621872220720565 32.660868091583254 1.1035896456241607 -1.0060460816730152 23.965998630170471 -17.904289788213273 1.0918394077907909 17.973411073684694 -0.4476493634117974 8.4550664502840771 1.9593346180234636 -37.870551480417667 -4.2354584550857544 -6.2348784255981444 0.11308062569274231 23.023658657073977 14.634770722950206 0.76628913053377412 -9.5266195534084872 -2.3013481354012213 -1.9615384990451314
leaf_weight=20 30 25 20 36 25 20 35 29 26 21 20 80 132 27 29 22 20 180 104 35 23 80 20 22645 31 34 127 246 68 1115
leaf_count=20 30 25 20 36 25 20 35 29 26 21 20 80 132 27 29 22 20 180 104 35 23 80 20 22645 31 34 127 246 68 1115
internal_value=4.02075e-08 9.852 2.69349 -0.0370963 -0.00497555 10.3445 -8.10903 -2.73056 -0.0224487 8.31855 18.0128 -0.0447687 -1.9679 2.10025 3.30979 13.696 -3.40732 1.39446 1.15334 -7.04137 -4.85801 -11.7462 -3.58881 0.0492487 7.22541 6.90527 -4.71095 -6.55118 4.20253 0.0157237
internal_weight=25325 95 65 25230 25130 45 100 64 25105 67 41 25038 1167 305 285 49 862 200 236 64 662 103 559 23871 111 54 505 378 172 23760
internal_count=25325 95 65 25230 25130 45 100 64 25105 67 41 25038 1167 305 285 49 862 200 236 64 662 103 559 23871 111 54 505 378 172 23760
is_linear=0
shrinkage=0.05


Tree=14
num_leaves=31
num_cat=0
split_feature=62 190 212 33 111 234 199 196 107 204 237 234 54 131 117 201 173 194 12 93 143 60 8 78 12 136 257 9 214 160
split_gain=3.44337e+06 3.28912e+06 2.72937e+06 2.41299e+06 2.40307e+06 2.11775e+06 4.27738e+06 3.11568e+06 2.16366e+06 1.90717e+06 3.49106e+06 4.56097e+06 2.13167e+06 5.38319e+06 4.75363e+06 2.18272e+06 1.99054e+06 2.69393e+06 2.13926e+06 2.03596e+06 1.93695e+06 2.39715e+06 2.39955e+06 2.6446e+06 1.97553e+06 5.43798e+06 3.6393e+06 2.87896e+06 5.43468e+06 2.11403e+06
threshold=4934.2937011718759 1280.2500000000002 2136.2500000000005 609.70101928710949 4506.3398437500009 1689.5000000000002 2658.2500000000005 2709.2500000000005 1794.5000000000002 1783.2500000000002 1654.1351318359377 849.75000000000011 562.74551391601574 700.57888793945324 547.78625488281261 797.33575439453136 416.58860778808599 501.99871826171881 282.16751098632818 1813.2500000000002 2817.0000000000005 4655.6149902343759 2100.2500000000005 2067.2500000000005 852.46588134765636 1167.7500000000002 1012.183807373047 -2764.4999999999995 366.32249450683599 372.39973449707037
decision_type=2 2 2 2 2 2 2 2 2 2 2 2 2 2 2 2 2 2 2 2 2 2 2 2 2 2 2 2 2 2
left_child=4 -2 3 -3 5 7 8 9 -7 10 20 -12 14 -14 16 -15 18 19 -11 -18 21 24 -23 -24 26 27 -1 -26 -29 -30
right_child=1 2 -4 -5 -6 6 -8 -9 -10 12 11 -13 13 15 -16 -17 17 -19 -20 -21 -22 22 23 -25 25 -27 -28 28 29 -31
leaf_value=-0.045255902015248262 27.419675750732424 7.1071758695550873 20.683501167297365 -13.803204991600731 -16.943360174269905 13.222628555297852 27.542092268807547 -14.9542932673863 -8.1544424418745365 -14.397646278920384 -1.8898468121886254 -25.008846545219424 22.329246911737656 -14.560068664550782 -20.879194797169077 8.799706673622131 23.519592106342316 -2.2092635643787872 2.0730040581330011 6.6909527982153554 -13.427481686627424 18.788835065118199 -4.6408940953474778 8.3660205670765464 3.5089382003654133 13.84264400145587 21.292248687744141 -30.92614293779646 -11.502443756144725 1.8278343464465854
leaf_weight=24151 20 37 20 22 21 20 21 35 29 23 64 32 45 20 22 20 32 39 138 41 27 29 65 98 44 34 20 28 81 47
leaf_count=24151 20 37 20 22 21 20 21 35 29 23 64 32 45 20 22 20 32 39 138 41 27 29 65 98 44 34 20 28 81 47
internal_value=-2.5502e-08 9.30665 4.72108 -0.689915 -0.0365242 -0.022438 8.66225 -0.0466245 0.570893 -0.0258369 -0.0798744 -9.59618 3.48945 10.466 1.47926 -2.88018 3.28104 8.39995 -0.279946 14.0679 -0.0427738 -0.0280815 5.53692 3.17921 -0.0718627 -4.64393 -0.0276004 -7.78664 -10.9726 -6.60773
internal_weight=25325 99 79 59 25226 25205 70 25135 49 25100 24720 96 380 85 295 40 273 112 161 73 24624 24597 192 163 24405 234 24171 200 156 128
internal_count=25325 99 79 59 25226 25205 70 25135 49 25100 24720 96 380 85 295 40 273 112 161 73 24624 24597 192 163 24405 234 24171 200 156 128
is_linear=0
shrinkage=0.05


Tree=15
num_leaves=31
num_cat=0
split_feature=65 233 117 86 223 249 31 250 128 236 248 60 113 33 194 122 82 246 205 162 226 166 133 248 124 235 231 100 150 234
split_gain=3.21296e+06 3.76478e+06 3.04903e+06 2.30386e+06 2.72025e+06 1.8984e+06 1.88774e+06 2.64486e+06 1.60604e+06 2.95123e+06 2.68129e+06 2.50278e+06 3.9054e+06 2.35131e+06 3.65508e+06 2.33613e+06 1.83023e+06 1.7031e+06 2.36945e+06 2.31862e+06 1.67936e+06 2.40261e+06 4.45025e+06 3.50576e+06 3.48548e+06 3.45013e+06 2.93854e+06 2.80189e+06 2.76401e+06 5.65737e+06
threshold=4483.7500000000009 -168.74999999999997 587.72634887695324 3709.7500000000005 2970.2917480468755 4465.4074707031259 3652.7500000000005 601.57815551757824 -1921.9999999999998 1012.183807373047 537.75000000000011 -5397.1774902343741 -260.74999999999994 517.10519409179699 436.57550048828131 -3281.2499999999995 430.91644287109381 420.25000000000006 -136.74999999999997 -1056.7499999999998 48.250000000000007 557.84716796875011 2506.2500000000005 247.75000000000003 569.17248535156261 3789.8825683593755 335.25000000000006 1228.7500000000002 1160.7500000000002 439.75000000000006
decision_type=2 2 2 2 2 2 2 2 2 2 2 2 2 2 2 2 2 2 2 2 2 2 2 2 2 2 2 2 2 2
left_child=3 -2 5 4 8 -3 -5 -8 10 11 13 12 -10 15 -15 16 -1 18 19 -16 -13 25 24 -24 26 -22 -23 28 -26 -30
right_child=1 2 -4 6 -6 -7 7 -9 9 -11 -12 20 -14 14 17 -17 -18 -19 -20 -21 21 22 23 -25 27 -27 -28 -29 29 -31
leaf_value=13.739605611245683 23.82916001001994 0.44975054204463966 -13.827900086641314 3.9809189076607043 16.480563537597657 21.117138765454293 -2.7259434748918583 -21.659008838108608 1.2352733607292175 14.789947679814171 15.918764023553758 0.29050316406708582 21.664214583004224 -25.774635855356856 -8.3335517509563548 -1.4729145011901856 -3.2310019532839456 3.2059244609648183 -20.333337857173042 1.7408957781971144 -0.47578889999047558 -22.800813907384875 -4.7393611669540405 -33.989530163719543 0.017536629100731754 11.987319519264359 -5.2103405929130062 8.2243730306625373 7.8202049160003675 -26.288594645838586
leaf_weight=47 30 25 20 26 25 20 39 35 75 34 21 16568 34 21 148 775 24 62 26 93 6607 32 20 21 218 56 92 80 20 31
leaf_count=47 30 25 20 26 25 20 39 35 75 34 21 16568 34 21 148 775 24 62 26 93 6607 32 20 21 218 56 92 80 20 31
internal_value=-1.61609e-08 9.17793 2.41582 -0.0345582 -0.00441825 9.63526 -7.60873 -11.6808 -0.0208343 0.0694316 -1.79263 0.0484499 7.6076 -2.10361 -5.55037 -0.677649 8.00306 -4.25946 -5.99299 -4.4459 0.01375 -0.625131 -3.9189 -19.7212 -2.54915 -0.371041 -9.74982 0.00925642 -2.4339 -12.9126
internal_weight=25325 95 65 25230 25130 45 100 74 25105 23888 1217 23854 109 1196 350 846 71 329 267 241 23745 7177 514 41 473 6663 124 349 269 51
internal_count=25325 95 65 25230 25130 45 100 74 25105 23888 1217 23854 109 1196 350 846 71 329 267 241 23745 7177 514 41 473 6663 124 349 269 51
is_linear=0
shrinkage=0.05


Tree=16
num_leaves=31
num_cat=0
split_feature=51 233 111 228 201 16 163 87 57 105 78 253 121 199 96 247 254 225 143 238 156 110 156 188 202 245 240 232 248 184
split_gain=2.98208e+06 3.17369e+06 2.19315e+06 1.97677e+06 2.87411e+06 4.50362e+06 3.72525e+06 2.04225e+06 4.49075e+06 3.28269e+06 3.19438e+06 2.30128e+06 2.04548e+06 1.78886e+06 2.8104e+06 1.61064e+06 2.66406e+06 2.38228e+06 3.29197e+06 3.03302e+06 2.6797e+06 2.20502e+06 2.11648e+06 2.09124e+06 4.10886e+06 2.01279e+06 2.81332e+06 2.47227e+06 2.33665e+06 1.99029e+06
threshold=4538.2500000000009 -168.74999999999997 4506.3398437500009 4134.7749023437509 509.73971557617193 3812.7500000000005 1941.2500000000002 3077.7500000000005 3686.2500000000005 2972.5000000000005 3434.2500000000005 398.75000000000006 3901.5000000000005 2658.2500000000005 394.17274475097662 -266.24999999999994 -837.24999999999989 224.75000000000003 1862.0000000000002 -418.74999999999994 -1219.7499999999998 400.99687194824224 -3400.4999999999995 2121.869750976563 2269.2097167968755 -134.74999999999997 -260.74999999999994 95.750000000000014 169.75000000000003 -1054.7499999999998
decision_type=2 2 2 2 2 2 2 2 2 2 2 2 2 2 2 2 2 2 2 2 2 2 2 2 2 2 2 2 2 2
left_child=2 -2 3 7 -5 6 -6 9 10 15 -9 -11 -10 14 -3 17 -17 18 -1 -19 29 -20 -18 25 -25 28 27 -27 -22 -21
right_child=1 13 -4 4 5 -7 -8 8 12 11 -12 -13 -14 -15 -16 16 22 19 21 20 23 -23 -24 24 -26 26 -28 -29 -30 -31
leaf_value=-0.22739927323954798 22.643651478866051 8.5575830153189596 -13.324085861636746 19.909053332010906 5.5301373002705754 18.924985150337218 -21.853233611065409 -4.8276001075218469 -2.6818255484104156 3.8052545377186373 -28.099373575846354 26.011801395416263 14.589535219669342 14.759002231416247 -16.820536255836487 -17.556434474672592 14.251075363159181 5.5321041490385934 2.108576067686081 -3.4571502870804558 -0.44904936987573985 25.306184135164536 0.24104503068425479 -28.919044125647773 1.081555995941162 -25.978564662025089 -2.2462064405922986 -7.1854349062556313 13.374989895522596 -15.175522598414355
leaf_weight=5827 29 24 31 30 27 25 23 29 120 28 30 20 20 21 20 21 27 120 20 74 683 21 17026 21 25 21 754 105 32 71
leaf_count=5827 29 24 31 30 27 25 23 29 120 28 30 20 20 21 20 21 27 120 20 74 683 21 17026 21 25 21 754 105 32 71
internal_value=-1.02395e-08 8.88911 -0.0331171 -0.0167671 6.82939 1.59752 -7.06621 -0.045412 -5.0905 -0.00508537 -16.6607 13.058 -0.214488 2.75247 -2.97793 -0.0303199 0.24131 -0.626899 -0.12806 -2.16268 -2.67968 13.9903 0.263227 -2.10397 -12.6144 -1.80085 -3.40189 -10.3176 0.169649 -9.19511
internal_weight=25325 94 25231 25200 105 75 50 25095 199 24896 59 48 140 65 44 24848 17074 7774 5868 1906 1786 41 17053 1641 46 1595 880 126 715 145
internal_count=25325 94 25231 25200 105 75 50 25095 199 24896 59 48 140 65 44 24848 17074 7774 5868 1906 1786 41 17053 1641 46 1595 880 126 715 145
is_linear=0
shrinkage=0.05


Tree=17
num_leaves=31
num_cat=0
split_feature=62 103 75 111 234 204 107 196 199 148 253 213 40 233 227 30 182 225 237 12 245 232 103 128 33 250 54 145 60 113
split_gain=2.75504e+06 3.0012e+06 2.95556e+06 2.07115e+06 1.75654e+06 3.73517e+06 3.0015e+06 2.81609e+06 1.78049e+06 2.3816e+06 2.27799e+06 2.36591e+06 2.03191e+06 1.85046e+06 1.75479e+06 4.09915e+06 3.91057e+06 3.62985e+06 2.44062e+06 1.9761e+06 1.96608e+06 1.88306e+06 1.9995e+06 1.83489e+06 2.74283e+06 2.42116e+06 3.5446e+06 3.71882e+06 2.15385e+06 3.60544e+06
threshold=4934.2937011718759 700.57888793945324 587.72634887695324 4506.3398437500009 1689.5000000000002 2874.2500000000005 1794.5000000000002 2709.2500000000005 1993.2500000000002 3359.2500000000005 427.75000000000006 1589.2500000000002 432.85191345214849 557.25000000000011 915.25000000000011 2490.5000000000005 1577.0000000000002 1443.2500000000002 1776.0713500976565 441.64888000488287 1021.2500000000001 1100.7500000000002 382.58738708496099 -1921.9999999999998 904.46777343750011 562.74551391601574 529.70809936523449 499.15771484375006 -5397.1774902343741 -260.74999999999994
decision_type=2 2 2 2 2 2 2 2 2 2 2 2 2 2 2 2 2 2 2 2 2 2 2 2 2 2 2 2 2 2
left_child=3 2 -2 4 7 6 -6 8 9 14 13 -12 -11 -10 17 21 -17 18 20 -19 23 22 -16 24 25 26 -1 -28 29 -25
right_child=1 -3 -4 -5 5 -7 -8 -9 10 12 11 -13 -14 -15 15 16 -18 19 -20 -21 -22 -23 -24 28 -26 -27 27 -29 -30 -31
leaf_value=-1.5205191384103161 10.101499413576994 25.102558423223954 -11.243300661833391 -15.728544253394716 14.617988768078034 25.532534260976885 -10.388247562519142 -14.2144422858102 -6.2298861351418999 -1.2309935728708903 26.804838852882387 6.0643950950015677 -23.499422416687011 10.83427456219991 0.21184185179330972 -3.0731674375988192 -25.702759205954415 3.3623843158994404 15.947063533465068 22.147366174629756 12.379826864600183 0.63524974543609547 -9.7686412766985953 0.85188321703010139 -17.119168176322148 2.2351765381136248 -24.917172281669849 -5.6526020315977243 0.044809265569194567 20.607754165986009
leaf_weight=722 55 21 23 21 21 21 28 35 47 21 20 44 20 24 93 42 35 28 24 28 32 451 109 72 29 310 33 104 22778 34
leaf_count=722 55 21 23 21 21 21 28 35 47 21 20 44 20 24 93 42 35 28 24 28 32 451 109 72 29 310 33 104 22778 34
internal_value=2.06994e-09 8.32465 3.80752 -0.0326703 -0.019593 7.88986 0.328711 -0.0416205 -0.0218576 -0.0528249 5.7048 12.5458 -12.0936 -0.461719 -0.0330177 -2.44829 -13.3593 0.0398578 0.010359 12.7549 -0.00550237 -1.16169 -5.17367 -0.0219599 -1.92947 -1.55265 -2.91962 -10.293 0.0779 7.18867
internal_weight=25325 99 78 25226 25205 70 49 25135 25100 24965 135 64 41 71 24924 730 77 24194 24138 56 24114 653 202 24082 1198 1169 859 137 22884 106
internal_count=25325 99 78 25226 25205 70 49 25135 25100 24965 135 64 41 71 24924 730 77 24194 24138 56 24114 653 202 24082 1198 1169 859 137 22884 106
is_linear=0
shrinkage=0.05


Tree=18
num_leaves=31
num_cat=0
split_feature=65 240 159 86 223 71 30 254 31 201 61 13 2 145 253 253 80 113 5 171 232 253 125 118 48 147 127 13 26 197
split_gain=2.58566e+06 3.25821e+06 2.8324e+06 1.97062e+06 2.31855e+06 1.8271e+06 1.79281e+06 1.47412e+06 1.90125e+06 1.6671e+06 2.47635e+06 1.97096e+06 4.45176e+06 3.72251e+06 2.48881e+06 3.66053e+06 3.68111e+06 3.37782e+06 3.02406e+06 2.23852e+06 2.10676e+06 2.64457e+06 1.79983e+06 1.99445e+06 1.77913e+06 1.65432e+06 2.82176e+06 2.80329e+06 3.72086e+06 4.53586e+06
threshold=4483.7500000000009 -287.24999999999994 630.97421264648449 3709.7500000000005 2970.2917480468755 4328.7500000000009 4162.0000000000009 -75.249999999999986 -3612.2499999999995 298.57344055175787 348.95570373535162 2999.682006835938 2670.5000000000005 609.70101928710949 302.75000000000006 795.75000000000011 3204.0000000000005 2872.5000000000005 609.70101928710949 1935.7500000000002 867.75000000000011 150.25000000000003 2486.6247558593755 2411.572631835938 3686.738403320313 27.250000000000004 587.75000000000011 194.19155883789065 562.74551391601574 1465.2500000000002
decision_type=2 2 2 2 2 2 2 2 2 2 2 2 2 2 2 2 2 2 2 2 2 2 2 2 2 2 2 2 2 2
left_child=3 -2 -3 4 7 -5 -7 9 -9 10 -1 12 22 20 18 16 17 -16 19 -13 21 -14 23 25 -21 26 -11 -27 -29 -30
right_child=1 2 -4 5 -6 6 -8 8 -10 11 -12 14 13 -15 15 -17 -18 -19 -20 24 -22 -23 -24 -25 -26 27 -28 28 29 -31
leaf_value=0.22350602082107829 22.202551476708777 8.9252530704373907 -13.613247907161714 -16.047369105286069 15.216093338012696 5.6503544337408886 -11.160663571851007 14.369881488800051 0.55610251215934825 -0.9070976780794382 4.5824666862856294 0.20467026588310053 -11.19085528254509 -29.471034086318241 9.5396647336227556 -9.9082100851195207 -5.1315789708319839 29.866479949951174 14.559436572343111 -3.5828654988606772 -16.907664797382971 9.136808925867081 8.7934433750077794 -15.32871776249098 -22.835165576934816 1.5733561052865479 -6.0673375937952727 -0.2250273127214745 -8.1589292478792874 5.0061782483594968
leaf_weight=4543 29 46 20 36 25 35 29 25 6837 6601 351 279 32 21 112 28 34 25 32 30 31 32 51 23 20 1954 276 3376 309 83
leaf_count=4543 29 46 20 36 25 35 29 25 6837 6601 351 279 32 21 112 28 34 25 32 30 31 32 51 23 20 1954 276 3376 309 83
internal_value=-1.33948e-08 8.23338 2.0954 -0.0310016 -0.0031265 -7.03602 -1.96714 -0.0182821 0.60643 -0.253264 0.536133 -0.542672 -0.669805 -10.4203 2.36074 6.85026 9.59433 13.2489 -0.114084 -1.5413 -6.20913 -1.02702 -0.580556 -0.618432 -11.2838 -0.591578 -1.1142 0.0365343 -0.760427 -5.37142
internal_weight=25325 95 66 25230 25130 100 64 25105 6862 18243 4894 13349 12789 116 560 199 171 137 361 329 95 64 12673 12622 50 12599 6877 5722 3768 392
internal_count=25325 95 66 25230 25130 100 64 25105 6862 18243 4894 13349 12789 116 560 199 171 137 361 329 95 64 12673 12622 50 12599 6877 5722 3768 392
is_linear=0
shrinkage=0.05


Tree=19
num_leaves=31
num_cat=0
split_feature=51 251 111 223 92 50 50 85 194 221 5 159 196 198 226 225 247 250 238 22 213 222 57 4 219 235 11 152 102 156
split_gain=2.40027e+06 2.92015e+06 1.8762e+06 1.64319e+06 1.67367e+06 1.78274e+06 1.58838e+06 1.49388e+06 2.17602e+06 1.4732e+06 2.49738e+06 5.10134e+06 1.75895e+06 1.3777e+06 1.54341e+06 2.43931e+06 2.17382e+06 2.36255e+06 2.42969e+06 1.9547e+06 2.34351e+06 1.91786e+06 2.12959e+06 1.79592e+06 2.71255e+06 1.77428e+06 2.57714e+06 2.31963e+06 1.95814e+06 1.69654e+06
threshold=4538.2500000000009 1517.2698364257815 4506.3398437500009 2970.2917480468755 4134.7500000000009 4085.0000000000005 4085.0000000000005 4764.5000000000009 797.33575439453136 4185.3376464843759 557.84716796875011 537.77215576171886 2709.2500000000005 2000.5000000000002 48.250000000000007 849.50000000000011 -159.74999999999997 744.84381103515636 -369.74999999999994 3479.2500000000005 1589.2500000000002 630.97421264648449 1755.2500000000002 -1830.8200073242185 571.75000000000011 -1270.0224609374998 -1191.532531738281 525.18084716796886 -1031.649963378906 1802.0000000000002
decision_type=2 2 2 2 2 2 2 2 2 2 2 2 2 2 2 2 2 2 2 2 2 2 2 2 2 2 2 2 2 2
left_child=2 -2 3 4 9 -6 -5 -3 -9 12 11 -11 13 14 15 29 17 18 -16 20 23 22 -17 24 -20 -18 27 28 -27 -1
right_child=1 7 -4 6 5 -7 -8 8 -10 10 -12 -13 -14 -15 16 21 25 -19 19 -21 -22 -23 -24 -25 -26 26 -28 -29 -30 -31
leaf_value=0.19519357616546434 24.926526050567631 -6.8604891757170368 -12.322819449824673 20.075069670677188 -20.578953688740732 -2.2180827605418671 0.14781846046447752 16.832043488820396 -4.4597008633613582 14.548665488207783 17.871246842415101 -17.495660846129706 -14.164419759403575 7.1941309083591811 12.293713083267214 8.1120271906074954 2.7308200745988813 -14.101412008404731 -3.5490225271845972 -13.427455077300202 10.994426102638245 19.079997685322393 -7.6522485317855047 -1.4266863315821456 -16.926715311537617 -1.9139546011847093 -0.031389394823929627 -20.589768834114075 -11.682689828791862 -6.4698481013377505
leaf_weight=17530 20 24 31 20 20 39 20 30 20 27 31 23 22 66 30 82 493 40 215 37 35 26 29 1565 46 393 4236 20 59 96
leaf_count=17530 20 24 31 20 20 39 20 30 20 27 31 23 22 66 30 82 493 40 215 37 35 26 29 1565 46 393 4236 20 59 96
internal_value=2.38398e-08 7.97496 -0.0297113 -0.0145888 -0.0306874 -8.44211 10.1114 3.39345 8.31535 -0.0109164 6.72126 -0.191725 -0.0327112 -0.0202743 -0.0393723 0.210549 -0.658616 -2.07403 -1.8245 -2.04765 -1.8214 6.85658 3.99343 -2.06705 -5.90678 -0.12304 -0.421883 -3.92639 -3.18908 0.158892
internal_weight=25325 94 25231 25200 25160 59 40 74 50 25101 81 50 25020 24998 24932 17763 7169 1968 1928 1898 1861 137 111 1826 261 5201 4708 472 452 17626
internal_count=25325 94 25231 25200 25160 59 40 74 50 25101 81 50 25020 24998 24932 17763 7169 1968 1928 1898 1861 137 111 1826 261 5201 4708 472 452 17626
is_linear=0
shrinkage=0.05


Tree=20
num_leaves=31
num_cat=0
split_feature=229 215 143 254 33 33 211 243 24 128 205 49 114 254 123 24 45 132 220 210 243 224 54 198 143 8 37 246 54 127
split_gain=2.27659e+06 5.14003e+06 7.15103e+06 5.02539e+06 4.52088e+06 5.30136e+06 3.81511e+06 4.77897e+06 5.13296e+06 3.53043e+06 3.49702e+06 2.79384e+06 2.68634e+06 2.57009e+06 2.30075e+06 2.2873e+06 2.02298e+06 1.77998e+06 2.44708e+06 3.90721e+06 2.34759e+06 1.88819e+06 1.76117e+06 1.73439e+06 1.58158e+06 4.93811e+06 5.83189e+06 2.47259e+06 2.08238e+06 2.13293e+06
threshold=700.57888793945324 661.46316528320324 1691.5000000000002 -297.74999999999994 700.57888793945324 679.19335937500011 -534.24999999999989 1012.183807373047 2151.0000000000005 1770.2500000000002 -662.74999999999989 802.25000000000011 -1103.2499999999998 -151.24999999999997 4284.6823730468759 1436.2500000000002 124.25000000000001 3350.644165039063 412.25000000000006 -304.74999999999994 797.33575439453136 691.25000000000011 534.11987304687511 427.75000000000006 -1754.7499999999998 -137.24999999999997 -898.74999999999989 237.75000000000003 534.11987304687511 -1796.9999999999998
decision_type=2 2 2 2 2 2 2 2 2 2 2 2 2 2 2 2 2 2 2 2 2 2 2 2 2 2 2 2 2 2
left_child=1 24 10 4 5 9 -6 8 12 14 13 -12 -8 -3 15 16 -2 18 19 -5 -21 -20 -11 -23 25 27 -27 28 -1 -30
right_child=3 2 -4 17 6 -7 7 -9 -10 22 11 -13 -14 -15 -16 -17 -18 -19 21 20 -22 23 -24 -25 -26 26 -28 -29 29 -31
leaf_value=-1.6480546897717951 4.192486723264059 -6.6819506887405637 -33.339037283261618 4.057693624868989 -21.057140695726549 26.758367969678797 -15.598906924806792 13.653166742035836 -30.954152984619142 1.9134627647399904 7.6028603213420816 -7.918687420845032 2.7908191927368682 -25.629141510009767 -19.064218790531157 8.399303992873147 -14.767374731512632 18.890108703797864 -12.110583540109488 11.771819702784221 30.643815176303573 15.568470873151506 19.882332210540774 -2.5124278916252987 0.063763577755583348 -38.364118866920471 -3.2680449189810918 3.5562291396922205 -16.582514494540643 0.21927515188852947
leaf_weight=448 24 63 24 128 37 23 29 33 20 25 69 50 63 25 20 42 34 31 26 45 26 21 30 36 23624 20 29 199 51 30
leaf_count=448 24 63 24 128 37 23 29 33 20 25 69 50 63 25 20 42 34 31 26 45 26 21 30 36 23624 20 29 199 51 30
internal_value=1.11712e-08 -0.079516 -7.50288 2.82632 -1.03796 4.19073 -6.72632 -3.06948 -7.99669 1.2247 -4.50738 1.0812 -3.00594 -12.0647 -3.58321 -0.487003 -6.92191 7.51778 6.26763 9.27566 18.6827 -0.944394 11.7147 4.14896 -0.00924035 -2.22886 -17.593 -1.19474 -2.98196 -10.3596
internal_weight=25325 24632 231 693 380 198 182 145 112 175 207 119 92 88 120 100 58 313 282 199 71 83 55 57 24401 777 49 728 529 81
internal_count=25325 24632 231 693 380 198 182 145 112 175 207 119 92 88 120 100 58 313 282 199 71 83 55 57 24401 777 49 728 529 81
is_linear=0
shrinkage=0.05


Tree=21
num_leaves=31
num_cat=0
split_feature=62 190 212 240 111 71 234 199 196 107 204 237 239 54 131 117 201 173 194 176 12 162 60 194 247 12 140 257 9 116
split_gain=2.10144e+06 2.51416e+06 2.07591e+06 2.0757e+06 1.87201e+06 1.58396e+06 1.45912e+06 3.36582e+06 3.30313e+06 1.99591e+06 1.53972e+06 3.14483e+06 4.57063e+06 1.76022e+06 4.59358e+06 4.25364e+06 1.79777e+06 1.74457e+06 2.25768e+06 1.82576e+06 1.68929e+06 1.65294e+06 1.58159e+06 2.30001e+06 3.35005e+06 1.64405e+06 4.70962e+06 3.0693e+06 2.53597e+06 4.76313e+06
threshold=4934.2937011718759 1280.2500000000002 2136.2500000000005 37.750000000000007 4506.3398437500009 4887.5000000000009 1689.5000000000002 2658.2500000000005 2709.2500000000005 1794.5000000000002 1783.2500000000002 1654.1351318359377 1060.2500000000002 562.74551391601574 700.57888793945324 547.78625488281261 797.33575439453136 416.58860778808599 501.99871826171881 2143.5000000000005 282.16751098632818 2806.5000000000005 4655.6149902343759 472.67169189453131 -666.24999999999989 852.46588134765636 1167.2500000000002 1012.183807373047 -2764.4999999999995 704.95251464843761
decision_type=2 2 2 2 2 2 2 2 2 2 2 2 2 2 2 2 2 2 2 2 2 2 2 2 2 2 2 2 2 2
left_child=4 -2 3 -3 5 6 8 9 10 -8 11 21 -13 15 -15 17 -16 20 19 -19 -12 22 25 -24 -25 27 28 -1 -27 -30
right_child=1 2 -4 -5 -6 -7 7 -9 -10 -11 13 12 -14 14 16 -17 -18 18 -20 -21 -22 -23 23 24 -26 26 -28 -29 29 -31
leaf_value=-0.039728029561819034 23.106504440307617 7.1568544898182154 17.18234722137451 -11.667542487603647 -14.950755464463008 13.394289671291006 11.822571387290957 23.928290112813315 -15.856107879407478 -9.0171887795130417 -12.905504293027134 -2.9641495156643995 -29.230787268551918 20.675427763502707 -13.336071772575378 -20.364903331938248 7.8639782810211187 5.3736064173673332 -1.9386517622531991 21.201644270760674 1.7461815739817479 -13.438992218349291 -4.647999714136124 -8.6937997455596925 11.532950934899592 3.4998934003439817 13.271600125052712 19.555697798728943 -30.58367757399877 -6.3825950390414192
leaf_weight=24152 20 32 20 27 21 22 20 21 33 27 23 67 22 44 20 21 20 38 39 35 136 23 50 25 113 44 33 20 24 133
leaf_count=24152 20 32 20 27 21 22 20 21 33 27 23 67 22 44 20 21 20 38 39 35 136 23 50 25 113 44 33 20 24 133
internal_value=-1.25896e-09 7.27043 3.2613 -1.4577 -0.028533 -0.0161003 -0.0278156 7.28649 -0.0476195 -0.149206 -0.0268205 -0.0751488 -9.45703 3.14871 9.52711 1.31383 -2.73605 2.99373 7.77364 12.9624 -0.373245 -0.0412297 -0.0287003 4.53978 7.86868 -0.0638914 -4.23477 -0.0235147 -7.10895 -10.0821
internal_weight=25325 99 79 59 25226 25205 25183 68 25115 47 25082 24706 89 376 84 292 40 271 112 73 159 24617 24594 188 138 24406 234 24172 201 157
internal_count=25325 99 79 59 25226 25205 25183 68 25115 47 25082 24706 89 376 84 292 40 271 112 73 159 24617 24594 188 138 24406 234 24172 201 157
is_linear=0
shrinkage=0.05


Tree=22
num_leaves=31
num_cat=0
split_feature=229 215 143 254 33 33 211 243 24 128 205 49 212 191 254 243 94 136 37 141 4 54 82 138 201 257 131 250 166 238
split_gain=2.01995e+06 4.56132e+06 6.29808e+06 4.45975e+06 3.98684e+06 4.66725e+06 3.42066e+06 4.15712e+06 4.54044e+06 3.15029e+06 3.14189e+06 2.52037e+06 2.44319e+06 2.67405e+06 2.29235e+06 2.19509e+06 1.62143e+06 2.65857e+06 2.03438e+06 1.61282e+06 1.60084e+06 1.54986e+06 1.53904e+06 3.1043e+06 3.55565e+06 3.191e+06 7.86073e+06 3.38469e+06 3.28224e+06 3.06071e+06
threshold=700.57888793945324 661.46316528320324 1691.5000000000002 -297.74999999999994 700.57888793945324 679.19335937500011 -534.24999999999989 1012.183807373047 2151.0000000000005 1770.2500000000002 -662.74999999999989 802.25000000000011 -333.74999999999994 777.75000000000011 -151.24999999999997 797.33575439453136 1894.5000000000002 765.25000000000011 185.25000000000003 499.75000000000006 2936.6899414062505 534.11987304687511 594.14135742187511 557.84716796875011 467.31399536132818 630.97421264648449 405.14811706542974 575.74453735351574 412.14428710937506 1119.7500000000002
decision_type=2 2 2 2 2 2 2 2 2 2 2 2 2 2 2 2 2 2 2 2 2 2 2 2 2 2 2 2 2 2
left_child=1 22 10 4 5 9 -6 8 12 15 14 -12 19 -14 -3 -2 17 -5 -19 -8 -18 -11 23 25 -25 27 28 -1 -27 -24
right_child=3 2 -4 16 6 -7 7 -9 -10 21 11 -13 13 -15 -16 -17 20 18 -20 -21 -22 -23 29 24 -26 26 -28 -29 -30 -31
leaf_value=-0.0069377456260296989 2.9331231512129308 -6.3364286755758625 -31.314311134815217 8.0700984390043633 -19.88965073336621 25.107067356938902 -2.7576804973461009 12.739500961881696 -29.044543769359588 1.8637791023254395 7.2347659498021217 -7.5075765779018404 -22.487285518646242 1.9439754576910113 -24.230601501464847 -10.621981075299638 23.804823751747609 8.182992054167249 -11.208462348737214 15.975656828880311 8.725316872379997 18.720275594393414 -1.4736558675127371 23.763115287962417 2.8361916062712083 13.047874510288239 -0.71882488811127498 -5.4158740516001869 38.868517228364944 -16.77598690145156
leaf_weight=22447 64 63 24 164 37 23 27 33 20 25 69 50 24 21 25 56 24 21 38 20 66 30 840 21 607 32 107 293 20 34
leaf_count=22447 64 63 24 164 37 23 27 33 20 25 69 50 24 21 25 56 24 21 38 20 66 30 840 21 607 32 107 293 20 34
internal_value=-2.18054e-08 -0.0749001 -7.06789 2.66225 -0.978068 3.93209 -6.31989 -2.85726 -7.45274 1.1491 -4.25672 1.0405 -2.75887 -11.086 -11.42 -3.39259 7.0818 4.79559 -4.30642 5.21395 12.7465 11.0582 -0.00869863 0.0678369 3.53598 -0.0272761 7.03137 -0.0766307 22.9789 -2.06894
internal_weight=25325 24632 231 693 380 198 182 145 112 175 207 119 92 45 88 120 313 223 59 47 90 55 24401 23527 628 22899 159 22740 52 874
internal_count=25325 24632 231 693 380 198 182 145 112 175 207 119 92 45 88 120 313 223 59 47 90 55 24401 23527 628 22899 159 22740 52 874
is_linear=0
shrinkage=0.05


Tree=23
num_leaves=31
num_cat=0
split_feature=65 232 159 86 223 249 71 30 254 31 201 61 13 2 145 253 253 80 113 5 232 253 171 125 118 48 199 184 175 172
split_gain=1.84727e+06 2.80912e+06 3.30031e+06 1.77925e+06 1.87277e+06 1.70556e+06 1.52103e+06 1.62021e+06 1.29637e+06 1.66253e+06 1.47081e+06 2.2139e+06 1.77603e+06 3.80298e+06 3.14588e+06 2.13348e+06 3.0734e+06 3.23517e+06 2.82986e+06 2.62136e+06 1.84144e+06 2.38873e+06 1.76636e+06 1.58855e+06 1.78771e+06 1.5135e+06 1.48708e+06 2.8392e+06 2.65844e+06 2.64452e+06
threshold=4483.7500000000009 537.75000000000011 679.19335937500011 3709.7500000000005 2970.2917480468755 4465.4074707031259 4328.7500000000009 4162.0000000000009 -75.249999999999986 -3612.2499999999995 298.57344055175787 348.95570373535162 2999.682006835938 2670.5000000000005 609.70101928710949 302.75000000000006 795.75000000000011 3204.0000000000005 2872.5000000000005 609.70101928710949 867.75000000000011 150.25000000000003 1935.7500000000002 2486.6247558593755 2411.572631835938 3686.738403320313 -666.24999999999989 -639.74999999999989 -351.24999999999994 -1467.657531738281
decision_type=2 2 2 2 2 2 2 2 2 2 2 2 2 2 2 2 2 2 2 2 2 2 2 2 2 2 2 2 2 2
left_child=3 -2 5 4 8 -3 -5 -8 10 -10 11 -1 13 23 20 19 17 18 -17 22 21 -15 -14 24 26 -24 29 28 -28 -12
right_child=1 2 -4 6 -6 -7 7 -9 9 -11 12 -13 15 14 -16 16 -18 -19 -20 -21 -22 -23 25 -25 -26 -27 27 -29 -30 -31
leaf_value=0.21217364869780564 23.608958475589755 1.0968473342157179 -14.874104595184328 -14.904401090410023 13.67839546585083 18.850909775495531 5.1840091981206626 -10.797324833376656 13.442916721343995 0.52543877990679622 0.43956123023401794 4.333684643822858 0.18135958836283736 -10.581831789016725 -27.151435970124744 8.9526427754866216 -8.948529212815421 -4.8835059805827985 27.557806015014648 13.620834554545581 -15.769178318208265 8.7375793212559074 -2.9209933884938559 8.2628898267652477 -14.506348122721134 -20.678053798675538 0.58434257239534548 -0.6868813751099403 5.4650529768449418 -2.9231379857222874
leaf_weight=4543 20 31 20 36 25 24 35 29 25 6837 941 351 279 32 21 112 28 34 25 32 31 32 30 51 23 20 1555 8219 340 1544
leaf_count=4543 20 31 20 36 25 24 35 29 25 6837 941 351 279 32 21 112 28 34 25 32 31 32 30 51 23 20 1555 8219 340 1544
internal_value=8.85362e-09 6.95917 2.51923 -0.0262038 0.00028331 8.84407 -6.68241 -2.05753 -0.0133376 0.5725 -0.233697 0.50777 -0.505533 -0.626217 -9.63828 2.25057 6.40725 8.92165 12.3477 -0.040789 -5.76695 -0.922126 -1.36958 -0.543726 -0.57931 -10.0238 -0.553886 -0.284626 1.46004 -1.64978
internal_weight=25325 95 75 25230 25130 55 100 64 25105 6862 18243 4894 13349 12789 116 560 199 171 137 361 95 64 329 12673 12622 50 12599 10114 1895 2485
internal_count=25325 95 75 25230 25130 55 100 64 25105 6862 18243 4894 13349 12789 116 560 199 171 137 361 95 64 329 12673 12622 50 12599 10114 1895 2485
is_linear=0
shrinkage=0.05


end of trees

feature_importances:
Column_254=17
Column_201=13
Column_234=13
Column_6=12
Column_33=12
Column_117=12
Column_204=12
Column_9=11
Column_61=10
Column_111=9
Column_196=9
Column_232=9
Column_253=9
Column_257=9
Column_5=8
Column_12=8
Column_54=8
Column_60=8
Column_75=8
Column_113=8
Column_194=8
Column_199=8
Column_223=8
Column_247=8
Column_65=7
Column_86=7
Column_128=7
Column_143=7
Column_240=7
Column_71=6
Column_163=6
Column_212=6
Column_225=6
Column_233=6
Column_237=6
Column_249=6
Column_4=5
Column_8=5
Column_22=5
Column_25=5
Column_30=5
Column_31=5
Column_62=5
Column_78=5
Column_82=5
Column_105=5
Column_131=5
Column_153=5
Column_156=5
Column_166=5
Column_177=5
Column_205=5
Column_219=5
Column_226=5
Column_238=5
Column_243=5
Column_244=5
Column_245=5
Column_250=5
Column_2=4
Column_13=4
Column_16=4
Column_37=4
Column_47=4
Column_49=4
Column_57=4
Column_87=4
Column_92=4
Column_94=4
Column_135=4
Column_145=4
Column_148=4
Column_159=4
Column_170=4
Column_173=4
Column_176=4
Column_211=4
Column_213=4
Column_215=4
Column_236=4
Column_241=4
Column_0=3
Column_24=3
Column_26=3
Column_48=3
Column_51=3
Column_58=3
Column_64=3
Column_107=3
Column_110=3
Column_122=3
Column_124=3
Column_127=3
Column_141=3
Column_169=3
Column_175=3
Column_178=3
Column_187=3
Column_190=3
Column_192=3
Column_222=3
Column_224=3
Column_227=3
Column_229=3
Column_239=3
Column_246=3
Column_248=3
Column_251=3
Column_27=2
Column_32=2
Column_40=2
Column_50=2
Column_66=2
Column_68=2
Column_80=2
Column_85=2
Column_89=2
Column_93=2
Column_96=2
Column_103=2
Column_118=2
Column_120=2
Column_121=2
Column_123=2
Column_125=2
Column_134=2
Column_136=2
Column_140=2
Column_152=2
Column_155=2
Column_162=2
Column_171=2
Column_172=2
Column_180=2
Column_184=2
Column_188=2
Column_191=2
Column_198=2
Column_214=2
Column_218=2
Column_220=2
Column_228=2
Column_231=2
Column_235=2
Column_1=1
Column_3=1
Column_10=1
Column_11=1
Column_18=1
Column_19=1
Column_38=1
Column_45=1
Column_52=1
Column_59=1
Column_63=1
Column_67=1
Column_69=1
Column_72=1
Column_88=1
Column_91=1
Column_95=1
Column_98=1
Column_99=1
Column_100=1
Column_101=1
Column_102=1
Column_114=1
Column_115=1
Column_116=1
Column_129=1
Column_132=1
Column_133=1
Column_138=1
Column_142=1
Column_147=1
Column_150=1
Column_157=1
Column_160=1
Column_161=1
Column_165=1
Column_168=1
Column_182=1
Column_183=1
Column_185=1
Column_186=1
Column_189=1
Column_197=1
Column_200=1
Column_202=1
Column_206=1
Column_210=1
Column_216=1
Column_221=1
Column_252=1

parameters:
[boosting: gbdt]
[objective: regression]
[metric: l2]
[tree_learner: serial]
[device_type: cpu]
[data_sample_strategy: bagging]
[data: ]
[valid: ]
[num_iterations: 1000]
[learning_rate: 0.05]
[num_leaves: 31]
[num_threads: 0]
[seed: 42]
[deterministic: 1]
[force_col_wise: 0]
[force_row_wise: 0]
[histogram_pool_size: -1]
[max_depth: -1]
[min_data_in_leaf: 20]
[min_sum_hessian_in_leaf: 0.001]
[bagging_fraction: 1]
[pos_bagging_fraction: 1]
[neg_bagging_fraction: 1]
[bagging_freq: 0]
[bagging_seed: 400]
[bagging_by_query: 0]
[feature_fraction: 1]
[feature_fraction_bynode: 1]
[feature_fraction_seed: 30056]
[extra_trees: 0]
[extra_seed: 12879]
[early_stopping_round: 0]
[early_stopping_min_delta: 0]
[first_metric_only: 0]
[max_delta_step: 0]
[lambda_l1: 0]
[lambda_l2: 0]
[linear_lambda: 0]
[min_gain_to_split: 0]
[drop_rate: 0.1]
[max_drop: 50]
[skip_drop: 0.5]
[xgboost_dart_mode: 0]
[uniform_drop: 0]
[drop_seed: 17869]
[top_rate: 0.2]
[other_rate: 0.1]
[min_data_per_group: 100]
[max_cat_threshold: 32]
[cat_l2: 10]
[cat_smooth: 10]
[max_cat_to_onehot: 4]
[top_k: 20]
[monotone_constraints: ]
[monotone_constraints_method: basic]
[monotone_penalty: 0]
[feature_contri: ]
[forcedsplits_filename: ]
[refit_decay_rate: 0.9]
[cegb_tradeoff: 1]
[cegb_penalty_split: 0]
[cegb_penalty_feature_lazy: ]
[cegb_penalty_feature_coupled: ]
[path_smooth: 0]
[interaction_constraints: ]
[verbosity: -1]
[saved_feature_importance_type: 0]
[use_quantized_grad: 0]
[num_grad_quant_bins: 4]
[quant_train_renew_leaf: 0]
[stochastic_rounding: 1]
[linear_tree: 0]
[max_bin: 255]
[max_bin_by_feature: ]
[min_data_in_bin: 3]
[bin_construct_sample_cnt: 200000]
[data_random_seed: 175]
[is_enable_sparse: 1]
[enable_bundle: 1]
[use_missing: 1]
[zero_as_missing: 0]
[feature_pre_filter: 1]
[pre_partition: 0]
[two_round: 0]
[header: 0]
[label_column: ]
[weight_column: ]
[group_column: ]
[ignore_column: ]
[categorical_feature: ]
[forcedbins_filename: ]
[precise_float_parser: 0]
[parser_config_file: ]
[objective_seed: 16083]
[num_class: 1]
[is_unbalance: 0]
[scale_pos_weight: 1]
[sigmoid: 1]
[boost_from_average: 1]
[reg_sqrt: 0]
[alpha: 0.9]
[fair_c: 1]
[poisson_max_delta_step: 0.7]
[tweedie_variance_power: 1.5]
[lambdarank_truncation_level: 30]
[lambdarank_norm: 1]
[label_gain: ]
[lambdarank_position_bias_regularization: 0]
[eval_at: ]
[multi_error_top_k: 1]
[auc_mu_weights: ]
[num_machines: 1]
[local_listen_port: 12400]
[time_out: 120]
[machine_list_filename: ]
[machines: ]
[gpu_platform_id: -1]
[gpu_device_id: -1]
[gpu_device_id_list: ]
[gpu_use_dp: 0]
[num_gpu: 1]

end of parameters

pandas_categorical:null
