tree
version=v4
num_class=1
num_tree_per_iteration=1
label_index=0
max_feature_idx=258
objective=regression
feature_names=Column_0 Column_1 Column_2 Column_3 Column_4 Column_5 Column_6 Column_7 Column_8 Column_9 Column_10 Column_11 Column_12 Column_13 Column_14 Column_15 Column_16 Column_17 Column_18 Column_19 Column_20 Column_21 Column_22 Column_23 Column_24 Column_25 Column_26 Column_27 Column_28 Column_29 Column_30 Column_31 Column_32 Column_33 Column_34 Column_35 Column_36 Column_37 Column_38 Column_39 Column_40 Column_41 Column_42 Column_43 Column_44 Column_45 Column_46 Column_47 Column_48 Column_49 Column_50 Column_51 Column_52 Column_53 Column_54 Column_55 Column_56 Column_57 Column_58 Column_59 Column_60 Column_61 Column_62 Column_63 Column_64 Column_65 Column_66 Column_67 Column_68 Column_69 Column_70 Column_71 Column_72 Column_73 Column_74 Column_75 Column_76 Column_77 Column_78 Column_79 Column_80 Column_81 Column_82 Column_83 Column_84 Column_85 Column_86 Column_87 Column_88 Column_89 Column_90 Column_91 Column_92 Column_93 Column_94 Column_95 Column_96 Column_97 Column_98 Column_99 Column_100 Column_101 Column_102 Column_103 Column_104 Column_105 Column_106 Column_107 Column_108 Column_109 Column_110 Column_111 Column_112 Column_113 Column_114 Column_115 Column_116 Column_117 Column_118 Column_119 Column_120 Column_121 Column_122 Column_123 Column_124 Column_125 Column_126 Column_127 Column_128 Column_129 Column_130 Column_131 Column_132 Column_133 Column_134 Column_135 Column_136 Column_137 Column_138 Column_139 Column_140 Column_141 Column_142 Column_143 Column_144 Column_145 Column_146 Column_147 Column_148 Column_149 Column_150 Column_151 Column_152 Column_153 Column_154 Column_155 Column_156 Column_157 Column_158 Column_159 Column_160 Column_161 Column_162 Column_163 Column_164 Column_165 Column_166 Column_167 Column_168 Column_169 Column_170 Column_171 Column_172 Column_173 Column_174 Column_175 Column_176 Column_177 Column_178 Column_179 Column_180 Column_181 Column_182 Column_183 Column_184 Column_185 Column_186 Column_187 Column_188 Column_189 Column_190 Column_191 Column_192 Column_193 Column_194 Column_195 Column_196 Column_197 Column_198 Column_199 Column_200 Column_201 Column_202 Column_203 Column_204 Column_205 Column_206 Column_207 Column_208 Column_209 Column_210 Column_211 Column_212 Column_213 Column_214 Column_215 Column_216 Column_217 Column_218 Column_219 Column_220 Column_221 Column_222 Column_223 Column_224 Column_225 Column_226 Column_227 Column_228 Column_229 Column_230 Column_231 Column_232 Column_233 Column_234 Column_235 Column_236 Column_237 Column_238 Column_239 Column_240 Column_241 Column_242 Column_243 Column_244 Column_245 Column_246 Column_247 Column_248 Column_249 Column_250 Column_251 Column_252 Column_253 Column_254 Column_255 Column_256 Column_257 Column_258
feature_infos=[-7133:8285] [-7068:8920] [-8405:8227.5] [-7162.5:8527.5] [-8149.22998046875:10745.4501953125] [101.59349060058594:1576.9803466796875] [-7308.34033203125:8667.7353515625] [-7162:8530] [-7087:9197.5] [-7797.5:8475] [-7313.5:9017.5] [-8098.85009765625:10699.125] [101.59349060058594:1576.9803466796875] [-7288.71826171875:8467.078125] [-7312:9017.5] [-7066.5:9270] [-8129.5:8650] [-7749.5:8952.5] [-8049.85498046875:10652.375] [101.59349060058594:1576.9803466796875] [-7273.69873046875:8511.2080078125] [-7748:8952.5] [-6562:9362.5] [-8397:8932.5] [-7845.5:9097.5] [-8004.16015625:10607] [101.59349060058594:1576.9803466796875] [-7190.90771484375:8564.5068359375] [-7844:9100] [-6658:9182.5] [-8493:8497.5] [-7605.5:8915] [-7956.09521484375:10559.4248046875] [101.59349060058594:1576.9803466796875] [-7118.6435546875:8566.142578125] [-7604:8915] [-6760.5:9447.5] [-8253:8725] [-7139.5:9267.5] [-7909.5498046875:10513.5] [101.59349060058594:1576.9803466796875] [-7033.5849609375:8578.9931640625] [-7138:9267.5] [-6678.5:9280] [-7787:8632.5] [-7145.5:8942.5] [-7861.705078125:10467.8251953125] [101.59349060058594:1576.9803466796875] [-6944.62255859375:8612.0390625] [-7144:8945] [-6676:9330] [-7853:8782.5] [-7473:8982.5] [-7810.27490234375:10417.4501953125] [101.59349060058594:1576.9803466796875] [-6878.248046875:8645.7177734375] [-7471.5:8985] [-6501:9215] [-8120.5:8872.5] [-7136.5:9212.5] [-7786.5751953125:10370.25] [101.59349060058594:1576.9803466796875] [-6824.04345703125:8697.2431640625] [-7135:9104.5] [-6427:9262.5] [-7784:8932.5] [-6670.5:9157.5] [-7777.78515625:10325] [101.59349060058594:1576.9803466796875] [-6744.53955078125:8728.17578125] [-6669:9160] [-6241.5:9465] [-7127.5:8980] [-6485:9280] [-7766.68994140625:10284.400390625] [101.59349060058594:1576.9803466796875] [-6677.30859375:8778.341796875] [-6483.5:9282.5] [-6017.5:9950] [-7667.5:9227.5] [-6205.5:9770] [-7754.22021484375:10253.400390625] [101.59349060058594:1576.9803466796875] [-6600.55322265625:8868.4921875] [-6204:9770] [-6015.5:9782.5] [-7840:9135] [-6372:9242.5] [-7721.31494140625:10218] [101.59349060058594:1576.9803466796875] [-6365.27587890625:8902.4931640625] [-6370.5:9242.5] [-5996:9522.5] [-7610:8892.5] [-6676.5:9290] [-7681.73486328125:10174.8251953125] [101.59349060058594:1576.9803466796875] [-6300.216796875:8937.720703125] [-6675:9287.5] [-5951:9500] [-7324:9107.5] [-6620:9317.5] [-7636.759765625:10131.0498046875] [101.59349060058594:1576.9803466796875] [-6274.92431640625:8972.24609375] [-6618.5:9317.5] [-6291.5:9687.5] [-7267.5:9292.5] [-6400.5:9660] [-7593.6298828125:10092.2001953125] [101.59349060058594:1576.9803466796875] [-6260.34033203125:9034.76953125] [-6398.5:9662.5] [-6306:9695] [-6865:9212.5] [-6455.5:9305] [-7549.43994140625:10046.5] [101.59349060058594:1576.9803466796875] [-6240.71826171875:9059.3359375] [-6456.5:9302.5] [-6291:9317.5] [-6635:8520] [-6470:8767.5] [-7499.40478515625:9994.2998046875] [101.59349060058594:1576.9803466796875] [-6225.69873046875:9032.8056640625] [-6471:8770] [-6221.5:8950] [-6602:8300] [-6465:8550] [-7450:9943.0498046875] [101.59349060058594:1576.9803466796875] [-6142.90771484375:8988.9140625] [-6463.5:8552.5] [-6206.5:8710] [-6687.5:7865] [-6450:7970] [-7403.1748046875:9886.349609375] [101.59349060058594:1576.9803466796875] [-6070.6435546875:8896.28515625] [-6448.5:7970] [-5815:8392.5] [-7302.5:7670] [-6037.5:7810] [-7345.0498046875:9838] [101.59349060058594:1576.9803466796875] [-5985.5849609375:8797.5322265625] [-6036:7807.5] [-5733:8102.5] [-6710:7595] [-5979:7767.5] [-7281.53515625:9797.875] [101.59349060058594:1576.9803466796875] [-5896.62255859375:8703.892578125] [-5980:7767.5] [-5766.5:7977.5] [-6285:7492.5] [-5974:7502.5] [-7221.23486328125:9755.599609375] [101.59349060058594:1576.9803466796875] [-5830.248046875:8594.67578125] [-5972.5:7502.5] [-5684.5:7610] [-6102.5:6407.5] [-5930.5:6855] [-7160.7001953125:9705.9501953125] [101.59349060058594:1576.9803466796875] [-5776.04345703125:8436.5234375] [-5931.5:6850] [-5682:6910] [-6327.5:5862.5] [-5925.5:6215] [-7098.35009765625:9645.1748046875] [101.59349060058594:1576.9803466796875] [-5696.53955078125:8234.56640625] [-5924:6215] [-4788:6882.5] [-5955:6075] [-4969:6175] [-7034.10498046875:9579.724609375] [101.59349060058594:1576.9803466796875] [-5629.30859375:8047.3330078125] [-4967.5:6172.5] [-4755.5:6262.5] [-5616.5:4767.5] [-5242.5:5237.5] [-6973.41015625:9497.275390625] [101.59349060058594:1576.9803466796875] [-5552.55322265625:7791.8935546875] [-5242.5:5240] [-4462.5:5702.5] [-6150:5020] [-4890:5280] [-6912.97509765625:9411.1748046875] [101.59349060058594:1576.9803466796875] [-5317.27587890625:7563.53955078125] [-4882.5:5280] [-4235:5595] [-5600:4532.5] [-4937.5:4695] [-6850.96484375:9319.900390625] [101.59349060058594:1576.9803466796875] [-5069.38720703125:7278.4453125] [-4936:4695] [-4035:5857.5] [-5585:4685] [-4640:5227.5] [-6786.6650390625:9237.775390625] [101.59349060058594:1576.9803466796875] [-4798.76123046875:7091.99560546875] [-4647.5:5225] [-4595:5805] [-5747.5:4535] [-4992.5:4540] [-6720.18017578125:9145] [101.59349060058594:1576.9803466796875] [-4532.7373046875:6859.99609375] [-4997.5:4540] [-4230:5297.5] [-5565:4400] [-4490:5147.5] [-6648.26513671875:9058.525390625] [101.59349060058594:1576.9803466796875] [-4290.0791015625:6704.314453125] [-4495:5147.5] [-3637.5:5197.5] [-4972.5:3602] [-3997.5:4675.5] [-6574.80517578125:8967.525390625] [101.59349060058594:1576.9803466796875] [-4022.890380859375:6503.6953125] [-3996:4677] [-3428.5:5622.5] [-4645:4667.5] [-3446.5:5142.5] [-6498.52490234375:8883.125] [101.59349060058594:1576.9803466796875] [-3788.854736328125:6379.9501953125] [-3446.5:5137.5] [-3347:5157.5] [-4635:4878.5] [-3375:5102.5] [-6423.0048828125:8783.7998046875] [101.59349060058594:1576.9803466796875] [-3573.09521484375:6135.181640625] [-3556.5:5103] [-3399:6013.5] [-4097:3127] [-3429:4117.5] [-6346.5400390625:8676.9248046875] [101.59349060058594:1576.9803466796875] [-3299.632080078125:5822.2109375] [-3430.5:4114.5] [0:4883] [-3620:0] none [-6267.39013671875:8548.2998046875] [101.59349060058594:1576.9803466796875] [-2999.66552734375:5292.9189453125]
tree_sizes=2862 2862 2832 2873 2870 2900 2844 2861 2856 2830 2814 2787 2817 2773 2773 2832 2824 2818 2767

Tree=0
num_leaves=31
num_cat=0
split_feature=199 248 253 94 217 221 176 40 184 226 93 19 59 198 92 254 250 225 147 88 247 156 230 225 72 234 236 226 198 224
split_gain=3.79149e+06 7.31738e+06 2.47261e+06 2.43122e+06 1.65831e+06 2.31661e+06 3.16344e+06 2.08613e+06 2.062e+06 1.50588e+06 1.40593e+06 2.06846e+06 1.69233e+06 1.37965e+06 1.83196e+06 1.2943e+06 1.44125e+06 1.15392e+06 1.67934e+06 1.80398e+06 1.43159e+06 1.63331e+06 2.07222e+06 1.42819e+06 1.55008e+06 1.30768e+06 1.55772e+06 1.30553e+06 1.03364e+06 1.02823e+06
threshold=2658.2500000000005 866.25000000000011 1319.2500000000002 1636.2500000000002 2333.7500000000005 4185.3376464843759 1613.7500000000002 529.70809936523449 1699.7500000000002 1215.5000000000002 3128.0000000000005 320.38192749023443 3786.7500000000005 1759.7500000000002 1825.5000000000002 -75.249999999999986 630.97421264648449 197.25000000000003 1854.7500000000002 1922.142517089844 -312.74999999999994 -1049.2499999999998 -232.82359313964841 -184.74999999999997 1631.2500000000002 -524.74999999999989 609.70101928710949 -317.74999999999994 -1493.2499999999998 143.25000000000003
decision_type=2 2 2 2 2 2 2 2 2 2 2 2 2 2 2 2 2 2 2 2 2 2 2 2 2 2 2 2 2 2
left_child=2 9 4 -4 5 10 -7 -8 -9 -2 13 -12 -13 15 -15 17 -17 18 23 -20 21 22 27 24 -1 26 -23 -19 -18 -29
right_child=1 -3 3 -5 -6 6 7 8 -10 -11 11 12 -14 14 -16 16 28 20 19 -21 -22 25 -24 -25 -26 -27 -28 29 -30 -31
leaf_value=-0.85372249617983686 -6.8046043654273971 31.686641415824081 -24.528306243300065 -0.46878186157166313 -12.306302388178125 19.134313389239232 10.460831228213317 -12.345602582917452 6.5704562213140791 8.8126631154980615 -19.850924727797135 -13.554793775416181 0.52034510257357347 17.915586661735805 1.78512288559656 0.1305038011998278 15.680804061851278 1.6254758262494449 -3.308771081583981 14.682377284385883 -0.73202872576161648 -1.1643771387221351 -19.858728954546294 0.20654838954836147 -7.9645694233138231 -2.2073039579139722 16.850206232758168 -15.749350212086719 3.3476100569041485 -4.2853362655514866
leaf_weight=4393 33 27 21 21 29 35 40 34 25 29 21 28 90 23 75 6720 23 51 22 38 6102 30 27 5911 78 1230 20 31 65 53
leaf_count=4393 33 27 21 21 29 35 40 34 25 29 21 28 90 23 75 6720 23 51 22 38 6102 30 27 5911 78 1230 20 31 65 53
internal_value=-0.340572 9.96129 -0.376904 -12.4985 -0.356697 -0.342926 6.21377 1.6459 -4.33032 0.500247 -0.378026 -5.39261 -2.81952 -0.350024 5.57084 -0.373427 0.213754 -0.595685 -0.255276 8.08562 -1.06686 -2.48374 -7.21382 -0.30348 -0.977777 -1.88509 6.04146 -4.68484 6.57106 -8.5161
internal_weight=25325 89 25236 42 25194 25165 134 99 59 62 25031 139 118 24892 98 24794 6808 17986 10442 60 7544 1442 162 10382 4471 1280 50 135 88 84
internal_count=25325 89 25236 42 25194 25165 134 99 59 62 25031 139 118 24892 98 24794 6808 17986 10442 60 7544 1442 162 10382 4471 1280 50 135 88 84
is_linear=0
shrinkage=1


Tree=1
num_leaves=31
num_cat=0
split_feature=199 248 253 224 217 221 176 40 233 226 93 19 59 192 239 251 68 254 237 107 86 135 243 178 5 205 257 58 107 231
split_gain=3.42182e+06 6.60394e+06 2.23153e+06 2.36138e+06 1.49662e+06 2.09074e+06 2.855e+06 1.88273e+06 1.97371e+06 1.35906e+06 1.26885e+06 1.86679e+06 1.52732e+06 1.26727e+06 1.6251e+06 1.45014e+06 1.58504e+06 1.20019e+06 1.47331e+06 1.57852e+06 2.2439e+06 1.50047e+06 1.22897e+06 1.08001e+06 1.04453e+06 2.15094e+06 1.64978e+06 1.47036e+06 2.51661e+06 1.37812e+06
threshold=2658.2500000000005 866.25000000000011 1319.2500000000002 1568.7500000000002 2333.7500000000005 4185.3376464843759 1613.7500000000002 529.70809936523449 235.50000000000003 1215.5000000000002 3128.0000000000005 320.38192749023443 3786.7500000000005 1939.0000000000002 310.75000000000006 1692.2800292968752 506.08625793457037 -75.249999999999986 1654.1351318359377 2190.5000000000005 1917.5000000000002 1870.2500000000002 719.73504638671886 2134.7500000000005 852.46588134765636 -1601.2499999999998 1012.183807373047 -2080.2499999999995 -700.74999999999989 447.75000000000006
decision_type=2 2 2 2 2 2 2 2 2 2 2 2 2 2 2 2 2 2 2 2 2 2 2 2 2 2 2 2 2 2
left_child=2 9 4 -4 5 10 -7 -8 -9 -2 13 -12 -13 17 -15 16 -16 18 19 23 -21 -20 -19 24 26 -26 -1 -27 -29 -30
right_child=1 -3 3 -5 -6 6 7 8 -10 -11 11 12 -14 14 15 -17 -18 22 21 20 -22 -23 -24 -25 25 27 -28 28 29 -31
leaf_value=-0.25881863346653206 -6.1408301483501084 30.425853171171966 -23.405812072753907 0.30566744577317012 -11.367443819703729 18.501141395568848 10.261333406567573 4.6100035287439827 -13.746135803505226 8.6955739613237064 -18.534834471203034 -12.553510311671666 0.81787154144710961 -7.0175230541229254 6.313321750476713 -1.1536438465118408 21.481328845024109 0.48100549786731861 -15.407588553428651 19.18289206960927 2.2965076918111129 -1.4299888064463935 9.8745265851702015 9.21381217956543 -16.987545253612378 7.5084364386165845 12.110233603583442 -16.164804747610383 3.1393513899583088 -9.3229403341970141
leaf_weight=17450 33 27 21 21 29 35 40 32 27 29 21 28 90 25 61 38 24 6760 32 23 136 48 35 30 27 34 27 33 78 31
leaf_count=17450 33 27 21 21 29 35 40 32 27 29 21 28 90 25 61 38 24 6760 32 23 136 48 35 30 27 34 27 33 78 31
internal_value=3.60167e-08 9.78677 -0.034515 -11.5501 -0.0153179 -0.00223574 6.22662 1.88715 -3.79026 0.798778 -0.0355811 -4.79943 -2.355 -0.00897914 4.60397 6.96607 10.5961 -0.0365704 -0.250827 -0.220517 4.73919 -7.02103 0.52939 -0.265045 -0.281129 -3.84708 -0.23971 -1.83121 -4.06747 -0.40497
internal_weight=25325 89 25236 42 25194 25165 134 99 59 62 25031 139 118 24892 148 123 85 24744 17949 17869 159 80 6795 17710 17680 203 17477 176 142 109
internal_count=25325 89 25236 42 25194 25165 134 99 59 62 25031 139 118 24892 148 123 85 24744 17949 17869 159 80 6795 17710 17680 203 17477 176 142 109
is_linear=0
shrinkage=0.05


Tree=2
num_leaves=31
num_cat=0
split_feature=184 253 254 253 224 143 103 240 88 192 237 247 108 239 251 68 100 13 61 21 155 248 142 149 231 1 103 171 190 5
split_gain=3.09279e+06 4.35031e+06 2.31807e+06 1.56664e+06 2.64743e+06 1.28591e+06 4.83958e+06 3.95082e+06 2.71673e+06 1.36018e+06 1.69775e+06 1.7126e+06 2.74503e+06 1.63808e+06 1.29989e+06 1.5342e+06 1.17811e+06 1.79564e+06 1.40788e+06 1.1488e+06 1.13013e+06 1.28676e+06 1.06376e+06 1.6967e+06 1.68525e+06 1.3112e+06 1.21782e+06 1.16817e+06 1.30111e+06 1.07893e+06
threshold=2654.7500000000005 1092.7500000000002 -263.24999999999994 1319.2500000000002 1568.7500000000002 2817.0000000000005 525.18084716796886 -348.74999999999994 5060.7324218750009 1939.0000000000002 1654.1351318359377 64.750000000000014 2406.2500000000005 310.75000000000006 1692.2800292968752 502.09635925292974 2244.0000000000005 3671.027954101563 562.74551391601574 2819.2500000000005 3238.2500000000005 152.25000000000003 1667.0000000000002 1455.2500000000002 -243.24999999999997 3793.5000000000005 377.66029357910162 1935.7500000000002 1227.7500000000002 852.46588134765636
decision_type=2 2 2 2 2 2 2 2 2 2 2 2 2 2 2 2 2 2 2 2 2 2 2 2 2 2 2 2 2 2
left_child=3 2 -2 5 -5 8 20 -8 9 10 22 12 -12 -11 15 -15 17 19 -18 -10 21 -7 23 29 26 -26 -24 28 -25 -1
right_child=1 -3 -4 4 -6 6 7 -9 16 13 11 -13 -14 14 -16 -17 18 -19 -20 -21 -22 -23 24 27 25 -27 -28 -29 -30 -31
leaf_value=0.012250757798117719 11.495512663351525 27.967059624713404 -6.7318909500584461 -22.235522115798226 2.8710720470973428 1.9866875731426739 1.6662295409611294 -25.233467089518523 13.856830827049587 -7.9683576020327482 -25.830243170779688 0.13670421164968741 -1.8954023284912112 5.7409513605492464 0.20451198021570841 20.075273854391916 10.164344945820895 23.798554978316481 -8.1651859474182142 -2.5282250785827638 7.1284583495213445 -12.950472286769324 3.0129436899114541 -6.1532799274358956 2.178073659320336 -7.7140581414506251 17.895630339213781 -13.481067276000978 0.62729534519479635 -3.336503709264008
leaf_weight=23656 37 23 33 21 21 46 21 39 23 22 23 46 25 56 48 28 22 22 20 20 52 21 27 142 354 37 28 28 141 243
leaf_count=23656 37 23 33 21 21 46 21 39 23 22 23 46 25 56 48 28 22 22 20 20 52 21 27 142 354 37 28 28 141 243
internal_value=-2.7423e-08 9.10133 2.90259 -0.0335457 -9.68223 -0.0174582 -4.24026 -15.8186 0.0127638 -0.0213936 -0.0505414 -6.75736 -13.3642 4.66308 6.76831 10.5191 7.96283 12.1802 1.436 6.23587 1.59754 -2.69511 -0.024972 -0.0695479 2.39472 1.24199 10.5896 -3.73886 -2.77497 -0.0217987
internal_weight=25325 93 70 25232 42 25190 179 60 25011 24904 24750 94 48 154 132 84 107 65 42 43 119 67 24656 24210 446 391 55 311 283 23899
internal_count=25325 93 70 25232 42 25190 179 60 25011 24904 24750 94 48 154 132 84 107 65 42 43 119 67 24656 24210 446 391 55 311 283 23899
is_linear=0
shrinkage=0.05


Tree=3
num_leaves=31
num_cat=0
split_feature=116 254 180 240 232 253 140 138 199 155 247 232 222 47 120 166 155 204 138 101 201 142 108 65 197 177 231 185 246 170
split_gain=2.89818e+06 4.32128e+06 1.73576e+06 2.80428e+06 1.59952e+06 2.45295e+06 1.75269e+06 1.96727e+06 1.60388e+06 1.46527e+06 1.23412e+06 1.58283e+06 1.41842e+06 2.05038e+06 1.67509e+06 1.41347e+06 1.82382e+06 1.39156e+06 1.38545e+06 3.15654e+06 1.75531e+06 1.19221e+06 1.15627e+06 1.40719e+06 1.12445e+06 1.20835e+06 1.11339e+06 1.09968e+06 1.53762e+06 1.05746e+06
threshold=5424.9750976562509 -722.24999999999989 644.34121704101574 60.250000000000007 2094.5000000000005 1319.2500000000002 3316.0000000000005 553.73107910156261 2658.2500000000005 3238.2500000000005 -337.24999999999994 472.75000000000006 719.73504638671886 904.46777343750011 340.25000000000006 661.46316528320324 1528.0000000000002 2143.7500000000005 467.53538513183599 2344.7500000000005 488.86749267578131 3542.5000000000005 1616.5000000000002 1147.2500000000002 1236.2500000000002 123.25000000000001 317.25000000000006 1908.7500000000002 474.75000000000006 1749.0000000000002
decision_type=2 2 2 2 2 2 2 2 2 2 2 2 2 2 2 2 2 2 2 2 2 2 2 2 2 2 2 2 2 2
left_child=4 -2 -3 -4 5 6 9 21 -6 10 11 -1 15 -14 -15 27 24 18 26 20 -20 -8 23 -22 25 -17 -13 29 -29 -12
right_child=1 2 3 -5 8 -7 7 -9 -10 -11 12 17 13 14 -16 16 -18 -19 19 -21 22 -23 -24 -25 -26 -27 -28 28 -30 -31
leaf_value=-0.39635580882943861 26.053784920619087 14.790446987152102 7.4011278533935556 -16.101180701906031 1.72999626994133 -13.474306750297547 -7.6858416214902352 -19.905458497730169 18.079734400908151 11.223143899851832 0.16956995909872583 6.5566613343026905 7.248156018026414 -14.617552488500422 2.7189502716064453 -1.4836231566056974 -15.647471635682244 7.6075407096317837 -15.833456788524504 -25.888074817657468 -2.2427546674960128 5.4976709648414896 7.2903336028258012 -15.874829020707503 8.9059305940355582 -11.840696395144745 -2.8084406421610169 -2.8715708684921264 7.7654308996110588 -4.7697725016042725
leaf_weight=5322 26 20 30 22 40 34 47 22 24 29 18418 36 155 22 38 164 28 28 31 20 107 27 24 23 21 34 268 50 106 109
leaf_count=5322 26 20 30 22 40 34 47 22 24 29 18418 36 155 22 38 164 28 28 31 20 107 27 24 23 21 34 268 50 106 109
internal_value=-1.1428e-08 8.58179 2.27246 -2.54216 -0.0333379 -0.0534169 -0.0352582 -6.77831 7.86115 -0.00939899 -0.0224267 -0.657406 0.171898 4.21022 -3.63777 0.126032 -3.63159 -3.24458 -3.84155 -7.01818 -4.97819 -2.87564 -2.79304 -4.65458 -2.09531 -3.26211 -1.69942 0.17571 4.35614 0.14051
internal_weight=25325 98 72 52 25227 25163 25129 96 64 25033 25004 5859 19145 215 60 18930 247 537 509 205 185 74 154 130 219 198 304 18683 156 18527
internal_count=25325 98 72 52 25227 25163 25129 96 64 25033 25004 5859 19145 215 60 18930 247 537 509 205 185 74 154 130 219 198 304 18683 156 18527
is_linear=0
shrinkage=0.05


Tree=4
num_leaves=31
num_cat=0
split_feature=116 254 180 240 232 253 140 138 199 155 247 226 157 92 222 47 128 166 162 191 197 96 245 240 22 254 22 228 157 194
split_gain=2.61561e+06 3.89995e+06 1.56652e+06 2.53086e+06 1.44357e+06 2.21379e+06 1.58181e+06 1.77546e+06 1.4475e+06 1.32241e+06 1.11379e+06 1.48463e+06 2.2403e+06 3.03928e+06 1.28013e+06 1.85047e+06 1.53099e+06 1.27566e+06 1.68258e+06 1.22051e+06 2.83424e+06 1.851e+06 1.10923e+06 1.54564e+06 1.48545e+06 1.31466e+06 1.23909e+06 1.1247e+06 1.19196e+06 1.08959e+06
threshold=5424.9750976562509 -722.24999999999989 644.34121704101574 60.250000000000007 2094.5000000000005 1319.2500000000002 3316.0000000000005 553.73107910156261 2658.2500000000005 3238.2500000000005 -337.24999999999994 -370.24999999999994 -1374.2499999999998 -1052.2499999999998 719.73504638671886 904.46777343750011 365.75000000000006 661.46316528320324 1561.2500000000002 1340.5000000000002 1182.7500000000002 403.70912170410162 -125.74999999999999 -392.24999999999994 3675.2500000000005 -674.74999999999989 1481.7500000000002 1858.1300048828127 1649.0000000000002 581.48425292968761
decision_type=2 2 2 2 2 2 2 2 2 2 2 2 2 2 2 2 2 2 2 2 2 2 2 2 2 2 2 2 2 2
left_child=4 -2 -3 -4 5 6 9 29 -6 10 11 19 13 -13 17 -16 -17 -12 -19 20 -1 -22 -14 26 25 -25 -24 -27 -29 -8
right_child=1 2 3 -5 8 -7 7 -9 -10 -11 14 12 22 -15 15 16 -18 18 -20 -21 21 -23 23 24 -26 27 -28 28 -30 -31
leaf_value=-0.13939592547939056 24.751095999204196 14.050925149917603 7.0310711161295574 -15.296121898564426 1.6434964871406557 -12.800591648326202 -6.4242127392027122 -18.910185462778266 17.175747680664063 10.661986804830619 0.16692453173892896 -4.0104879519769119 -0.50739036049159925 -26.315235727173942 6.8857482597231865 -9.1035074579715722 7.8393774175643927 -2.0345422182687272 -15.481483420958888 -11.292378107706707 0.34157584962390719 19.696349620819092 -20.089440785283628 8.0849780790267456 -15.795017217397692 -1.4886311806892314 -3.4915979168631814 -10.526532096878903 2.1014266929626468 7.2374961996078504
leaf_weight=3786 26 20 30 22 40 34 54 22 24 29 18683 56 1242 21 155 40 20 221 26 24 21 30 23 31 20 484 22 74 25 20
leaf_count=3786 26 20 30 22 40 34 54 22 24 29 18683 56 1242 21 155 40 20 221 26 24 21 30 23 31 20 484 22 74 25 20
internal_value=-4.40842e-08 8.1527 2.15883 -2.41505 -0.031671 -0.0507461 -0.0334953 -6.43939 7.46809 -0.00892908 -0.0213054 -0.624536 -1.73096 -10.0936 0.163303 3.99971 -3.45588 0.119731 -3.45001 -0.051983 0.0183244 11.7267 -1.39575 -3.02071 -2.38516 -1.94836 -11.9749 -2.48186 -7.33765 -2.73186
internal_weight=25325 98 72 52 25227 25163 25129 96 64 25033 25004 5859 1998 77 19145 215 60 18930 247 3861 3837 51 1921 679 634 614 45 583 99 74
internal_count=25325 98 72 52 25227 25163 25129 96 64 25033 25004 5859 1998 77 19145 215 60 18930 247 3861 3837 51 1921 679 634 614 45 583 99 74
is_linear=0
shrinkage=0.05


Tree=5
num_leaves=31
num_cat=0
split_feature=212 233 247 227 254 88 233 253 254 128 204 254 257 177 225 225 72 156 128 185 184 241 72 36 226 222 213 89 257 58
split_gain=2.39662e+06 4.21084e+06 2.69174e+06 2.12575e+06 2.06712e+06 1.88227e+06 2.58879e+06 1.38634e+06 1.38351e+06 1.21506e+06 1.45229e+06 982133 1.24801e+06 1.28272e+06 951449 1.37973e+06 1.24437e+06 1.15368e+06 2.12777e+06 1.8578e+06 1.75749e+06 1.20044e+06 1.81962e+06 2.21914e+06 1.13266e+06 1.15733e+06 3.03404e+06 1.01636e+06 1.35044e+06 1.21661e+06
threshold=2136.2500000000005 635.25000000000011 835.00000000000011 1932.2500000000002 -229.24999999999997 5572.3825683593759 -351.74999999999994 1319.2500000000002 -326.74999999999994 3133.7500000000005 1888.0000000000002 -75.249999999999986 601.57815551757824 1791.2500000000002 197.25000000000003 -184.74999999999997 1631.2500000000002 -915.74999999999989 -348.74999999999994 -555.24999999999989 -1293.4999999999998 -75.749999999999986 -1941.2499999999998 -1692.2499999999998 -812.24999999999989 644.34121704101574 -390.74999999999994 581.48425292968761 719.73504638671886 1255.2500000000002
decision_type=2 2 2 2 2 2 2 2 2 2 2 2 2 2 2 2 2 2 2 2 2 2 2 2 2 2 2 2 2 2
left_child=3 -2 4 5 -3 7 -7 9 -8 10 11 14 13 -13 15 16 -1 18 21 -20 -19 22 23 -16 25 -17 -27 28 -22 -29
right_child=1 2 -4 -5 -6 6 8 -9 -10 -11 -12 12 -14 -15 17 24 -18 20 19 -21 27 -23 -24 -25 -26 26 -28 29 -30 -31
leaf_value=-0.45529752057520262 -12.010305929183961 16.664561278731735 28.976250039963499 -12.522669353204616 -4.2515991301763627 19.278774388631188 -9.0269065493629093 -10.276619338989258 9.122691708519346 -5.6656482641320487 3.8543359971982394 0.42659349397304464 5.856817428121027 -12.254923539161682 -5.7939329375823343 2.2990736266573268 -5.9376325386312772 11.056016026121199 -20.506187702047413 -3.9703117851803946 -0.39317978141404497 -0.41572149910225309 -1.2378481044593428 -25.617473130226138 0.44951106836905397 -1.1238812013105912 25.783962547779083 -1.4805273692255898 11.025730543870193 -7.8974379217332258
leaf_weight=4396 20 27 21 34 21 30 21 33 21 95 242 6672 106 20 48 150 106 33 29 41 6234 503 111 20 5771 22 20 359 26 93
leaf_count=4396 20 27 21 34 21 30 21 33 21 95 242 6672 106 20 48 150 106 33 29 41 6234 503 111 20 5771 22 20 359 26 93
internal_value=-2.18125e-08 8.1905 14.0458 -0.0288855 7.51374 -0.0120302 8.06076 -0.0351595 0.0478926 -0.0216931 -0.000247748 -0.0379218 0.473956 0.388693 -0.23165 0.0763561 -0.58438 -0.661593 -2.51919 -10.8209 -0.45449 -1.66711 -5.18357 -11.6244 0.575204 4.3532 11.6894 -0.511082 -0.345753 -2.80082
internal_weight=25325 89 69 25236 48 25202 72 25130 42 25097 25002 24760 6798 6692 17962 10465 4502 7497 752 70 6745 682 179 68 5963 192 42 6712 6260 452
internal_count=25325 89 69 25236 48 25202 72 25130 42 25097 25002 24760 6798 6692 17962 10465 4502 7497 752 70 6745 682 179 68 5963 192 42 6712 6260 452
is_linear=0
shrinkage=0.05


Tree=6
num_leaves=31
num_cat=0
split_feature=184 253 254 48 184 147 117 253 40 198 173 251 191 234 237 108 199 142 175 236 6 246 119 0 169 115 155 5 133 149
split_gain=2.17082e+06 3.57492e+06 1.76128e+06 1.29146e+06 3.07537e+06 2.14419e+06 7.1451e+06 1.64428e+06 1.53775e+06 1.53067e+06 1.34818e+06 1.12679e+06 1.75446e+06 1.47972e+06 1.07637e+06 2.36226e+06 2.50604e+06 1.27433e+06 1.34947e+06 1.31974e+06 1.58568e+06 1.07274e+06 1.02059e+06 1.48969e+06 954740 1.12027e+06 952712 887955 1.94961e+06 1.80119e+06
threshold=2654.7500000000005 1092.7500000000002 -263.24999999999994 5001.1174316406259 559.25000000000011 2807.7500000000005 587.72634887695324 1319.2500000000002 537.77215576171886 1615.2500000000002 405.05412292480474 1692.2800292968752 1723.7500000000002 622.75000000000011 1654.1351318359377 2406.2500000000005 1605.0000000000002 1737.0000000000002 1940.5000000000002 644.34121704101574 3478.448608398438 162.75000000000003 2817.5000000000005 4121.7500000000009 2018.2500000000002 1171.7500000000002 3238.2500000000005 852.46588134765636 1107.2500000000002 210.75000000000003
decision_type=2 2 2 2 2 2 2 2 2 2 2 2 2 2 2 2 2 2 2 2 2 2 2 2 2 2 2 2 2 2
left_child=3 2 -2 5 -5 7 26 9 -6 14 -11 12 -12 -14 17 16 -16 18 22 20 -19 -21 23 24 27 -26 -7 -1 29 -29
right_child=1 -3 -4 4 8 6 -8 -9 -10 10 11 -13 13 -15 15 -17 -18 19 -20 21 -22 -23 -24 -25 25 -27 -28 28 -30 -31
leaf_value=-0.031220471800999836 9.4959760710999781 24.727039138130522 -6.392257118225098 22.758908843994142 7.6845293118403504 -4.17967312335968 -27.811376520792642 -12.119402612958638 -10.756691212914886 -0.44375122430778691 3.4038449119877172 0.70282456705699103 9.1514137994675409 28.154653041362764 -25.173021594337797 2.5619630943645131 -0.97282165527343756 2.8120839339535748 -7.3643418819185289 18.089565630753835 -9.6384835004806533 3.2903127117156985 -10.134240395545959 8.0470173994700129 15.877964525222779 1.5543472005877383 4.5867793990116494 -2.7081433099770695 6.8510000665013386 -14.461839002806967
leaf_weight=23870 37 23 33 21 26 79 30 28 20 84 37 37 21 20 23 44 20 295 63 24 28 25 25 57 20 43 51 159 41 41
leaf_count=23870 37 23 33 21 26 79 30 28 20 84 37 37 21 20 23 44 20 295 63 24 28 25 25 57 20 43 51 159 41 41
internal_value=3.382e-08 7.62504 2.00581 -0.0281043 6.90449 -0.0465618 -5.81631 -0.00964283 -0.333393 0.00393259 4.37158 7.88887 11.2976 18.4213 -0.0311454 -5.58287 -13.9171 -0.0115836 -0.0560099 2.89273 1.73278 10.5389 -0.037028 -0.0266104 -0.0456472 6.10153 -0.740526 -0.0617093 -3.08149 -5.11765
internal_weight=25325 93 70 25232 67 25165 160 25005 46 24977 199 115 78 41 24778 87 43 24691 24319 372 323 49 24256 24231 24174 63 130 24111 241 200
internal_count=25325 93 70 25232 67 25165 160 25005 46 24977 199 115 78 41 24778 87 43 24691 24319 372 323 49 24256 24231 24174 63 130 24111 241 200
is_linear=0
shrinkage=0.05


Tree=7
num_leaves=31
num_cat=0
split_feature=116 254 194 240 232 253 140 138 155 204 142 247 226 157 92 222 47 120 166 162 191 197 96 197 203 204 245 240 22 254
split_gain=2.03436e+06 3.25471e+06 1.38081e+06 2.29759e+06 1.206e+06 1.75374e+06 1.25077e+06 1.47605e+06 1.11756e+06 1.0592e+06 1.04056e+06 969926 1.34256e+06 1.93967e+06 2.68983e+06 1.14062e+06 1.63164e+06 1.38609e+06 1.12408e+06 1.48669e+06 1.08267e+06 2.48085e+06 1.6335e+06 1.06162e+06 1.19875e+06 1.74672e+06 987627 1.39354e+06 1.28706e+06 1.16904e+06
threshold=5424.9750976562509 -722.24999999999989 644.34121704101574 60.250000000000007 2094.5000000000005 1319.2500000000002 3316.0000000000005 553.73107910156261 3238.2500000000005 2874.2500000000005 3542.5000000000005 -337.24999999999994 -370.24999999999994 -1374.2499999999998 -1052.2499999999998 719.73504638671886 904.46777343750011 340.25000000000006 661.46316528320324 1561.2500000000002 1340.5000000000002 1182.7500000000002 403.70912170410162 1236.2500000000002 675.25000000000011 668.25000000000011 -125.74999999999999 -392.24999999999994 3675.2500000000005 -674.74999999999989
decision_type=2 2 2 2 2 2 2 2 2 2 2 2 2 2 2 2 2 2 2 2 2 2 2 2 2 2 2 2 2 2
left_child=4 -2 -3 -4 5 6 8 10 11 -6 -8 12 20 14 -14 18 -17 -18 -13 23 21 -1 -23 24 25 -20 -15 -28 29 -29
right_child=1 2 3 -5 9 -7 7 -9 -10 -11 -12 15 13 26 -16 16 17 -19 19 -21 -22 22 -24 -25 -26 -27 27 28 -30 -31
leaf_value=-0.11934244469796074 22.35327519636888 12.504981186276391 6.1503249295552571 -15.413286236354285 1.6769970086904671 -11.393363318723791 -6.8396806763524713 -17.097050391543998 9.8015126031020596 14.86098598098755 5.4768639670477981 0.15590066043324566 -3.693247584785734 -0.48446056958221972 -24.676546364738829 6.4840809505985639 -13.214628076553346 2.5555906145196214 -3.4628797415035226 -14.548784272945845 -10.624665602048239 0.28704323087419786 18.469145612716677 8.7857708476838621 -13.27337915802002 11.604704197970305 -11.358249501652189 7.6153914228562387 -14.734811122417449 -2.3490552832444371
leaf_weight=3786 26 21 30 21 39 34 47 22 29 25 27 18683 56 1242 21 155 22 38 153 26 24 21 30 21 25 22 45 31 20 583
leaf_count=3786 26 21 30 21 39 34 47 22 29 25 27 18683 56 1242 21 155 22 38 153 26 24 21 30 21 25 22 45 31 20 583
internal_value=3.35595e-09 7.19001 1.71438 -2.72881 -0.0279312 -0.0453661 -0.0300121 -5.7263 -0.00816717 6.82699 -2.34581 -0.0195446 -0.58247 -1.63462 -9.41597 0.152729 3.77406 -3.22682 0.111599 -3.23935 -0.0380006 0.0282178 10.9824 -1.90883 -3.03176 -1.56867 -1.32272 -2.85602 -2.25255 -1.84596
internal_weight=25325 98 72 51 25227 25163 25129 96 25033 64 74 25004 5859 1998 77 19145 215 60 18930 247 3861 3837 51 221 200 175 1921 679 634 614
internal_count=25325 98 72 51 25227 25163 25129 96 25033 64 74 25004 5859 1998 77 19145 215 60 18930 247 3861 3837 51 221 200 175 1921 679 634 614
is_linear=0
shrinkage=0.05


Tree=8
num_leaves=31
num_cat=0
split_feature=116 254 254 212 232 253 140 254 75 180 192 227 253 254 243 237 71 114 58 145 45 257 143 225 225 72 64 211 184 117
split_gain=1.83601e+06 2.93738e+06 1.28805e+06 1.17804e+06 1.08842e+06 1.58275e+06 1.12882e+06 1.42772e+06 1.81504e+06 1.09894e+06 1.08021e+06 2.00604e+06 1.03824e+06 948280 1.19253e+06 958017 1.6592e+06 1.23762e+06 840532 1.59641e+06 1.0545e+06 837747 1.00097e+06 746979 1.22643e+06 1.15818e+06 1.11913e+06 1.32354e+06 2.03436e+06 1.03825e+06
threshold=5424.9750976562509 -722.24999999999989 -368.74999999999994 1200.2500000000002 2094.5000000000005 1319.2500000000002 3316.0000000000005 -90.249999999999986 557.84716796875011 396.71347045898443 1939.0000000000002 362.25000000000006 620.25000000000011 -75.249999999999986 719.73504638671886 1654.1351318359377 2302.7500000000005 2027.2500000000002 1174.0000000000002 409.55574035644537 2514.7500000000005 367.27325439453131 -1754.7499999999998 197.25000000000003 -184.74999999999997 1631.2500000000002 2604.5000000000005 890.25000000000011 529.75000000000011 418.32026672363287
decision_type=2 2 2 2 2 2 2 2 2 2 2 2 2 2 2 2 2 2 2 2 2 2 2 2 2 2 2 2 2 2
left_child=4 -2 -3 -4 5 6 10 8 9 -8 13 -12 -6 15 21 23 -17 -18 -13 -20 -21 22 -15 24 25 -1 29 -28 -29 -25
right_child=1 2 3 -5 12 -7 7 -9 -10 -11 11 18 -14 14 -16 16 17 -19 19 20 -22 -23 -24 26 -26 -27 27 28 -30 -31
leaf_value=-0.42627211108146446 21.235611636822043 -7.5409266204833987 13.931873992919922 -1.9322780002247204 -0.96934804916381845 -10.82369538194993 -13.299149003028871 5.7430761125954719 -21.63171573162079 1.4715022304478813 -7.0306986999511727 -1.2656816085179647 11.925771713256836 -7.8937880399899614 9.5420543021625956 -17.233716843344947 -12.062553828103203 2.1366516543062111 2.5993540607392789 22.99316297145117 9.0320949203089675 1.3461151284533992 0.14795776889642551 -0.29078543921538902 0.54363003798818565 -5.7647388764298881 -0.77208489411407055 16.91059148383863 2.5756350866471878 -1.5813204540303165
leaf_weight=4398 26 25 25 22 27 34 20 22 20 34 35 30 37 39 36 22 21 57 64 21 38 1789 4956 4897 5964 104 144 33 99 2286
leaf_count=4398 26 25 25 22 27 34 20 22 20 34 35 30 37 39 36 22 21 57 64 21 38 1789 4956 4897 5964 104 144 33 99 2286
internal_value=-3.43097e-08 6.8305 1.62866 6.5061 -0.0265347 -0.0430979 -0.0285115 -5.43998 -8.76468 -3.99911 -0.00775885 3.76803 6.48564 -0.0363299 0.465856 -0.226339 -5.10666 -1.68621 6.23833 8.06857 14.0013 0.417692 0.0851694 -0.199112 0.073374 -0.549595 -0.581448 2.54296 6.15937 -0.7015
internal_weight=25325 98 72 47 25227 25163 25129 96 74 54 25033 188 64 24845 6820 18025 100 78 153 123 59 6784 4995 17925 10466 4502 7459 276 132 7183
internal_count=25325 98 72 47 25227 25163 25129 96 74 54 25033 188 64 24845 6820 18025 100 78 153 123 59 6784 4995 17925 10466 4502 7459 276 132 7183
is_linear=0
shrinkage=0.05


Tree=9
num_leaves=31
num_cat=0
split_feature=247 218 5 43 233 9 174 220 7 199 211 101 254 184 32 225 254 257 247 236 206 80 143 224 232 247 142 211 222 19
split_gain=1.78595e+06 4.89635e+06 1.0672e+06 2.73884e+06 2.81775e+06 2.37938e+06 2.74651e+06 1.46685e+06 1.35286e+06 1.294e+06 1.27472e+06 1.15262e+06 1.01884e+06 970149 1.16487e+06 947634 798931 1.07614e+06 934182 1.55489e+06 1.10935e+06 1.44542e+06 902770 788923 769371 1.05376e+06 1.48618e+06 1.53318e+06 1.77871e+06 957004
threshold=835.00000000000011 2548.2500000000005 852.46588134765636 5080.0000000000009 -336.24999999999994 1913.2500000000002 619.14193725585949 -37.749999999999993 -2209.4999999999995 -1014.4999999999999 2733.7500000000005 4285.2500000000009 -263.24999999999994 287.25000000000006 2181.4699707031255 1186.5000000000002 -75.249999999999986 367.27325439453131 639.00000000000011 428.65463256835943 2076.0000000000005 3204.0000000000005 -1754.7499999999998 1568.7500000000002 425.25000000000006 -275.74999999999994 2920.7500000000005 954.25000000000011 700.57888793945324 547.78625488281261
decision_type=2 2 2 2 2 2 2 2 2 2 2 2 2 2 2 2 2 2 2 2 2 2 2 2 2 2 2 2 2 2
left_child=2 15 3 10 -5 6 8 -8 -4 -10 16 -6 -12 14 -11 -2 18 22 20 -20 24 -22 -18 -17 -1 29 27 -27 -29 -26
right_child=1 -3 5 4 11 -7 7 -9 9 13 12 -13 -14 -15 -16 23 17 -19 19 -21 21 -23 -24 -25 25 26 -28 28 -30 -31
leaf_value=-0.0074906926957788254 9.3834419000716434 28.174006307692753 3.2846032635087057 24.570842294801366 -2.9498490364320817 -15.679586864240243 17.673929023742676 2.1328091348920548 -18.075707383589315 -6.8487732518103819 -0.38363865443638395 11.823025728308636 -15.464083047707877 -13.91123255888621 4.4589590609073637 -10.297833113236862 -7.4990983950786108 1.4988088812701581 0.40814220982213173 -16.972470920736139 12.915670670403376 -3.3517146890813656 0.13799964750517849 2.6845608139038086 -1.5773306491670058 -1.0651123617283369 -13.346902119029654 0.95697725957758673 13.967005965444777 -5.9891749686622004
leaf_weight=13987 21 21 42 22 31 33 22 49 22 62 21 23 24 24 36 22 39 1819 31 22 36 22 4956 25 609 2127 22 974 27 154
leaf_count=13987 21 21 42 22 31 33 22 49 22 62 21 23 24 24 36 22 39 1819 31 22 36 22 4956 25 609 2127 22 974 27 154
internal_value=-8.63354e-09 7.07043 -0.0249353 0.0101222 9.48741 -3.04061 -1.4177 6.94837 -4.6112 -6.91414 -0.0188394 3.3423 -8.42654 -4.9014 -2.69491 0.553147 -0.00359884 0.457557 -0.178065 -6.80645 -0.158503 6.74528 0.0783707 -3.3923 -0.180873 -0.800626 -0.3968 -0.305719 1.3079 -2.46779
internal_weight=25325 89 25236 24946 76 290 257 71 186 144 24870 54 45 122 98 68 24825 6814 18011 53 17958 58 4995 47 17900 3913 3150 3128 1001 763
internal_count=25325 89 25236 24946 76 290 257 71 186 144 24870 54 45 122 98 68 24825 6814 18011 53 17958 58 4995 47 17900 3913 3150 3128 1001 763
is_linear=0
shrinkage=0.05


Tree=10
num_leaves=31
num_cat=0
split_feature=184 253 226 160 129 33 43 233 253 93 40 131 204 92 236 138 131 12 90 167 0 247 72 245 5 71 169 141 134 47
split_gain=1.65438e+06 2.88509e+06 1.63234e+06 1.96889e+06 949381 2.76134e+06 2.00494e+06 2.19509e+06 1.17734e+06 848477 1.00397e+06 1.08555e+06 991258 851672 2.57588e+06 1.67475e+06 1.06822e+06 1.04914e+06 1.0436e+06 810859 1.30075e+06 794805 1.47098e+06 1.34663e+06 1.76432e+06 1.3187e+06 1.48346e+06 1.15957e+06 1.20716e+06 1.4062e+06
threshold=2654.7500000000005 1092.7500000000002 1368.7500000000002 4044.8466796875005 4030.0000000000005 534.11987304687511 5080.0000000000009 -157.74999999999997 1319.2500000000002 3128.0000000000005 320.35838317871099 506.08625793457037 1094.2500000000002 2856.7500000000005 679.19335937500011 569.17248535156261 377.58045959472662 320.38700866699224 2915.0737304687505 2698.783325195313 4121.7500000000009 -337.24999999999994 964.25000000000011 222.75000000000003 446.27917480468756 1368.5000000000002 1246.2500000000002 2014.2500000000002 -295.74999999999994 562.74551391601574
decision_type=2 2 2 2 2 2 2 2 2 2 2 2 2 2 2 2 2 2 2 2 2 2 2 2 2 2 2 2 2 2
left_child=4 2 3 -2 6 -6 8 -8 9 13 -11 -12 -13 19 15 16 17 -15 -16 20 21 22 25 27 -25 -1 -27 28 -24 -30
right_child=1 -3 -4 -5 5 -7 7 -9 -10 10 11 12 -14 14 18 -17 -18 -19 -20 -21 -22 -23 23 24 -26 26 -28 -29 29 -31
leaf_value=-0.35980486492244279 -3.0990332863547589 22.020143475739854 -8.3241775072537934 18.054585335471412 3.30654048036646 -21.205647253990175 22.879742951393126 0.65598507690429697 -8.824439204366584 -13.742274188995362 1.9931431489204294 -16.35064138814807 -1.5445462446946365 4.6993746585845946 21.616633324396044 -10.496752943992616 5.2899000772723452 -8.7934894298805926 6.8715481076921741 -8.3804144440026125 8.77690982974711 0.12637101601778711 8.9061858040945872 -2.2861506685133905 -20.343482752641044 2.3421541779540305 17.16531838008336 3.1226988317484552 -2.380742502381787 -10.100897605027725
leaf_weight=4887 22 23 26 22 27 20 20 25 38 22 67 20 26 25 21 30 108 34 28 29 42 18926 21 31 24 86 21 94 493 67
leaf_count=4887 22 23 26 22 27 20 20 25 38 22 67 20 26 25 21 30 108 34 28 29 42 18926 21 31 24 86 21 94 493 67
internal_value=2.17537e-08 6.65653 1.60848 7.47778 -0.0245346 -7.12418 -0.0112853 10.5332 -0.0301597 -0.0168467 -3.97008 -2.06753 -7.98198 0.00452897 2.93197 0.380266 2.33422 -3.07617 13.1909 -0.0246022 -0.0147885 -0.0297683 -0.546032 -2.64249 -10.1657 -0.239581 5.25137 -2.02949 -2.86306 -3.3044
internal_weight=25325 93 70 44 25232 47 25185 45 25140 25102 135 113 46 24967 246 197 167 59 49 24721 24692 24650 5724 730 55 4994 107 675 581 560
internal_count=25325 93 70 44 25232 47 25185 45 25140 25102 135 113 46 24967 246 197 167 59 49 24721 24692 24650 5724 730 55 4994 107 675 581 560
is_linear=0
shrinkage=0.05


Tree=11
num_leaves=31
num_cat=0
split_feature=247 218 5 43 233 9 174 220 57 206 163 211 189 213 211 75 233 239 165 204 175 232 79 5 117 79 253 233 138 185
split_gain=1.58734e+06 4.22607e+06 959937 2.28184e+06 2.3426e+06 2.14817e+06 2.45317e+06 1.32181e+06 1.27415e+06 1.1617e+06 1.28796e+06 1.14809e+06 1.09924e+06 1.01481e+06 1.08234e+06 981727 856879 804692 740282 733162 1.36221e+06 2.30794e+06 1.11276e+06 1.43609e+06 2.25764e+06 1.166e+06 1.06937e+06 1.37114e+06 1.59875e+06 943637
threshold=835.00000000000011 2548.2500000000005 852.46588134765636 5080.0000000000009 -336.24999999999994 1913.2500000000002 619.14193725585949 -37.749999999999993 1157.7500000000002 -742.74999999999989 -1293.2499999999998 2733.7500000000005 2184.2500000000005 610.75000000000011 288.25000000000006 461.98585510253912 918.25000000000011 -35.749999999999993 2439.5500488281255 1783.2500000000002 1858.7500000000002 1383.2500000000002 772.75000000000011 587.72634887695324 553.73107910156261 53.250000000000007 592.75000000000011 -175.74999999999997 366.36630249023443 2034.0000000000002
decision_type=2 2 2 2 2 2 2 2 2 2 2 2 2 2 2 2 2 2 2 2 2 2 2 2 2 2 2 2 2 2
left_child=2 16 3 11 -5 6 8 -8 9 17 -11 19 -6 14 -12 -13 -2 -4 -9 20 -1 26 25 24 -24 -21 27 28 -22 -25
right_child=1 -3 5 4 12 -7 7 18 -10 10 13 15 -14 -15 -16 -17 -18 -19 -20 22 21 -23 23 29 -26 -27 -28 -29 -30 -31
leaf_value=0.002219092852178904 7.9719671630859388 26.271677780151368 -3.2339472683993251 22.413290491971104 -3.81707946232387 -14.89284211361047 16.746631182323803 9.0902431669689374 -14.625633012331448 8.7969325939814258 -4.9398985109158922 -1.0877171397209169 10.460282626518838 -12.499685075066306 8.3705939372380573 -15.890939667111352 -3.6687570970072301 -17.091388877630234 -3.3285137227603365 2.0138386402130126 -18.734519767761231 -20.012727055549622 1.2670203496686749 1.8231123613274616 -13.970166395328665 17.796729960224848 -12.515708803093952 1.8521119436375182 -2.0547633984509637 15.856391265869142
leaf_weight=24212 25 21 22 22 28 33 22 21 26 30 42 24 26 22 24 21 43 20 28 25 20 20 244 23 27 22 23 133 51 25
leaf_count=24212 25 21 22 22 28 33 22 21 26 30 42 24 26 22 24 21 43 20 28 25 20 20 244 23 27 22 23 133 51 25
internal_value=-5.95595e-09 6.66571 -0.023508 0.00974107 8.66028 -2.88362 -1.34158 6.56511 -4.35972 -2.69151 -0.149717 -0.016694 3.05721 -3.19971 -0.0997194 -7.99589 0.610921 -9.83273 1.99381 -0.00223024 -0.0354691 -3.72983 2.21905 1.16081 -0.251076 9.40158 -2.29521 -1.1429 -6.75329 9.13211
internal_weight=25325 89 25236 24946 76 290 257 71 186 160 118 24870 54 88 66 45 68 42 49 24825 24459 247 366 319 271 47 227 204 71 48
internal_count=25325 89 25236 24946 76 290 257 71 186 160 118 24870 54 88 66 45 68 42 49 24825 24459 247 366 319 271 47 227 204 71 48
is_linear=0
shrinkage=0.05


Tree=12
num_leaves=31
num_cat=0
split_feature=212 233 257 227 221 157 33 4 253 254 21 215 183 250 192 206 141 236 27 198 84 142 239 254 253 149 2 26 93 254
split_gain=1.50169e+06 3.09061e+06 1.8514e+06 1.79065e+06 1.32629e+06 2.15234e+06 1.58522e+06 1.26773e+06 1.09831e+06 1.0503e+06 1.02665e+06 1.93491e+06 1.52356e+06 822244 819779 1.03008e+06 963415 1.05591e+06 924965 1.31082e+06 933834 1.11553e+06 1.93368e+06 1.10655e+06 1.08506e+06 949466 1.02605e+06 922474 858595 831140
threshold=2136.2500000000005 635.25000000000011 797.33575439453136 1932.2500000000002 4185.3376464843759 1704.2500000000002 534.11987304687511 4254.6323242187509 1319.2500000000002 -363.24999999999994 4414.2500000000009 587.72634887695324 1179.7500000000002 679.19335937500011 2705.0000000000005 1587.7500000000002 2612.7500000000005 575.74453735351574 3832.134887695313 -1001.2499999999999 3178.5000000000005 1737.0000000000002 -24.749999999999996 -152.74999999999997 287.25000000000006 1316.2500000000002 3368.7500000000005 509.76542663574224 1383.7500000000002 -502.24999999999994
decision_type=2 2 2 2 2 2 2 2 2 2 2 2 2 2 2 2 2 2 2 2 2 2 2 2 2 2 2 2 2 2
left_child=3 -2 7 4 8 -6 13 -3 10 -8 14 12 -12 -7 15 18 29 -18 20 -20 21 25 -23 28 -22 26 -1 -25 -24 -17
right_child=1 2 -4 -5 5 6 9 -9 -10 -11 11 -13 -14 -15 -16 16 17 -19 19 -21 24 22 23 27 -26 -27 -28 -29 -30 -31
leaf_value=-0.01460245896141122 -10.823017268180848 12.963749320418746 23.470784165642481 -11.489702533974366 15.168435416350494 2.306659007841541 -10.79130767699211 -3.6449212646484379 -9.2922083832323548 2.982972314834595 9.1456472613594766 -19.18891214966774 -7.9470322191715246 15.120564033871606 -10.1245161819458 12.424763350332938 -7.5368011010659721 6.2955708937211474 14.874361817733101 1.8940289944883379 -0.019512747463427092 14.426072059571744 -7.8922233594430473 3.171262292521341 -12.412557103417136 -2.0829920082767877 -7.1143169234780705 14.650895595550537 0.64103679275718228 3.47514648692413
leaf_weight=23460 20 27 22 34 37 31 31 20 32 25 22 20 32 21 20 31 37 22 23 126 38 32 37 140 33 577 51 20 145 159
leaf_count=23460 20 27 22 34 37 31 31 20 32 25 22 20 32 21 20 31 37 22 23 126 38 32 37 140 33 577 51 20 145 159
internal_value=-1.16335e-08 6.48337 11.4997 -0.022865 -0.00739505 4.76079 1.1952 5.89623 -0.0349876 -4.64208 -0.0231502 -5.90377 -0.983348 7.48151 -0.00570937 0.00240808 3.20224 -2.37897 -0.0298728 3.8977 -0.0537268 -0.0371075 2.67264 1.5729 -5.77966 -0.0791801 -0.0300031 4.60622 -1.09375 4.93535
internal_weight=25325 89 69 25236 25202 145 108 47 25057 56 25025 74 54 52 24951 24931 249 59 24682 149 24533 24462 374 342 71 24088 23511 160 182 190
internal_count=25325 89 69 25236 25202 145 108 47 25057 56 25025 74 54 52 24951 24931 249 59 24682 149 24533 24462 374 342 71 24088 23511 160 182 190
is_linear=0
shrinkage=0.05


Tree=13
num_leaves=31
num_cat=0
split_feature=247 211 5 43 233 9 174 220 56 211 101 206 163 107 75 165 36 239 1 254 257 247 233 206 80 143 78 245 233 245
split_gain=1.43187e+06 3.62866e+06 868070 1.99335e+06 2.06952e+06 1.92376e+06 2.08146e+06 1.28236e+06 1.16602e+06 1.05057e+06 991895 971729 1.26638e+06 1.01355e+06 906789 776179 738354 726234 711861 698615 966877 822664 1.41205e+06 965710 1.19945e+06 814803 753434 744885 1.05318e+06 745830
threshold=835.00000000000011 2733.7500000000005 852.46588134765636 5080.0000000000009 -336.24999999999994 1972.0000000000002 619.14193725585949 -37.749999999999993 1120.2500000000002 2733.7500000000005 4285.2500000000009 -742.74999999999989 -1293.2499999999998 -972.74999999999989 461.98585510253912 2439.5500488281255 1760.2500000000002 -35.749999999999993 293.75000000000006 -75.249999999999986 367.27325439453131 639.00000000000011 609.00000000000011 2076.0000000000005 3204.0000000000005 -1754.7499999999998 2427.7500000000005 308.25000000000006 609.00000000000011 282.75000000000006
decision_type=2 2 2 2 2 2 2 2 2 2 2 2 2 2 2 2 2 2 2 2 2 2 2 2 2 2 2 2 2 2
left_child=2 16 3 9 -5 6 8 -8 11 19 -6 17 -13 -14 -11 -9 -2 -4 -15 21 25 23 -23 -1 -25 -21 -27 28 29 -22
right_child=1 -3 5 4 10 -7 7 15 -10 14 -12 12 13 18 -16 -17 -18 -19 -20 20 27 22 -24 24 -26 26 -28 -29 -30 -31
leaf_value=-0.16724027328568319 5.8474075754483543 25.083303396701815 -3.0715198863636366 21.02109459963712 -3.0088539800336287 -14.513182550860989 15.911500006372279 8.5510196859186358 -15.546587696075441 -1.00893623928229 10.695387284652048 8.2111061115418718 -11.837279749833622 -4.1827460862341388 -15.235964121137346 -3.9034630109523905 -4.5068453644261224 -16.236089305877687 6.473649854183197 -7.128596547933725 1.1520642446339175 -16.459397677012856 0.22646923065185548 11.915907631980048 -2.9029008475216953 0.17077748522047606 -8.5312537747025488 2.9182220645983454 -9.6382458979884795 -6.1526792049407959
leaf_weight=17900 36 20 22 22 31 31 22 22 20 24 23 31 26 42 21 29 33 20 25 39 1191 21 32 36 22 4931 25 568 24 36
leaf_count=17900 36 20 22 22 31 31 22 22 20 24 23 31 26 42 21 29 33 20 25 39 1191 21 32 36 22 4931 25 568 24 36
internal_value=1.26947e-09 6.33086 -0.0223271 0.00929098 8.09452 -2.74214 -1.33325 5.82158 -4.14132 -0.0154166 2.82814 -2.76719 -0.540799 -3.4581 -7.64822 1.46906 0.895374 -9.34036 -0.206479 -0.0015807 0.429652 -0.164727 -6.38491 -0.146369 6.29498 0.0702317 0.126881 1.41663 0.734847 0.937744
internal_weight=25325 89 25236 24946 76 290 259 73 186 24870 54 166 124 93 45 51 69 42 67 24825 6814 18011 53 17958 58 4995 4956 1819 1251 1227
internal_count=25325 89 25236 24946 76 290 259 73 186 24870 54 166 124 93 45 51 69 42 67 24825 6814 18011 53 17958 58 4995 4956 1819 1251 1227
is_linear=0
shrinkage=0.05


Tree=14
num_leaves=31
num_cat=0
split_feature=247 218 5 43 233 9 1 9 114 62 211 174 185 254 233 124 34 254 253 257 171 142 241 257 78 29 216 189 253 229
split_gain=1.29227e+06 3.28858e+06 783433 1.799e+06 1.86774e+06 1.73876e+06 2.14533e+06 1.67163e+06 1.90499e+06 992002 948143 940401 908895 898932 732011 693700 1.32542e+06 664855 1.17962e+06 958363 898965 809565 1.02376e+06 813148 676754 698733 671072 1.02841e+06 876880 815228
threshold=835.00000000000011 2548.2500000000005 852.46588134765636 5080.0000000000009 -336.24999999999994 1913.2500000000002 1515.7500000000002 -404.74999999999994 368.50000000000006 1395.7221679687502 2733.7500000000005 628.40844726562511 2034.0000000000002 -263.24999999999994 918.25000000000011 1012.183807373047 1823.1704101562502 -75.249999999999986 1092.7500000000002 630.97421264648449 194.25000000000003 -2009.7499999999998 -94.749999999999986 367.27325439453131 2427.7500000000005 2245.7500000000005 2095.196655273438 1015.5000000000001 191.25000000000003 601.57815551757824
decision_type=2 2 2 2 2 2 2 2 2 2 2 2 2 2 2 2 2 2 2 2 2 2 2 2 2 2 2 2 2 2
left_child=2 14 3 10 -5 6 7 11 -9 -8 15 -4 -6 -12 -2 17 -17 18 -1 21 -21 22 -19 24 25 -23 27 29 -29 -25
right_child=1 -3 5 4 12 -7 9 8 -10 -11 13 -13 -14 -15 -16 16 -18 19 -20 20 -22 23 -24 26 -26 -27 -28 28 -30 -31
leaf_value=-0.15733684304153764 7.4767724075317394 23.309456407456171 -1.9317367502359244 19.970039753480393 -3.8000629990189161 -13.409423987070719 0.82938566207885744 -17.882987779889788 -0.55398318849760908 16.055237761787748 0.28899965740385508 9.7144975757598875 9.1735242772985384 -13.876259514192739 -3.282404350679974 -2.5238529348373415 15.679330019950868 -14.049949386119843 -11.742325435985219 11.431779692125948 0.32528553213391986 0.077800426544583828 -1.657866531968117 1.1514776712528871 -8.1046911468505858 5.5982667461037643 -6.2927330500313214 -2.1918973888669693 5.7069328583118528 -7.1828604269027707
leaf_weight=17953 25 21 130 22 27 33 20 35 29 23 21 20 27 24 43 20 20 20 22 38 35 4883 100 1336 25 58 28 42 215 30
leaf_count=17953 25 21 130 22 27 33 20 35 29 23 21 20 27 24 43 20 20 20 22 38 35 4883 100 1336 25 58 28 42 215 30
internal_value=1.10892e-08 6.01432 -0.0212107 0.00882644 7.68979 -2.60503 -1.2177 -3.26545 -10.0308 8.97345 -0.0146458 -0.378906 2.68673 -7.26581 0.673175 -0.00150166 6.57774 -0.0121198 -0.171516 0.408607 6.10675 0.346863 -3.72321 0.420675 0.101084 0.142603 1.38196 1.51437 4.41607 0.968439
internal_weight=25325 89 25236 24946 76 290 257 214 64 43 24870 150 54 45 68 24825 40 24785 17975 6810 73 6737 120 6617 4966 4941 1651 1623 257 1366
internal_count=25325 89 25236 24946 76 290 257 214 64 43 24870 150 54 45 68 24825 40 24785 17975 6810 73 6737 120 6617 4966 4941 1651 1623 257 1366
is_linear=0
shrinkage=0.05


Tree=15
num_leaves=31
num_cat=0
split_feature=184 253 226 187 129 33 46 253 163 69 239 121 21 215 189 27 222 227 217 84 108 257 195 142 239 253 52 147 7 26
split_gain=1.23334e+06 2.09104e+06 1.43645e+06 1.60561e+06 792338 2.35744e+06 1.67358e+06 1.09578e+06 1.01993e+06 1.5897e+06 1.46602e+06 1.13068e+06 803833 2.28234e+06 1.20122e+06 776106 1.08955e+06 864878 897963 877318 1.11539e+06 1.49209e+06 1.23427e+06 1.30738e+06 1.23118e+06 1.36796e+06 1.06135e+06 1.00755e+06 812940 795533
threshold=2654.7500000000005 1092.7500000000002 1368.7500000000002 509.73971557617193 4030.0000000000005 534.11987304687511 5321.8098144531259 1319.2500000000002 1734.0000000000002 3514.071655273438 614.25000000000011 1971.7500000000002 4414.2500000000009 581.48425292968761 702.75000000000011 3832.134887695313 700.57888793945324 1932.2500000000002 1922.0000000000002 3178.5000000000005 2515.2500000000005 661.46316528320324 2181.226928710938 1737.0000000000002 -24.749999999999996 137.75000000000003 3842.7500000000005 1462.7500000000002 2560.7500000000005 534.11987304687511
decision_type=2 2 2 2 2 2 2 2 2 2 2 2 2 2 2 2 2 2 2 2 2 2 2 2 2 2 2 2 2 2
left_child=4 2 3 -2 6 -6 7 12 9 10 -8 -10 15 14 -14 17 -17 18 19 20 22 -22 23 27 -25 -26 -21 29 -20 -1
right_child=1 -3 -4 -5 5 -7 8 -9 11 -11 -12 -13 13 -15 -16 16 -18 -19 28 26 21 -23 -24 24 25 -27 -28 -29 -30 -31
leaf_value=0.077355543881881192 -2.1709306633990741 18.827021748086683 -7.8678166096027091 16.951485470363075 3.130625410433169 -19.518037672042848 -3.9206762808340567 -8.6366703832471696 -9.1008049142360701 19.075777424706356 13.063223047057788 6.0540396332740789 10.534246085882188 -17.214535196010882 -4.6748587531012467 1.2092262815475463 10.977013010592074 -8.6615944944579031 13.049557891845703 -8.5870808112816732 1.3679728320590012 12.84706306143811 -9.7069453817425355 14.088527520885691 -4.071074984348737 4.1977687159304251 4.0169579910195399 -1.9049368167247374 -0.29482772463843937 -0.93659792313408252
leaf_weight=21271 23 23 26 21 27 20 27 37 20 27 24 32 20 26 37 125 37 29 25 61 111 38 33 24 65 217 23 727 21 2128
leaf_count=21271 23 23 26 21 27 20 27 37 20 27 24 32 20 26 37 125 37 29 25 61 111 38 33 24 65 217 23 727 21 2128
internal_value=7.00934e-09 5.7474 1.44981 6.95568 -0.0211837 -6.5071 -0.00907977 -0.0384391 5.64937 9.26545 4.07175 0.225253 -0.0257229 -4.93811 0.661669 -0.00937127 3.44014 -0.0319289 -0.021815 -0.034814 -0.0174053 4.29553 -0.0436725 -0.0306205 3.21706 2.29183 -5.13597 -0.0718121 6.95756 -0.0148575
internal_weight=25325 93 70 44 25232 47 25185 25055 130 78 51 52 25018 83 57 24935 162 24773 24744 24698 24614 149 24465 24432 306 282 84 24126 46 23399
internal_count=25325 93 70 44 25232 47 25185 25055 130 78 51 52 25018 83 57 24935 162 24773 24744 24698 24614 149 24465 24432 306 282 84 24126 46 23399
is_linear=0
shrinkage=0.05


Tree=16
num_leaves=31
num_cat=0
split_feature=252 183 212 254 253 257 162 175 54 49 158 220 24 114 166 222 222 223 88 40 253 247 85 208 230 162 46 253 141 204
split_gain=1.18786e+06 2.41777e+06 1.55686e+06 645876 1.24647e+06 954706 931657 893586 735704 2.07522e+06 2.02819e+06 1.36937e+06 1.03056e+06 1.44738e+06 975421 1.1856e+06 992994 1.74351e+06 2.82022e+06 1.77132e+06 1.65833e+06 1.49758e+06 1.48232e+06 1.42344e+06 2.97286e+06 1.98242e+06 1.4343e+06 1.40361e+06 1.05941e+06 1.19704e+06
threshold=1075.5000000000002 2782.0000000000005 1200.2500000000002 -75.249999999999986 1092.7500000000002 509.73971557617193 -1669.4999999999998 1940.5000000000002 904.46777343750011 1407.7500000000002 1185.9475097656252 147.75000000000003 -2171.4999999999995 110.25000000000001 1012.183807373047 1012.183807373047 719.73504638671886 552.14172363281261 3606.295043945313 700.57888793945324 427.75000000000006 -369.74999999999994 3116.7500000000005 661.46316528320324 1409.3342285156252 -1293.7499999999998 5321.8098144531259 290.25000000000006 -702.24999999999989 -642.24999999999989
decision_type=2 2 2 2 2 2 2 2 2 2 2 2 2 2 2 2 2 2 2 2 2 2 2 2 2 2 2 2 2 2
left_child=3 2 -2 4 8 6 -5 -8 14 10 12 -12 -10 -14 15 16 23 21 20 22 -19 27 -20 26 25 -25 -1 28 29 -18
right_child=1 -3 -4 5 -6 -7 7 -9 9 -11 11 -13 13 -15 -16 -17 17 18 19 -21 -22 -23 -24 24 -26 -27 -28 -29 -30 -31
leaf_value=-0.14956279491816199 9.3595727553734402 20.213487581773236 -7.6316961305482058 -7.5542624116066452 -9.882312471216375 2.8270272411855815 0.34112007507155523 -7.6698211925370359 2.1404143488407139 -16.752211929321287 10.889091770648957 -2.9877859108150009 -18.96254919546622 -1.2160197830200197 7.7729184358547903 -9.7586663611233249 -3.3151540895303095 8.9608060084540266 -4.9261501073837284 -11.137484959193639 27.675812193155288 4.9592773338513716 12.137553264072963 -16.544533374092797 -21.923845073154993 -0.76154751643681762 7.6594486130496211 -14.009122676115769 -5.8150151455177452 12.647424357870351
leaf_weight=17456 26 22 28 38 33 381 6426 35 20 25 40 32 27 20 39 32 24 29 20 21 20 84 35 22 21 208 59 26 53 23
leaf_count=17456 26 22 28 38 33 381 6426 35 20 25 40 32 27 20 39 32 24 29 20 21 20 84 35 22 21 208 59 26 53 23
internal_value=-6.76377e-10 6.24155 0.549285 -0.0187872 -0.173553 0.394423 0.251813 0.297724 -0.156079 -3.48995 -1.10465 4.72159 -7.36569 -11.4108 -0.125992 -0.14298 -0.125981 2.57092 7.24627 1.21584 16.5996 -0.212032 5.93257 -0.176835 -3.91547 -2.27122 -0.123258 -3.65957 -0.968687 4.49632
internal_weight=25325 76 54 25249 18369 6880 6499 6461 18336 164 139 72 67 47 18172 18133 18101 335 125 76 49 210 55 17766 251 230 17515 126 100 47
internal_count=25325 76 54 25249 18369 6880 6499 6461 18336 164 139 72 67 47 18172 18133 18101 335 125 76 49 210 55 17766 251 230 17515 126 100 47
is_linear=0
shrinkage=0.05


Tree=17
num_leaves=31
num_cat=0
split_feature=212 233 257 227 4 221 157 254 254 239 21 243 253 10 213 254 183 6 188 219 141 257 122 92 240 64 204 124 219 206
split_gain=1.11124e+06 2.44733e+06 1.64484e+06 1.46676e+06 1.13454e+06 1.01377e+06 1.7397e+06 1.29238e+06 1.05138e+06 1.01882e+06 900244 1.67009e+06 848279 778682 676421 877935 663448 650899 758528 632453 1.38208e+06 1.17801e+06 1.05304e+06 1.03941e+06 801208 1.00943e+06 965455 1.13919e+06 1.67716e+06 1.26914e+06
threshold=2136.2500000000005 635.25000000000011 797.33575439453136 1932.2500000000002 4254.6323242187509 4185.3376464843759 2004.2500000000002 -440.74999999999994 -132.74999999999997 802.25000000000011 4414.2500000000009 609.70101928710949 1319.2500000000002 3776.2500000000005 1947.5000000000002 -165.24999999999997 1179.7500000000002 4550.1237792968759 3060.682739257813 -139.74999999999997 2088.0000000000005 661.46316528320324 2184.0000000000005 2736.0000000000005 -799.74999999999989 2175.5000000000005 776.75000000000011 594.14135742187511 -1035.7499999999998 -1686.2499999999998
decision_type=2 2 2 2 2 2 2 2 2 2 2 2 2 2 2 2 2 2 2 2 2 2 2 2 2 2 2 2 2 2
left_child=3 -2 4 5 -3 10 13 -8 9 -9 12 16 14 -7 17 -16 -12 18 19 20 22 -22 24 -23 25 26 27 -1 29 -29
right_child=1 2 -4 -5 -6 6 7 8 -10 -11 11 -13 -14 -15 15 -17 -18 -19 -20 -21 21 23 -24 -25 -26 -27 -28 28 -30 -31
leaf_value=-0.30908109292401853 -9.8231873083114625 11.445365098670678 21.324578840082342 -10.397750910590677 -4.2666189289093017 5.6922574732614599 -7.1274775750107242 17.171650041852679 -4.0695421171459287 1.4033072280883792 5.2311211198568346 -17.879094018936158 -8.1490164890885364 18.702972395523737 12.924860054513685 -1.398879442214966 -5.9222011270125705 7.1125753700733192 -7.3785948657138007 -0.28027997174820451 1.3172307210425809 5.4382537677884102 -11.012737664722261 19.754102953275048 0.3256797996734358 -8.892392393258902 7.8487091936171058 -8.2203203812889427 -11.681328075183066 1.9889448077811136
leaf_weight=1073 20 27 22 34 20 23 36 21 22 20 24 20 32 23 23 20 30 32 35 11689 73 32 21 21 11668 39 32 46 57 90
leaf_count=1073 20 27 22 34 20 23 36 21 22 20 24 20 32 23 23 20 30 32 35 11689 73 32 21 21 11668 39 32 46 57 90
internal_value=2.7124e-09 5.57719 10.0411 -0.0196691 4.75941 -0.00566804 4.16305 0.429815 4.74827 9.47978 -0.0297916 -5.5365 -0.0134806 12.1976 -0.0030467 6.26266 -0.965169 -0.0138635 -0.0230308 -0.0126671 0.225177 5.43665 0.174767 11.1106 0.192832 -0.966533 -0.72839 -0.945189 -4.48169 -1.46419
internal_weight=25325 89 69 25236 47 25202 145 99 63 41 25057 74 24983 46 24951 43 54 24908 24876 24841 13152 126 13026 53 13005 1337 1298 1266 193 136
internal_count=25325 89 69 25236 47 25202 145 99 63 41 25057 74 24983 46 24951 43 54 24908 24876 24841 13152 126 13026 53 13005 1337 1298 1266 193 136
is_linear=0
shrinkage=0.05


Tree=18
num_leaves=31
num_cat=0
split_feature=247 218 5 9 1 43 233 9 114 101 211 15 226 206 240 164 134 225 224 204 175 232 171 254 171 204 11 257 159 138
split_gain=1.09077e+06 2.48525e+06 634528 1.55097e+06 1.69712e+06 1.52043e+06 1.54295e+06 1.38887e+06 1.72146e+06 898858 878001 850428 831852 795419 747621 663343 1.04155e+06 601004 741857 595719 1.1714e+06 1.98547e+06 1.01237e+06 1.53163e+06 1.29835e+06 1.01684e+06 928329 954013 930125 1.56712e+06
threshold=835.00000000000011 2548.2500000000005 852.46588134765636 1972.0000000000002 1570.7500000000002 5080.0000000000009 -309.74999999999994 -404.74999999999994 368.50000000000006 4285.2500000000009 2733.7500000000005 439.75000000000006 1368.7500000000002 -884.74999999999989 -121.74999999999999 -932.24999999999989 862.75000000000011 1186.5000000000002 1568.7500000000002 1783.2500000000002 1858.7500000000002 1383.2500000000002 2056.5000000000005 -476.24999999999994 1935.7500000000002 1368.7500000000002 -1435.877502441406 852.46588134765636 513.40527343750011 415.16342163085943
decision_type=2 2 2 2 2 2 2 2 2 2 2 2 2 2 2 2 2 2 2 2 2 2 2 2 2 2 2 2 2 2
left_child=2 17 5 4 7 10 -7 11 -9 -8 19 13 -12 -4 -6 -15 -17 -2 -19 20 -1 22 24 -24 -22 -26 -21 28 29 -28
right_child=1 -3 3 -5 14 6 9 8 -10 -11 12 -13 -14 15 -16 16 -18 18 -20 26 21 -23 23 -25 25 -27 27 -29 -30 -31
leaf_value=0.003602602621905079 7.9146318299429756 20.56063516594115 -10.477927897193217 -12.914006580845005 15.006665153503418 17.883514304783034 -3.3257186571756998 -16.548917443411693 -0.22666092236836752 9.8122701644897461 -0.040953510457819163 8.8157050652937468 -13.640484212792439 6.7352605687247378 1.9173624793688457 -6.7151725912094129 5.1955698243502919 -8.9560455192219131 3.6331453323364258 12.474677153825761 -0.87889078532235099 -18.559803104400636 -11.718079028129578 3.4023990992203501 -19.8397349357605 -4.8039306568062834 -0.59405583943738494 11.01229130824407 -4.4200587987899782 7.8765141093730939
leaf_weight=24212 21 21 22 31 20 23 30 35 30 23 22 22 23 27 24 50 29 22 25 20 59 20 20 103 22 23 172 24 70 80
leaf_count=24212 21 21 22 31 20 23 30 35 30 23 22 22 23 27 24 50 29 22 25 20 59 20 20 103 22 23 172 24 70 80
internal_value=-4.47005e-10 5.52558 -0.0194871 -2.34483 -1.07979 0.00754525 7.06884 -2.91077 -9.01557 2.37567 -0.0140333 -0.26536 -6.99182 -1.82617 7.86705 -0.0305195 -2.34287 0.882396 -2.25967 -0.00138471 -0.0313465 -3.45721 -2.12658 0.943785 -5.75788 -12.1548 2.0009 1.39548 0.678694 2.09501
internal_weight=25325 89 25236 290 259 24946 76 215 65 53 24870 150 45 128 44 106 79 68 47 24825 24459 247 227 123 104 45 366 346 322 252
internal_count=25325 89 25236 290 259 24946 76 215 65 53 24870 150 45 128 44 106 79 68 47 24825 24459 247 227 123 104 45 366 346 322 252
is_linear=0
shrinkage=0.05


end of trees

feature_importances:
Column_254=29
Column_253=26
Column_233=16
Column_247=16
Column_257=14
Column_5=10
Column_204=10
Column_184=9
Column_211=9
Column_226=9
Column_142=8
Column_222=8
Column_225=8
Column_232=8
Column_239=8
Column_240=8
Column_9=7
Column_138=7
Column_206=7
Column_43=6
Column_155=6
Column_199=6
Column_40=5
Column_72=5
Column_92=5
Column_157=5
Column_212=5
Column_224=5
Column_227=5
Column_236=5
Column_245=5
Column_1=4
Column_21=4
Column_47=4
Column_88=4
Column_93=4
Column_101=4
Column_108=4
Column_114=4
Column_116=4
Column_140=4
Column_141=4
Column_143=4
Column_162=4
Column_166=4
Column_171=4
Column_174=4
Column_175=4
Column_185=4
Column_192=4
Column_197=4
Column_198=4
Column_218=4
Column_220=4
Column_221=4
Column_237=4
Column_19=3
Column_22=3
Column_33=3
Column_58=3
Column_75=3
Column_107=3
Column_117=3
Column_128=3
Column_147=3
Column_149=3
Column_163=3
Column_180=3
Column_183=3
Column_189=3
Column_191=3
Column_213=3
Column_217=3
Column_231=3
Column_243=3
Column_248=3
Column_251=3
Column_0=2
Column_4=2
Column_6=2
Column_7=2
Column_26=2
Column_27=2
Column_36=2
Column_46=2
Column_59=2
Column_64=2
Column_68=2
Column_71=2
Column_78=2
Column_79=2
Column_80=2
Column_84=2
Column_96=2
Column_103=2
Column_120=2
Column_124=2
Column_129=2
Column_131=2
Column_134=2
Column_156=2
Column_165=2
Column_169=2
Column_176=2
Column_177=2
Column_194=2
Column_215=2
Column_219=2
Column_230=2
Column_234=2
Column_241=2
Column_246=2
Column_250=2
Column_2=1
Column_10=1
Column_11=1
Column_12=1
Column_13=1
Column_15=1
Column_24=1
Column_29=1
Column_32=1
Column_34=1
Column_45=1
Column_48=1
Column_49=1
Column_52=1
Column_54=1
Column_56=1
Column_57=1
Column_61=1
Column_62=1
Column_65=1
Column_69=1
Column_85=1
Column_86=1
Column_89=1
Column_90=1
Column_94=1
Column_100=1
Column_115=1
Column_119=1
Column_121=1
Column_122=1
Column_133=1
Column_135=1
Column_145=1
Column_158=1
Column_159=1
Column_160=1
Column_164=1
Column_167=1
Column_170=1
Column_173=1
Column_178=1
Column_187=1
Column_188=1
Column_190=1
Column_195=1
Column_201=1
Column_203=1
Column_205=1
Column_208=1
Column_216=1
Column_223=1
Column_228=1
Column_229=1
Column_252=1

parameters:
[boosting: gbdt]
[objective: regression]
[metric: l2]
[tree_learner: serial]
[device_type: cpu]
[data_sample_strategy: bagging]
[data: ]
[valid: ]
[num_iterations: 1000]
[learning_rate: 0.05]
[num_leaves: 31]
[num_threads: 0]
[seed: 42]
[deterministic: 1]
[force_col_wise: 0]
[force_row_wise: 0]
[histogram_pool_size: -1]
[max_depth: -1]
[min_data_in_leaf: 20]
[min_sum_hessian_in_leaf: 0.001]
[bagging_fraction: 1]
[pos_bagging_fraction: 1]
[neg_bagging_fraction: 1]
[bagging_freq: 0]
[bagging_seed: 400]
[bagging_by_query: 0]
[feature_fraction: 1]
[feature_fraction_bynode: 1]
[feature_fraction_seed: 30056]
[extra_trees: 0]
[extra_seed: 12879]
[early_stopping_round: 0]
[early_stopping_min_delta: 0]
[first_metric_only: 0]
[max_delta_step: 0]
[lambda_l1: 0]
[lambda_l2: 0]
[linear_lambda: 0]
[min_gain_to_split: 0]
[drop_rate: 0.1]
[max_drop: 50]
[skip_drop: 0.5]
[xgboost_dart_mode: 0]
[uniform_drop: 0]
[drop_seed: 17869]
[top_rate: 0.2]
[other_rate: 0.1]
[min_data_per_group: 100]
[max_cat_threshold: 32]
[cat_l2: 10]
[cat_smooth: 10]
[max_cat_to_onehot: 4]
[top_k: 20]
[monotone_constraints: ]
[monotone_constraints_method: basic]
[monotone_penalty: 0]
[feature_contri: ]
[forcedsplits_filename: ]
[refit_decay_rate: 0.9]
[cegb_tradeoff: 1]
[cegb_penalty_split: 0]
[cegb_penalty_feature_lazy: ]
[cegb_penalty_feature_coupled: ]
[path_smooth: 0]
[interaction_constraints: ]
[verbosity: -1]
[saved_feature_importance_type: 0]
[use_quantized_grad: 0]
[num_grad_quant_bins: 4]
[quant_train_renew_leaf: 0]
[stochastic_rounding: 1]
[linear_tree: 0]
[max_bin: 255]
[max_bin_by_feature: ]
[min_data_in_bin: 3]
[bin_construct_sample_cnt: 200000]
[data_random_seed: 175]
[is_enable_sparse: 1]
[enable_bundle: 1]
[use_missing: 1]
[zero_as_missing: 0]
[feature_pre_filter: 1]
[pre_partition: 0]
[two_round: 0]
[header: 0]
[label_column: ]
[weight_column: ]
[group_column: ]
[ignore_column: ]
[categorical_feature: ]
[forcedbins_filename: ]
[precise_float_parser: 0]
[parser_config_file: ]
[objective_seed: 16083]
[num_class: 1]
[is_unbalance: 0]
[scale_pos_weight: 1]
[sigmoid: 1]
[boost_from_average: 1]
[reg_sqrt: 0]
[alpha: 0.9]
[fair_c: 1]
[poisson_max_delta_step: 0.7]
[tweedie_variance_power: 1.5]
[lambdarank_truncation_level: 30]
[lambdarank_norm: 1]
[label_gain: ]
[lambdarank_position_bias_regularization: 0]
[eval_at: ]
[multi_error_top_k: 1]
[auc_mu_weights: ]
[num_machines: 1]
[local_listen_port: 12400]
[time_out: 120]
[machine_list_filename: ]
[machines: ]
[gpu_platform_id: -1]
[gpu_device_id: -1]
[gpu_device_id_list: ]
[gpu_use_dp: 0]
[num_gpu: 1]

end of parameters

pandas_categorical:null
