tree
version=v4
num_class=1
num_tree_per_iteration=1
label_index=0
max_feature_idx=258
objective=regression
feature_names=Column_0 Column_1 Column_2 Column_3 Column_4 Column_5 Column_6 Column_7 Column_8 Column_9 Column_10 Column_11 Column_12 Column_13 Column_14 Column_15 Column_16 Column_17 Column_18 Column_19 Column_20 Column_21 Column_22 Column_23 Column_24 Column_25 Column_26 Column_27 Column_28 Column_29 Column_30 Column_31 Column_32 Column_33 Column_34 Column_35 Column_36 Column_37 Column_38 Column_39 Column_40 Column_41 Column_42 Column_43 Column_44 Column_45 Column_46 Column_47 Column_48 Column_49 Column_50 Column_51 Column_52 Column_53 Column_54 Column_55 Column_56 Column_57 Column_58 Column_59 Column_60 Column_61 Column_62 Column_63 Column_64 Column_65 Column_66 Column_67 Column_68 Column_69 Column_70 Column_71 Column_72 Column_73 Column_74 Column_75 Column_76 Column_77 Column_78 Column_79 Column_80 Column_81 Column_82 Column_83 Column_84 Column_85 Column_86 Column_87 Column_88 Column_89 Column_90 Column_91 Column_92 Column_93 Column_94 Column_95 Column_96 Column_97 Column_98 Column_99 Column_100 Column_101 Column_102 Column_103 Column_104 Column_105 Column_106 Column_107 Column_108 Column_109 Column_110 Column_111 Column_112 Column_113 Column_114 Column_115 Column_116 Column_117 Column_118 Column_119 Column_120 Column_121 Column_122 Column_123 Column_124 Column_125 Column_126 Column_127 Column_128 Column_129 Column_130 Column_131 Column_132 Column_133 Column_134 Column_135 Column_136 Column_137 Column_138 Column_139 Column_140 Column_141 Column_142 Column_143 Column_144 Column_145 Column_146 Column_147 Column_148 Column_149 Column_150 Column_151 Column_152 Column_153 Column_154 Column_155 Column_156 Column_157 Column_158 Column_159 Column_160 Column_161 Column_162 Column_163 Column_164 Column_165 Column_166 Column_167 Column_168 Column_169 Column_170 Column_171 Column_172 Column_173 Column_174 Column_175 Column_176 Column_177 Column_178 Column_179 Column_180 Column_181 Column_182 Column_183 Column_184 Column_185 Column_186 Column_187 Column_188 Column_189 Column_190 Column_191 Column_192 Column_193 Column_194 Column_195 Column_196 Column_197 Column_198 Column_199 Column_200 Column_201 Column_202 Column_203 Column_204 Column_205 Column_206 Column_207 Column_208 Column_209 Column_210 Column_211 Column_212 Column_213 Column_214 Column_215 Column_216 Column_217 Column_218 Column_219 Column_220 Column_221 Column_222 Column_223 Column_224 Column_225 Column_226 Column_227 Column_228 Column_229 Column_230 Column_231 Column_232 Column_233 Column_234 Column_235 Column_236 Column_237 Column_238 Column_239 Column_240 Column_241 Column_242 Column_243 Column_244 Column_245 Column_246 Column_247 Column_248 Column_249 Column_250 Column_251 Column_252 Column_253 Column_254 Column_255 Column_256 Column_257 Column_258
feature_infos=[-7133:8285] [-7068:8920] [-8405:8227.5] [-7162.5:8527.5] [-8149.22998046875:10745.4501953125] [101.59349060058594:1576.9803466796875] [-7308.34033203125:8667.7353515625] [-7162:8530] [-7087:9197.5] [-7797.5:8475] [-7313.5:9017.5] [-8098.85009765625:10699.125] [101.59349060058594:1576.9803466796875] [-7288.71826171875:8467.078125] [-7312:9017.5] [-7066.5:9270] [-8129.5:8650] [-7749.5:8952.5] [-8049.85498046875:10652.375] [101.59349060058594:1576.9803466796875] [-7273.69873046875:8511.2080078125] [-7748:8952.5] [-6562:9362.5] [-8397:8932.5] [-7845.5:9097.5] [-8004.16015625:10607] [101.59349060058594:1576.9803466796875] [-7190.90771484375:8564.5068359375] [-7844:9100] [-6658:9182.5] [-8493:8497.5] [-7605.5:8915] [-7956.09521484375:10559.4248046875] [101.59349060058594:1576.9803466796875] [-7118.6435546875:8566.142578125] [-7604:8915] [-6760.5:9447.5] [-8253:8725] [-7139.5:9267.5] [-7909.5498046875:10513.5] [101.59349060058594:1576.9803466796875] [-7033.5849609375:8578.9931640625] [-7138:9267.5] [-6678.5:9280] [-7787:8632.5] [-7145.5:8942.5] [-7861.705078125:10467.8251953125] [101.59349060058594:1576.9803466796875] [-6944.62255859375:8612.0390625] [-7144:8945] [-6676:9330] [-7853:8782.5] [-7473:8982.5] [-7810.27490234375:10417.4501953125] [101.59349060058594:1576.9803466796875] [-6878.248046875:8645.7177734375] [-7471.5:8985] [-6501:9215] [-8120.5:8872.5] [-7136.5:9212.5] [-7786.5751953125:10370.25] [101.59349060058594:1576.9803466796875] [-6824.04345703125:8697.2431640625] [-7135:9104.5] [-6427:9262.5] [-7784:8932.5] [-6670.5:9157.5] [-7777.78515625:10325] [101.59349060058594:1576.9803466796875] [-6744.53955078125:8728.17578125] [-6669:9160] [-6241.5:9465] [-7127.5:8980] [-6485:9280] [-7766.68994140625:10284.400390625] [101.59349060058594:1576.9803466796875] [-6677.30859375:8778.341796875] [-6483.5:9282.5] [-6017.5:9950] [-7667.5:9227.5] [-6205.5:9770] [-7754.22021484375:10253.400390625] [101.59349060058594:1576.9803466796875] [-6600.55322265625:8868.4921875] [-6204:9770] [-6015.5:9782.5] [-7840:9135] [-6372:9242.5] [-7721.31494140625:10218] [101.59349060058594:1576.9803466796875] [-6365.27587890625:8902.4931640625] [-6370.5:9242.5] [-5996:9522.5] [-7610:8892.5] [-6676.5:9290] [-7681.73486328125:10174.8251953125] [101.59349060058594:1576.9803466796875] [-6300.216796875:8937.720703125] [-6675:9287.5] [-5951:9500] [-7324:9107.5] [-6620:9317.5] [-7636.759765625:10131.0498046875] [101.59349060058594:1576.9803466796875] [-6274.92431640625:8972.24609375] [-6618.5:9317.5] [-6291.5:9687.5] [-7267.5:9292.5] [-6400.5:9660] [-7593.6298828125:10092.2001953125] [101.59349060058594:1576.9803466796875] [-6260.34033203125:9034.76953125] [-6398.5:9662.5] [-6306:9695] [-6865:9212.5] [-6455.5:9305] [-7549.43994140625:10046.5] [101.59349060058594:1576.9803466796875] [-6240.71826171875:9059.3359375] [-6456.5:9302.5] [-6291:9317.5] [-6635:8520] [-6470:8767.5] [-7499.40478515625:9994.2998046875] [101.59349060058594:1576.9803466796875] [-6225.69873046875:9032.8056640625] [-6471:8770] [-6221.5:8950] [-6602:8300] [-6465:8550] [-7450:9943.0498046875] [101.59349060058594:1576.9803466796875] [-6142.90771484375:8988.9140625] [-6463.5:8552.5] [-6206.5:8710] [-6687.5:7865] [-6450:7970] [-7403.1748046875:9886.349609375] [101.59349060058594:1576.9803466796875] [-6070.6435546875:8896.28515625] [-6448.5:7970] [-5815:8392.5] [-7302.5:7670] [-6037.5:7810] [-7345.0498046875:9838] [101.59349060058594:1576.9803466796875] [-5985.5849609375:8797.5322265625] [-6036:7807.5] [-5733:8102.5] [-6710:7595] [-5979:7767.5] [-7281.53515625:9797.875] [101.59349060058594:1576.9803466796875] [-5896.62255859375:8703.892578125] [-5980:7767.5] [-5766.5:7977.5] [-6285:7492.5] [-5974:7502.5] [-7221.23486328125:9755.599609375] [101.59349060058594:1576.9803466796875] [-5830.248046875:8594.67578125] [-5972.5:7502.5] [-5684.5:7610] [-6102.5:6407.5] [-5930.5:6855] [-7160.7001953125:9705.9501953125] [101.59349060058594:1576.9803466796875] [-5776.04345703125:8436.5234375] [-5931.5:6850] [-5682:6910] [-6327.5:5862.5] [-5925.5:6215] [-7098.35009765625:9645.1748046875] [101.59349060058594:1576.9803466796875] [-5696.53955078125:8234.56640625] [-5924:6215] [-4788:6882.5] [-5955:6075] [-4969:6175] [-7034.10498046875:9579.724609375] [101.59349060058594:1576.9803466796875] [-5629.30859375:8047.3330078125] [-4967.5:6172.5] [-4755.5:6262.5] [-5616.5:4767.5] [-5242.5:5237.5] [-6973.41015625:9497.275390625] [101.59349060058594:1576.9803466796875] [-5552.55322265625:7791.8935546875] [-5242.5:5240] [-4462.5:5702.5] [-6150:5020] [-4890:5280] [-6912.97509765625:9411.1748046875] [101.59349060058594:1576.9803466796875] [-5317.27587890625:7563.53955078125] [-4882.5:5280] [-4235:5595] [-5600:4532.5] [-4937.5:4695] [-6850.96484375:9319.900390625] [101.59349060058594:1576.9803466796875] [-5069.38720703125:7278.4453125] [-4936:4695] [-4035:5857.5] [-5585:4685] [-4640:5227.5] [-6786.6650390625:9237.775390625] [101.59349060058594:1576.9803466796875] [-4798.76123046875:7091.99560546875] [-4647.5:5225] [-4595:5805] [-5747.5:4535] [-4992.5:4540] [-6720.18017578125:9145] [101.59349060058594:1576.9803466796875] [-4532.7373046875:6859.99609375] [-4997.5:4540] [-4230:5297.5] [-5565:4400] [-4490:5147.5] [-6648.26513671875:9058.525390625] [101.59349060058594:1576.9803466796875] [-4290.0791015625:6704.314453125] [-4495:5147.5] [-3637.5:5197.5] [-4972.5:3602] [-3997.5:4675.5] [-6574.80517578125:8967.525390625] [101.59349060058594:1576.9803466796875] [-4022.890380859375:6503.6953125] [-3996:4677] [-3428.5:5622.5] [-4645:4667.5] [-3446.5:5142.5] [-6498.52490234375:8883.125] [101.59349060058594:1576.9803466796875] [-3788.854736328125:6379.9501953125] [-3446.5:5137.5] [-3347:5157.5] [-4635:4878.5] [-3375:5102.5] [-6423.0048828125:8783.7998046875] [101.59349060058594:1576.9803466796875] [-3573.09521484375:6135.181640625] [-3556.5:5103] [-3399:6013.5] [-4097:3127] [-3429:4117.5] [-6346.5400390625:8676.9248046875] [101.59349060058594:1576.9803466796875] [-3299.632080078125:5822.2109375] [-3430.5:4114.5] [0:4883] [-3620:0] none [-6267.39013671875:8548.2998046875] [101.59349060058594:1576.9803466796875] [-2999.66552734375:5292.9189453125]
tree_sizes=2861 2863 2867 2869 2871 2853 2842 2878 2848 2873 2873 2858 2856 2864 2864 2861 2875 2865 2866 2874 2878 2898 2882 2872 2861 2884 2883

Tree=0
num_leaves=31
num_cat=0
split_feature=257 201 33 168 166 117 212 96 194 223 213 250 177 225 190 149 100 241 11 12 61 4 233 220 59 229 87 12 254 62
split_gain=6.15445e+07 1.85182e+07 1.43834e+07 1.09185e+07 1.35425e+07 1.25754e+07 1.18281e+07 7.45771e+06 5.31547e+06 4.37742e+06 4.1033e+06 5.6172e+06 6.32993e+06 3.89879e+06 3.72976e+06 3.44046e+06 4.25056e+06 3.1531e+06 3.13823e+06 5.61204e+06 4.13296e+06 5.43115e+06 5.29578e+06 4.29877e+06 3.6525e+06 4.05094e+06 3.02828e+06 2.59527e+06 2.52906e+06 2.52285e+06
threshold=422.94464111328131 298.57344055175787 534.11987304687511 2493.7500000000005 557.84716796875011 432.76855468750006 1722.0000000000002 216.50907897949222 594.14135742187511 -2064.122192382812 1311.0000000000002 852.46588134765636 1264.2500000000002 976.75000000000011 590.25000000000011 1138.0000000000002 2244.0000000000005 477.75000000000006 4228.0773925781259 601.57815551757824 797.33575439453136 1385.570007324219 -763.74999999999989 60.250000000000007 702.25000000000011 661.46316528320324 1288.5000000000002 235.37285614013675 -74.749999999999986 2591.9875488281255
decision_type=2 2 2 2 2 2 2 2 2 2 2 2 2 2 2 2 2 2 2 2 2 2 2 2 2 2 2 2 2 2
left_child=1 14 7 5 -5 -4 -6 -2 29 -10 15 12 -12 -9 27 16 18 -15 20 -20 24 22 -22 -24 -11 26 -26 -1 -3 -7
right_child=2 28 3 4 6 8 -8 13 9 10 11 -13 -14 17 -16 -17 -18 -19 19 -21 21 -23 23 -25 25 -27 -28 -29 -30 -31
leaf_value=-182.86660265711794 -219.92764313631957 -188.07890961145111 -233.9215110122816 -176.24901217576428 -241.58249915470927 -192.51142782078378 -199.58442861354911 -189.35685125987129 -220.15276188012524 -191.70416777495606 -201.36765312932582 -189.45226146241589 -239.82901276704234 -196.92415218950842 -187.02238963503271 -185.31026152396763 -218.19685285770731 -190.24384267218824 -204.68493902845199 -178.62969711142634 -194.65901148911877 -197.70558077670972 -242.56151309129163 -209.77901172753735 -227.39788162211002 -193.52095126678901 -202.08174338474214 -184.84905392260785 -186.32929262145925 -182.17001956594038
leaf_weight=2867 21 8155 20 20 38 1209 30 3422 20 320 23 25 20 338 1210 75 22 370 31 62 20 141 20 20 21 58 27 3892 2766 62
leaf_count=2867 21 8155 20 20 38 1209 30 3422 20 320 23 25 20 338 1210 75 22 370 31 62 20 141 20 20 21 58 27 3892 2766 62
internal_value=-187.737 -186.298 -191.96 -195.147 -212.416 -194.455 -223.054 -190.207 -194.092 -197.021 -196.498 -208.299 -219.257 -190.056 -184.466 -195.516 -196.547 -193.433 -195.886 -187.315 -197.157 -203.067 -215.667 -226.17 -194.369 -202.413 -213.158 -184.008 -187.636 -192.007
internal_weight=25325 18890 6435 2284 88 2196 68 4151 2176 905 885 68 43 4130 7969 817 742 708 720 93 627 201 60 40 426 106 48 6759 10921 1271
internal_count=25325 18890 6435 2284 88 2196 68 4151 2176 905 885 68 43 4130 7969 817 742 708 720 93 627 201 60 40 426 106 48 6759 10921 1271
is_linear=0
shrinkage=1


Tree=1
num_leaves=31
num_cat=0
split_feature=257 201 33 162 166 117 0 96 159 212 191 225 176 6 114 11 114 107 146 26 141 25 240 240 252 19 31 62 208 131
split_gain=5.55439e+07 1.67127e+07 1.2981e+07 9.87776e+06 1.19979e+07 1.13686e+07 1.04194e+07 6.73059e+06 5.01216e+06 5.44319e+06 4.24634e+06 3.51866e+06 3.36907e+06 2.97378e+06 2.97283e+06 6.39167e+06 4.5791e+06 3.32925e+06 5.72494e+06 3.24461e+06 5.06097e+06 4.36299e+06 4.07988e+06 2.91996e+06 3.84851e+06 2.80026e+06 3.68228e+06 4.12239e+06 2.69564e+06 3.3869e+06
threshold=422.94464111328131 298.57344055175787 534.11987304687511 2806.5000000000005 557.84716796875011 432.76855468750006 4121.7500000000009 216.50907897949222 630.97421264648449 -1905.7499999999998 2095.5000000000005 976.75000000000011 663.25000000000011 5156.5039062500009 1758.2500000000002 4228.0773925781259 2228.2500000000005 730.25000000000011 913.55175781250011 744.84381103515636 1100.7500000000002 1136.330017089844 -373.24999999999994 -16.749999999999996 242.25000000000003 630.97421264648449 -959.24999999999989 -23.962491989135739 472.63249206542974 553.73107910156261
decision_type=2 2 2 2 2 2 2 2 2 2 2 2 2 2 2 2 2 2 2 2 2 2 2 2 2 2 2 2 2 2
left_child=1 12 7 5 -5 -4 -6 -2 28 -10 -8 -9 -1 23 15 17 -16 18 19 25 21 22 -21 24 -13 26 -11 -28 -7 -30
right_child=2 -3 3 4 6 8 10 11 9 14 -12 13 -14 -15 16 -17 -18 -19 -20 20 -22 -23 -24 -25 -26 -27 27 -29 29 -31
leaf_value=3.5217356865974878 -30.580998446827849 0.096272489550672621 -43.875175156593322 10.667504530861265 -57.674814321444586 0.99611823214934425 -32.359056656177231 -1.5387471123260497 -23.148021442890169 -0.40816543916376624 -2.8656646065090015 -8.3178361928981293 0.55480412545969049 12.273239716239598 -36.816472291946411 5.9551201936675291 -6.5658105126742656 -0.041347032853926741 -36.869748714491728 -17.866894754870184 2.1957186648720191 -12.516927592818803 -46.420996301824403 -3.989768986223686 -28.402079718453543 -1.0340796468513351 -35.900763479868573 -9.1483384516504085 -8.1000719398917891 -2.7885462688795677
leaf_weight=6857 21 10921 20 21 26 208 26 3422 65 41 23 161 1112 23 22 82 29 87 20 29 38 111 22 496 28 140 24 36 543 671
leaf_count=6857 21 10921 20 21 26 208 26 3422 65 41 23 161 1112 23 22 82 29 87 20 29 38 111 22 496 28 140 24 36 543 671
internal_value=3.48534e-08 1.3667 -4.01195 -7.03941 -22.7372 -6.35066 -32.0905 -2.34615 -6.00449 -9.32369 -18.5152 -2.20258 3.10773 -5.41112 -8.00419 -7.06425 -19.6151 -9.01241 -10.7054 -9.51884 -14.2267 -18.0789 -30.1844 -6.0049 -11.2933 -5.61189 -11.9574 -19.8493 -4.26319 -5.16429
internal_weight=25325 18890 6435 2284 96 2188 75 4151 2168 746 49 4130 7969 708 681 630 51 548 461 441 200 162 51 685 189 241 101 60 1422 1214
internal_count=25325 18890 6435 2284 96 2188 75 4151 2168 746 49 4130 7969 708 681 630 51 548 461 441 200 162 51 685 189 241 101 60 1422 1214
is_linear=0
shrinkage=0.05


Tree=2
num_leaves=31
num_cat=0
split_feature=257 145 33 168 187 117 138 96 194 223 184 6 238 142 199 257 220 58 154 131 225 99 222 214 6 110 240 252 94 229
split_gain=5.01284e+07 1.53779e+07 1.17154e+07 9.08946e+06 1.12496e+07 1.02467e+07 8.89042e+06 6.07435e+06 4.39877e+06 3.80003e+06 3.82301e+06 5.04748e+06 4.79476e+06 4.0386e+06 3.55671e+06 3.55136e+06 3.25107e+06 3.86273e+06 5.54021e+06 3.21154e+06 3.17559e+06 2.7733e+06 3.04416e+06 2.68439e+06 2.68384e+06 2.82711e+06 2.68131e+06 3.66427e+06 2.61248e+06 3.09224e+06
threshold=422.94464111328131 302.38824462890631 534.11987304687511 2493.7500000000005 644.34121704101574 432.76855468750006 700.57888793945324 216.50907897949222 594.14135742187511 -2064.122192382812 -119.24999999999999 3478.448608398438 1119.7500000000002 869.00000000000011 -1014.4999999999999 258.90293884277349 205.25000000000003 116.25000000000001 420.25000000000006 553.73107910156261 976.75000000000011 -1763.7499999999998 904.46777343750011 829.30249023437511 5156.5039062500009 569.17248535156261 -16.749999999999996 242.25000000000003 1505.7500000000002 298.51054382324224
decision_type=2 2 2 2 2 2 2 2 2 2 2 2 2 2 2 2 2 2 2 2 2 2 2 2 2 2 2 2 2 2
left_child=1 15 7 5 -5 -4 -6 -2 -7 -10 11 14 13 16 -11 -1 17 -12 -19 -16 -9 -21 -23 -24 25 26 27 -22 -3 -30
right_child=2 28 3 4 6 8 -8 20 9 10 12 -13 -14 -15 19 -17 -18 18 -20 21 24 22 23 -25 -26 -27 -28 -29 29 -31
leaf_value=3.7843805526966108 -29.051949164980932 0.23464300643208824 -41.681414995193485 1.7970541738694714 -57.189919002239527 -3.8316235174774471 -17.543759875143731 -1.4618099196406309 -29.94510984182358 -13.529775162953051 -11.680936489899954 14.930682991290915 -29.957548724903781 -2.200339477767165 -17.163244321800416 1.6635812409487576 -8.603982538097311 -14.427346916198729 -51.643639106750499 7.6675028817994262 -7.2045310028961724 -2.3147442077696323 -28.384926903766139 -3.9549149946732953 11.659577572864036 -19.343172164758048 -2.9571250748469122 -27.497843989959133 -22.556749641895294 -2.5420985038930723
leaf_weight=4886 21 10122 20 31 26 1271 31 3422 20 134 45 29 34 104 42 3312 106 20 20 56 154 250 23 22 23 36 469 26 20 550
leaf_count=4886 21 10122 20 31 26 1271 31 3422 20 134 45 29 34 104 42 3312 106 20 20 56 154 250 23 22 23 36 469 26 20 550
internal_value=2.46453e-08 1.29836 -3.81135 -6.68744 -22.4442 -6.05602 -35.628 -2.22884 -5.72858 -8.39271 -7.90565 -5.37774 -12.1777 -10.1285 -6.49528 2.92758 -14.4455 -21.7301 -33.0355 -4.09675 -2.09245 -2.53324 -4.46965 -16.4414 -5.14056 -5.70465 -4.94813 -10.1358 0.0491739 -3.24437
internal_weight=25325 18890 6435 2284 88 2196 57 4151 2176 905 885 556 329 295 527 8198 191 85 40 393 4130 351 295 45 708 685 649 180 10692 570
internal_count=25325 18890 6435 2284 88 2196 57 4151 2176 905 885 556 329 295 527 8198 191 85 40 393 4130 351 295 45 708 685 649 180 10692 570
is_linear=0
shrinkage=0.05


Tree=3
num_leaves=31
num_cat=0
split_feature=250 257 54 5 9 127 190 131 220 196 225 225 138 222 40 70 254 185 169 9 44 89 143 158 257 177 222 189 214 34
split_gain=4.52431e+07 1.61431e+07 7.89134e+06 6.09642e+06 1.31513e+07 6.43984e+06 4.22026e+06 3.99581e+06 4.48278e+06 8.88879e+06 5.50315e+06 3.706e+06 3.6537e+06 8.27405e+06 3.58922e+06 3.9754e+06 3.64986e+06 3.5218e+06 3.47641e+06 3.40989e+06 3.18363e+06 3.17254e+06 3.11007e+06 6.76587e+06 2.94924e+06 4.25151e+06 3.98275e+06 3.15879e+06 4.18198e+06 2.94367e+06
threshold=364.94018554687506 553.73107910156261 248.795524597168 904.46777343750011 1972.0000000000002 1637.2500000000002 2652.5000000000005 381.42756652832037 1361.0000000000002 2364.2500000000005 2340.2500000000005 202.25000000000003 744.84381103515636 630.97421264648449 537.77215576171886 -1827.7499999999998 -69.749999999999986 -588.74999999999989 1945.7500000000002 -404.74999999999994 356.75000000000006 529.70809936523449 -1754.7499999999998 346.25498962402349 797.33575439453136 -2371.9999999999995 719.73504638671886 1915.2500000000002 829.30249023437511 99.684108734130874
decision_type=2 2 2 2 2 2 2 2 2 2 2 2 2 2 2 2 2 2 2 2 2 2 2 2 2 2 2 2 2 2
left_child=2 6 -1 7 5 19 11 -3 24 12 -11 22 13 -10 16 -16 21 -17 29 -5 -21 -13 23 -2 26 -26 -9 28 -27 -19
right_child=1 3 -4 4 -6 -7 -8 8 9 10 -12 14 -14 -15 15 17 -18 18 -20 20 -22 -23 -24 -25 25 27 -28 -29 -30 -31
leaf_value=3.6127501766287446 -2.6704220075171254 2.7141918181502906 1.064520371353759 -7.0811803326212077 -47.403589008472586 16.224562798227584 -23.865033516997386 -5.5518873308559353 -18.531098020845842 14.183027311052596 -14.06101094975191 -3.0345762414194635 -5.5682164212067926 -54.844144058227542 -21.680478497555384 10.388149569375175 1.0409225754128277 -2.6898934399380408 10.259038060711276 -35.997692181513862 -9.8228728521437887 5.4024342829811163 0.046887854972845137 -26.722020089626312 -25.716701187231607 -19.148171128167046 2.1196082994876764 -21.250711614945359 0.46315008916027917 -10.421086458315095
leaf_weight=4333 339 137 10167 74 27 21 21 1278 62 35 34 2823 24 21 38 35 837 221 31 26 21 116 3879 32 39 36 195 34 111 278
leaf_count=4333 339 137 10167 74 27 21 21 1278 62 35 34 2823 24 21 38 35 837 221 31 26 21 116 3879 32 39 36 195 34 111 278
internal_value=2.68604e-08 -2.44591 1.826 -6.29651 -15.4166 -9.33459 -1.4777 -5.52817 -6.13234 -13.727 0.265675 -1.42322 -22.7504 -27.7187 -2.44404 -6.02615 -1.872 -4.9733 -5.98773 -13.7705 -24.3026 -2.70157 -0.371412 -4.74495 -5.34282 -10.7427 -4.53631 -7.51629 -4.33962 -6.99705
internal_weight=25325 10825 14500 2175 169 142 8650 2006 1869 176 69 8629 107 83 4379 603 3776 565 530 121 47 2939 4250 371 1693 220 1473 181 147 499
internal_count=25325 10825 14500 2175 169 142 8650 2006 1869 176 69 8629 107 83 4379 603 3776 565 530 121 47 2939 4250 371 1693 220 1473 181 147 499
is_linear=0
shrinkage=0.05


Tree=4
num_leaves=31
num_cat=0
split_feature=257 145 26 168 191 20 103 209 182 59 72 50 174 89 174 206 6 28 103 4 29 66 15 254 225 226 240 2 85 130
split_gain=4.11097e+07 1.28986e+07 9.79619e+06 1.09263e+07 1.11172e+07 6.62651e+06 5.48489e+06 4.29298e+06 3.17197e+06 3.04729e+06 5.58746e+06 4.97144e+06 4.26851e+06 5.53498e+06 5.96498e+06 2.98124e+06 2.74437e+06 2.65123e+06 2.50984e+06 5.53498e+06 6.48481e+06 2.49723e+06 3.9063e+06 2.60102e+06 2.78306e+06 3.48817e+06 4.0783e+06 2.53267e+06 7.02306e+06 2.45165e+06
threshold=422.94464111328131 302.38824462890631 557.84716796875011 2493.7500000000005 2471.5000000000005 4154.6203613281259 228.06436920166018 -2268.1501464843745 765.25000000000011 481.75000000000006 -29.749999999999996 1405.5000000000002 1265.067321777344 502.09635925292974 1121.9424438476565 -808.74999999999989 1733.908630371094 1275.2500000000002 719.73504638671886 1102.0249633789065 -60.249999999999993 4658.0000000000009 5343.7500000000009 -77.249999999999986 265.25000000000006 -860.74999999999989 -40.249999999999993 -639.74999999999989 -1232.2499999999998 3326.5925292968755
decision_type=2 2 2 2 2 2 2 2 2 2 2 2 2 2 2 2 2 2 2 2 2 2 2 2 2 2 2 2 2 2
left_child=1 8 6 7 5 -5 -2 -4 -1 18 11 -11 13 -12 -15 -14 -17 -16 -9 20 -20 22 23 24 25 26 27 -8 -29 -18
right_child=2 -3 3 4 -6 -7 21 9 -10 10 12 -13 15 14 17 16 29 -19 19 -21 -22 -23 -24 -25 -26 -27 -28 28 -30 -31
leaf_value=2.9643920758505384 -24.678698766010783 0.031714641751064386 -23.888031522929669 -21.009576615833101 -1.4410437353726093 -59.857264162146535 -0.63131869264803198 -2.3477129675011859 -0.59449039073238263 -12.06165823083785 -34.847879921306266 -43.152949142456059 15.834420008886429 -6.1254014740235938 -13.982790551185609 6.0503293339620559 -13.444050872480714 -39.727827095985418 -8.2873323873597755 -3.4349336015478693 -38.451191834041055 8.4172021957380441 -22.324915202458701 0.64239656043874804 -4.0307691872111722 0.44733368961744091 -26.175509681701659 -35.197459163665769 -4.6810860812437571 -2.336458061885621
leaf_weight=7515 27 10692 32 21 29 23 409 803 683 36 22 20 21 262 20 57 77 20 49 196 28 56 24 725 1821 1148 20 20 329 140
leaf_count=7515 27 10692 32 21 29 23 409 803 683 36 22 20 21 262 20 57 77 20 49 196 28 56 24 725 1821 1148 20 20 329 140
internal_value=6.09187e-09 1.17578 -3.45151 -6.51573 -25.4755 -41.3163 -2.20949 -5.73948 2.66789 -5.40781 -8.04134 -23.1657 -6.67306 -10.6349 -8.87108 -2.32171 -3.71324 -26.8553 -3.75574 -7.89729 -19.256 -2.07622 -2.20692 -2.09895 -2.62937 -1.30436 -3.88913 -3.3011 -6.42988 -6.27786
internal_weight=25325 18890 6435 1856 73 44 4579 1783 8198 1751 675 56 619 324 302 295 274 40 1076 273 77 4552 4496 4472 3747 1926 778 758 349 217
internal_count=25325 18890 6435 1856 73 44 4579 1783 8198 1751 675 56 619 324 302 295 274 40 1076 273 77 4552 4496 4472 3747 1926 778 758 349 217
is_linear=0
shrinkage=0.05


Tree=5
num_leaves=31
num_cat=0
split_feature=250 257 257 5 9 127 75 12 131 220 192 229 243 176 254 225 9 135 4 20 44 231 254 257 122 184 49 50 135 244
split_gain=3.74383e+07 1.32725e+07 6.84353e+06 5.17398e+06 1.16151e+07 5.73601e+06 3.7987e+06 5.89889e+06 3.54155e+06 3.81844e+06 8.01476e+06 6.29311e+06 4.27031e+06 3.63616e+06 3.15261e+06 4.02428e+06 2.9761e+06 2.78957e+06 4.59057e+06 2.76971e+06 2.76353e+06 2.62743e+06 2.5582e+06 3.22623e+06 3.67983e+06 5.88216e+06 3.96281e+06 4.22287e+06 3.04649e+06 3.5098e+06
threshold=364.94018554687506 553.73107910156261 236.34548950195315 904.46777343750011 1972.0000000000002 1637.2500000000002 220.54167938232425 233.48223876953128 381.42756652832037 1361.0000000000002 1939.0000000000002 661.46316528320324 581.48425292968761 1876.2500000000002 -69.749999999999986 197.25000000000003 -404.74999999999994 -1798.7499999999998 1770.977478027344 -1277.6762695312498 356.75000000000006 -532.74999999999989 -283.74999999999994 797.33575439453136 1426.7500000000002 53.750000000000007 1694.7500000000002 565.25000000000011 -1017.2499999999999 -580.35870361328114
decision_type=2 2 2 2 2 2 2 2 2 2 2 2 2 2 2 2 2 2 2 2 2 2 2 2 2 2 2 2 2 2
left_child=2 6 -1 8 5 16 7 -2 21 22 13 12 -12 -11 15 17 19 18 -8 -5 -18 -3 23 -10 26 -26 27 -25 -24 -30
right_child=1 3 -4 4 -6 -7 14 -9 9 10 11 -13 -14 -15 -16 -17 20 -19 -20 -21 -22 -23 28 24 25 -27 -28 -29 29 -31
leaf_value=3.5168787969255799 0.73307434082031253 -10.325859317779541 1.0252607627875556 -19.102216840673375 -44.179155561659073 15.719525768643335 -3.0398906662813601 -35.213241536276684 -5.3780325182796744 -14.985881463686624 3.3920894415482232 12.076982069015504 -24.043269302393938 -36.98141017240637 0.71755513820551009 -2.9540773486827647 -33.324584874969268 -0.0226936939351766 -25.519112888971964 0.9920653587960182 -8.9378072965712771 6.4175278567265126 1.3337637307208523 -27.662353263910003 16.602419671145352 -15.884681311406588 -35.16510193265718 -0.71871155392039909 -21.962434475175268 -4.1168493584588006
leaf_weight=3700 25 30 10800 27 27 21 423 21 683 42 23 40 37 34 1619 3427 26 3111 24 47 21 107 281 26 22 38 29 33 29 552
leaf_count=3700 25 30 10800 27 27 21 423 21 683 42 23 40 37 34 1619 3427 26 3111 24 47 21 107 281 26 22 38 29 33 29 552
internal_value=-2.34576e-08 -2.22497 1.66105 -5.71645 -14.1183 -8.40251 -1.34705 -15.6772 -5.00862 -5.57742 -12.5868 -3.28504 -13.5264 -24.826 -1.27044 -1.73122 -12.589 -0.553382 -4.24683 -6.33963 -22.4284 2.75109 -4.84874 -6.82826 -13.5209 -3.97274 -20.031 -12.5922 -2.9404 -5.00759
internal_weight=25325 10825 14500 2175 169 142 8650 46 2006 1869 176 100 60 76 8604 6985 121 3558 447 74 47 137 1693 831 148 60 88 59 862 581
internal_count=25325 10825 14500 2175 169 142 8650 46 2006 1869 176 100 60 76 8604 6985 121 3558 447 74 47 137 1693 831 148 60 88 59 862 581
is_linear=0
shrinkage=0.05


Tree=6
num_leaves=31
num_cat=0
split_feature=257 201 26 168 191 20 96 209 133 124 225 151 8 50 246 234 1 211 159 225 71 167 132 156 23 30 6 12 155 136
split_gain=3.38364e+07 1.09627e+07 8.29734e+06 9.29274e+06 9.91593e+06 5.87403e+06 4.86462e+06 3.77341e+06 2.89575e+06 2.83332e+06 2.60699e+06 3.16497e+06 3.68845e+06 4.1354e+06 7.17843e+06 3.6198e+06 4.25354e+06 2.81411e+06 3.0178e+06 2.76688e+06 2.65521e+06 2.55487e+06 4.904e+06 3.7623e+06 3.95801e+06 3.08649e+06 2.58706e+06 2.44787e+06 2.41114e+06 3.47723e+06
threshold=422.94464111328131 298.57344055175787 557.84716796875011 2493.7500000000005 2471.5000000000005 4154.6203613281259 216.50907897949222 -2268.1501464843745 2038.7500000000002 446.18640136718756 233.25000000000003 4358.6801757812509 -285.74999999999994 -315.24999999999994 307.75000000000006 990.50000000000011 2110.7500000000005 573.75000000000011 644.34121704101574 1087.7500000000002 255.75000000000003 1301.3397216796877 1455.1234130859377 862.75000000000011 406.75000000000006 1116.2500000000002 1834.5954589843752 214.72550201416018 -301.24999999999994 1145.5000000000002
decision_type=2 2 2 2 2 2 2 2 2 2 2 2 2 2 2 2 2 2 2 2 2 2 2 2 2 2 2 2 2 2
left_child=1 8 6 7 5 -5 -2 -4 27 -9 17 12 -12 14 -14 20 -17 18 -11 -13 -15 22 23 25 -25 -22 -23 -1 -20 -30
right_child=2 -3 3 4 -6 -7 -8 9 -10 10 11 19 13 15 -16 16 -18 -19 28 -21 21 26 -24 24 -26 -27 -28 -29 29 -31
leaf_value=3.8932929823076239 -25.997974309467136 0.037782873034548192 -22.250433871150019 -19.278006916954407 -0.73768955099171607 -55.853546938688865 -1.8776514360300312 -22.358003023396368 -16.065705857958115 -1.0406132503516143 -2.3413094100163465 18.92626275311817 -43.062513192494713 2.1447944844563804 -8.9289050290750911 -9.7512703284239155 -37.662491489592057 8.3773374761696218 -3.0962949866340277 -4.5884659997348134 -8.8029115810022738 8.4250509268359135 -34.276558407147725 -5.7445721709728241 -35.861746279398602 8.4891576397803519 -6.8797722216879968 1.9627373018465377 -16.67775574448563 2.3803834361414755
leaf_weight=2318 21 10921 32 21 29 23 4558 23 21 486 263 22 24 75 43 39 21 54 147 29 154 38 21 20 24 31 101 5630 105 31
leaf_count=2318 21 10921 32 21 29 23 4558 23 21 486 263 22 24 75 43 39 21 54 147 29 154 38 21 20 24 31 101 5630 105 31
internal_value=-8.15002e-09 1.06671 -3.13133 -5.95141 -23.4365 -38.397 -1.98827 -5.23553 2.47678 -4.92458 -4.69254 -6.54455 -7.26713 -9.45916 -21.1559 -7.96359 -19.5202 -2.656 -3.43077 5.55514 -6.4692 -8.13 -11.1515 -9.03082 -22.1721 -5.90532 -2.69572 2.52578 -7.53543 -12.3336
internal_weight=25325 18890 6435 1856 73 44 4579 1783 7969 1751 1728 905 854 591 67 524 60 823 769 51 464 389 250 229 44 185 139 7948 283 136
internal_count=25325 18890 6435 1856 73 44 4579 1783 7969 1751 1728 905 854 591 67 524 60 823 769 51 464 389 250 229 44 185 139 7948 283 136
is_linear=0
shrinkage=0.05


Tree=7
num_leaves=31
num_cat=0
split_feature=250 257 54 5 9 127 190 65 83 220 131 90 257 239 240 177 222 149 243 225 40 72 254 89 117 152 169 228 32 187
split_gain=3.09268e+07 1.10205e+07 5.73918e+06 4.50103e+06 1.02438e+07 5.06576e+06 3.63432e+06 3.46031e+06 4.83367e+06 6.55539e+06 3.99864e+06 3.22548e+06 3.74766e+06 4.66034e+06 7.73305e+06 3.48035e+06 3.33055e+06 3.4676e+06 3.24696e+06 2.78335e+06 2.71263e+06 3.63618e+06 2.77932e+06 2.92114e+06 2.71176e+06 2.9541e+06 2.69611e+06 2.97024e+06 3.44714e+06 3.40506e+06
threshold=364.94018554687506 553.73107910156261 248.795524597168 904.46777343750011 1972.0000000000002 1637.2500000000002 2652.5000000000005 4483.7500000000009 4192.3273925781259 1264.7500000000002 381.42756652832037 3675.7458496093755 797.33575439453136 1421.0000000000002 804.25000000000011 -2371.9999999999995 719.73504638671886 2483.7500000000005 679.19335937500011 202.25000000000003 537.77215576171886 -2228.9999999999995 -69.749999999999986 529.70809936523449 475.17919921875006 475.17919921875006 1945.7500000000002 977.58999633789074 4804.8422851562509 505.92503356933599
decision_type=2 2 2 2 2 2 2 2 2 2 2 2 2 2 2 2 2 2 2 2 2 2 2 2 2 2 2 2 2 2
left_child=2 6 -1 7 5 -5 19 8 10 -10 -3 12 13 16 -15 -14 17 24 -13 -2 22 -22 23 -21 25 -12 27 -23 29 -29
right_child=1 3 -4 4 -6 -7 -8 -9 9 -11 11 18 15 14 -16 -17 -18 -19 -20 20 21 26 -24 -25 -26 -27 -28 28 -30 -31
leaf_value=3.0334554181118794 -0.26018340496490983 5.5723234410034985 0.86031292486539945 -11.606682409924909 -41.27078364690145 14.996541441054573 -21.997397577194942 6.3775249552726754 -8.1571741827603059 -40.211659132350576 -5.3904975469907122 -7.5623454093933109 -25.614141876633102 -42.607754362197149 -3.3110031347120961 -8.6082281222254604 2.116801580969168 -20.882465265736439 18.815254671233042 -2.6025205528835351 -21.054148640352139 -1.8856307514776025 0.98284074603585503 5.4933064811541863 -3.4749276202956874 -18.625406559797437 10.116775848019508 -1.7285458847627801 6.6818732195887067 -16.080140792272068
leaf_weight=4333 4250 95 10167 121 27 21 21 70 58 22 120 20 37 21 31 161 196 33 28 2823 34 312 837 116 1049 65 31 59 29 138
leaf_count=4333 4250 95 10167 121 27 21 21 70 58 22 120 20 37 21 31 161 196 33 28 2823 34 312 837 116 1049 65 31 59 29 138
internal_value=2.54734e-10 -2.02224 1.50971 -5.20376 -13.0402 -7.6724 -1.22226 -4.54356 -4.93844 -16.9722 -4.41974 -4.95878 -5.31698 -4.47151 -19.1808 -11.7861 -3.94869 -4.887 7.82459 -1.1717 -2.05637 -5.17049 -1.55907 -2.28298 -4.45925 -10.0406 -4.22138 -5.04756 -9.4127 -11.7819
internal_weight=25325 10825 14500 2175 169 142 8650 2006 1936 80 1856 1761 1713 1515 52 198 1463 1267 48 8629 4379 603 3776 2939 1234 185 569 538 226 197
internal_count=25325 10825 14500 2175 169 142 8650 2006 1936 80 1856 1761 1713 1515 52 198 1463 1267 48 8629 4379 603 3776 2939 1234 185 569 538 226 197
is_linear=0
shrinkage=0.05


Tree=8
num_leaves=31
num_cat=0
split_feature=250 257 257 5 9 127 78 78 190 65 83 220 131 90 128 239 192 169 208 243 257 135 40 82 225 4 9 228 75 78
split_gain=2.79115e+07 9.94597e+06 5.31815e+06 4.06218e+06 9.24505e+06 4.69354e+06 3.8129e+06 4.61205e+06 3.27997e+06 3.12293e+06 4.36239e+06 5.91624e+06 3.60878e+06 2.91099e+06 3.38892e+06 3.2269e+06 7.40863e+06 3.19355e+06 2.96545e+06 2.93038e+06 2.8e+06 2.61984e+06 3.66726e+06 6.86137e+06 3.19807e+06 2.48562e+06 2.6614e+06 2.41404e+06 2.38729e+06 8.60591e+06
threshold=364.94018554687506 553.73107910156261 236.34548950195315 904.46777343750011 1972.0000000000002 252.25000000000003 -651.24999999999989 439.25000000000006 2652.5000000000005 4483.7500000000009 4192.3273925781259 1264.7500000000002 381.42756652832037 3675.7458496093755 -561.74999999999989 1421.0000000000002 1939.0000000000002 -598.24999999999989 513.40527343750011 679.19335937500011 797.33575439453136 -1756.7499999999998 534.11987304687511 513.46029663085949 202.25000000000003 1802.0675048828127 400.25000000000006 4134.7749023437509 311.93984985351568 2936.7500000000005
decision_type=2 2 2 2 2 2 2 2 2 2 2 2 2 2 2 2 2 2 2 2 2 2 2 2 2 2 2 2 2 2
left_child=2 8 -1 9 5 6 -5 -8 21 10 12 27 -3 14 -14 17 -17 20 25 -15 -16 22 -2 -24 -23 26 -19 -12 29 -26
right_child=1 3 -4 4 -6 -7 7 -9 -10 -11 11 -13 13 19 15 16 -18 18 -20 -21 -22 24 23 -25 28 -27 -28 -29 -30 -31
leaf_value=3.0702002951845127 -2.290273597236546 5.2937072479411178 0.87374852067956488 -0.46167795251716265 -39.207244194878477 0.94536586357997021 -42.725723266601562 -9.5880275998796733 -20.897527369998752 6.0586488594327657 -17.60409704208374 -38.201076195456771 -2.5607754288417728 -7.1842282867431635 -9.1970550813326035 -35.917523547808329 -1.331617757305503 -35.583119325637817 -4.2827059086329404 17.874492024523871 -30.993382617701656 0.23048181649537197 -38.415764260292057 -6.705432058819409 -2.9487778806372695 -6.3299343105089871 -11.70215352007321 2.8093794822692875 -1.4325839746407238 -27.897390066049038
leaf_weight=3700 611 95 10800 22 27 78 21 21 21 70 30 22 760 20 41 30 32 20 720 28 23 3683 20 116 304 59 28 28 3856 39
leaf_count=3700 611 95 10800 22 27 78 21 21 21 70 30 22 760 20 41 30 32 20 720 28 23 3683 20 116 304 59 28 28 3856 39
internal_value=-1.18352e-08 -1.92113 1.43422 -4.94357 -12.3882 -7.28878 -17.3242 -26.1569 -1.16115 -4.31638 -4.69151 -16.1235 -4.19875 -4.71084 -5.05113 -7.03715 -18.0667 -6.26966 -5.43693 7.43336 -17.0301 -1.11312 -3.94311 -11.3687 -0.844913 -13.2036 -21.6526 -7.74932 -1.78816 -5.7855
internal_weight=25325 10825 14500 2175 169 142 64 42 8650 2006 1936 80 1856 1761 1713 953 62 891 827 48 64 8629 747 136 7882 107 48 58 4199 343
internal_count=25325 10825 14500 2175 169 142 64 42 8650 2006 1936 80 1856 1761 1713 953 62 891 827 48 64 8629 747 136 7882 107 48 58 4199 343
is_linear=0
shrinkage=0.05


Tree=9
num_leaves=31
num_cat=0
split_feature=257 257 176 159 254 180 85 228 83 254 54 75 124 135 54 180 236 243 29 212 29 218 240 75 204 222 208 26 12 185
split_gain=2.53606e+07 1.05821e+07 3.67752e+06 6.0041e+06 7.62604e+06 9.75521e+06 6.2621e+06 4.99878e+06 4.55094e+06 3.59612e+06 3.41125e+06 3.17942e+06 3.15906e+06 3.10571e+06 3.39295e+06 6.08678e+06 2.96938e+06 4.18154e+06 4.16468e+06 3.44957e+06 3.35504e+06 2.80353e+06 3.5548e+06 3.7103e+06 3.01329e+06 2.49877e+06 2.64502e+06 2.47143e+06 2.86954e+06 2.44883e+06
threshold=340.20759582519537 553.73107910156261 1487.7500000000002 679.19335937500011 -368.74999999999994 797.33575439453136 4764.5000000000009 4134.7749023437509 4192.3273925781259 -75.249999999999986 245.89517211914065 499.15771484375006 200.31291198730472 -1756.7499999999998 529.70809936523449 448.71485900878912 679.19335937500011 661.46316528320324 2663.7500000000005 1722.0000000000002 3667.5000000000005 927.75000000000011 -138.74999999999997 315.11604309082037 1074.2500000000002 505.92503356933599 470.06997680664068 378.94010925292974 336.55253601074224 546.75000000000011
decision_type=2 2 2 2 2 2 2 2 2 2 2 2 2 2 2 2 2 2 2 2 2 2 2 2 2 2 2 2 2 2
left_child=10 12 7 6 5 -5 8 27 9 16 -1 -10 -2 14 -14 -16 17 19 -18 20 -4 -15 23 24 -23 26 -24 28 -3 -12
right_child=1 2 3 4 -6 -7 -8 -9 11 -11 29 -13 13 21 15 -17 18 -19 -20 -21 -22 22 25 -25 -26 -27 -28 -29 -30 -31
leaf_value=2.8307732625882931 -19.8134484724565 -3.724111979901791 -7.954144758299778 -55.247209803263345 -7.2731933964000035 -14.093682940800987 12.277830694032753 18.295799018786507 -11.125976768616708 8.7481940269470222 1.3906279581522174 -36.696102809906009 -2.2783844417659567 -0.26492613738719395 -36.196374506950377 -6.5969259562365936 -10.854178793290082 -29.997270360200304 13.233536313709459 6.0948916570136422 -29.275295916057772 -6.2710514783859255 -1.1544566743638631 -5.1596427669675329 -32.309316612243656 5.9363056452769154 -8.7912529640702104 -4.4356513287135924 10.673012491132393 -1.2208573448846063
leaf_weight=4082 22 80 152 24 85 36 46 26 31 41 6988 20 728 8723 20 132 34 23 38 38 21 20 887 254 25 106 130 1422 61 1030
leaf_count=4082 22 80 152 24 85 36 46 26 31 41 6988 20 728 8723 20 132 34 23 38 38 21 20 887 254 25 106 130 1422 61 1030
internal_value=-1.75882e-08 -1.51345 -4.69876 -8.07336 -16.9071 -30.5551 -5.18847 -3.44788 -7.20719 -5.15745 1.65417 -21.1535 -0.885449 -0.847679 -3.69703 -10.4916 -7.02062 -9.75275 1.85878 -7.546 -10.5423 -0.60052 -2.65916 -7.50402 -20.7368 -1.36921 -2.13064 -3.80958 2.50443 1.05515
internal_weight=25325 13225 2178 589 145 60 444 1589 398 347 12100 51 11047 11025 880 152 306 234 72 211 173 10145 1422 299 45 1123 1017 1563 141 8018
internal_count=25325 13225 2178 589 145 60 444 1589 398 347 12100 51 11047 11025 880 152 306 234 72 211 173 10145 1422 299 45 1123 1017 1563 141 8018
is_linear=0
shrinkage=0.05


Tree=10
num_leaves=31
num_cat=0
split_feature=257 145 33 89 149 152 0 122 79 208 115 93 256 159 212 182 6 89 210 212 4 3 58 143 250 103 234 197 252 213
split_gain=2.31245e+07 9.06742e+06 5.17448e+06 5.894e+06 5.47183e+06 8.47682e+06 9.57563e+06 3.43682e+06 3.03083e+06 3.02537e+06 2.61317e+06 4.3798e+06 2.66811e+06 3.22502e+06 4.5943e+06 2.50824e+06 2.49461e+06 2.49456e+06 2.17605e+06 2.08367e+06 2.67452e+06 2.57099e+06 6.711e+06 5.20323e+06 3.36766e+06 3.1005e+06 4.63972e+06 2.26096e+06 2.21192e+06 2.20134e+06
threshold=448.50971984863287 302.38824462890631 534.11987304687511 461.98585510253912 2483.7500000000005 575.74453735351574 4121.7500000000009 -3281.2499999999995 2685.7500000000005 472.63249206542974 -15.749999999999998 -872.24999999999989 4401.7050781250009 324.75778198242193 835.25000000000011 765.25000000000011 5156.5039062500009 415.30932617187506 -1874.4999999999998 -180.74999999999997 4949.7849121093759 1660.2500000000002 724.25000000000011 745.25000000000011 517.10519409179699 575.74453735351574 477.75000000000006 1508.7500000000002 -346.74999999999994 1311.0000000000002
decision_type=2 2 2 2 2 2 2 2 2 2 2 2 2 2 2 2 2 2 2 2 2 2 2 2 2 2 2 2 2 2
left_child=1 15 10 -4 7 -6 -7 -5 -3 -9 -2 -12 13 14 -13 -1 18 -15 -11 28 21 24 -23 -24 25 -21 -27 -26 -20 -29
right_child=2 8 3 4 5 6 -8 9 -10 16 11 12 -14 17 -16 -17 -18 -19 19 20 -22 22 23 -25 27 26 -28 29 -30 -31
leaf_value=2.312824401840099 0.094162077134399211 -0.076524205257600286 -28.962585685729984 -24.154966872079033 7.4853588409423821 -53.420168547196823 -11.97001266981426 3.0109994787772498 -17.504211471557618 -14.749713417128021 -22.137473233223989 -3.8175921099526544 10.924999854962032 -0.16016336516204813 -33.858437924981118 -0.82024041305384188 12.372035910866478 -4.066585537967633 -7.8936942742314447 -6.0725562099218369 4.1162915970688152 -36.329545555114748 -26.630178508758547 -3.1154463159928629 -4.7633407267589645 -31.608538672730731 -4.0473152160644537 11.388964605854547 -1.6585287264881345 -6.3209459909370977
leaf_weight=7533 1276 11822 25 21 25 22 38 150 25 51 29 35 36 701 20 698 22 980 172 100 59 25 30 109 361 37 26 47 822 28
leaf_count=7533 1276 11822 25 21 25 22 38 150 25 51 29 35 36 701 20 698 22 980 172 100 59 25 30 109 361 37 26 47 822 28
internal_value=6.76686e-10 0.772373 -2.95554 -4.82528 -4.54396 -16.9761 -27.1684 -4.03098 -0.113301 -3.82372 -1.63693 -2.86341 -2.54798 -2.82737 -14.7415 2.04714 -4.36645 -2.43755 -4.56369 -4.27762 -6.14007 -6.93316 -12.48 -8.19057 -5.41448 -11.546 -20.2341 -3.12218 -2.73745 4.77726
internal_weight=25325 20078 5247 2170 2145 85 60 2060 11847 2039 3077 1801 1772 1736 55 8231 1889 1681 1867 1816 822 763 164 139 599 163 63 436 994 75
internal_count=25325 20078 5247 2170 2145 85 60 2060 11847 2039 3077 1801 1772 1736 55 8231 1889 1681 1867 1816 822 763 164 139 599 163 63 436 994 75
is_linear=0
shrinkage=0.05


Tree=11
num_leaves=31
num_cat=0
split_feature=187 78 257 176 141 88 220 206 20 61 194 192 236 225 254 253 68 158 27 89 212 83 6 128 192 176 166 26 72 242
split_gain=2.10939e+07 7.1804e+06 6.97842e+06 4.79979e+06 4.65434e+06 3.52946e+06 3.44273e+06 5.44845e+06 5.20795e+06 5.37228e+06 3.32486e+06 3.32453e+06 3.21794e+06 2.88144e+06 2.54349e+06 3.75548e+06 3.84799e+06 4.38937e+06 3.91735e+06 2.8288e+06 2.59414e+06 2.48915e+06 3.14416e+06 2.43448e+06 3.42218e+06 2.97927e+06 2.34562e+06 2.24566e+06 2.13718e+06 2.72527e+06
threshold=380.11706542968756 3434.2500000000005 553.73107910156261 742.25000000000011 -1408.2499999999998 1338.6375122070315 1361.0000000000002 2076.0000000000005 2108.9682617187505 679.19335937500011 298.58447265625006 2108.7500000000005 356.98858642578131 220.25000000000003 -347.24999999999994 795.75000000000011 797.33575439453136 1206.330017089844 162.40338134765628 700.57888793945324 -127.24999999999999 4192.3273925781259 3701.8857421875005 1378.7500000000002 1215.2500000000002 1487.7500000000002 480.22366333007818 529.70809936523449 -2277.7499999999995 917.65750122070324
decision_type=2 2 2 2 2 2 2 2 2 2 2 2 2 2 2 2 2 2 2 2 2 2 2 2 2 2 2 2 2 2
left_child=1 3 4 10 5 12 14 8 -8 -10 -1 13 -2 -6 15 16 19 18 -18 23 -19 22 -9 25 26 -4 -25 -15 -29 -30
right_child=2 -3 6 -5 11 -7 7 21 9 -11 -12 -13 -14 27 -16 -17 17 20 -20 -21 -22 -23 -24 24 -26 -27 -28 28 29 -31
leaf_value=2.3027988431598909 -23.25758993573811 -20.307285069196652 -5.6533262172665628 -0.78742847757639223 0.12226105404754072 -26.50551308631897 -4.3330165508000746 -3.7593817491280408 -17.480825925604353 -47.893717074394232 0.70916268907502011 15.525638410737438 -4.0581898690840399 -1.2969106509648103 -2.2520905709396239 -26.844271755218507 -13.98987893542728 3.2487003982067111 -41.455382881164553 4.687961798275218 -17.544470723470052 -12.677713400317778 20.347806240263441 23.045231637954714 -9.9421466998564902 -21.76416864164414 2.393936802040447 -19.205641539394858 -0.93687202672341052 -7.5528395339127243
leaf_weight=7038 23 39 386 2605 3504 20 46 38 53 20 6118 31 427 2764 1150 21 37 40 20 85 24 31 21 20 39 31 44 24 336 290
leaf_count=7038 23 39 386 2605 3504 20 46 38 53 20 6118 31 427 2764 1150 21 37 40 20 85 24 31 21 20 39 31 44 24 336 290
internal_value=-5.88718e-09 1.12041 -1.85853 1.17343 -1.13747 -5.95294 -4.39868 -10.4892 -17.5099 -25.8131 1.5617 -0.811773 -5.03949 -0.884982 -3.72767 -5.99931 -5.39636 -13.536 -23.6269 -3.76843 -4.54874 -1.20624 4.82114 -5.15073 1.73295 -6.85101 8.84747 -1.91878 -4.56315 -4.00178
internal_weight=25325 15800 9525 15761 7419 470 2106 209 119 73 13156 6949 450 6918 1897 747 726 121 57 605 64 90 59 520 103 417 64 3414 650 626
internal_count=25325 15800 9525 15761 7419 470 2106 209 119 73 13156 6949 450 6918 1897 747 726 121 57 605 64 90 59 520 103 417 64 3414 650 626
is_linear=0
shrinkage=0.05


Tree=12
num_leaves=31
num_cat=0
split_feature=257 257 89 176 228 19 9 86 121 51 136 79 85 12 124 5 208 133 27 38 25 188 213 4 256 218 240 75 204 89
split_gain=1.91602e+07 7.84285e+06 3.16101e+06 4.33381e+06 4.54589e+06 3.92179e+06 7.93191e+06 3.1247e+06 4.18063e+06 4.33346e+06 3.68168e+06 3.14718e+06 3.55243e+06 2.82996e+06 2.79294e+06 2.68708e+06 4.50073e+06 2.68116e+06 3.9093e+06 1.0815e+07 2.6574e+06 2.57782e+06 2.36825e+06 3.34695e+06 2.35962e+06 2.27611e+06 3.16422e+06 3.38147e+06 2.67761e+06 2.22354e+06
threshold=340.20759582519537 553.73107910156261 392.92070007324224 1487.7500000000002 4134.7749023437509 904.46777343750011 1226.2500000000002 582.25000000000011 1094.5000000000002 901.75000000000011 781.75000000000011 1558.2500000000002 2282.7500000000005 214.72550201416018 200.31291198730472 488.92694091796881 904.46777343750011 -1730.4999999999998 -218.38053894042966 -809.74999999999989 3332.507446289063 3675.8225097656255 -1325.7499999999998 310.25000000000006 2370.974975585938 927.75000000000011 -138.74999999999997 315.11604309082037 1074.2500000000002 331.61819458007818
decision_type=2 2 2 2 2 2 2 2 2 2 2 2 2 2 2 2 2 2 2 2 2 2 2 2 2 2 2 2 2 2
left_child=13 14 29 4 22 7 -7 -5 10 -10 -9 -11 -13 -1 -2 20 21 18 -16 -20 -14 -17 23 -4 -15 -19 27 28 -27 -3
right_child=1 2 3 5 -6 6 -8 8 9 11 -12 12 15 24 17 16 -18 25 19 -21 -22 -23 -24 -25 -26 26 -28 -29 -30 -31
leaf_value=2.9573182690573252 -18.572253701903602 -4.8421516595063387 -1.5068070335821673 3.1735697031021122 19.767140311286564 -2.541754300777729 -41.986335845947266 -5.6086553400213077 -25.923659476527462 6.7201217571894336 -31.859084454704732 -27.472083801031115 -4.3225284524758658 1.0912059959184504 -2.6906526044893591 -0.8994278704204286 -20.63458529663086 -0.24961261401650259 -45.919901580810546 0.41680423477116757 -22.154509577690028 17.73731813845427 -2.8626928766346511 -14.615911324417921 -14.94291513691778 -5.9698557376861574 -1.1869104592801198 -4.7351902006237996 -30.514956756591797 5.6512720600437767
leaf_weight=2445 22 81 88 62 21 26 25 22 27 48 34 20 45 9632 591 96 25 8955 20 34 39 23 1253 109 23 20 1126 254 25 134
leaf_count=2445 22 81 88 62 21 26 25 22 27 48 34 20 45 9632 591 96 25 8955 20 34 39 23 1253 109 23 20 1126 254 25 134
internal_value=-9.21459e-09 -1.3155 -4.05772 -4.68811 -3.32942 -8.75038 -21.8773 -7.2323 -8.93458 -6.74801 -21.5464 -4.99887 -7.26707 1.43781 -0.774848 -5.4947 -1.34897 -0.739334 -3.86729 -16.7449 -12.6017 2.70263 -3.66392 -8.76007 1.05301 -0.544966 -2.40103 -6.97328 -19.606 1.69794
internal_weight=25325 13225 2178 1963 1471 492 51 441 379 323 56 296 248 12100 11047 228 144 11025 645 54 84 119 1450 197 9655 10380 1425 299 45 215
internal_count=25325 13225 2178 1963 1471 492 51 441 379 323 56 296 248 12100 11047 228 144 11025 645 54 84 119 1450 197 9655 10380 1425 299 45 215
is_linear=0
shrinkage=0.05


Tree=13
num_leaves=31
num_cat=0
split_feature=187 78 33 107 185 233 247 194 253 173 198 194 61 211 204 8 124 184 198 69 30 163 54 236 194 209 200 77 146 130
split_gain=1.75442e+07 6.30046e+06 5.66272e+06 4.31998e+06 4.16659e+06 3.10263e+06 3.87109e+06 3.01247e+06 2.69819e+06 2.6258e+06 4.04091e+06 2.60765e+06 2.75358e+06 7.37888e+06 2.78392e+06 3.9939e+06 4.14356e+06 2.74992e+06 3.07307e+06 2.83724e+06 2.84746e+06 3.54664e+06 3.25908e+06 2.79243e+06 2.87496e+06 2.72942e+06 2.32289e+06 2.24134e+06 5.02752e+06 2.18891e+06
threshold=380.11706542968756 3434.2500000000005 534.11987304687511 3991.5000000000005 546.75000000000011 -1688.7499999999998 -871.74999999999989 302.32545471191412 281.75000000000006 395.23889160156256 556.25000000000011 594.14135742187511 547.78625488281261 518.25000000000011 -717.24999999999989 27.250000000000004 719.73504638671886 -119.24999999999999 -608.24999999999989 3514.071655273438 2490.5000000000005 1457.2500000000002 744.84381103515636 1012.183807373047 904.46777343750011 466.12965393066412 901.38748168945324 -1792.2499999999998 -1570.881408691406 4487.6723632812509
decision_type=2 2 2 2 2 2 2 2 2 2 2 2 2 2 2 2 2 2 2 2 2 2 2 2 2 2 2 2 2 2
left_child=1 4 9 5 7 6 8 -1 -4 10 27 29 13 -13 15 16 -14 23 -19 20 21 22 -20 24 -16 -24 -26 28 -2 -7
right_child=2 -3 3 -5 -6 11 -8 -9 -10 -11 -12 12 14 -15 17 -17 -18 18 19 -21 -22 -23 25 -25 26 -27 -28 -29 -30 -31
leaf_value=2.1341584460129792 -2.5628986135550909 -19.050035219926102 2.780744573048183 -20.462973200647454 -0.70427335431749505 -2.1543774491843131 -29.442594326019289 0.60660349648192857 -19.565173409201883 -0.49537712342756124 -9.4169156709531467 -1.4471417903900148 -9.9081081977257366 -32.712145350128417 -0.067889017872283797 -3.0206218878428146 -40.17960818290711 -25.837032175064088 -1.9830962232181006 9.2619112590263626 -23.269047372817994 7.8369046978834209 -28.095297186715261 14.934040622357969 -26.231436007022861 -9.4650637642903757 -3.566127598285675 -1.1255331083070379 -29.507739014210912 11.487993596394858
leaf_weight=7140 70 39 35 38 2731 1477 25 5890 22 5674 205 46 26 32 326 54 20 20 98 29 25 41 28 27 20 66 26 1042 23 30
leaf_count=7140 70 39 35 38 2731 1477 25 5890 22 5674 205 46 26 32 326 54 20 20 98 29 25 41 28 27 20 66 26 1042 23 30
internal_value=1.73928e-09 1.0218 -1.69496 -3.73251 1.07147 -3.47543 -13.0387 1.44365 -5.844 -0.965515 -2.95623 -3.14746 -5.30339 -14.2738 -4.43529 -12.2432 -23.0696 -3.32936 -6.88685 -5.56628 -7.23302 -5.51242 -8.36305 -0.592132 -1.71903 -15.0145 -13.4206 -1.78933 -9.22668 -1.8828
internal_weight=25325 15800 9525 2511 15761 2473 82 13030 57 7014 1340 2391 884 78 806 100 46 706 307 287 258 233 192 399 372 94 46 1135 93 1507
internal_count=25325 15800 9525 2511 15761 2473 82 13030 57 7014 1340 2391 884 78 806 100 46 706 307 287 258 233 192 399 372 94 46 1135 93 1507
is_linear=0
shrinkage=0.05


Tree=14
num_leaves=31
num_cat=0
split_feature=257 145 79 26 168 191 20 209 6 51 58 107 138 136 5 44 5 256 75 22 159 227 5 197 33 120 230 225 247 219
split_gain=1.58778e+07 6.62026e+06 4.01522e+06 3.34984e+06 5.66331e+06 8.07148e+06 5.06381e+06 2.78043e+06 2.4379e+06 3.85106e+06 4.26065e+06 3.18854e+06 3.12836e+06 2.71794e+06 2.68283e+06 2.84101e+06 2.58914e+06 2.38216e+06 2.75548e+06 2.2158e+06 2.08643e+06 2.35715e+06 3.69176e+06 2.26885e+06 2.00394e+06 4.2732e+06 1.93639e+06 1.87813e+06 3.05559e+06 7.30073e+06
threshold=456.44987487792974 302.38824462890631 2685.7500000000005 557.84716796875011 2493.7500000000005 2471.5000000000005 4154.6203613281259 -2268.1501464843745 3044.241577148438 684.75000000000011 553.00000000000011 2464.0000000000005 475.17919921875006 1247.7500000000002 562.74551391601574 714.75000000000011 904.46777343750011 4401.7050781250009 216.55569458007815 1.0000000180025095e-35 281.88296508789068 -1241.4999999999998 395.49612426757818 -2078.7499999999995 562.74551391601574 389.75000000000006 1647.860290527344 394.75000000000006 -538.74999999999989 297.75000000000006
decision_type=2 2 2 2 2 2 2 2 2 2 2 2 2 2 2 2 2 2 2 2 2 2 2 2 2 2 2 2 2 2
left_child=1 26 27 17 7 6 -6 -5 9 13 -11 -10 -12 16 -14 -16 24 18 -2 -18 -20 22 -22 -23 25 -9 -1 -3 29 -29
right_child=3 2 -4 4 5 -7 -8 8 11 10 12 -13 14 -15 15 -17 19 -19 20 -21 21 23 -24 -25 -26 -27 -28 28 -30 -31
leaf_value=1.7512986532521926 -19.796925245012559 0.31725941597274321 -18.096756725926554 -18.30499209165573 -13.682237557002479 2.5430240384463607 -47.641739488684614 -3.4372607237856152 6.926334724426269 -30.460306337333861 11.93374044418335 -10.592754081943456 -22.177212029695511 6.644566777267972 -22.282889358202617 -5.2037838709931226 -3.7402292183760943 9.7152661738188382 12.480455769025363 -17.88334419344956 -21.177118917611931 14.19351098900256 -2.9345515117049219 -1.5714135073969731 -1.6805626627452637 -28.657405905290087 -13.102446122602984 -36.758528146743778 -0.87721746522176502 1.9888639850001182
leaf_weight=8211 21 8619 31 32 21 29 23 71 110 21 20 34 32 74 27 248 58 46 26 53 39 23 96 2956 868 22 22 20 3441 31
leaf_count=8211 21 8619 31 32 21 29 23 71 110 21 20 34 32 74 27 248 58 46 26 53 39 23 96 2956 868 22 22 20 3441 31
internal_value=7.41792e-09 0.617085 -0.125067 -2.54002 -4.30435 -17.9362 -31.4338 -3.70847 -3.42331 -4.02217 -8.62885 2.78988 -7.22683 -2.62329 -8.47507 -6.88064 -3.26305 -1.58111 -1.7455 -10.4932 -1.62477 -1.74254 -8.20463 -1.4497 -2.42793 -9.40332 1.71161 -0.0790655 -1.05728 -13.2062
internal_weight=25325 20375 12142 4950 1743 73 44 1670 1638 1494 348 144 327 1146 307 275 1072 3207 3161 111 3140 3114 135 2979 961 93 8233 12111 3492 51
internal_count=25325 20375 12142 4950 1743 73 44 1670 1638 1494 348 144 327 1146 307 275 1072 3207 3161 111 3140 3114 135 2979 961 93 8233 12111 3492 51
is_linear=0
shrinkage=0.05


Tree=15
num_leaves=31
num_cat=0
split_feature=187 78 257 141 176 7 153 192 220 199 102 248 119 107 166 225 155 136 33 254 252 68 158 34 89 121 103 223 128 176
split_gain=1.45273e+07 5.57235e+06 4.75994e+06 3.94581e+06 3.6144e+06 3.28283e+06 1.08008e+07 3.02952e+06 2.69721e+06 4.88408e+06 4.41388e+06 3.68716e+06 2.90386e+06 2.72655e+06 2.49296e+06 2.38186e+06 2.35016e+06 3.17911e+06 2.3085e+06 2.10222e+06 3.25269e+06 2.72297e+06 3.31452e+06 3.45831e+06 2.57874e+06 2.99763e+06 2.52051e+06 2.29705e+06 2.20885e+06 2.43811e+06
threshold=380.11706542968756 3434.2500000000005 553.73107910156261 -1408.2499999999998 742.25000000000011 -251.74999999999997 -1159.8969726562498 2108.7500000000005 1361.0000000000002 2658.2500000000005 4647.7199707031259 765.75000000000011 3123.7500000000005 2190.5000000000005 513.40527343750011 220.25000000000003 2368.5000000000005 1557.7500000000002 218.83542633056643 -347.24999999999994 463.75000000000006 797.33575439453136 1206.330017089844 160.25903320312503 700.57888793945324 484.75000000000006 679.19335937500011 -170.48484039306638 1378.7500000000002 1487.7500000000002
decision_type=2 2 2 2 2 2 2 2 2 2 2 2 2 2 2 2 2 2 2 2 2 2 2 2 2 2 2 2 2 2
left_child=1 4 3 5 18 14 -7 15 19 10 12 -11 13 16 -2 -5 17 -10 -1 20 21 24 23 -23 26 -26 28 -24 29 -4
right_child=2 -3 8 7 -6 6 -8 -9 9 11 -12 -13 -14 -15 -16 -17 -18 -19 -20 -21 -22 22 27 -25 25 -27 -28 -29 -30 -31
leaf_value=2.6997172108689487 -2.2420014164656741 -17.946641091773142 -3.9328396520548021 0.19893355368525981 -0.72507280967200105 -45.31335601091385 5.455299415371635 14.948770718420707 -4.1854960126261558 -6.2757176846265796 -28.265814420424011 21.091313457489015 8.6850165247917186 -28.194854145958313 -12.030482814311981 -1.6567514921489157 4.0305868027386849 -29.754390163421633 0.99699861219297325 -1.7048202577673466 -20.968001204152262 -10.923786625597213 7.9189760684967041 -36.855399272441865 -0.64614664811354416 20.356791653840439 -16.640040038182185 -11.701038079942975 3.4906852652308764 -18.786809093157451
leaf_weight=2445 348 39 349 3504 2605 20 22 31 31 32 38 20 20 21 80 3414 27 20 10711 1150 31 36 26 20 65 23 39 35 93 30
leaf_count=2445 348 39 349 3504 2605 20 22 31 31 32 38 20 20 21 80 3414 27 20 10711 1150 31 36 26 20 65 23 39 35 93 30
internal_value=8.51806e-09 0.929806 -1.54235 -0.946837 0.976515 -5.38065 -18.7203 -0.646953 -3.64024 -9.03111 -13.43 4.25006 -8.69247 -12.2031 -4.07162 -0.716838 -7.89759 -14.2125 1.31344 -3.04631 -5.11152 -4.42499 -11.4018 -20.1851 -3.06225 4.84326 -4.42367 -3.33841 -3.41426 -5.10862
internal_weight=25325 15800 9525 7419 15761 470 42 6949 2106 209 157 52 119 99 428 6918 78 51 13156 1897 747 716 117 56 599 88 511 61 472 379
internal_count=25325 15800 9525 7419 15761 470 42 6949 2106 209 157 52 119 99 428 6918 78 51 13156 1897 747 716 117 56 599 88 511 61 472 379
is_linear=0
shrinkage=0.05


Tree=16
num_leaves=31
num_cat=0
split_feature=257 33 107 233 241 222 131 218 96 241 254 226 64 3 246 12 143 256 13 173 253 160 103 225 204 12 89 176 169 30
split_gain=1.31718e+07 5.41959e+06 3.52375e+06 2.72444e+06 3.42569e+06 2.61903e+06 2.8601e+06 2.60087e+06 3.3164e+06 3.49363e+06 2.54347e+06 2.27578e+06 2.76494e+06 3.66093e+06 3.00673e+06 2.19286e+06 2.17807e+06 2.06697e+06 2.01779e+06 3.18843e+06 1.98457e+06 1.85023e+06 2.31482e+06 1.8433e+06 2.05415e+06 3.32326e+06 2.2651e+06 2.09347e+06 2.64261e+06 2.01453e+06
threshold=340.20759582519537 534.11987304687511 3991.5000000000005 -1688.7499999999998 -512.74999999999989 470.06779479980474 446.14440917968756 927.75000000000011 222.35594177246097 360.25000000000006 -534.74999999999989 549.75000000000011 -154.24999999999997 1485.7500000000002 345.75000000000006 200.32362365722659 1740.5000000000002 2370.974975585938 925.82867431640636 328.69783020019537 281.75000000000006 404.95259094238287 390.34030151367193 233.25000000000003 -180.24999999999997 852.46588134765636 1012.183807373047 -374.74999999999994 -809.24999999999989 -2164.4999999999995
decision_type=2 2 2 2 2 2 2 2 2 2 2 2 2 2 2 2 2 2 2 2 2 2 2 2 2 2 2 2 2 2
left_child=15 7 3 4 20 -5 -7 -2 -9 10 -10 18 -13 -14 -15 -1 -16 -17 19 -12 -3 -21 -23 24 25 27 -26 28 -8 -29
right_child=1 2 -4 5 -6 6 23 8 9 -11 11 12 13 14 16 17 -18 -19 -20 21 -22 22 -24 -25 26 -27 -28 29 -30 -31
leaf_value=2.7625025727856545 -0.28439099653426997 0.75971734095842414 -18.296355003432222 0.98030028211549658 -29.907978932857517 -18.229608595371246 -3.3088972026787737 -22.738335037231447 -16.497703393670019 0.11667572283930834 -21.763072332969081 -22.490099402836393 -0.30782822334129395 -4.2057037634008072 -10.070070719718935 0.9373822712277321 -30.432970566585148 -14.068528217854709 1.4081984061970672 1.8208092163967831 -17.758643441096595 2.2189974077286259 -15.171218139052392 -4.5850693058914782 0.15956874178899896 -17.250947584779492 17.382231178283693 -21.065843267026157 7.221638121276067 -4.8196806399949956
leaf_weight=1878 9195 39 38 412 20 32 189 20 43 769 26 28 131 51 24 10199 29 23 234 93 23 31 50 1044 420 42 20 23 87 112
leaf_count=1878 9195 39 38 412 20 32 189 20 43 769 26 28 131 51 24 10199 29 23 234 93 23 31 50 1044 420 42 20 23 87 112
internal_value=-9.98245e-09 -1.09072 -3.18665 -2.95353 -11.9144 -2.64493 -3.40348 -0.601917 -2.51143 -2.24335 -4.69586 -3.96777 -7.63794 -5.86832 -12.8724 1.19213 -21.212 0.903618 -1.74368 -5.43138 -6.11 -2.99102 -8.5157 -3.15855 -1.49081 -3.85421 0.942417 -2.4852 0.0105107 -7.58755
internal_weight=25325 13225 2501 2463 82 2381 1969 10724 1529 1509 740 697 263 235 104 12100 53 10222 434 200 62 174 81 1937 893 453 440 411 276 135
internal_count=25325 13225 2501 2463 82 2381 1969 10724 1529 1509 740 697 263 235 104 12100 53 10222 434 200 62 174 81 1937 893 453 440 411 276 135
is_linear=0
shrinkage=0.05


Tree=17
num_leaves=31
num_cat=0
split_feature=187 78 187 135 185 6 212 177 25 107 11 133 2 107 115 187 248 176 60 229 121 158 206 169 225 229 85 236 173 187
split_gain=1.20582e+07 4.79349e+06 4.05479e+06 4.53803e+06 3.16437e+06 3.1341e+06 3.36397e+06 3.44036e+06 3.90576e+06 4.22837e+06 2.88409e+06 2.72587e+06 5.37404e+06 2.58811e+06 4.07334e+06 2.24484e+06 2.15211e+06 2.10027e+06 2.45428e+06 2.01436e+06 2.21634e+06 1.90249e+06 2.75107e+06 2.49476e+06 1.85713e+06 2.05563e+06 3.39976e+06 2.6268e+06 3.07578e+06 1.84177e+06
threshold=380.11706542968756 3434.2500000000005 630.97421264648449 3669.0000000000005 546.75000000000011 5156.5039062500009 -1905.7499999999998 115.75000000000001 1136.330017089844 2002.2500000000002 4228.0773925781259 -1730.4999999999998 -397.24999999999994 1392.0000000000002 1056.7500000000002 305.64102172851568 113.25000000000001 663.25000000000011 -562.04000854492176 644.34121704101574 -729.74999999999989 1206.330017089844 -686.74999999999989 -611.74999999999989 220.25000000000003 700.57888793945324 2771.2500000000005 661.46316528320324 547.78625488281261 744.84381103515636
decision_type=2 2 2 2 2 2 2 2 2 2 2 2 2 2 2 2 2 2 2 2 2 2 2 2 2 2 2 2 2 2
left_child=1 4 11 5 15 6 29 10 -9 13 17 12 -2 14 19 -1 -11 18 -8 -10 -21 22 23 -20 -13 27 -27 -26 -29 -4
right_child=2 -3 3 -5 -6 -7 7 8 9 16 -12 24 -14 -15 -16 -17 -18 -19 21 20 -22 -23 -24 -25 25 26 -28 28 -30 -31
leaf_value=1.7909878961002108 -3.2367799664650203 -16.66050806779128 -3.2747666429590296 -21.251055849225899 -0.65707415741077502 11.270226444917569 2.3774455896557725 -23.34077934646929 -12.364920738765171 -25.966841119527817 7.3086294976676385 -0.00098190188419536458 -25.672332337924413 10.969825831687812 -18.934138456980389 0.46729669741280011 -6.3876346130371102 7.3517089874794088 -9.5343417194154529 -4.5250894228617353 13.995285265786308 -2.1362475328456423 -5.1540354118055234 -30.345838914314911 -1.5251244474933348 -3.4805787126223247 24.43198720932007 -0.26372226533435644 -27.01600583683361 -19.268539366898715
leaf_weight=7358 571 39 27 38 2731 34 133 37 21 32 82 3841 28 33 36 5672 25 48 36 30 35 217 147 24 3909 24 20 21 22 54
leaf_count=7358 571 39 27 38 2731 34 133 37 21 32 82 3841 28 33 36 5672 25 48 36 30 35 217 147 24 3909 24 20 21 22 54
internal_value=1.33281e-08 0.847112 -1.40518 -4.27647 0.890434 -3.66273 -4.16197 -3.31603 -8.35118 -5.73507 -1.49106 -1.03453 -4.28552 -1.45294 -4.8132 1.21478 -17.3795 -2.68374 -3.54855 1.09789 5.44742 -5.40742 -8.83662 -17.8589 -0.786049 -1.54066 9.20695 -1.66032 -13.9509 -13.9373
internal_weight=25325 15800 9525 1089 15761 1051 1017 936 249 212 687 8436 599 155 122 13030 57 605 557 86 65 424 207 60 7837 3996 44 3952 43 81
internal_count=25325 15800 9525 1089 15761 1051 1017 936 249 212 687 8436 599 155 122 13030 57 605 557 86 65 424 207 60 7837 3996 44 3952 43 81
is_linear=0
shrinkage=0.05


Tree=18
num_leaves=31
num_cat=0
split_feature=187 84 75 33 117 162 212 122 219 122 173 198 116 204 159 101 212 257 87 106 232 79 172 19 40 12 129 250 54 68
split_gain=1.08825e+07 4.40709e+06 5.43077e+06 3.68124e+06 2.9889e+06 3.49829e+06 5.71823e+06 6.96693e+06 2.81301e+06 2.48959e+06 2.4661e+06 3.43069e+06 2.30416e+06 2.16468e+06 2.14019e+06 3.00642e+06 2.67688e+06 2.77278e+06 2.51132e+06 3.11678e+06 3.09318e+06 2.21248e+06 2.98551e+06 2.94992e+06 3.8404e+06 2.21857e+06 2.08106e+06 2.03506e+06 2.16863e+06 2.28879e+06
threshold=380.11706542968756 2863.2500000000005 315.11604309082037 534.11987304687511 432.76855468750006 2806.5000000000005 2136.2500000000005 4093.7500000000005 494.25000000000006 -3281.2499999999995 395.23889160156256 556.25000000000011 5424.9750976562509 1988.2500000000002 644.34121704101574 2571.5000000000005 -2128.2499999999995 1012.183807373047 -2027.2499999999998 1068.2500000000002 909.25000000000011 906.75000000000011 1099.142517089844 797.33575439453136 904.46777343750011 630.97421264648449 2359.0000000000005 341.09707641601568 250.41455078125003 291.55612182617193
decision_type=2 2 2 2 2 2 2 2 2 2 2 2 2 2 2 2 2 2 2 2 2 2 2 2 2 2 2 2 2 2
left_child=1 8 -3 10 -5 9 7 13 -1 -6 11 -2 14 -7 -11 16 -16 18 -18 21 -21 22 23 25 -25 -20 -10 -12 -29 -30
right_child=3 2 -4 4 5 6 -8 -9 26 12 27 -13 -14 -15 15 -17 17 -19 19 20 -22 -23 -24 24 -26 -27 -28 28 29 -31
leaf_value=1.052584929512326 -1.6008296850980117 -30.456089530944826 -0.8888574902604266 -19.222461065224238 -19.560074835731871 -19.926067341928899 8.3226124267578125 -42.834724625674163 -1.0981981616457808 -1.4805518346372992 5.4162588121663582 -8.6289379712430456 12.830908943176269 1.3285693054199221 -16.677210462093353 -21.50230275300833 4.8833464629408248 12.340373364201298 -17.288627221133257 5.8995586154436825 -9.0675912460628556 -24.046557197570802 -1.6236985097937033 -38.355477869510651 -10.889775772775923 -2.720758263582594 -13.644483238108018 9.2539708585069889 -10.024606420028778 -0.43897004366680981
leaf_weight=14515 1135 25 41 28 21 23 25 22 1185 1680 152 205 25 25 40 26 69 27 37 99 53 20 147 20 35 89 34 57 63 5402
leaf_count=14515 1135 25 41 28 21 23 25 22 1185 1680 152 205 25 25 40 26 69 27 37 99 53 20 147 20 35 89 34 57 63 5402
internal_value=-1.67615e-08 0.804756 -12.0886 -1.33492 -2.97776 -2.79457 -12.204 -19.535 0.85884 -2.42024 -0.746791 -2.67603 -2.26818 -8.85594 -2.42936 -4.8372 -4.15592 -3.31557 -4.05847 -5.29244 0.68075 -7.90142 -6.91696 -11.2159 -20.8773 -6.99862 -1.44814 -0.291174 -0.448278 -0.549472
internal_weight=25325 15800 66 9525 2511 2483 95 70 15734 2388 7014 1340 2367 48 2342 662 636 596 569 500 152 348 328 181 55 126 1219 5674 5522 5465
internal_count=25325 15800 66 9525 2511 2483 95 70 15734 2388 7014 1340 2367 48 2342 662 636 596 569 500 152 348 328 181 55 126 1219 5674 5522 5465
is_linear=0
shrinkage=0.05


Tree=19
num_leaves=31
num_cat=0
split_feature=187 257 133 18 163 220 206 20 61 229 201 40 216 169 122 65 177 184 254 252 103 199 93 192 225 234 194 145 149 178
split_gain=9.9061e+06 3.96938e+06 2.80602e+06 3.09971e+06 2.77475e+06 2.38923e+06 4.79958e+06 3.55302e+06 4.30948e+06 2.16464e+06 3.04648e+06 2.09377e+06 2.92686e+06 4.81076e+06 2.48029e+06 2.06158e+06 2.45644e+06 4.55954e+06 2.20407e+06 5.07921e+06 2.17184e+06 3.04144e+06 2.89697e+06 2.04357e+06 2.03186e+06 1.99113e+06 1.87594e+06 1.84791e+06 3.02286e+06 2.67986e+06
threshold=362.82902526855474 553.73107910156261 -1730.4999999999998 1560.7625122070315 534.25000000000011 1361.0000000000002 2076.0000000000005 2108.9682617187505 679.19335937500011 700.57888793945324 509.73971557617193 340.45664978027349 1938.0848388671877 2483.0000000000005 98.750000000000014 4483.7500000000009 1507.7500000000002 1119.2500000000002 -347.24999999999994 321.75000000000006 537.77215576171886 1993.2500000000002 1567.7500000000002 2108.7500000000005 220.25000000000003 1238.2500000000002 298.58447265625006 852.46588134765636 -1755.4999999999998 -410.74999999999994
decision_type=2 2 2 2 2 2 2 2 2 2 2 2 2 2 2 2 2 2 2 2 2 2 2 2 2 2 2 2 2 2
left_child=4 2 3 -2 26 15 7 -7 -9 10 -8 12 14 -14 -6 16 17 18 19 27 -18 22 -22 24 -4 -11 -1 -3 -29 -30
right_child=1 5 23 -5 11 6 9 8 -10 25 -12 -13 13 -15 -16 -17 20 -19 -20 -21 21 -23 -24 -25 -26 -27 -28 28 29 -31
leaf_value=1.6916774690638903 -3.5221921974090118 -2.8032805441739681 0.25456193676008837 -23.621619939804077 -16.33290844316836 -3.9039665141004201 6.8150893707275388 -14.139877223968506 -41.309669742584234 -1.9445087051391603 -16.817956091562909 1.7099079531193571 -32.581260323524475 -2.8989245326019999 -1.0381303094630403 9.3489717106024433 -3.133733509226543 9.7060298238481799 -1.2781274665243731 -24.77597481742982 -35.998918883005778 0.14590378636899201 -11.785476553440095 10.970758774341682 -1.3043047418614997 20.366516914367679 0.43415646643860289 -19.856626010470922 12.221658960580825 -10.605608007642958
leaf_weight=7024 469 509 4311 20 27 47 25 54 20 20 30 602 20 43 1451 36 82 77 1002 31 21 23 30 39 4058 20 5133 45 20 36
leaf_count=7024 469 509 4311 20 27 47 25 54 20 20 30 602 20 43 1451 36 82 77 1002 31 21 23 30 39 4058 20 5133 45 20 36
internal_value=-5.70416e-09 -1.12623 -0.662238 -4.34425 0.868296 -3.06612 -8.05072 -14.6548 -21.4831 0.360829 -6.07566 -0.790588 -1.76742 -12.3219 -1.31753 -2.50301 -2.73044 -2.18556 -2.74286 -5.03251 -8.73815 -14.9485 -21.7557 -0.448096 -0.501309 9.211 1.16072 -4.02916 -10.2071 -2.45301
internal_weight=25325 11025 8897 489 14300 2128 216 121 74 95 55 2143 1541 63 1478 1912 1876 1720 1643 641 156 74 51 8408 8369 40 12157 610 101 56
internal_count=25325 11025 8897 489 14300 2128 216 121 74 95 55 2143 1541 63 1478 1912 1876 1720 1643 641 156 74 51 8408 8369 40 12157 610 101 56
is_linear=0
shrinkage=0.05


Tree=20
num_leaves=31
num_cat=0
split_feature=257 145 79 5 9 153 58 111 218 0 244 227 231 182 138 191 225 253 147 131 154 190 5 217 213 72 64 107 98 253
split_gain=9.03226e+06 4.18259e+06 3.15228e+06 2.32371e+06 6.40309e+06 4.80708e+06 3.081e+06 3.8124e+06 3.33848e+06 2.29607e+06 2.25552e+06 2.05241e+06 2.01567e+06 2.98935e+06 5.13856e+06 3.92982e+06 2.38196e+06 3.01926e+06 2.18193e+06 2.08409e+06 3.37723e+06 4.94616e+06 3.77182e+06 2.6596e+06 3.97329e+06 2.76276e+06 4.12361e+06 3.18287e+06 3.11093e+06 3.01118e+06
threshold=456.44987487792974 302.38824462890631 2685.7500000000005 904.46777343750011 1972.0000000000002 874.56988525390636 4543.5000000000009 3978.744506835938 1896.7500000000002 832.75000000000011 2518.4440917968755 -244.74999999999997 -1241.9999999999998 -1459.2499999999998 430.79855346679693 -2436.2499999999995 197.25000000000003 757.00000000000011 1854.7500000000002 502.09635925292974 2300.2500000000005 1985.2500000000002 557.84716796875011 690.50000000000011 10.250000000000002 733.75000000000011 11.250000000000002 -449.74999999999994 1116.2500000000002 340.75000000000006
decision_type=2 2 2 2 2 2 2 2 2 2 2 2 2 2 2 2 2 2 2 2 2 2 2 2 2 2 2 2 2 2
left_child=1 -1 -3 6 5 9 7 10 11 -5 12 -9 13 15 -15 -2 17 18 -14 -18 23 -22 -23 24 -21 26 27 29 -27 -26
right_child=3 2 -4 4 -6 -7 -8 8 -10 -11 -12 -13 16 14 -16 -17 19 -19 -20 20 21 22 -24 -25 25 28 -28 -29 -30 -31
leaf_value=1.3354033994121122 -8.8962401705245462 -0.083717318198115107 -16.048260188871815 -3.9173181741609486 -29.910939661661786 17.565141364478546 7.6212654020594464 -18.980956130027774 -24.778703951835634 -20.204153244583697 12.748896620008681 -0.13356633048791153 -0.27547799678190543 -34.81599927629744 -6.951488883497241 8.8015257193825462 -0.88284811876092784 -19.494776165280491 9.4164090659221014 -0.092017836646830789 -31.729309261762179 -18.696707266110643 7.9850597169664175 -0.16387752412061546 -10.530722332103709 -22.879256883034341 1.4512736869338374 -20.689884380747877 -8.2002495235558293 3.5431849999861287
leaf_weight=8233 73 12111 31 109 27 23 87 20 32 27 27 52 1807 21 78 55 1067 20 60 282 26 26 27 459 123 52 149 48 118 55
leaf_count=8233 73 12111 31 109 27 23 87 20 32 27 27 52 1807 21 78 55 1067 20 60 282 26 26 27 459 123 52 149 48 118 55
internal_value=-9.08112e-09 0.465422 -0.124477 -1.91575 -7.39837 -3.57548 -1.7017 -1.87512 -11.3412 -7.15073 -1.65984 -5.36895 -1.74542 -6.33786 -12.8621 -1.29173 -1.50405 -0.171012 0.0359913 -2.53835 -3.83244 -13.8668 -5.10411 -3.21602 -4.91001 -7.40299 -5.00608 -9.26335 -12.6903 -6.18204
internal_weight=25325 20375 12142 4950 186 159 4764 4677 104 136 4573 72 4546 227 99 128 4319 1887 1867 2432 1365 79 53 1286 827 545 375 226 170 178
internal_count=25325 20375 12142 4950 186 159 4764 4677 104 136 4573 72 4546 227 99 128 4319 1887 1867 2432 1365 79 53 1286 827 545 375 226 170 178
is_linear=0
shrinkage=0.05


Tree=21
num_leaves=31
num_cat=0
split_feature=257 33 254 107 159 117 218 6 17 122 62 124 239 202 134 29 204 178 101 246 144 87 247 26 204 20 190 86 89 36
split_gain=8.2578e+06 3.49007e+06 2.42776e+06 2.4025e+06 2.19796e+06 7.60353e+06 2.17136e+06 3.18847e+06 2.34654e+06 2.07829e+06 2.0294e+06 2.01256e+06 4.96628e+06 2.19891e+06 2.0435e+06 1.97645e+06 1.8217e+06 2.16938e+06 1.97436e+06 1.83068e+06 1.82066e+06 1.75412e+06 1.76106e+06 1.73618e+06 1.684e+06 2.04959e+06 1.62594e+06 1.57108e+06 3.47793e+06 3.49209e+06
threshold=340.20759582519537 534.11987304687511 -69.749999999999986 3991.5000000000005 425.07824707031256 439.22610473632818 927.75000000000011 5156.5039062500009 4416.0000000000009 -3281.2499999999995 4934.2937011718759 325.74562072753912 152.75000000000003 2109.5876464843755 1633.5000000000002 4626.2500000000009 -230.74999999999997 -2011.9999999999998 -2717.2499999999995 -254.74999999999997 2901.2600097656255 1369.7500000000002 -152.74999999999997 188.31152343750003 -1239.2499999999998 -67.640815734863267 -786.24999999999989 1558.2500000000002 301.26979064941412 1226.7500000000002
decision_type=2 2 2 2 2 2 2 2 2 2 2 2 2 2 2 2 2 2 2 2 2 2 2 2 2 2 2 2 2 2
left_child=20 2 6 4 -3 -6 16 8 11 -7 15 12 -8 14 21 -11 17 18 -2 26 23 22 -14 -1 25 -21 -19 -18 -29 -30
right_child=1 3 -4 -5 5 9 7 -9 -10 10 -12 -13 13 -15 -16 -17 27 19 -20 24 -22 -23 -24 -25 -26 -27 -28 28 29 -31
leaf_value=2.5644575155205667 -2.208476040283839 5.9062586217354509 1.1411270832480649 -15.021851885946175 -32.576689901806063 -18.016522854850404 -30.900573945045473 14.206459552270395 -16.526017395500094 -2.2011706850372312 13.642300510406494 -1.8069347517835501 -14.110884026244836 -19.246858912188074 3.0496142342686654 -16.336068984985353 0.34646924032579834 -2.3992898267657399 8.6436500639625287 -4.936891791590357 -13.426797262105076 -20.578973188854402 2.1817037715468297 0.74469141029086383 -2.2102041447066965 -20.283759802359125 4.0516818729250934 -12.200642152375814 -20.765789272671654 0.10443912999196486
leaf_weight=1496 75 78 1917 38 21 21 20 27 32 2298 20 943 27 23 80 25 4510 179 95 112 22 21 43 10582 1838 27 215 79 21 440
leaf_count=1496 75 78 1917 38 21 21 20 27 32 2298 20 943 27 23 80 25 4510 179 95 112 22 21 43 10582 1838 27 215 79 21 440
internal_value=5.85345e-11 -0.863619 -0.471365 -2.54556 -2.35307 -2.62319 -0.822352 -2.78393 -3.16975 -2.3571 -2.21675 -2.80034 -7.17785 -4.7322 -2.77994 -2.35329 -0.508128 -1.60008 3.85595 -1.99127 0.943914 -7.90482 -4.10258 0.97009 -2.61151 -7.91794 1.12091 0.0413064 -2.50737 -0.846265
internal_weight=25325 13225 10724 2501 2463 2385 8807 1216 1189 2364 2343 1157 214 194 171 2323 7591 2541 170 2371 12100 91 70 12078 1977 139 394 5050 540 461
internal_count=25325 13225 10724 2501 2463 2385 8807 1216 1189 2364 2343 1157 214 194 171 2323 7591 2541 170 2371 12100 91 70 12078 1977 139 394 5050 540 461
is_linear=0
shrinkage=0.05


Tree=22
num_leaves=31
num_cat=0
split_feature=187 233 156 141 5 9 99 162 7 229 240 254 65 146 225 12 78 115 257 254 204 232 194 234 213 164 129 247 201 197
split_gain=7.565e+06 3.08977e+06 3.4013e+06 3.08716e+06 2.74128e+06 5.69472e+06 4.18523e+06 2.63575e+06 2.36066e+06 3.28964e+06 2.38221e+06 2.30179e+06 2.18186e+06 3.56461e+06 1.98586e+06 1.91996e+06 1.87611e+06 2.24797e+06 1.86219e+06 1.87246e+06 1.84343e+06 2.34261e+06 1.73458e+06 1.7154e+06 2.23342e+06 1.61587e+06 3.28836e+06 2.23207e+06 1.5761e+06 2.47444e+06
threshold=362.82902526855474 -1688.7499999999998 -1660.7499999999998 -2465.4999999999995 904.46777343750011 1972.0000000000002 732.75000000000011 -195.74999999999997 2880.5000000000005 359.26716613769537 11.750000000000002 -75.249999999999986 4483.7500000000009 4202.2761230468759 228.75000000000003 214.72550201416018 -365.74999999999994 -450.24999999999994 1012.183807373047 -837.24999999999989 -238.24999999999997 500.75000000000006 542.71502685546886 301.25000000000006 1473.0000000000002 -894.74999999999989 -6.7499999999999991 -189.74999999999997 587.72634887695324 -1082.7499999999998
decision_type=2 2 2 2 2 2 2 2 2 2 2 2 2 2 2 2 2 2 2 2 2 2 2 2 2 2 2 2 2 2
left_child=8 2 3 -2 11 6 16 -4 15 -10 -11 12 13 14 20 -1 -6 -18 19 22 21 28 -16 -14 -25 26 27 -21 -3 -30
right_child=1 4 7 -5 5 -7 -8 -9 9 10 -12 -13 23 -15 18 -17 17 -19 -20 25 -22 -23 -24 24 -26 -27 -28 -29 29 -31
leaf_value=2.0776645704897252 -13.564168860695581 -0.78194632888062376 -29.674263380921406 5.475467296044032 -0.99708856802720303 -29.071031196594237 6.8005405533698298 -9.4055209416122931 -20.916987373034161 -10.842023769291965 12.701618555613926 0.71639990385326979 18.917495079662491 -21.306824146617544 -3.4308185920715335 0.53974935753445785 -27.856863520362165 -8.1272063857033157 11.354938837198112 -8.1013650099096246 0.49909552508268373 -15.385032876332602 -23.186320714354515 -10.272595741748811 12.350949118534725 -1.6414337632545462 -21.103062705993654 0.62678506228388575 -11.865474037375563 -1.7001858316702287
leaf_weight=2452 33 1845 23 60 39 25 62 53 30 22 21 2085 23 22 25 11775 22 42 26 146 2422 30 20 20 24 3518 30 147 86 197
leaf_count=2452 33 1845 23 60 39 25 62 53 30 22 21 2085 23 22 25 11775 22 42 26 146 2422 30 20 20 24 3518 30 147 86 197
internal_value=7.68011e-09 -0.984189 -7.69284 -1.28053 -0.879752 -6.83275 -3.46331 -15.5395 0.758789 -8.20959 0.656034 -0.773708 -1.13577 -1.2065 -1.15443 0.804807 -9.64155 -14.9093 -1.98174 -2.07098 -0.447773 -1.51048 -12.211 7.85184 2.06752 -1.95218 -5.3367 -3.7224 -1.31488 -4.78928
internal_weight=25325 11025 169 93 10856 190 165 76 14300 73 43 10666 8581 8514 8492 14227 103 64 3912 3886 4580 2158 45 67 44 3841 323 293 2128 283
internal_count=25325 11025 169 93 10856 190 165 76 14300 73 43 10666 8581 8514 8492 14227 103 64 3912 3886 4580 2158 45 67 44 3841 323 293 2128 283
is_linear=0
shrinkage=0.05


Tree=23
num_leaves=31
num_cat=0
split_feature=159 201 134 217 212 219 5 213 254 239 50 117 214 7 254 170 183 175 217 114 98 5 135 75 204 75 166 6 85 122
split_gain=6.86009e+06 3.58852e+06 5.05469e+06 2.59734e+06 5.32239e+06 4.26859e+06 3.63825e+06 3.51303e+06 2.57685e+06 2.42022e+06 2.38587e+06 2.29986e+06 2.25434e+06 2.37875e+06 2.09413e+06 2.7438e+06 2.8354e+06 2.66877e+06 1.99872e+06 2.46949e+06 2.76487e+06 2.33452e+06 2.27648e+06 2.1503e+06 2.31426e+06 2.30527e+06 2.80264e+06 2.15687e+06 2.79353e+06 2.95413e+06
threshold=492.27935791015631 298.57344055175787 2303.7500000000005 1303.7500000000002 1722.0000000000002 1548.7500000000002 575.74453735351574 1381.7500000000002 -69.749999999999986 1421.0000000000002 5028.0000000000009 700.57888793945324 4244.0148925781259 4488.2500000000009 -403.74999999999994 917.75000000000011 1548.0000000000002 714.25000000000011 893.25000000000011 -318.24999999999994 -719.74999999999989 904.46777343750011 577.75000000000011 441.64888000488287 -439.74999999999994 797.33575439453136 744.84381103515636 -740.35876464843739 61.250000000000007 340.25000000000006
decision_type=2 2 2 2 2 2 2 2 2 2 2 2 2 2 2 2 2 2 2 2 2 2 2 2 2 2 2 2 2 2
left_child=1 2 -1 9 5 7 -6 -5 12 10 14 -8 13 -3 15 17 -17 -2 19 21 -21 -16 -20 24 -22 26 27 -25 29 -29
right_child=3 8 -4 4 6 -7 11 -9 -10 -11 -12 -13 -14 -15 18 16 -18 -19 22 20 23 -23 -24 25 -26 -27 -28 28 -30 -31
leaf_value=1.245387828877482 -4.1453929157235789 -0.52249637867199428 -22.754204906116833 -23.143843325446635 -8.9634840071201332 -33.799709510803225 24.625350119850854 -4.71474803465384 1.1681981137514033 -16.847170272240273 12.504088700612387 1.7628028782931242 10.783742300488733 -16.619569762375047 0.43804556730243188 -28.505572414398195 -6.4362821401551713 7.3025664623294562 -1.4636391578589456 -17.406138119553074 -12.155545055389405 -11.029339849430583 8.4435924877200215 1.5524896750500154 4.1373844099746035 4.3234824145281756 -21.72224912228792 -5.0519223798405051 -4.3780545098373516 -31.603049211502078
leaf_weight=7978 560 10693 22 34 32 20 22 108 2902 26 30 22 44 23 1262 22 43 56 118 33 25 46 114 143 170 81 23 22 631 20
leaf_count=7978 560 10693 22 34 32 20 22 108 2902 26 30 22 44 23 1262 22 43 56 118 33 25 46 114 143 170 81 23 22 631 20
internal_value=-1.66122e-08 0.338399 1.17939 -2.0012 -7.05197 -12.1733 3.86458 -9.12735 -0.154056 -1.65023 -1.53398 13.1941 -0.510671 -0.557046 -1.65899 -4.13562 -13.9059 -3.10467 -1.03154 -1.45058 -3.14294 0.0347583 3.40457 -2.7208 2.04855 -3.73169 -4.50937 -4.0242 -5.20915 -17.6953
internal_weight=25325 21662 8000 3663 238 162 76 142 13662 3425 3399 44 10760 10716 3369 681 65 616 2688 2456 1148 1308 232 1115 195 920 839 816 673 42
internal_count=25325 21662 8000 3663 238 162 76 142 13662 3425 3399 44 10760 10716 3369 681 65 616 2688 2456 1148 1308 232 1115 195 920 839 816 673 42
is_linear=0
shrinkage=0.05


Tree=24
num_leaves=31
num_cat=0
split_feature=187 233 156 141 248 5 16 126 163 206 225 5 254 254 224 9 65 146 198 171 232 19 233 0 27 36 128 22 152 97
split_gain=6.26022e+06 2.71638e+06 3.0461e+06 2.79555e+06 2.47728e+06 2.32414e+06 5.19363e+06 3.20529e+06 2.23652e+06 2.04092e+06 2.05222e+06 1.94966e+06 1.90962e+06 1.93536e+06 2.22338e+06 1.82248e+06 1.69111e+06 3.27805e+06 1.68133e+06 3.76373e+06 3.16765e+06 3.0488e+06 2.36394e+06 2.23145e+06 2.64401e+06 1.99073e+06 1.88936e+06 2.24074e+06 1.69594e+06 1.61361e+06
threshold=362.82902526855474 -1688.7499999999998 -1660.7499999999998 -2465.4999999999995 -24.749999999999996 904.46777343750011 1643.5000000000002 1227.7500000000002 534.25000000000011 -727.74999999999989 260.25000000000006 380.48579406738287 -75.249999999999986 -88.749999999999986 707.75000000000011 2138.0000000000005 4483.7500000000009 4202.2761230468759 1759.7500000000002 1590.2500000000002 1474.7500000000002 482.84413146972662 475.25000000000006 2514.0000000000005 -469.49847412109369 1942.2500000000002 1465.7500000000002 3120.2500000000005 398.17213439941412 763.96786499023449
decision_type=2 2 2 2 2 2 2 2 2 2 2 2 2 2 2 2 2 2 2 2 2 2 2 2 2 2 2 2 2 2
left_child=8 2 3 -2 -4 12 7 9 -1 -7 -11 -10 13 16 15 -15 17 18 19 -3 23 -22 -20 24 -21 -24 -25 -28 -29 -12
right_child=1 5 4 -5 -6 6 -8 -9 11 10 29 -13 -14 14 -16 -17 -18 -19 22 20 21 -23 25 26 -26 -27 27 28 -30 -31
leaf_value=0.95279226067091471 -12.806381531917689 -0.7034471538263678 -9.2164249931062976 5.3117043775320063 -29.716495874822144 -18.329174377441408 -24.647628736495975 15.148021910407326 -1.3619223410401302 6.0335617032161979 -13.070674490357968 3.2418702514970121 0.65751012546553034 -3.8057565214048843 -13.608567681746051 9.4108973911830365 7.2455749668180944 -21.131616977453234 -3.5848708550135293 -17.21611402359876 -7.1034363784960339 -32.663431587219236 -2.216403593335833 -20.114197152455649 1.1036895351207003 16.075036126492073 -16.956154206395151 -11.717911304473878 4.2858644278682005 3.6004795755658834
leaf_weight=12157 33 7519 56 60 20 25 32 22 1881 43 47 262 2085 381 55 28 64 20 48 22 28 20 21 30 188 51 32 25 49 21
leaf_count=12157 33 7519 56 60 20 25 32 22 1881 43 47 262 2085 381 55 28 64 20 48 22 28 20 21 30 188 51 32 25 49 21
internal_value=9.1465e-09 -0.895301 -7.18555 -1.11729 -14.6112 -0.797378 -6.27877 -2.55849 0.690258 -5.42278 -2.51593 -0.799069 -0.699734 -1.02952 -4.17017 -2.90095 -0.849983 -0.914322 -0.863986 -0.953066 -5.71672 -17.7534 5.01007 -4.04689 -0.815528 10.74 -9.03649 -5.9013 -1.12082 -7.92223
internal_weight=25325 11025 169 93 76 10856 190 158 14300 136 111 2143 10666 8581 464 409 8117 8053 8033 7913 394 48 120 346 210 72 136 106 74 68
internal_count=25325 11025 169 93 76 10856 190 158 14300 136 111 2143 10666 8581 464 409 8117 8053 8033 7913 394 48 120 346 210 72 136 106 74 68
is_linear=0
shrinkage=0.05


Tree=25
num_leaves=31
num_cat=0
split_feature=159 145 142 253 109 40 78 89 80 7 114 113 135 213 217 212 219 5 213 239 62 184 102 191 247 201 117 130 254 176
split_gain=5.80471e+06 3.07364e+06 2.73676e+06 2.31101e+06 2.40198e+06 2.22487e+06 4.0304e+06 5.37639e+06 2.63171e+06 7.31507e+06 3.0407e+06 2.4271e+06 2.38674e+06 2.28582e+06 2.22052e+06 4.66216e+06 3.7052e+06 3.32535e+06 3.11128e+06 2.13568e+06 2.14919e+06 2.036e+06 2.02922e+06 1.99168e+06 5.19987e+06 1.98488e+06 1.9496e+06 1.81836e+06 1.74591e+06 2.82755e+06
threshold=492.27935791015631 302.38824462890631 2187.2500000000005 1319.2500000000002 4925.2700195312509 337.53172302246099 2936.7500000000005 294.11299133300787 -1654.2499999999998 -251.74999999999997 -1009.7499999999999 -2628.7499999999995 -1093.7499999999998 -697.74999999999989 1303.7500000000002 1722.0000000000002 1548.7500000000002 575.74453735351574 1381.7500000000002 1421.0000000000002 4934.2937011718759 -3005.9999999999995 -2287.0324707031245 425.75000000000006 -559.74999999999989 263.43399047851568 700.57888793945324 3211.3374023437505 -382.24999999999994 1422.7500000000002
decision_type=2 2 2 2 2 2 2 2 2 2 2 2 2 2 2 2 2 2 2 2 2 2 2 2 2 2 2 2 2 2
left_child=1 2 -1 4 5 6 11 -8 9 10 12 -3 13 -7 19 16 18 -17 -16 20 21 -2 -15 -13 -25 -10 -19 -26 29 -23
right_child=14 3 -4 -5 -6 8 7 -9 25 -11 -12 23 -14 22 15 17 -18 26 -20 -21 -22 28 -24 24 27 -27 -28 -29 -30 -31
leaf_value=1.1252016768241577 -13.362292393276261 16.457984304428102 -13.089591305396135 -15.345889322280883 11.808720854350499 1.0808561751397077 -33.810684058212097 -4.8165716697920615 -9.8543825595275223 -29.19230057525635 -18.134415467249024 -0.45470258108928241 6.2394070351246711 -10.158271551677366 -21.656918398772973 -8.5578585237264644 -31.452785301208497 23.150342767888851 -4.3136008344314716 -15.792000535818246 10.918981985364642 -2.5160193139064395 -1.9068511041699265 -25.748117965698242 -3.0485089324371666 0.55989019632657544 2.1005944121967661 10.177808256502505 -0.80197235290670066 -12.767531492869061
leaf_weight=8266 36 20 34 25 42 277 21 67 46 25 27 3147 97 123 34 32 20 22 108 26 35 652 189 25 692 8512 22 27 2601 75
leaf_count=8266 36 20 34 25 42 277 21 67 46 25 27 3147 97 123 34 32 20 22 108 26 35 652 189 25 692 8512 22 27 2601 75
internal_value=-1.18049e-08 0.311282 1.06697 -0.158125 -0.129656 -0.16737 -1.15354 -11.7356 0.256864 -2.60797 -1.67584 -0.915433 -1.02805 -2.2249 -1.84084 -6.51089 -11.3041 3.70617 -8.46623 -1.51632 -1.40712 -1.53537 -5.15981 -1.00473 -3.33128 0.503913 12.6255 -2.55183 -1.40743 -3.5736
internal_weight=25325 21662 8300 13362 13337 13295 3999 88 9296 738 713 3911 686 589 3663 238 162 76 142 3425 3399 3364 312 3891 744 8558 44 719 3328 727
internal_count=25325 21662 8300 13362 13337 13295 3999 88 9296 738 713 3911 686 589 3663 238 162 76 142 3425 3399 3364 312 3891 744 8558 44 719 3328 727
is_linear=0
shrinkage=0.05


Tree=26
num_leaves=31
num_cat=0
split_feature=110 176 109 47 12 94 47 71 17 142 229 201 181 225 147 246 201 70 204 257 89 79 244 222 257 239 10 248 217 211
split_gain=5.3822e+06 2.72348e+06 3.91924e+06 3.84257e+06 3.27049e+06 2.48965e+06 3.04515e+06 2.96086e+06 3.27303e+06 2.49441e+06 3.04115e+06 1.06494e+07 2.41522e+06 2.24914e+06 3.08924e+06 2.80306e+06 2.23991e+06 2.35346e+06 3.81434e+06 2.02734e+06 3.28911e+06 2.09446e+06 1.96011e+06 1.98715e+06 1.91281e+06 1.79241e+06 7.29282e+06 3.05967e+06 1.79619e+06 3.23406e+06
threshold=390.30697631835943 798.75000000000011 -2104.119995117187 343.20019531250006 349.04156494140631 3859.7500000000005 744.84381103515636 4887.5000000000009 4416.0000000000009 -2009.7499999999998 407.98606872558599 408.02366638183599 485.34733581542974 220.25000000000003 1790.7500000000002 785.25000000000011 537.77215576171886 3044.7500000000005 1693.7500000000002 338.16976928710943 333.69381713867193 -2656.7499999999995 2518.4440917968755 467.28804016113287 517.10519409179699 1421.0000000000002 2111.5000000000005 607.75000000000011 564.25000000000011 227.25000000000003
decision_type=2 2 2 2 2 2 2 2 2 2 2 2 2 2 2 2 2 2 2 2 2 2 2 2 2 2 2 2 2 2
left_child=1 -1 4 16 -3 9 7 8 -7 10 11 -2 -5 14 15 19 17 24 -19 -11 -21 -22 23 -15 -4 28 -27 -28 29 -25
right_child=5 2 3 12 -6 6 -8 -9 -10 13 -12 -13 -14 22 -16 -17 -18 18 -20 20 21 -23 -24 25 -26 26 27 -29 -30 -31
leaf_value=0.80896181618739105 5.655568447113037 -4.4086109897068573 -1.5557119087202804 -4.3529301840161523 -29.010503127358177 -1.145898276108962 -26.094633607864381 4.8006140378388498 -27.349888368086383 3.3896289594047726 -3.0040069875384567 -42.642626003991992 3.1292202543521999 -0.53611864502651041 11.064153144508602 -13.898135459961162 13.842785185575487 -23.295922076000888 -1.5891533923149108 -20.499710671901706 5.9874520965032563 -0.4125558244100167 13.729750056493851 0.051440742042627233 -14.09532465473298 5.6477849709360228 -38.087100583031066 -10.761183331012726 -0.64542757430397613 -5.8308254853285417
leaf_weight=13928 25 35 1603 126 22 26 20 44 22 422 543 21 749 2130 64 36 22 34 50 20 133 3292 21 356 31 38 21 20 791 680
leaf_count=13928 25 35 1603 126 22 26 20 44 22 422 543 21 749 2130 64 36 22 34 50 20 133 3292 21 356 31 38 21 20 791 680
internal_value=5.68284e-09 0.52845 -0.933741 -0.651022 -13.9041 -1.00542 -8.41211 -4.56809 -13.1561 -0.909104 -4.04971 -16.3936 2.05179 -0.678568 0.167986 -0.0106857 -2.01019 -2.2132 -10.3752 0.1186 -0.282089 -0.16403 -1.50634 -1.58562 -1.79361 -2.75846 -10.1321 -24.7574 -2.43962 -3.80951
internal_weight=25325 16600 2672 2615 57 8725 112 92 48 8613 589 46 875 8024 3967 3903 1740 1718 84 3867 3445 3425 4057 4036 1634 1906 79 41 1827 1036
internal_count=25325 16600 2672 2615 57 8725 112 92 48 8613 589 46 875 8024 3967 3903 1740 1718 84 3867 3445 3425 4057 4036 1634 1906 79 41 1827 1036
is_linear=0
shrinkage=0.05


end of trees

feature_importances:
Column_257=32
Column_225=21
Column_254=20
Column_5=16
Column_89=13
Column_187=13
Column_176=12
Column_6=11
Column_9=11
Column_12=11
Column_212=11
Column_33=10
Column_204=10
Column_75=9
Column_78=9
Column_107=9
Column_159=9
Column_201=9
Column_220=9
Column_117=8
Column_131=8
Column_194=8
Column_213=8
Column_229=8
Column_240=8
Column_20=7
Column_26=7
Column_122=7
Column_135=7
Column_145=7
Column_222=7
Column_250=7
Column_4=6
Column_40=6
Column_54=6
Column_79=6
Column_103=6
Column_169=6
Column_190=6
Column_191=6
Column_192=6
Column_233=6
Column_239=6
Column_253=6
Column_65=5
Column_85=5
Column_96=5
Column_124=5
Column_141=5
Column_166=5
Column_168=5
Column_177=5
Column_184=5
Column_206=5
Column_208=5
Column_217=5
Column_218=5
Column_247=5
Column_252=5
Column_0=4
Column_7=4
Column_19=4
Column_29=4
Column_50=4
Column_58=4
Column_61=4
Column_62=4
Column_72=4
Column_83=4
Column_114=4
Column_127=4
Column_128=4
Column_133=4
Column_136=4
Column_138=4
Column_146=4
Column_149=4
Column_158=4
Column_173=4
Column_185=4
Column_198=4
Column_209=4
Column_219=4
Column_228=4
Column_234=4
Column_236=4
Column_243=4
Column_246=4
Column_248=4
Column_256=4
Column_11=3
Column_25=3
Column_27=3
Column_30=3
Column_44=3
Column_68=3
Column_87=3
Column_115=3
Column_121=3
Column_130=3
Column_142=3
Column_143=3
Column_152=3
Column_156=3
Column_162=3
Column_163=3
Column_182=3
Column_197=3
Column_199=3
Column_211=3
Column_214=3
Column_223=3
Column_232=3
Column_241=3
Column_244=3
Column_2=2
Column_3=2
Column_8=2
Column_17=2
Column_22=2
Column_34=2
Column_36=2
Column_47=2
Column_51=2
Column_59=2
Column_64=2
Column_70=2
Column_71=2
Column_86=2
Column_90=2
Column_93=2
Column_94=2
Column_98=2
Column_99=2
Column_101=2
Column_102=2
Column_109=2
Column_110=2
Column_129=2
Column_134=2
Column_147=2
Column_153=2
Column_154=2
Column_155=2
Column_174=2
Column_178=2
Column_180=2
Column_226=2
Column_227=2
Column_231=2
Column_1=1
Column_10=1
Column_13=1
Column_15=1
Column_16=1
Column_18=1
Column_23=1
Column_28=1
Column_31=1
Column_32=1
Column_38=1
Column_49=1
Column_60=1
Column_66=1
Column_69=1
Column_77=1
Column_80=1
Column_82=1
Column_84=1
Column_88=1
Column_97=1
Column_100=1
Column_106=1
Column_111=1
Column_113=1
Column_116=1
Column_119=1
Column_120=1
Column_126=1
Column_132=1
Column_144=1
Column_151=1
Column_160=1
Column_164=1
Column_167=1
Column_170=1
Column_171=1
Column_172=1
Column_175=1
Column_181=1
Column_183=1
Column_188=1
Column_189=1
Column_196=1
Column_200=1
Column_202=1
Column_210=1
Column_216=1
Column_224=1
Column_230=1
Column_238=1
Column_242=1

parameters:
[boosting: gbdt]
[objective: regression]
[metric: l2]
[tree_learner: serial]
[device_type: cpu]
[data_sample_strategy: bagging]
[data: ]
[valid: ]
[num_iterations: 1000]
[learning_rate: 0.05]
[num_leaves: 31]
[num_threads: 0]
[seed: 42]
[deterministic: 1]
[force_col_wise: 0]
[force_row_wise: 0]
[histogram_pool_size: -1]
[max_depth: -1]
[min_data_in_leaf: 20]
[min_sum_hessian_in_leaf: 0.001]
[bagging_fraction: 1]
[pos_bagging_fraction: 1]
[neg_bagging_fraction: 1]
[bagging_freq: 0]
[bagging_seed: 400]
[bagging_by_query: 0]
[feature_fraction: 1]
[feature_fraction_bynode: 1]
[feature_fraction_seed: 30056]
[extra_trees: 0]
[extra_seed: 12879]
[early_stopping_round: 0]
[early_stopping_min_delta: 0]
[first_metric_only: 0]
[max_delta_step: 0]
[lambda_l1: 0]
[lambda_l2: 0]
[linear_lambda: 0]
[min_gain_to_split: 0]
[drop_rate: 0.1]
[max_drop: 50]
[skip_drop: 0.5]
[xgboost_dart_mode: 0]
[uniform_drop: 0]
[drop_seed: 17869]
[top_rate: 0.2]
[other_rate: 0.1]
[min_data_per_group: 100]
[max_cat_threshold: 32]
[cat_l2: 10]
[cat_smooth: 10]
[max_cat_to_onehot: 4]
[top_k: 20]
[monotone_constraints: ]
[monotone_constraints_method: basic]
[monotone_penalty: 0]
[feature_contri: ]
[forcedsplits_filename: ]
[refit_decay_rate: 0.9]
[cegb_tradeoff: 1]
[cegb_penalty_split: 0]
[cegb_penalty_feature_lazy: ]
[cegb_penalty_feature_coupled: ]
[path_smooth: 0]
[interaction_constraints: ]
[verbosity: -1]
[saved_feature_importance_type: 0]
[use_quantized_grad: 0]
[num_grad_quant_bins: 4]
[quant_train_renew_leaf: 0]
[stochastic_rounding: 1]
[linear_tree: 0]
[max_bin: 255]
[max_bin_by_feature: ]
[min_data_in_bin: 3]
[bin_construct_sample_cnt: 200000]
[data_random_seed: 175]
[is_enable_sparse: 1]
[enable_bundle: 1]
[use_missing: 1]
[zero_as_missing: 0]
[feature_pre_filter: 1]
[pre_partition: 0]
[two_round: 0]
[header: 0]
[label_column: ]
[weight_column: ]
[group_column: ]
[ignore_column: ]
[categorical_feature: ]
[forcedbins_filename: ]
[precise_float_parser: 0]
[parser_config_file: ]
[objective_seed: 16083]
[num_class: 1]
[is_unbalance: 0]
[scale_pos_weight: 1]
[sigmoid: 1]
[boost_from_average: 1]
[reg_sqrt: 0]
[alpha: 0.9]
[fair_c: 1]
[poisson_max_delta_step: 0.7]
[tweedie_variance_power: 1.5]
[lambdarank_truncation_level: 30]
[lambdarank_norm: 1]
[label_gain: ]
[lambdarank_position_bias_regularization: 0]
[eval_at: ]
[multi_error_top_k: 1]
[auc_mu_weights: ]
[num_machines: 1]
[local_listen_port: 12400]
[time_out: 120]
[machine_list_filename: ]
[machines: ]
[gpu_platform_id: -1]
[gpu_device_id: -1]
[gpu_device_id_list: ]
[gpu_use_dp: 0]
[num_gpu: 1]

end of parameters

pandas_categorical:null
