tree
version=v4
num_class=1
num_tree_per_iteration=1
label_index=0
max_feature_idx=258
objective=regression
feature_names=Column_0 Column_1 Column_2 Column_3 Column_4 Column_5 Column_6 Column_7 Column_8 Column_9 Column_10 Column_11 Column_12 Column_13 Column_14 Column_15 Column_16 Column_17 Column_18 Column_19 Column_20 Column_21 Column_22 Column_23 Column_24 Column_25 Column_26 Column_27 Column_28 Column_29 Column_30 Column_31 Column_32 Column_33 Column_34 Column_35 Column_36 Column_37 Column_38 Column_39 Column_40 Column_41 Column_42 Column_43 Column_44 Column_45 Column_46 Column_47 Column_48 Column_49 Column_50 Column_51 Column_52 Column_53 Column_54 Column_55 Column_56 Column_57 Column_58 Column_59 Column_60 Column_61 Column_62 Column_63 Column_64 Column_65 Column_66 Column_67 Column_68 Column_69 Column_70 Column_71 Column_72 Column_73 Column_74 Column_75 Column_76 Column_77 Column_78 Column_79 Column_80 Column_81 Column_82 Column_83 Column_84 Column_85 Column_86 Column_87 Column_88 Column_89 Column_90 Column_91 Column_92 Column_93 Column_94 Column_95 Column_96 Column_97 Column_98 Column_99 Column_100 Column_101 Column_102 Column_103 Column_104 Column_105 Column_106 Column_107 Column_108 Column_109 Column_110 Column_111 Column_112 Column_113 Column_114 Column_115 Column_116 Column_117 Column_118 Column_119 Column_120 Column_121 Column_122 Column_123 Column_124 Column_125 Column_126 Column_127 Column_128 Column_129 Column_130 Column_131 Column_132 Column_133 Column_134 Column_135 Column_136 Column_137 Column_138 Column_139 Column_140 Column_141 Column_142 Column_143 Column_144 Column_145 Column_146 Column_147 Column_148 Column_149 Column_150 Column_151 Column_152 Column_153 Column_154 Column_155 Column_156 Column_157 Column_158 Column_159 Column_160 Column_161 Column_162 Column_163 Column_164 Column_165 Column_166 Column_167 Column_168 Column_169 Column_170 Column_171 Column_172 Column_173 Column_174 Column_175 Column_176 Column_177 Column_178 Column_179 Column_180 Column_181 Column_182 Column_183 Column_184 Column_185 Column_186 Column_187 Column_188 Column_189 Column_190 Column_191 Column_192 Column_193 Column_194 Column_195 Column_196 Column_197 Column_198 Column_199 Column_200 Column_201 Column_202 Column_203 Column_204 Column_205 Column_206 Column_207 Column_208 Column_209 Column_210 Column_211 Column_212 Column_213 Column_214 Column_215 Column_216 Column_217 Column_218 Column_219 Column_220 Column_221 Column_222 Column_223 Column_224 Column_225 Column_226 Column_227 Column_228 Column_229 Column_230 Column_231 Column_232 Column_233 Column_234 Column_235 Column_236 Column_237 Column_238 Column_239 Column_240 Column_241 Column_242 Column_243 Column_244 Column_245 Column_246 Column_247 Column_248 Column_249 Column_250 Column_251 Column_252 Column_253 Column_254 Column_255 Column_256 Column_257 Column_258
feature_infos=[-16927.5:11025] [-15872.5:11234] [-17052.5:10970] [-16387.5:11043] [-18807.279296875:13846.3251953125] [121.37053680419922:1669.31494140625] [-17508.8671875:11207.8583984375] [-16387.5:10741] [-15562.5:10756.5] [-16445:10004.5] [-16147.5:10292] [-18770.880859375:13722.1845703125] [121.37053680419922:1669.31494140625] [-17385.107421875:11124.5986328125] [-16132.5:10291] [-15932.5:10454.5] [-16260:9927.5] [-16130:10108] [-18727.404296875:13600.384765625] [121.37053680419922:1669.31494140625] [-17271.005859375:11015.3623046875] [-16132.5:10102.5] [-15635:10853.5] [-16215:10094] [-15740:10363] [-18685.654296875:13478.3447265625] [121.37053680419922:1669.31494140625] [-17131.82421875:10777.5107421875] [-15740:10355] [-14680:10954] [-15855:10194.5] [-15095:10463.5] [-18636.005859375:13356.705078125] [121.37053680419922:1669.31494140625] [-16946.658203125:10569.46484375] [-15087.5:10455.5] [-14260:10871.5] [-15452.5:10112] [-14352.5:10381] [-18581.255859375:13247.0146484375] [121.37053680419922:1669.31494140625] [-16710.826171875:10400.6953125] [-14355:10373] [-13480:10644] [-14460:9546] [-13955:9770.5] [-18520.60546875:13124.76953125] [121.37053680419922:1669.31494140625] [-16460.296875:10310.2685546875] [-13955:9760] [-12925:9943.5] [-14067.5:8557] [-13122.5:8943] [-18454.35546875:12996.599609375] [121.37053680419922:1669.31494140625] [-16155.49609375:10163.8232421875] [-13125:8947] [-12642.5:9572.5] [-13245:8657.5] [-12985:9042.5] [-18381.830078125:12868.33984375] [121.37053680419922:1669.31494140625] [-15867.26953125:10045.33984375] [-12982.5:9047.5] [-12237.5:9416.5] [-13232.5:8748.5] [-12262.5:8960] [-18292.080078125:12741.0595703125] [121.37053680419922:1669.31494140625] [-15539.5634765625:9946.6728515625] [-12262.5:8965] [-12207.5:9197.5] [-13760:8666] [-13300:8868] [-18212.630859375:12620.3701171875] [121.37053680419922:1669.31494140625] [-15335.966796875:9848.611328125] [-13300:8865] [-12386:9356.5] [-13642.5:8597] [-13010:8866] [-18130.9296875:12496.4501953125] [121.37053680419922:1669.31494140625] [-15124.5146484375:9696.5556640625] [-13007.5:8858] [-12112.5:9129] [-13090:8105] [-12545:8255.5] [-18046.205078125:12382.41015625] [121.37053680419922:1669.31494140625] [-14890.013671875:9509.595703125] [-12545:8245] [-12415:8428.5] [-13145:7510] [-12575:7583] [-17961.5546875:12256.900390625] [121.37053680419922:1669.31494140625] [-14679.5576171875:9243.5419921875] [-12572.5:7510] [-12397.5:7690.5] [-12579:7211] [-12572.5:7413] [-17875.380859375:12125.3447265625] [121.37053680419922:1669.31494140625] [-14488.0068359375:8967.083984375] [-12601:7410] [-11719:7639.5] [-12625.5:7277.5] [-11835:7445] [-17774.904296875:11981.2353515625] [121.37053680419922:1669.31494140625] [-14246.82421875:8664.62109375] [-11835:7450] [-11550:7580.5] [-11907.5:7151] [-11555:7353] [-17674.1796875:11836.419921875] [121.37053680419922:1669.31494140625] [-14002.11328125:8333.611328125] [-11557.5:7350] [-11275:7822.5] [-11890:6663.5] [-11865:7032.5] [-17583.755859375:11687.330078125] [121.37053680419922:1669.31494140625] [-13807.830078125:8181.5556640625] [-11865:7018.5] [-11350:7750] [-11967.5:7014] [-11507.5:7354.5] [-17493.654296875:11536.5] [121.37053680419922:1669.31494140625] [-13598.708984375:7994.59619140625] [-11507.5:7354.5] [-9390:7766.5] [-11785:7007] [-9865:7276] [-17377.205078125:11389.3798828125] [121.37053680419922:1669.31494140625] [-13229.7353515625:7728.5419921875] [-9865:7268] [-9405:7583.5] [-9967.5:6824] [-9657.5:7093] [-17260.85546875:11264.7099609375] [121.37053680419922:1669.31494140625] [-12902.0322265625:7452.08349609375] [-9657.5:7085] [-9142.5:7408.5] [-9785:6258] [-9317.5:6685] [-17150.080078125:11134.4501953125] [121.37053680419922:1669.31494140625] [-12576.166015625:7149.62158203125] [-9320:6680] [-9012.5:7500] [-9577.5:6195] [-9135:6980] [-17042.9296875:10997.919921875] [121.37053680419922:1669.31494140625] [-12263.3330078125:6940.33984375] [-9137.5:6975] [-8892.5:7652.5] [-9545:5985] [-9235:6462.5] [-16934.8046875:10866.9599609375] [121.37053680419922:1669.31494140625] [-11988.029296875:6841.67236328125] [-9232.5:6457.5] [-9120:7135] [-9965:5879] [-9637.5:6148] [-16828.654296875:10733.240234375] [121.37053680419922:1669.31494140625] [-11774.3447265625:6743.611328125] [-9637.5:6140] [-8507.5:6970] [-9815:5378] [-8662.5:6450] [-16720.904296875:10613.3701171875] [121.37053680419922:1669.31494140625] [-11491.4501953125:6591.5556640625] [-8662.5:6445] [-7120:7122.5] [-8857.5:5355] [-7637.5:6510] [-16606.10546875:10497.5654296875] [121.37053680419922:1669.31494140625] [-11039.7275390625:6444.0986328125] [-7637.5:6505] [-6912.5:7665] [-7894:5436.5] [-7586.5:7145] [-16487.3046875:10386.4345703125] [121.37053680419922:1669.31494140625] [-10546.1162109375:6426.68017578125] [-7584:7140] [-6637.5:7947.5] [-7776.5:5210] [-7190:7427.5] [-16370.0546875:10263.8603515625] [121.37053680419922:1669.31494140625] [-10078.5146484375:6340.1640625] [-7190:7422.5] [-6690:8100] [-7430:5375] [-6992.5:6940] [-16245.1298828125:10132.96484375] [121.37053680419922:1669.31494140625] [-9660.0126953125:6304.0126953125] [-6992.5:6935] [-5730:7612.5] [-7020:4580] [-6192.5:6659] [-16122.73046875:10004.740234375] [121.37053680419922:1669.31494140625] [-9261.1484375:6011.375] [-6197.5:6654] [-4652.5:7331.5] [-6252.5:4299] [-5441.5:5176.5] [-15977.3349609375:9880.25] [121.37053680419922:1669.31494140625] [-8692.634765625:5738.29541015625] [-5446.5:5179] [-4357.5:5181.5] [-5591.5:3443] [-4775:4169] [-15841.41015625:9753.75] [121.37053680419922:1669.31494140625] [-8155.5771484375:5460.95068359375] [-4775:4170] [-4275:4370] [-5015:3680.5] [-4822.5:3974] [-15703.03515625:9636.349609375] [121.37053680419922:1669.31494140625] [-7614.8427734375:5240.63671875] [-4822.5:3973.5] [-4322.5:4209] [-5062.5:3695.5] [-4625:4094.5] [-15563.4853515625:9519.73046875] [121.37053680419922:1669.31494140625] [-7104.40234375:5009.89697265625] [-4625:4095.5] [-3362.5:4557.5] [-4652.5:2971] [-3825:3609] [-15418.16015625:9394.419921875] [121.37053680419922:1669.31494140625] [-6647.86572265625:4672.17919921875] [-3830:3611] [0:3649.5] [-3885:0] none [-15250.91015625:9254.9453125] [121.37053680419922:1669.31494140625] [-6043.5146484375:4247.435546875]
tree_sizes=2802 2821 2808 2860 2792 2832 2810

Tree=0
num_leaves=31
num_cat=0
split_feature=82 163 257 106 11 13 89 190 151 20 131 22 236 37 253 61 166 239 248 254 204 3 215 73 234 217 6 117 143 62
split_gain=9.30557e+06 1.14058e+07 2.05139e+07 1.43647e+07 7.32002e+06 1.15357e+07 6.92707e+06 1.32671e+07 2.22891e+07 2.02088e+07 1.40653e+07 9.5937e+06 8.26233e+06 8.23288e+06 6.77212e+06 6.52843e+06 9.44226e+06 8.94785e+06 7.9026e+06 8.15909e+06 6.83524e+06 9.67775e+06 7.26237e+06 8.03786e+06 5.82515e+06 4.786e+06 4.77389e+06 4.49071e+06 4.42349e+06 4.62698e+06
threshold=909.93881225585949 -2160.7499999999995 1080.143493652344 982.75000000000011 3692.4675292968755 -1790.878967285156 754.00469970703136 -183.74999999999997 -3208.077514648437 1752.1748657226565 789.40969848632824 -454.24999999999994 789.40969848632824 -4431.4999999999991 351.25000000000006 1024.0218505859377 841.86529541015636 495.25000000000006 -506.24999999999994 -326.74999999999994 1139.7500000000002 677.75000000000011 943.51049804687511 3383.0000000000005 294.75000000000006 -2433.2499999999995 4615.8522949218759 983.12179565429699 -577.74999999999989 1713.487487792969
decision_type=2 2 2 2 2 2 2 2 2 2 2 2 2 2 2 2 2 2 2 2 2 2 2 2 2 2 2 2 2 2
left_child=6 4 15 -4 5 -2 13 8 10 12 -8 24 -10 -1 -14 17 -17 18 -3 -20 21 -18 -22 -24 -9 -15 -19 -28 -13 -30
right_child=1 2 3 -5 -6 -7 7 11 9 -11 -12 28 14 25 -16 16 20 26 19 -21 22 -23 23 -25 -26 -27 27 -29 29 -31
leaf_value=-14.242866628910951 -15.18362356966694 -0.72588544367181607 -3.0326162235730671 38.644569093112963 3.2791145537272541 -58.081385429106611 21.788338661126325 -4.0048488904475361 7.6866145453826027 43.154947902955165 75.518756840027919 19.428719765185964 -0.88838546711229593 -18.008122294903149 -37.391510437530734 29.115023660241924 -18.587604212366003 1.4742688256183416 -52.310444255216559 -16.84322419194368 -33.561914874306012 15.088958248890982 -17.765308531265379 21.221614548958883 -32.227021798638411 -0.24955277333903753 -35.722909227186328 -4.0623438304687101 -5.2012477828046766 7.867629572606277
leaf_weight=106 42 22 39 44 20 25 29 41 80 30 21 38 27 38 24 22 32 81 34 31 34 64 39 20 33 24001 21 24 138 133
leaf_count=106 42 22 39 44 20 25 29 41 80 30 21 38 27 38 24 22 32 81 34 31 34 64 39 20 33 24001 21 24 138 133
internal_value=-0.356195 -6.54057 -3.67049 19.0613 -23.2663 -31.1903 -0.207704 5.12656 15.1941 6.13786 44.3551 -0.419782 -2.33934 -0.338934 -18.0663 -8.12034 -1.88673 -14.2954 -26.6283 -35.3953 -5.4954 3.86344 -15.1561 -4.5494 -16.5904 -0.277625 -5.77985 -18.8373 3.4528 1.21263
internal_weight=25333 594 507 83 87 67 24739 594 211 161 50 383 131 24145 51 424 211 213 87 65 189 96 93 59 74 24039 126 45 309 271
internal_count=25333 594 507 83 87 67 24739 594 211 161 50 383 131 24145 51 424 211 213 87 65 189 96 93 59 74 24039 126 45 309 271
is_linear=0
shrinkage=1


Tree=1
num_leaves=31
num_cat=0
split_feature=82 134 257 196 211 149 5 89 190 151 20 131 113 236 37 176 61 166 239 229 204 3 215 233 142 163 62 253 204 224
split_gain=8.39828e+06 1.07965e+07 1.84125e+07 1.22748e+07 1.47838e+07 1.06532e+07 7.18789e+06 6.25168e+06 1.19735e+07 2.01159e+07 1.82384e+07 1.26939e+07 8.86099e+06 7.45675e+06 7.43018e+06 6.28697e+06 6.04087e+06 8.35694e+06 8.00632e+06 6.9921e+06 6.32063e+06 8.17982e+06 6.68861e+06 7.6756e+06 6.2978e+06 5.14823e+06 6.48574e+06 5.6563e+06 5.08405e+06 4.38638e+06
threshold=909.93881225585949 -3603.2499999999995 1080.143493652344 1017.7500000000001 -886.49999999999989 -2071.4999999999995 983.54724121093761 754.00469970703136 -183.74999999999997 -3208.077514648437 1752.1748657226565 789.40969848632824 -1840.2499999999998 789.40969848632824 -4431.4999999999991 -874.74999999999989 1024.0218505859377 841.86529541015636 495.25000000000006 813.04827880859386 1139.7500000000002 677.75000000000011 943.51049804687511 183.25000000000003 -197.24999999999997 -1295.7499999999998 1713.487487792969 763.50000000000011 -39.749999999999993 -2261.9999999999995
decision_type=2 2 2 2 2 2 2 2 2 2 2 2 2 2 2 2 2 2 2 2 2 2 2 2 2 2 2 2 2 2
left_child=7 -2 5 4 -4 -3 -6 14 9 11 13 -9 -10 -11 -1 -15 18 -18 19 -7 21 -19 -22 -24 -21 -14 28 -28 -27 -16
right_child=1 2 3 -5 6 16 -8 8 12 10 -12 -13 25 15 29 -17 17 20 -20 24 22 -23 23 -25 -26 26 27 -29 -30 -31
leaf_value=-13.192337694707909 -41.086765325637089 -37.075195448100565 27.522319273153943 38.114146513097431 4.7653084388146034 -1.0549993471665817 -32.067945704636756 21.03730742355873 -30.867739816145463 7.6406693840026865 41.335586303075161 72.081204677763438 26.472184696197509 -32.11498762307496 -17.365349690119427 3.3308540604331278 27.997657700018451 -16.731103497551334 -5.1881056438446045 -56.108142834617979 -31.545433986888213 14.482221817603477 -26.052868635239811 11.129955602586271 -22.294670183658599 -27.505851413892664 12.972936862707138 -14.642245101928712 -2.5254616710325979 0.10079858604423907
leaf_weight=106 21 32 36 34 26 22 27 29 22 80 30 21 20 29 36 22 22 31 125 21 34 65 23 35 40 23 118 22 178 24003
leaf_count=106 21 32 36 34 26 22 27 29 22 80 30 21 20 29 36 22 22 31 125 21 34 65 23 35 40 23 118 22 178 24003
internal_value=-2.28545e-08 -5.87516 -4.58468 12.5589 2.79626 -9.2706 -13.9988 0.141067 5.20861 14.7728 6.16935 42.4757 -0.0604078 -1.88399 0.0163979 -16.8246 -7.14202 -1.15992 -13.1816 -25.2201 -4.57198 4.40292 -13.9371 -3.61496 -33.9354 1.81705 0.370998 8.63341 -5.38391 0.0746419
internal_weight=25333 594 573 123 89 450 53 24739 594 211 161 50 383 131 24145 51 418 210 208 83 188 96 92 58 61 361 341 140 201 24039
internal_count=25333 594 573 123 89 450 53 24739 594 211 161 50 383 131 24145 51 418 210 208 83 188 96 92 58 61 361 341 140 201 24039
is_linear=0
shrinkage=0.05


Tree=2
num_leaves=31
num_cat=0
split_feature=82 134 257 114 5 163 0 89 190 151 20 131 22 236 37 253 54 197 1 28 149 100 166 82 122 218 12 234 145 32
split_gain=7.57945e+06 9.74384e+06 1.66172e+07 1.16894e+07 1.361e+07 9.67506e+06 8.45054e+06 5.64214e+06 1.08061e+07 1.81546e+07 1.64602e+07 1.14562e+07 8.13869e+06 6.72972e+06 6.70574e+06 6.0945e+06 5.39487e+06 9.67719e+06 7.45415e+06 1.19566e+07 6.6917e+06 9.3644e+06 5.2729e+06 5.64971e+06 8.18731e+06 6.08406e+06 5.62385e+06 5.10619e+06 4.36637e+06 4.55342e+06
threshold=909.93881225585949 -3603.2499999999995 1080.143493652344 513.75000000000011 944.38415527343761 -2099.2499999999995 -543.24999999999989 754.00469970703136 -183.74999999999997 -3208.077514648437 1752.1748657226565 789.40969848632824 -454.24999999999994 789.40969848632824 -4431.4999999999991 351.25000000000006 1024.0218505859377 -487.74999999999994 5123.5000000000009 3782.7500000000005 310.25000000000006 543.25000000000011 841.86529541015636 1080.143493652344 2958.2500000000005 1287.2500000000002 1080.5769042968752 282.25000000000006 738.81893920898449 -3608.6450195312495
decision_type=2 2 2 2 2 2 2 2 2 2 2 2 2 2 2 2 2 2 2 2 2 2 2 2 2 2 2 2 2 2
left_child=7 -2 5 4 -4 -3 -6 14 9 11 13 -9 27 -11 -1 -15 18 -18 19 20 21 -7 -19 26 25 -25 -24 -10 -16 -30
right_child=1 2 3 -5 6 16 -8 8 12 10 -12 -13 -14 15 28 -17 17 22 -20 -21 -22 -23 23 24 -26 -27 -28 -29 29 -31
leaf_value=-12.532721155544499 -39.03242608252026 -38.413549137115481 32.113032051612592 40.323000649043493 -33.445041805764902 -11.817607737647164 4.1028980898302656 19.985441522762695 -2.8422725141048435 7.2586362004280094 39.268807725906377 68.47714534032913 3.5094587150129302 0.31248333895647967 0.13772045024736193 -34.316255215803785 30.865302648998444 19.39810208797455 -34.083752217012297 26.898766708374026 -4.2504197067089295 -51.036409228780997 -6.2726795120750154 0.19277654867018423 25.671559375265375 -29.917628711202873 -36.336483710152763 -29.197389557782344 -28.938990974426272 -4.535762757314763
leaf_weight=106 21 26 29 28 23 45 43 29 40 80 30 21 309 27 23805 24 21 20 34 21 89 23 35 62 23 23 28 34 21 213
leaf_count=106 21 26 29 28 23 45 43 29 40 80 30 21 309 27 23805 24 21 20 34 21 89 23 35 62 23 23 28 34 21 213
internal_value=-5.85758e-08 -5.5814 -4.35545 11.931 3.56281 -8.80707 -8.98199 0.134013 4.94818 14.0341 5.86088 40.352 -0.0573875 -1.78979 0.015578 -15.9834 -6.99158 -1.3516 -12.6316 -8.53395 -13.2734 -25.0828 -4.89377 -7.73493 -0.793587 -7.95474 -19.6344 -14.9514 0.0709097 -6.7258
internal_weight=25333 594 573 123 95 450 66 24739 594 211 161 50 383 131 24145 51 424 212 212 178 157 68 191 171 108 85 63 74 24039 234
internal_count=25333 594 573 123 95 450 66 24739 594 211 161 50 383 131 24145 51 424 212 212 178 157 68 191 171 108 85 63 74 24039 234
is_linear=0
shrinkage=0.05


Tree=3
num_leaves=31
num_cat=0
split_feature=117 123 180 229 20 241 103 127 64 254 234 248 220 52 123 177 126 253 72 211 224 219 166 75 12 79 212 120 199 187
split_gain=6.95163e+06 8.04852e+06 1.13859e+07 5.453e+06 1.06966e+07 7.63036e+06 6.49995e+06 6.21367e+06 5.58684e+06 5.0739e+06 5.39749e+06 8.31739e+06 5.723e+06 1.0025e+07 9.84702e+06 8.33478e+06 7.68829e+06 5.45247e+06 4.82747e+06 4.78712e+06 4.76997e+06 4.56128e+06 4.39105e+06 4.2466e+06 5.68909e+06 4.17323e+06 4.11065e+06 5.42696e+06 4.99888e+06 6.35166e+06
threshold=909.93881225585949 7502.3374023437509 943.51049804687511 943.51049804687511 -5214.4270019531241 -443.74999999999994 876.19470214843761 785.25000000000011 302.75000000000006 -32.249999999999993 338.75000000000006 389.50000000000006 -296.74999999999994 -1915.7499999999998 -1391.7975463867185 -1079.2499999999998 -1194.7499999999998 328.25000000000006 4188.7500000000009 -2166.7499999999995 -115.24999999999999 -1271.2499999999998 909.93881225585949 910.01617431640636 944.38415527343761 2042.0000000000002 906.25000000000011 365.25000000000006 -91.749999999999986 617.03479003906261
decision_type=2 2 2 2 2 2 2 2 2 2 2 2 2 2 2 2 2 2 2 2 2 2 2 2 2 2 2 2 2 2
left_child=3 9 -3 4 5 -1 19 -5 -8 10 11 12 13 14 -2 -14 -15 -17 -9 -6 -12 -18 -22 24 26 -10 28 -28 -21 -30
right_child=1 2 -4 7 6 -7 8 18 25 -11 20 -13 15 16 -16 17 21 -19 -20 23 22 -23 -24 -25 -26 -27 27 -29 29 -31
leaf_value=4.6468306303024294 -0.24676680998368697 -16.8754008102417 30.668599566291363 -22.462371504149942 -15.524894668131459 47.799715695381167 33.094349252260649 10.997592280461239 -3.9536330269604196 14.363833398085374 21.533129310607912 -36.815927116332517 -45.755845206124441 33.457569208145138 -48.72208703994751 -4.4171223626250313 -13.600462777797993 -26.659957383609402 -18.737109088897707 -0.48296603636452184 17.106466170719692 9.5298335931561109 -7.3254189768353033 -21.355507680644163 20.577700377913086 22.656074590268346 -11.213331586691986 -1.3942316848549969 0.70290115872661696 5.6010091797168906
leaf_weight=21 22 20 34 57 49 20 26 39 41 26 20 31 21 20 20 84 39 41 21 11108 21 47 148 23 34 23 157 1357 11059 704
leaf_count=21 22 20 34 57 49 20 26 39 41 26 20 31 21 20 20 84 39 41 21 11108 21 47 148 23 34 23 157 1357 11059 704
internal_value=1.18661e-07 -5.34525 13.0597 0.128343 0.179515 25.697 0.136953 -10.6404 13.5494 -7.18574 -8.2758 -12.1831 -9.58573 -2.65699 -23.3303 -16.6094 5.5343 -11.7128 0.590447 0.0876643 -1.55695 -0.959487 -4.2895 0.118964 0.13919 5.60923 0.110693 -2.41246 0.277719 0.996046
internal_weight=25333 594 54 24739 24622 41 24581 117 90 540 514 325 294 148 42 146 106 125 60 24491 189 86 169 24442 24419 64 24385 1514 22871 11763
internal_count=25333 594 54 24739 24622 41 24581 117 90 540 514 325 294 148 42 146 106 125 60 24491 189 86 169 24442 24419 64 24385 1514 22871 11763
is_linear=0
shrinkage=0.05


Tree=4
num_leaves=31
num_cat=0
split_feature=110 85 76 236 104 166 87 135 33 8 50 211 233 19 82 173 257 239 204 89 62 194 12 34 120 236 89 170 236 115
split_gain=6.32603e+06 8.20131e+06 1.11689e+07 9.54326e+06 1.03465e+07 7.99222e+06 5.26824e+06 1.16388e+07 5.67328e+06 7.91148e+06 6.13649e+06 5.51934e+06 6.21319e+06 5.33078e+06 6.31094e+06 5.90633e+06 5.59683e+06 5.26156e+06 5.13746e+06 4.31693e+06 8.53456e+06 1.31826e+07 1.12308e+07 9.92412e+06 9.46708e+06 6.6477e+06 6.22762e+06 6.08106e+06 6.06909e+06 7.25594e+06
threshold=909.93881225585949 -2417.9999999999995 -3244.8876953124995 1178.973083496094 -560.34890747070301 841.86529541015636 -1756.2499999999998 -1772.7499999999998 944.38415527343761 542.00000000000011 696.75000000000011 439.25000000000006 -1217.7499999999998 983.54724121093761 1080.143493652344 1023.3112182617189 983.12179565429699 444.75000000000006 1365.5000000000002 754.00469970703136 -2406.770141601562 909.93881225585949 771.01315307617199 1621.909118652344 2196.2500000000005 738.81893920898449 813.04827880859386 2606.5000000000005 634.06787109375011 -2535.7499999999995
decision_type=2 2 2 2 2 2 2 2 2 2 2 2 2 2 2 2 2 2 2 2 2 2 2 2 2 2 2 2 2 2
left_child=19 2 -2 5 -5 -3 -7 -8 10 -10 -9 12 -11 -13 16 -16 -15 -12 -6 -1 21 22 -21 28 25 -25 -26 -28 -22 -30
right_child=1 3 -4 4 18 6 7 8 9 11 17 13 -14 14 15 -17 -18 -19 -20 20 23 -23 -24 24 26 -27 27 -29 29 -31
leaf_value=0.018300298453918271 -6.8596583540324829 14.609871819886294 -53.236029043197632 -10.731117187500001 47.352528662908647 13.605684566497803 -42.972166056434318 5.2558667221069335 -26.395975893735887 -9.4128118782043462 -40.225942998096862 16.937281389858413 20.91917685362009 -32.241749420918914 23.581255050138996 -9.1334331847525938 -4.7302756521436908 -14.06580472661738 11.943692965507509 10.026893544197083 18.878127110445941 -12.741410989562672 52.253756351624773 10.119702437172755 16.876084689533013 35.798331548409031 -19.471620337859445 13.552998843193055 -34.211515590122772 -3.6658431469484145
leaf_weight=24139 37 44 20 25 21 27 24 25 32 25 29 23 52 38 22 37 36 57 20 32 27 24 31 59 34 44 46 20 21 262
leaf_count=24139 37 44 20 25 21 27 24 25 32 25 29 23 52 38 22 37 36 57 20 32 27 24 31 59 34 44 46 20 21 262
internal_value=-5.54196e-09 -5.09906 -23.1321 -3.18494 14.6212 -5.68007 -7.77084 -9.21375 -7.05896 -3.08401 -16.5487 0.117633 11.0711 -5.2889 -9.13252 3.06526 -18.8578 -22.8872 30.0799 0.122432 4.31182 18.7923 30.8052 1.85606 10.45 21.0892 -0.508477 -9.46416 -3.77156 -5.93248
internal_weight=25333 594 57 537 66 471 427 400 376 265 111 233 77 156 133 59 74 86 41 24739 600 87 63 513 203 103 100 66 310 283
internal_count=25333 594 57 537 66 471 427 400 376 265 111 233 77 156 133 59 74 86 41 24739 600 87 63 513 203 103 100 66 310 283
is_linear=0
shrinkage=0.05


Tree=5
num_leaves=31
num_cat=0
split_feature=236 4 173 211 232 240 5 127 120 46 61 150 163 185 218 223 92 69 152 250 194 190 85 156 65 241 167 257 9 213
split_gain=5.71142e+06 8.56503e+06 1.03091e+07 7.89467e+06 1.06539e+07 9.51189e+06 1.01088e+07 8.92916e+06 5.59941e+06 5.41672e+06 5.74677e+06 5.39821e+06 8.52817e+06 7.51873e+06 5.01124e+06 6.97878e+06 4.91553e+06 4.76977e+06 4.75258e+06 5.72981e+06 5.21285e+06 4.88042e+06 4.6016e+06 4.19098e+06 4.12879e+06 4.08735e+06 4.03932e+06 3.83445e+06 5.29758e+06 4.56853e+06
threshold=909.93881225585949 7089.9599609375009 1178.973083496094 -1139.2499999999998 -1635.9999999999998 -284.74999999999994 813.20837402343761 -2582.4999999999995 3434.5000000000005 4515.8276367187509 876.37982177734386 631.25000000000011 857.75000000000011 1890.5000000000002 -2038.9999999999998 -2932.6574707031245 1712.2500000000002 -1561.095275878906 943.51049804687511 876.19470214843761 876.19470214843761 493.25000000000006 2437.2500000000005 1017.7500000000001 -264.24999999999994 -47.749999999999993 -2548.213256835937 634.06787109375011 -4021.7499999999995 1139.2500000000002
decision_type=2 2 2 2 2 2 2 2 2 2 2 2 2 2 2 2 2 2 2 2 2 2 2 2 2 2 2 2 2 2
left_child=14 3 11 4 -2 6 -5 -6 25 10 -7 -3 -13 -14 17 -16 -11 -1 20 -20 26 -22 24 -23 -12 -8 -17 29 -29 -28
right_child=1 2 -4 5 7 9 8 -9 -10 16 22 12 13 -15 15 18 -18 -19 19 -21 21 23 -24 -25 -26 -27 27 28 -30 -31
leaf_value=-4.9881358623504646 -22.115443511236283 -21.545339882892112 38.205298759823755 -44.070908904798102 42.056320126851404 19.254974741405913 -12.659256200857882 -1.5404927326285323 10.39710412933713 -35.51225715364729 -4.3757897899150846 33.614311036609472 -17.754699755326296 13.496280065335725 27.103250829378766 -5.1489509314716031 -4.5676040981755115 -33.879474403858183 -18.119285961607812 10.59585436427075 30.33885423872206 -11.636563344623731 -19.344153040105649 17.937723045349124 22.504292058944703 -33.29961496168567 0.19909412188840772 28.181775932312014 2.2808321399693399 -3.211134836494749
leaf_weight=50 21 23 21 33 24 36 106 23 21 21 50 21 39 38 24 357 33 20 71 23 27 23 33 25 20 31 21541 20 1529 1029
leaf_count=50 21 23 21 33 24 36 106 23 21 21 50 21 39 38 24 357 33 20 71 23 27 23 33 25 20 31 21541 20 1529 1029
internal_value=-8.46025e-09 -4.84503 5.86686 -8.21027 7.49259 -10.991 -18.9014 20.7217 -13.6445 -3.16254 2.05841 0.254406 5.37067 -2.33214 0.116332 0.15424 -16.6016 -13.2428 0.127996 -11.0932 0.17096 13.3327 -3.95205 3.76671 3.30423 -17.3297 0.130629 0.208776 2.61525 0.0436167
internal_weight=25333 594 142 452 68 384 191 47 158 193 139 121 98 77 24739 24669 54 70 24645 94 24551 75 103 48 70 137 24476 24119 1549 22570
internal_count=25333 594 142 452 68 384 191 47 158 193 139 121 98 77 24739 24669 54 70 24645 94 24551 75 103 48 70 137 24476 24119 1549 22570
is_linear=0
shrinkage=0.05


Tree=6
num_leaves=31
num_cat=0
split_feature=75 134 257 100 12 170 239 75 108 197 15 176 22 55 89 235 192 142 232 55 195 148 38 120 37 217 72 246 233 233
split_gain=5.27394e+06 1.05235e+07 1.39291e+07 1.06866e+07 1.13166e+07 6.78154e+06 6.1795e+06 8.60993e+06 9.29074e+06 7.3555e+06 4.96243e+06 4.93687e+06 5.20028e+06 7.95808e+06 4.41998e+06 1.05363e+07 1.55603e+07 1.09729e+07 1.02712e+07 6.56667e+06 9.15064e+06 9.06093e+06 7.28734e+06 7.02176e+06 6.02523e+06 5.70778e+06 4.20205e+06 4.12546e+06 4.1239e+06 4.0269e+06
threshold=910.01617431640636 -3603.2499999999995 1080.143493652344 1053.2500000000002 983.54724121093761 -2024.7499999999998 495.25000000000006 983.54724121093761 2395.5000000000005 318.75000000000006 1.0000000180025095e-35 2239.7500000000005 4098.5000000000009 2164.7062988281255 754.00469970703136 -2708.5476074218745 -504.74999999999994 -2579.2499999999995 -1168.9999999999998 1792.9375610351565 1319.6094360351565 -238.24999999999997 602.25000000000011 -291.74999999999994 -4431.4999999999991 1507.5000000000002 -50.749999999999993 785.25000000000011 -435.24999999999994 -1122.4999999999998
decision_type=2 2 2 2 2 2 2 2 2 2 2 2 2 2 2 2 2 2 2 2 2 2 2 2 2 2 2 2 2 2
left_child=14 -2 6 4 10 -6 7 26 9 29 -4 12 13 -8 24 16 18 -17 -16 21 -21 22 23 -19 -1 -22 -3 28 -23 -9
right_child=1 2 3 -5 5 -7 11 8 -10 -11 -12 -13 -14 -15 15 17 -18 19 -20 20 25 27 -24 -25 -26 -27 -28 -29 -30 -31
leaf_value=-11.887780146778756 -39.422260992867606 -12.114200746019682 41.68054174423218 40.13058402721699 -34.121787347793578 2.5706434137680954 8.2197928790485175 -18.665834596421984 14.164447709133752 -34.117167441050213 6.4582920265197759 -9.9516419973866697 26.928070472535634 -20.108561695643836 6.7969554401579364 -24.094411441291633 -15.504621714637393 9.8501513451337814 50.577752421675505 27.961429009766416 -4.6367176539461381 -1.3569625819938771 -11.141592686516899 42.59483809037642 0.059229022336246551 21.688717381193722 -38.340817979403901 6.1100696310705072 -17.684028941003437 7.7464808802450866
leaf_weight=106 21 24 20 26 20 34 85 27 38 33 20 116 21 35 21 38 21 64 37 58 71 69 28 22 24039 29 42 49 88 31
leaf_count=106 21 24 20 26 20 34 85 27 38 33 20 116 21 35 21 38 21 64 37 58 71 69 28 22 24039 29 42 49 88 31
internal_value=6.44998e-08 -4.65979 -3.38355 11.7595 3.91216 -11.0191 -7.40382 -14.1154 -6.60042 -15.2715 24.0694 -2.31136 3.97427 -0.0426439 0.111692 4.369 21.3736 1.76558 34.7261 3.8214 12.1616 -0.296563 11.0134 18.2267 0.00677995 2.99766 -28.8039 -6.55549 -10.5084 -4.54891
internal_weight=25333 593 572 120 94 54 452 195 129 91 40 257 141 120 24740 595 79 516 58 478 158 320 114 86 24145 100 66 206 157 58
internal_count=25333 593 572 120 94 54 452 195 129 91 40 257 141 120 24740 595 79 516 58 478 158 320 114 86 24145 100 66 206 157 58
is_linear=0
shrinkage=0.05


end of trees

feature_importances:
Column_236=7
Column_89=6
Column_257=6
Column_82=5
Column_166=5
Column_12=4
Column_20=4
Column_37=4
Column_120=4
Column_163=4
Column_190=4
Column_204=4
Column_211=4
Column_233=4
Column_239=4
Column_253=4
Column_5=3
Column_22=3
Column_61=3
Column_62=3
Column_75=3
Column_131=3
Column_134=3
Column_151=3
Column_234=3
Column_3=2
Column_55=2
Column_72=2
Column_85=2
Column_100=2
Column_117=2
Column_123=2
Column_127=2
Column_142=2
Column_149=2
Column_170=2
Column_173=2
Column_176=2
Column_194=2
Column_197=2
Column_215=2
Column_217=2
Column_218=2
Column_224=2
Column_229=2
Column_232=2
Column_241=2
Column_248=2
Column_254=2
Column_0=1
Column_1=1
Column_4=1
Column_6=1
Column_8=1
Column_9=1
Column_11=1
Column_13=1
Column_15=1
Column_19=1
Column_28=1
Column_32=1
Column_33=1
Column_34=1
Column_38=1
Column_46=1
Column_50=1
Column_52=1
Column_54=1
Column_64=1
Column_65=1
Column_69=1
Column_73=1
Column_76=1
Column_79=1
Column_87=1
Column_92=1
Column_103=1
Column_104=1
Column_106=1
Column_108=1
Column_110=1
Column_113=1
Column_114=1
Column_115=1
Column_122=1
Column_126=1
Column_135=1
Column_143=1
Column_145=1
Column_148=1
Column_150=1
Column_152=1
Column_156=1
Column_167=1
Column_177=1
Column_180=1
Column_185=1
Column_187=1
Column_192=1
Column_195=1
Column_196=1
Column_199=1
Column_212=1
Column_213=1
Column_219=1
Column_220=1
Column_223=1
Column_235=1
Column_240=1
Column_246=1
Column_250=1

parameters:
[boosting: gbdt]
[objective: regression]
[metric: l2]
[tree_learner: serial]
[device_type: cpu]
[data_sample_strategy: bagging]
[data: ]
[valid: ]
[num_iterations: 1000]
[learning_rate: 0.05]
[num_leaves: 31]
[num_threads: 0]
[seed: 42]
[deterministic: 1]
[force_col_wise: 0]
[force_row_wise: 0]
[histogram_pool_size: -1]
[max_depth: -1]
[min_data_in_leaf: 20]
[min_sum_hessian_in_leaf: 0.001]
[bagging_fraction: 1]
[pos_bagging_fraction: 1]
[neg_bagging_fraction: 1]
[bagging_freq: 0]
[bagging_seed: 400]
[bagging_by_query: 0]
[feature_fraction: 1]
[feature_fraction_bynode: 1]
[feature_fraction_seed: 30056]
[extra_trees: 0]
[extra_seed: 12879]
[early_stopping_round: 0]
[early_stopping_min_delta: 0]
[first_metric_only: 0]
[max_delta_step: 0]
[lambda_l1: 0]
[lambda_l2: 0]
[linear_lambda: 0]
[min_gain_to_split: 0]
[drop_rate: 0.1]
[max_drop: 50]
[skip_drop: 0.5]
[xgboost_dart_mode: 0]
[uniform_drop: 0]
[drop_seed: 17869]
[top_rate: 0.2]
[other_rate: 0.1]
[min_data_per_group: 100]
[max_cat_threshold: 32]
[cat_l2: 10]
[cat_smooth: 10]
[max_cat_to_onehot: 4]
[top_k: 20]
[monotone_constraints: ]
[monotone_constraints_method: basic]
[monotone_penalty: 0]
[feature_contri: ]
[forcedsplits_filename: ]
[refit_decay_rate: 0.9]
[cegb_tradeoff: 1]
[cegb_penalty_split: 0]
[cegb_penalty_feature_lazy: ]
[cegb_penalty_feature_coupled: ]
[path_smooth: 0]
[interaction_constraints: ]
[verbosity: -1]
[saved_feature_importance_type: 0]
[use_quantized_grad: 0]
[num_grad_quant_bins: 4]
[quant_train_renew_leaf: 0]
[stochastic_rounding: 1]
[linear_tree: 0]
[max_bin: 255]
[max_bin_by_feature: ]
[min_data_in_bin: 3]
[bin_construct_sample_cnt: 200000]
[data_random_seed: 175]
[is_enable_sparse: 1]
[enable_bundle: 1]
[use_missing: 1]
[zero_as_missing: 0]
[feature_pre_filter: 1]
[pre_partition: 0]
[two_round: 0]
[header: 0]
[label_column: ]
[weight_column: ]
[group_column: ]
[ignore_column: ]
[categorical_feature: ]
[forcedbins_filename: ]
[precise_float_parser: 0]
[parser_config_file: ]
[objective_seed: 16083]
[num_class: 1]
[is_unbalance: 0]
[scale_pos_weight: 1]
[sigmoid: 1]
[boost_from_average: 1]
[reg_sqrt: 0]
[alpha: 0.9]
[fair_c: 1]
[poisson_max_delta_step: 0.7]
[tweedie_variance_power: 1.5]
[lambdarank_truncation_level: 30]
[lambdarank_norm: 1]
[label_gain: ]
[lambdarank_position_bias_regularization: 0]
[eval_at: ]
[multi_error_top_k: 1]
[auc_mu_weights: ]
[num_machines: 1]
[local_listen_port: 12400]
[time_out: 120]
[machine_list_filename: ]
[machines: ]
[gpu_platform_id: -1]
[gpu_device_id: -1]
[gpu_device_id_list: ]
[gpu_use_dp: 0]
[num_gpu: 1]

end of parameters

pandas_categorical:null
