tree
version=v4
num_class=1
num_tree_per_iteration=1
label_index=0
max_feature_idx=293
objective=regression
feature_names=Column_0 Column_1 Column_2 Column_3 Column_4 Column_5 Column_6 Column_7 Column_8 Column_9 Column_10 Column_11 Column_12 Column_13 Column_14 Column_15 Column_16 Column_17 Column_18 Column_19 Column_20 Column_21 Column_22 Column_23 Column_24 Column_25 Column_26 Column_27 Column_28 Column_29 Column_30 Column_31 Column_32 Column_33 Column_34 Column_35 Column_36 Column_37 Column_38 Column_39 Column_40 Column_41 Column_42 Column_43 Column_44 Column_45 Column_46 Column_47 Column_48 Column_49 Column_50 Column_51 Column_52 Column_53 Column_54 Column_55 Column_56 Column_57 Column_58 Column_59 Column_60 Column_61 Column_62 Column_63 Column_64 Column_65 Column_66 Column_67 Column_68 Column_69 Column_70 Column_71 Column_72 Column_73 Column_74 Column_75 Column_76 Column_77 Column_78 Column_79 Column_80 Column_81 Column_82 Column_83 Column_84 Column_85 Column_86 Column_87 Column_88 Column_89 Column_90 Column_91 Column_92 Column_93 Column_94 Column_95 Column_96 Column_97 Column_98 Column_99 Column_100 Column_101 Column_102 Column_103 Column_104 Column_105 Column_106 Column_107 Column_108 Column_109 Column_110 Column_111 Column_112 Column_113 Column_114 Column_115 Column_116 Column_117 Column_118 Column_119 Column_120 Column_121 Column_122 Column_123 Column_124 Column_125 Column_126 Column_127 Column_128 Column_129 Column_130 Column_131 Column_132 Column_133 Column_134 Column_135 Column_136 Column_137 Column_138 Column_139 Column_140 Column_141 Column_142 Column_143 Column_144 Column_145 Column_146 Column_147 Column_148 Column_149 Column_150 Column_151 Column_152 Column_153 Column_154 Column_155 Column_156 Column_157 Column_158 Column_159 Column_160 Column_161 Column_162 Column_163 Column_164 Column_165 Column_166 Column_167 Column_168 Column_169 Column_170 Column_171 Column_172 Column_173 Column_174 Column_175 Column_176 Column_177 Column_178 Column_179 Column_180 Column_181 Column_182 Column_183 Column_184 Column_185 Column_186 Column_187 Column_188 Column_189 Column_190 Column_191 Column_192 Column_193 Column_194 Column_195 Column_196 Column_197 Column_198 Column_199 Column_200 Column_201 Column_202 Column_203 Column_204 Column_205 Column_206 Column_207 Column_208 Column_209 Column_210 Column_211 Column_212 Column_213 Column_214 Column_215 Column_216 Column_217 Column_218 Column_219 Column_220 Column_221 Column_222 Column_223 Column_224 Column_225 Column_226 Column_227 Column_228 Column_229 Column_230 Column_231 Column_232 Column_233 Column_234 Column_235 Column_236 Column_237 Column_238 Column_239 Column_240 Column_241 Column_242 Column_243 Column_244 Column_245 Column_246 Column_247 Column_248 Column_249 Column_250 Column_251 Column_252 Column_253 Column_254 Column_255 Column_256 Column_257 Column_258 Column_259 Column_260 Column_261 Column_262 Column_263 Column_264 Column_265 Column_266 Column_267 Column_268 Column_269 Column_270 Column_271 Column_272 Column_273 Column_274 Column_275 Column_276 Column_277 Column_278 Column_279 Column_280 Column_281 Column_282 Column_283 Column_284 Column_285 Column_286 Column_287 Column_288 Column_289 Column_290 Column_291 Column_292 Column_293
feature_infos=[-7421.5:7887.5] [-7280:7905] [-7896.5:7622.5] [-7318:7647.5] [-10369.2802734375:5441.9501953125] [82.652725219726562:1102.033447265625] [-8166.56494140625:7873.91015625] [-7317.5:7642.5] [-7285:7749.5] [-7772.5:7319] [-7665:7727] [-10268.0302734375:5441.8251953125] [82.652725219726562:1102.033447265625] [-8090.96826171875:7767.00927734375] [-7667.5:7727] [-7185:7930] [-7822:7462] [-7697.5:7787.5] [-10163.3046875:5442.080078125] [82.652725219726562:1102.033447265625] [-8055.1982421875:7681.28125] [-7700:7785] [-7102.5:8070] [-7760:7427.5] [-7429.5:8047.5] [-10069.9052734375:5445.27978515625] [82.652725219726562:1102.033447265625] [-7990.8623046875:7650.30126953125] [-7428.5:8047.5] [-6964:8065] [-7903.5:7782.5] [-7336:7990] [-9971.4052734375:5444.85498046875] [82.652725219726562:1102.033447265625] [-7893.96533203125:7644.728515625] [-7335:7990] [-7053.5:8007.5] [-7810:7725] [-7425.5:7800] [-9872.48046875:5434.02978515625] [82.652725219726562:1102.033447265625] [-7814.51416015625:7580.662109375] [-7424.5:7797.5] [-7005:7877.5] [-7899.5:7469.5] [-7287.5:7742.5] [-9787.0546875:5406.80517578125] [82.652725219726562:1102.033447265625] [-7760.921875:7469.01123046875] [-7290:7740] [-7037.5:7820] [-7655:7442.5] [-7320:7610] [-9753.3798828125:5379.080078125] [82.652725219726562:1102.033447265625] [-7720.837890625:7346.146484375] [-7322.5:7610] [-6615:7752.5] [-7546:7385] [-6735:7552.5] [-9714.48046875:5349.22998046875] [82.652725219726562:1102.033447265625] [-7625.080078125:7280.58740234375] [-6737.5:7552.5] [-6519.5:7797.5] [-7165:7172.5] [-6804.5:7510] [-9666.8798828125:5387.375] [82.652725219726562:1102.033447265625] [-7516.4365234375:7296.89794921875] [-6803.5:7510] [-6477.5:7782.5] [-7278.5:7245] [-6849.5:7405] [-9615.0048828125:5454.7001953125] [82.652725219726562:1102.033447265625] [-7384.26025390625:7306.72509765625] [-6848.5:7397.5] [-6477:7567.5] [-7323.5:6992.5] [-6849:7262.5] [-9566.6298828125:5507.2001953125] [82.652725219726562:1102.033447265625] [-7282.9638671875:7282.25048828125] [-6848:7260] [-6218.5:7537.5] [-7323:6932] [-6529.5:7322.5] [-9514.2548828125:5555.375] [82.652725219726562:1102.033447265625] [-7187.46728515625:7255.9091796875] [-6530:7322.5] [-6408.5:7610] [-6711:6925] [-6485:7382.5] [-9460.4052734375:5595.22509765625] [82.652725219726562:1102.033447265625] [-7077.015625:7267.41748046875] [-6487:7382.5] [-6313.5:7670] [-6722.5:6985] [-6594.5:7157.5] [-9407.955078125:5626.2001953125] [82.652725219726562:1102.033447265625] [-6955.01416015625:7257.42529296875] [-6596.5:7155] [-6385:7365] [-6832:6862.5] [-6614:7050] [-9355.6796875:5658.64990234375] [82.652725219726562:1102.033447265625] [-6810.4677734375:7238.568359375] [-6616:7052.5] [-6443.5:7085] [-6851.5:6018] [-6724.5:6254] [-9310.330078125:5689.4501953125] [82.652725219726562:1102.033447265625] [-6708.60693359375:7068.92578125] [-6726.5:6249] [-6528.5:6455] [-6962:5960] [-6733:6245] [-9260.10546875:5714.2001953125] [82.652725219726562:1102.033447265625] [-6601.2333984375:6872.65966796875] [-6732.5:6245] [-6638:6392.5] [-6849.5:5930] [-6686.5:6127.5] [-9207.3046875:5733.02490234375] [82.652725219726562:1102.033447265625] [-6481.3486328125:6584.0087890625] [-6685:6125] [-6657.5:6217.5] [-6919.5:5585] [-6797:5827.5] [-9155.48046875:5743.375] [82.652725219726562:1102.033447265625] [-6377.81689453125:6349.78076171875] [-6795.5:5827.5] [-6768:6520] [-6950:5465.5] [-6813.5:6182.5] [-9105.10546875:5758.375] [82.652725219726562:1102.033447265625] [-6301.197265625:6144.11865234375] [-6811:6182.5] [-6565.5:6505] [-7070.5:5785] [-6585:6127.5] [-9043.60546875:5768.2998046875] [82.652725219726562:1102.033447265625] [-6176.08837890625:6029.22509765625] [-6585.5:6125] [-6506.5:6447.5] [-6931:5727.5] [-6695.5:6070] [-8999.580078125:5780.1748046875] [82.652725219726562:1102.033447265625] [-6157.8076171875:6004.75048828125] [-6696:6062.5] [-6585.5:6232.5] [-6961:5657.5] [-6792.5:5750] [-8949.580078125:5794.875] [82.652725219726562:1102.033447265625] [-6134.52587890625:5978.4091796875] [-6792:5750] [-6695:6122.5] [-7144.5:5507.5] [-6812:6105] [-8897.830078125:5810.4248046875] [82.652725219726562:1102.033447265625] [-6177.88720703125:5989.91748046875] [-6811.5:6105] [-6714.5:6392.5] [-7091:5707.5] [-6922.5:6047.5] [-8848.8798828125:5814.7998046875] [82.652725219726562:1102.033447265625] [-6245.5791015625:5979.92529296875] [-6922:6047.5] [-6825:6335] [-7149.5:5650] [-6848:5822.5] [-8799.48046875:5814.4501953125] [82.652725219726562:1102.033447265625] [-6300.3447265625:5961.068359375] [-6847.5:5820] [-6590:6030] [-7169:5527.5] [-6790.5:5715] [-8748.080078125:5814.3251953125] [82.652725219726562:1102.033447265625] [-6341.1767578125:5903.568359375] [-6789.5:5717.5] [-6700.5:5752.5] [-7279.5:5177.5] [-6900:5355] [-8694.60546875:5814.580078125] [82.652725219726562:1102.033447265625] [-6390.615234375:5733.92578125] [-6899:5355] [-6547.5:5642.5] [-7374:4980] [-6919.5:5495] [-8641.5302734375:5817.77978515625] [82.652725219726562:1102.033447265625] [-6417.51416015625:5537.65966796875] [-6918.5:5495] [-6658:5782.5] [-7393.5:5097.5] [-7030:5567.5] [-8590.8798828125:5817.35498046875] [82.652725219726562:1102.033447265625] [-6473.19482421875:5452.41748046875] [-7029:5567.5] [-5679.5:5855] [-7504:5170] [-6051.5:5342.5] [-8541.23046875:5806.52978515625] [82.652725219726562:1102.033447265625] [-6400.44970703125:5442.42529296875] [-6050.5:5340] [-5404.5:5550] [-6525.5:5047.5] [-5776.5:5235] [-8489.5546875:5794.580078125] [82.652725219726562:1102.033447265625] [-5992.13623046875:5423.568359375] [-5775.5:5237.5] [-5280.5:5270] [-6250.5:4462.5] [-5652.5:4650] [-8427.6298828125:5797.77978515625] [82.652725219726562:1102.033447265625] [-5696.03271484375:5253.92578125] [-5651.5:4652.5] [-4759.5:4727.5] [-6126.5:4225] [-5013.5:4412.5] [-8351.0048828125:5797.35498046875] [82.652725219726562:1102.033447265625] [-5424.21142578125:5057.65966796875] [-5013:4415] [-4916:4447.5] [-5292:3440] [-4939:3627.5] [-8272.8798828125:5786.52978515625] [82.652725219726562:1102.033447265625] [-5107.55615234375:4769.0087890625] [-4938.5:3630] [-4717:3702.5] [-5309:3087.5] [-5089:3685] [-8187.2548828125:5759.30517578125] [82.652725219726562:1102.033447265625] [-4842.7783203125:4534.78076171875] [-5088:3685] [-4791.5:3972.5] [-5563:3287.5] [-4976:3460] [-8102.705078125:5731.580078125] [82.652725219726562:1102.033447265625] [-4603.61669921875:4329.11865234375] [-4975.5:3457.5] [-4527:3667.5] [-5180.5:3165] [-4777.5:3352.5] [-8012.77978515625:5701.72998046875] [82.652725219726562:1102.033447265625] [-4508.51416015625:4081.698974609375] [-4776.5:3355] [-4749:4182.5] [-5240:1952.5] [-5121:2140] [-7912.80517578125:5669.77978515625] [82.652725219726562:1102.033447265625] [-4564.19482421875:3785.408203125] [-5120:2142.5] [-2419.5:3979.5] [-5595:1510] [-3764:1971] [-7813.47998046875:5632.10498046875] [82.652725219726562:1102.033447265625] [-4491.44970703125:3494.4619140625] [-3759:2008] [0:3450.5] [-4277:0] none [-7700.93017578125:5575.6298828125] [82.652725219726562:1102.033447265625] [-4083.135986328125:3176.78369140625]
tree_sizes=2757 2747 2758 2747 2762 2758 2756 2736

Tree=0
num_leaves=31
num_cat=0
split_feature=289 87 260 255 173 68 214 54 47 262 227 267 252 269 233 213 43 162 211 218 268 5 256 275 264 236 232 234 253 71
split_gain=1.23466e+06 3.82288e+06 1.90555e+06 1.77024e+06 1.1915e+06 1.81952e+06 2.76312e+06 861893 1.19321e+06 1.08056e+06 1.01885e+06 988620 1.30827e+06 1.33624e+06 1.75252e+06 1.30897e+06 1.2714e+06 1.4212e+06 1.2511e+06 1.30477e+06 901791 1.2213e+06 890790 870910 903100 773512 722112 765765 709410 1.13405e+06
threshold=-803.24999999999989 237.75000000000003 -1108.7499999999998 -890.24999999999989 756.37554931640636 642.48309326171886 3118.0600585937505 475.31204223632818 437.79225158691412 -1256.2499999999998 603.25000000000011 -663.74999999999989 -811.49999999999989 129.75000000000003 529.25000000000011 650.50000000000011 -2764.4999999999995 226.25000000000003 685.25000000000011 52.750000000000007 -588.74999999999989 697.99713134765636 -867.13497924804676 -370.24999999999994 523.07272338867199 642.43734741210949 -551.99999999999989 -283.74999999999994 375.75000000000006 -851.24999999999989
decision_type=2 2 2 2 2 2 2 2 2 2 2 2 2 2 2 2 2 2 2 2 2 2 2 2 2 2 2 2 2 2
left_child=1 2 -1 -4 7 -6 -7 8 9 -2 26 -9 20 14 16 18 -14 28 19 22 21 -13 -15 -19 -25 -17 -10 -28 29 -18
right_child=4 -3 3 -5 5 6 -8 11 10 -11 -12 12 13 15 -16 25 17 23 -20 -21 -22 -23 -24 24 -26 -27 27 -29 -30 -31
leaf_value=-10.430923160455215 -7.7703420779509065 25.787618191374754 18.231368553770995 -0.97279818273244967 3.8202970897773749 -19.913404170611813 2.9627321121067305 -5.4982936161236653 3.3531542181023379 0.66778478441574585 3.4076184844128603 -0.90437480030467143 -12.75772245068735 16.406056018008208 13.75553520681374 3.5109996217251185 -3.8219648367828007 1.4303157767096555 17.380832839698154 0.20985058763678477 14.724582836760497 14.192440005048955 3.1531542725980133 -3.4715966622418959 -15.13890925579593 -6.1885508779769367 -14.132427731928924 -4.6628472128236984 9.8492132794127052 5.6090890915614739
leaf_weight=24 38 20 20 30 35 33 22 37 21 23976 44 37 22 32 21 61 60 38 28 56 35 21 21 43 27 31 27 102 29 68
leaf_count=24 38 20 20 30 35 33 22 37 21 23976 44 37 22 32 21 61 60 38 28 56 35 21 21 43 27 31 27 102 29 68
internal_value=0.672493 6.39206 1.15002 6.70887 0.650957 -5.09169 -10.7629 0.671735 0.622881 0.654432 -3.28265 2.44483 2.91133 1.96312 -0.187511 4.85568 -1.20773 -0.248867 7.95347 5.53176 8.38645 4.56171 11.1549 -4.66368 -7.97185 0.242673 -5.24513 -6.64485 2.78807 1.18828
internal_weight=25059 94 74 50 24965 90 55 24875 24208 24014 194 667 630 537 308 229 287 265 137 109 93 58 53 108 70 92 150 129 157 128
internal_count=25059 94 74 50 24965 90 55 24875 24208 24014 194 667 630 537 308 229 287 265 137 109 93 58 53 108 70 92 150 129 157 128
is_linear=0
shrinkage=1


Tree=1
num_leaves=31
num_cat=0
split_feature=289 87 260 255 173 68 214 54 215 274 274 5 275 252 275 269 281 73 288 274 283 254 199 176 162 269 106 253 283 260
split_gain=1.11428e+06 3.45015e+06 1.71976e+06 1.59764e+06 1.07533e+06 1.64212e+06 2.49371e+06 777858 1.09751e+06 954040 946801 937595 894618 821593 1.24677e+06 1.16311e+06 1.09137e+06 1.15371e+06 955068 935268 789530 780751 732509 751565 724239 791392 764383 722547 1.07178e+06 688856
threshold=-803.24999999999989 237.75000000000003 -1108.7499999999998 -890.24999999999989 756.37554931640636 642.48309326171886 3118.0600585937505 475.31204223632818 411.96957397460943 -78.249999999999986 18.250000000000004 497.51815795898443 -1275.4999999999998 -811.49999999999989 186.25000000000003 -557.24999999999989 -155.24999999999997 2492.5000000000005 34.750000000000007 356.75000000000006 317.25000000000006 -933.24999999999989 -1317.2499999999998 1796.0000000000002 1363.0000000000002 135.25000000000003 -619.74999999999989 10.750000000000002 -273.24999999999994 15.750000000000002
decision_type=2 2 2 2 2 2 2 2 2 2 2 2 2 2 2 2 2 2 2 2 2 2 2 2 2 2 2 2 2 2
left_child=1 2 -1 -4 7 -6 -7 8 -2 27 -11 -12 -9 15 16 -14 -15 18 -18 -17 -16 -20 -23 24 25 29 -27 28 -10 -24
right_child=4 -3 3 -5 5 6 -8 12 9 10 11 -13 13 14 20 19 17 -19 21 -21 -22 22 23 -25 -26 26 -28 -29 -30 -31
leaf_value=-10.548245875040692 -0.0020193915634483914 23.859369417428972 16.68093204498291 -1.5630267939964932 2.9904136439732145 -19.556602327751392 2.1757269729267468 -8.7313714313507074 -12.311519124984741 8.682547548684207 -1.2819866912560252 -11.765901204814082 -0.55466052875962368 8.2085996878774541 12.862421172857285 13.904880483099754 -10.367444197336834 -11.528990293585736 -8.758248553957257 1.4137319174679845 3.0790961606749172 6.9715093138370108 2.7141898913042888 8.7310712297757469 -8.270793983781779 11.379898104300866 1.1159964116414389 -14.178152412863879 1.0185275818172255 -4.1877077779641345
leaf_weight=24 23781 20 20 30 35 33 22 20 25 22 293 23 43 38 32 47 21 23 21 22 58 47 56 24 27 26 60 26 38 102
leaf_count=24 23781 20 20 30 35 33 22 20 25 22 293 23 43 38 32 47 21 23 21 22 58 47 56 24 27 26 60 26 38 102
internal_value=-3.78899e-08 5.43359 0.453648 5.73456 -0.020459 -5.47597 -10.8637 -0.000720437 -0.0471316 -2.55957 -1.34681 -2.04506 1.68372 2.00567 1.19044 5.89983 0.104947 -0.65166 -0.000153026 9.9222 6.55761 0.599608 1.17421 0.250576 -0.500464 0.359367 4.21904 -7.16535 -4.27117 -1.74147
internal_weight=25059 94 74 50 24965 90 55 24875 24208 427 338 316 667 647 535 112 445 407 384 69 90 363 342 295 271 244 86 89 63 158
internal_count=25059 94 74 50 24965 90 55 24875 24208 427 338 316 667 647 535 112 445 407 384 69 90 363 342 295 271 244 86 89 63 158
is_linear=0
shrinkage=0.05


Tree=2
num_leaves=31
num_cat=0
split_feature=262 289 262 173 89 214 66 82 129 292 288 268 261 271 227 232 288 153 289 51 160 275 206 191 37 219 145 282 82 253
split_gain=1.03855e+06 2.5107e+06 2.07051e+06 966682 1.54719e+06 1.76459e+06 1.3826e+06 905979 865166 846242 1.34427e+06 1.45549e+06 1.0564e+06 796116 709789 1.30981e+06 926495 681683 603228 650100 1.1685e+06 1.12234e+06 981750 559392 519476 1.01607e+06 668073 514141 511378 731775
threshold=-1256.2499999999998 -803.24999999999989 -886.99999999999989 756.37554931640636 642.48309326171886 3118.0600585937505 -1346.7499999999998 366.18142700195318 -624.74999999999989 598.35256958007824 302.25000000000006 -643.74999999999989 471.00000000000006 598.35256958007824 344.75000000000006 -302.24999999999994 119.25000000000001 1917.3045654296877 -111.74999999999999 -3158.7499999999995 -2201.955688476562 -554.74999999999989 -799.74999999999989 -2105.7499999999995 -1139.7499999999998 459.75000000000006 551.05221557617199 -1057.9999999999998 497.51815795898443 570.25000000000011
decision_type=2 2 2 2 2 2 2 2 2 2 2 2 2 2 2 2 2 2 2 2 2 2 2 2 2 2 2 2 2 2
left_child=7 2 -2 9 -5 6 -6 -1 -4 13 12 -12 14 17 15 16 -11 18 19 22 21 -21 -3 -22 26 -26 -13 -9 -20 -30
right_child=1 3 8 4 5 -7 -8 27 -10 10 11 24 -14 -15 -16 -17 -18 -19 28 20 23 -23 -24 -25 25 -27 -28 -29 29 -31
leaf_value=-11.438478475477961 21.474777795871102 -14.586576185226441 -4.4615695542097091 5.0547748639033401 -5.8447678232192999 2.3918865385509673 -24.008956094221638 -5.8019987857703015 9.9071508494290441 3.6630031267801919 -12.681581995703958 -0.62240928303111687 -4.3575586080551147 -7.6618250026422388 15.18598383444327 -1.4290296687020196 16.943822321398507 2.8309938125099454 0.12458032242180679 0.23403295932277557 -6.7970295059330326 14.177921846177846 0.89223585242316839 -0.37017901653616819 -10.46784667491913 4.7915536006291708 11.699714190309699 3.2420658334096277 0.84662358432244034 9.6364677899024063
leaf_weight=36 24 20 20 26 20 21 22 33 22 24 22 22 20 34 27 36 29 210 15969 31 34 27 21 8101 20 24 22 30 78 34
leaf_count=36 24 20 20 26 20 21 22 33 22 24 22 22 20 34 27 36 29 210 15969 31 34 27 21 8101 20 24 22 30 78 34
internal_value=-4.99274e-08 0.020272 9.7594 -0.00554883 -5.20718 -9.44227 -15.3593 -5.111 3.0649 0.0131145 2.93112 -1.17867 6.25521 -0.0161142 8.08499 5.93076 10.9299 -0.00551464 -0.0300126 -0.378049 -0.34662 6.72515 -6.6584 -0.39704 1.69706 -2.14454 5.53865 -1.4953 0.148194 3.51497
internal_weight=25059 24960 66 24894 89 63 42 99 42 24805 246 110 136 24559 116 89 53 24525 24315 8234 8193 58 41 8135 88 44 44 63 16081 112
internal_count=25059 24960 66 24894 89 63 42 99 42 24805 246 110 136 24559 116 89 53 24525 24315 8234 8193 58 41 8135 88 44 44 63 16081 112
is_linear=0
shrinkage=0.05


Tree=3
num_leaves=31
num_cat=0
split_feature=215 267 289 260 159 5 285 288 262 152 269 243 29 59 283 51 126 289 288 171 79 113 121 82 3 269 281 289 59 267
split_gain=956608 1.81598e+06 1.76429e+06 2.94908e+06 3.69313e+06 1.42911e+06 1.22607e+06 1.01705e+06 761531 1.11267e+06 1.00057e+06 879331 748030 694237 606836 1.17463e+06 628159 724286 900647 1.26393e+06 886274 650535 620046 574765 673001 563101 594884 544774 537563 533133
threshold=697.67520141601574 -300.24999999999994 -803.24999999999989 -1108.7499999999998 411.96957397460943 757.00543212890636 697.67520141601574 310.25000000000006 -224.74999999999997 598.35256958007824 377.75000000000006 756.37554931640636 -2512.4999999999995 435.25000000000006 -557.74999999999989 -2338.2499999999995 1732.7500000000002 -366.99999999999994 302.25000000000006 1265.2500000000002 1932.7500000000002 1748.2500000000002 1014.2500000000001 263.94743347167974 780.25000000000011 32.750000000000007 147.75000000000003 -28.749999999999996 1244.5000000000002 1416.7500000000002
decision_type=2 2 2 2 2 2 2 2 2 2 2 2 2 2 2 2 2 2 2 2 2 2 2 2 2 2 2 2 2 2
left_child=2 -2 3 -1 -5 8 14 -7 -3 -10 11 -11 -8 -14 15 -4 21 -18 23 -20 -21 27 -23 -19 -25 26 -26 29 -24 -16
right_child=1 5 6 4 -6 7 12 -9 9 10 -12 -13 13 -15 16 -17 17 18 19 20 -22 22 28 24 25 -27 -28 -29 -30 -31
leaf_value=-7.1366745789845787 -14.374837535619736 -5.9054606045995444 -14.37911584717887 2.4689877031310914 28.594335516293842 -1.7525364694141208 -0.62698274384374209 -17.507180984020234 -6.68058180809021 17.963860362509021 -0.4876862956631568 3.628731555938721 16.012186855316163 3.5140515041351321 -0.12414793414194158 -1.1736389030428496 11.254170708656311 4.5655490291437939 16.844588537216186 -2.4045821788907054 8.4092460142241574 -8.7333005692507779 4.8814460630770089 5.0475237089234426 -2.1061812815995054 -0.62998806265063756 -13.009559749473226 0.52280699328615499 -2.8666639288133791 6.6601390665975124
leaf_weight=24 32 28 21 31 24 21 23 20 21 23 31 20 25 20 19961 85 20 56 20 40 36 37 27 37 29 133 22 4032 131 29
leaf_count=24 32 28 21 31 24 21 23 20 21 23 31 20 25 20 19961 85 20 56 20 40 36 37 27 37 29 133 22 4032 131 29
internal_value=-2.37905e-09 -3.4794 0.0274288 7.48763 13.8691 -1.35346 0.00364909 -9.43773 1.3413 3.47719 6.3598 11.2964 6.70831 10.4575 -0.0147971 -3.78982 0.00146261 1.98442 1.48738 5.66085 2.71776 -0.0307173 -2.90701 0.0409788 -1.10552 -2.34282 -6.8096 -0.00736887 -1.54262 -0.114306
internal_weight=25059 196 24863 79 55 164 24784 41 123 95 74 43 68 45 24716 106 24610 393 373 96 76 24217 195 277 221 184 51 24022 158 19990
internal_count=25059 196 24863 79 55 164 24784 41 123 95 74 43 68 45 24716 106 24610 393 373 96 76 24217 195 277 221 184 51 24022 158 19990
is_linear=0
shrinkage=0.05


Tree=4
num_leaves=31
num_cat=0
split_feature=262 289 262 173 289 289 82 129 226 104 13 20 276 219 173 197 258 215 114 148 292 243 16 220 220 292 22 4 288 155
split_gain=904698 2.04484e+06 1.83209e+06 825373 1.38983e+06 1.78529e+06 808506 781717 756525 823604 779266 939482 914537 1.07632e+06 831427 767361 921756 716990 704082 665151 839453 1.82941e+06 1.37231e+06 737925 973258 693121 588928 854898 622418 624002
threshold=-1256.2499999999998 -803.24999999999989 -886.99999999999989 756.37554931640636 -115.24999999999999 -244.74999999999997 366.18142700195318 -624.74999999999989 -2111.2499999999995 -3660.8039550781245 -2728.547241210937 -2302.084350585937 210.25000000000003 -430.74999999999994 475.18203735351568 -1643.7499999999998 -1370.4885253906248 278.79521179199224 -1491.7499999999998 -1784.9999999999998 598.35256958007824 642.43734741210949 121.75000000000001 -54.749999999999993 682.25000000000011 336.09262084960943 -1794.7499999999998 -2775.307495117187 684.00000000000011 107.75000000000001
decision_type=2 2 2 2 2 2 2 2 2 2 2 2 2 2 2 2 2 2 2 2 2 2 2 2 2 2 2 2 2 2
left_child=6 2 -2 8 5 -5 -1 -4 -3 -10 12 -12 14 -14 17 18 -17 -11 -13 25 26 22 -22 -23 -25 -18 27 -21 -28 -30
right_child=1 3 7 4 -6 -7 -8 -9 9 10 11 15 13 -15 -16 16 19 -19 -20 20 21 23 -24 24 -26 -27 28 -29 29 -31
leaf_value=-10.747700036234328 19.828438277542592 5.8177899748086936 -4.6433699464797975 -0.87162086963653573 5.1863403968811035 -17.606182088851931 -1.3546263136915746 9.01482048034668 -7.4545149294105748 4.9611997142914808 -3.5568405013571507 -1.4275078270170425 17.952650868892672 1.5489825904369354 5.0221259909205971 8.932796228343042 -0.28020479990088426 -4.027808302488082 -12.781095899235119 11.488034387429556 4.1361993618011477 7.0153100242614741 21.474052138555621 -11.332865258921748 1.575173519551754 -13.007319765090944 -0.0037135940777093613 1.4874313762860423 -10.520068982931285 -1.6921962979196132
leaf_weight=36 24 56 20 34 25 30 63 22 37 31 186 36 20 20 90 29 23 78 22 24 25 25 21 23 40 20 23691 195 26 87
leaf_count=36 24 56 20 34 25 30 63 22 37 31 186 36 20 20 90 29 23 78 22 24 25 25 21 23 40 20 23691 195 26 87
internal_value=-3.06698e-08 0.0189206 8.8082 -0.00438191 -4.81081 -8.71595 -4.77029 2.51092 0.0128635 -0.000271423 0.0108894 -0.0168575 2.8521 9.75082 1.46542 0.0102532 0.0240041 -1.4713 -5.73404 0.0133282 0.0243877 3.97085 12.0513 -0.253025 -3.13729 -6.19979 0.0023744 2.58339 -0.0213713 -3.72339
internal_weight=25059 24960 66 24894 89 64 99 42 24805 24749 24712 24473 239 40 199 24287 24229 109 58 24200 24157 134 46 88 63 43 24023 219 23804 113
internal_count=25059 24960 66 24894 89 64 99 42 24805 24749 24712 24473 239 40 199 24287 24229 109 58 24200 24157 134 46 88 63 43 24023 219 23804 113
is_linear=0
shrinkage=0.05


Tree=5
num_leaves=31
num_cat=0
split_feature=262 254 289 274 254 180 289 201 103 247 82 16 169 31 153 187 54 47 282 244 281 288 211 227 288 92 242 286 143 227
split_gain=816490 1.87041e+06 1.68542e+06 1.43087e+06 954489 944494 1.81068e+06 2.20093e+06 861319 1.06776e+06 729677 635849 615471 602909 759853 626912 587464 1.09872e+06 808303 835469 830452 822335 789280 1.26926e+06 1.17974e+06 845666 803956 785193 1.01427e+06 736001
threshold=-1256.2499999999998 -1358.7499999999998 -658.74999999999989 -190.24999999999997 -1665.2499999999998 756.37554931640636 -117.74999999999999 756.37554931640636 757.00543212890636 -1440.9999999999998 366.18142700195318 -2747.9999999999995 -556.24999999999989 3154.2500000000005 1917.3045654296877 642.43734741210949 475.31204223632818 437.79225158691412 -78.249999999999986 -678.80963134765614 -137.74999999999997 171.25000000000003 822.75000000000011 372.25000000000006 58.750000000000007 855.25000000000011 -2370.327514648437 322.97087097167974 899.75000000000011 603.25000000000011
decision_type=2 2 2 2 2 2 2 2 2 2 2 2 2 2 2 2 2 2 2 2 2 2 2 2 2 2 2 2 2 2
left_child=10 2 -2 -4 -5 8 7 -7 9 -3 -1 -9 -10 14 16 -15 17 -11 20 -20 21 -18 23 24 -22 26 -26 -21 -29 -19
right_child=1 5 3 4 -6 6 -8 11 12 13 -12 -13 -14 15 -16 -17 18 29 19 27 22 -23 -24 -25 25 -27 -28 28 -30 -31
leaf_value=-10.210315058959857 19.232991074948085 -8.3791121969097553 -4.2311785009172231 15.54730406357692 2.3540732905782504 -23.132664127349855 6.78910304705302 1.6914101406379982 1.2704055706659954 -0.013330465827364671 -1.2868950511728015 -9.7598132480274558 13.526192083358765 -0.59075249227193694 3.0657943622525692 -12.365468468964101 11.240722834198706 -5.9153935752809055 11.119984522381344 -1.3178754587356862 -9.3473386735627155 -1.5738940806615922 -6.0683405056334383 12.22211518514724 -2.3831063820604697 -7.9759462118148807 5.1280827766970587 12.506920399385342 0.46472938458124802 1.9302778684175932
leaf_weight=36 21 38 36 26 29 20 24 27 21 23750 63 22 20 26 203 20 31 128 37 65 33 21 57 21 57 23 95 34 36 39
leaf_count=36 21 38 36 26 29 20 24 27 21 23750 63 22 20 26 203 20 31 128 37 65 33 21 57 21 57 23 95 34 36 39
internal_value=-2.00989e-09 0.0179746 6.4649 3.51841 8.59087 -0.0110843 -5.04046 -9.15509 0.00781013 -0.00420258 -4.53178 -3.44996 7.24884 0.00869443 0.0193753 -5.71019 -0.00594193 -0.041748 1.67322 4.46362 0.253259 6.06559 -0.803528 0.506927 -0.675856 0.959337 2.31139 2.63929 6.31379 -4.08317
internal_weight=25059 24960 112 91 55 24848 93 69 24755 24714 99 49 41 24676 24630 46 24427 23917 510 172 338 52 286 229 208 175 152 135 70 167
internal_count=25059 24960 112 91 55 24848 93 69 24755 24714 99 49 41 24676 24630 46 24427 23917 510 172 338 52 286 229 208 175 152 135 70 167
is_linear=0
shrinkage=0.05


Tree=6
num_leaves=31
num_cat=0
split_feature=215 267 289 159 5 285 288 150 226 269 220 281 29 59 186 292 201 89 271 92 117 173 235 176 264 243 82 99 289 34
split_gain=756303 1.63666e+06 1.41071e+06 2.4807e+06 1.25377e+06 1.03331e+06 920673 803371 677203 1.11537e+06 1.059e+06 659588 643625 622093 546562 842662 1.40717e+06 1.12257e+06 792791 811602 787327 705263 862872 948620 621444 908821 880767 631123 551739 870279
threshold=697.67520141601574 -300.24999999999994 -803.24999999999989 411.96957397460943 757.00543212890636 697.67520141601574 310.25000000000006 -817.24999999999989 -108.74999999999999 -49.749999999999993 666.50000000000011 625.25000000000011 -2512.4999999999995 435.25000000000006 1256.0025024414065 598.35256958007824 642.43734741210949 642.48309326171886 642.43734741210949 2623.0000000000005 497.51815795898443 411.96957397460943 2395.3850097656255 1176.0000000000002 282.52000427246099 270.59570312500006 246.35270690917972 469.25000000000006 -658.74999999999989 -2658.2333984374995
decision_type=2 2 2 2 2 2 2 2 2 2 2 2 2 2 2 2 2 2 2 2 2 2 2 2 2 2 2 2 2 2
left_child=2 -2 3 7 8 14 -6 -1 9 -3 -10 -12 -7 -14 18 17 -17 20 19 24 21 -16 23 -23 -4 26 27 -26 -27 -30
right_child=1 4 5 -5 6 12 -8 -9 10 -11 11 -13 13 -15 15 16 -18 -19 -20 -21 -22 22 -24 -25 25 28 -28 -29 29 -31
leaf_value=-7.5400940190190857 -13.437258417904378 -1.9318579285233111 0.032900225598039845 16.888487012246078 -1.3356266660349709 -0.64594686135001811 -16.325228191614151 5.8245991706848148 -10.956236956336284 12.076067682902019 8.3288226583729621 -3.9274708997635615 14.894078975677491 3.0631512165069581 0.79263090032509742 14.995081774393718 -1.002837671126638 -10.65354307348078 -8.2098371791839604 9.1134304443995173 9.1830174526682615 -15.620225765488366 2.1775158412372457 -2.4416791432433662 2.7640569569228535 -6.5134132063066632 -5.246139499395337 -5.8903134050040409 2.7932614476109547 -0.57264340121784596
leaf_weight=23 32 27 18648 34 21 23 20 22 22 30 23 21 25 20 1991 27 28 22 30 24 27 22 39 36 77 37 199 29 204 3276
leaf_count=23 32 27 18648 34 21 23 20 22 22 30 23 21 25 20 1991 27 28 22 30 24 27 22 39 36 77 37 199 29 204 3276
internal_value=6.08521e-10 -3.09375 0.0243886 6.69529 -1.0755 0.00312487 -8.64763 -1.00624 1.44854 5.44073 -1.99926 2.47923 6.15821 9.63589 -0.0138093 0.739898 6.85069 0.582625 -0.087159 -0.0763258 0.699502 0.589802 -3.57343 -7.44044 -0.0861413 -0.666959 -3.28514 0.396352 -0.439906 -0.375332
internal_weight=25059 196 24863 79 164 24784 41 45 123 57 66 44 68 45 24716 2192 55 2137 22524 22494 2115 2088 97 58 22470 3822 305 106 3517 3480
internal_count=25059 196 24863 79 164 24784 41 45 123 57 66 44 68 45 24716 2192 55 2137 22524 22494 2115 2088 97 58 22470 3822 305 106 3517 3480
is_linear=0
shrinkage=0.05


Tree=7
num_leaves=31
num_cat=0
split_feature=262 254 235 172 274 180 267 40 103 247 289 80 289 138 12 0 96 276 244 281 287 275 131 238 269 88 1 33 230 246
split_gain=761118 1.66854e+06 1.59675e+06 1.28788e+06 1.19166e+06 789047 1.64615e+06 909511 730893 953371 706514 596516 572145 553647 836819 1.14644e+06 779615 1.14493e+06 1.14196e+06 1.71443e+06 988253 976209 813602 789825 927634 788838 873542 761486 698274 682429
threshold=-1256.2499999999998 -1358.7499999999998 389.11000061035162 -3929.737426757812 -190.24999999999997 756.37554931640636 95.250000000000014 697.99713134765636 757.00543212890636 -1440.9999999999998 -112.74999999999999 -2190.2499999999995 -244.74999999999997 697.99713134765636 697.99713134765636 -374.24999999999994 475.31204223632818 142.75000000000003 -1730.735412597656 1.0000000180025095e-35 52.250000000000007 -200.74999999999997 437.79225158691412 110.25000000000001 259.25000000000006 -323.86000061035151 462.25000000000006 523.24734497070324 -621.60348510742176 875.75000000000011
decision_type=2 2 2 2 2 2 2 2 2 2 2 2 2 2 2 2 2 2 2 2 2 2 2 2 2 2 2 2 2 2
left_child=10 2 3 -2 -5 8 -7 -8 9 -3 11 -1 -10 16 15 -15 22 18 -18 25 21 -21 -11 24 -19 -20 -27 -24 -22 -25
right_child=1 5 -4 4 -6 6 7 -9 12 13 -12 -13 -14 14 -16 -17 17 23 19 20 28 -23 27 29 -26 26 -28 -29 -30 -31
leaf_value=-11.630350018992569 13.007479759216309 -7.9175058967188789 18.910827341079713 -6.860197205753888 6.4777176497560562 -16.212085310272549 5.2409822897477589 -6.1763616664989582 12.729844572544099 0.0058133923160025866 4.0194048881530762 -2.8207011305767562 0.91330883332661217 -8.7590052562455352 -12.535804963111879 7.7625866072518495 -10.266073822975159 4.7662173593366468 11.469540842978851 -0.57333918670431172 11.063670945167543 -9.4695276466070446 -4.4399249853858036 -1.6574061540924774 17.233833488464356 -5.1907418546222504 9.4101448059082031 5.6655813126336962 0.29789378940448413 6.266369492499555
leaf_weight=33 25 38 20 34 33 23 33 37 20 23932 20 46 21 21 22 21 24 37 46 78 20 51 166 49 25 21 20 21 61 61
leaf_count=33 25 38 20 34 33 23 33 37 20 23932 20 46 21 21 22 21 24 37 46 78 20 51 166 49 25 21 20 21 61 61
internal_value=-7.31027e-09 0.0173544 6.10644 3.32288 -0.290776 -0.0100916 -4.607 -0.7939 0.00717814 -0.00388773 -4.37541 -6.50068 6.67747 0.0082989 -4.63613 -0.498209 0.0203761 1.98868 0.224888 1.07264 -1.37248 -4.09044 -0.0198567 5.28042 9.79348 6.97467 1.93164 -3.30508 2.95611 2.73669
internal_weight=25059 24960 112 92 67 24848 93 70 24755 24714 99 79 41 24676 64 42 24612 493 321 297 210 129 24119 172 62 87 41 187 81 110
internal_count=25059 24960 112 92 67 24848 93 70 24755 24714 99 79 41 24676 64 42 24612 493 321 297 210 129 24119 172 62 87 41 187 81 110
is_linear=0
shrinkage=0.05


end of trees

feature_importances:
Column_289=16
Column_288=9
Column_262=8
Column_269=7
Column_82=6
Column_173=6
Column_267=5
Column_274=5
Column_275=5
Column_281=5
Column_5=4
Column_215=4
Column_227=4
Column_254=4
Column_260=4
Column_292=4
Column_54=3
Column_59=3
Column_214=3
Column_220=3
Column_243=3
Column_253=3
Column_283=3
Column_16=2
Column_29=2
Column_47=2
Column_51=2
Column_68=2
Column_87=2
Column_89=2
Column_92=2
Column_103=2
Column_129=2
Column_153=2
Column_159=2
Column_162=2
Column_176=2
Column_180=2
Column_201=2
Column_211=2
Column_219=2
Column_226=2
Column_232=2
Column_235=2
Column_244=2
Column_247=2
Column_252=2
Column_255=2
Column_264=2
Column_268=2
Column_271=2
Column_276=2
Column_282=2
Column_285=2
Column_0=1
Column_1=1
Column_3=1
Column_4=1
Column_12=1
Column_13=1
Column_20=1
Column_22=1
Column_31=1
Column_33=1
Column_34=1
Column_37=1
Column_40=1
Column_43=1
Column_66=1
Column_71=1
Column_73=1
Column_79=1
Column_80=1
Column_88=1
Column_96=1
Column_99=1
Column_104=1
Column_106=1
Column_113=1
Column_114=1
Column_117=1
Column_121=1
Column_126=1
Column_131=1
Column_138=1
Column_143=1
Column_145=1
Column_148=1
Column_150=1
Column_152=1
Column_155=1
Column_160=1
Column_169=1
Column_171=1
Column_172=1
Column_186=1
Column_187=1
Column_191=1
Column_197=1
Column_199=1
Column_206=1
Column_213=1
Column_218=1
Column_230=1
Column_233=1
Column_234=1
Column_236=1
Column_238=1
Column_242=1
Column_246=1
Column_256=1
Column_258=1
Column_261=1
Column_286=1
Column_287=1

parameters:
[boosting: gbdt]
[objective: regression]
[metric: l2]
[tree_learner: serial]
[device_type: cpu]
[data_sample_strategy: bagging]
[data: ]
[valid: ]
[num_iterations: 1000]
[learning_rate: 0.05]
[num_leaves: 31]
[num_threads: 0]
[seed: 42]
[deterministic: 1]
[force_col_wise: 0]
[force_row_wise: 0]
[histogram_pool_size: -1]
[max_depth: -1]
[min_data_in_leaf: 20]
[min_sum_hessian_in_leaf: 0.001]
[bagging_fraction: 1]
[pos_bagging_fraction: 1]
[neg_bagging_fraction: 1]
[bagging_freq: 0]
[bagging_seed: 400]
[bagging_by_query: 0]
[feature_fraction: 1]
[feature_fraction_bynode: 1]
[feature_fraction_seed: 30056]
[extra_trees: 0]
[extra_seed: 12879]
[early_stopping_round: 0]
[early_stopping_min_delta: 0]
[first_metric_only: 0]
[max_delta_step: 0]
[lambda_l1: 0]
[lambda_l2: 0]
[linear_lambda: 0]
[min_gain_to_split: 0]
[drop_rate: 0.1]
[max_drop: 50]
[skip_drop: 0.5]
[xgboost_dart_mode: 0]
[uniform_drop: 0]
[drop_seed: 17869]
[top_rate: 0.2]
[other_rate: 0.1]
[min_data_per_group: 100]
[max_cat_threshold: 32]
[cat_l2: 10]
[cat_smooth: 10]
[max_cat_to_onehot: 4]
[top_k: 20]
[monotone_constraints: ]
[monotone_constraints_method: basic]
[monotone_penalty: 0]
[feature_contri: ]
[forcedsplits_filename: ]
[refit_decay_rate: 0.9]
[cegb_tradeoff: 1]
[cegb_penalty_split: 0]
[cegb_penalty_feature_lazy: ]
[cegb_penalty_feature_coupled: ]
[path_smooth: 0]
[interaction_constraints: ]
[verbosity: -1]
[saved_feature_importance_type: 0]
[use_quantized_grad: 0]
[num_grad_quant_bins: 4]
[quant_train_renew_leaf: 0]
[stochastic_rounding: 1]
[linear_tree: 0]
[max_bin: 255]
[max_bin_by_feature: ]
[min_data_in_bin: 3]
[bin_construct_sample_cnt: 200000]
[data_random_seed: 175]
[is_enable_sparse: 1]
[enable_bundle: 1]
[use_missing: 1]
[zero_as_missing: 0]
[feature_pre_filter: 1]
[pre_partition: 0]
[two_round: 0]
[header: 0]
[label_column: ]
[weight_column: ]
[group_column: ]
[ignore_column: ]
[categorical_feature: ]
[forcedbins_filename: ]
[precise_float_parser: 0]
[parser_config_file: ]
[objective_seed: 16083]
[num_class: 1]
[is_unbalance: 0]
[scale_pos_weight: 1]
[sigmoid: 1]
[boost_from_average: 1]
[reg_sqrt: 0]
[alpha: 0.9]
[fair_c: 1]
[poisson_max_delta_step: 0.7]
[tweedie_variance_power: 1.5]
[lambdarank_truncation_level: 30]
[lambdarank_norm: 1]
[label_gain: ]
[lambdarank_position_bias_regularization: 0]
[eval_at: ]
[multi_error_top_k: 1]
[auc_mu_weights: ]
[num_machines: 1]
[local_listen_port: 12400]
[time_out: 120]
[machine_list_filename: ]
[machines: ]
[gpu_platform_id: -1]
[gpu_device_id: -1]
[gpu_device_id_list: ]
[gpu_use_dp: 0]
[num_gpu: 1]

end of parameters

pandas_categorical:null
