tree
version=v4
num_class=1
num_tree_per_iteration=1
label_index=0
max_feature_idx=146
objective=regression
feature_names=Column_0 Column_1 Column_2 Column_3 Column_4 Column_5 Column_6 Column_7 Column_8 Column_9 Column_10 Column_11 Column_12 Column_13 Column_14 Column_15 Column_16 Column_17 Column_18 Column_19 Column_20 Column_21 Column_22 Column_23 Column_24 Column_25 Column_26 Column_27 Column_28 Column_29 Column_30 Column_31 Column_32 Column_33 Column_34 Column_35 Column_36 Column_37 Column_38 Column_39 Column_40 Column_41 Column_42 Column_43 Column_44 Column_45 Column_46 Column_47 Column_48 Column_49 Column_50 Column_51 Column_52 Column_53 Column_54 Column_55 Column_56 Column_57 Column_58 Column_59 Column_60 Column_61 Column_62 Column_63 Column_64 Column_65 Column_66 Column_67 Column_68 Column_69 Column_70 Column_71 Column_72 Column_73 Column_74 Column_75 Column_76 Column_77 Column_78 Column_79 Column_80 Column_81 Column_82 Column_83 Column_84 Column_85 Column_86 Column_87 Column_88 Column_89 Column_90 Column_91 Column_92 Column_93 Column_94 Column_95 Column_96 Column_97 Column_98 Column_99 Column_100 Column_101 Column_102 Column_103 Column_104 Column_105 Column_106 Column_107 Column_108 Column_109 Column_110 Column_111 Column_112 Column_113 Column_114 Column_115 Column_116 Column_117 Column_118 Column_119 Column_120 Column_121 Column_122 Column_123 Column_124 Column_125 Column_126 Column_127 Column_128 Column_129 Column_130 Column_131 Column_132 Column_133 Column_134 Column_135 Column_136 Column_137 Column_138 Column_139 Column_140 Column_141 Column_142 Column_143 Column_144 Column_145 Column_146
feature_infos=[-7908:12352] [-7298.5:12448] [-8842.5:11645] [-7993:11780.5] [-7133.47021484375:16089.6201171875] [136.75750732421875:1862.834716796875] [-5791.35400390625:12754.24609375] [-7975.5:11776.5] [-7146:11839.5] [-8333:10762] [-8067:11139.5] [-7089.96484375:15986.3603515625] [136.75750732421875:1862.834716796875] [-5827.50341796875:12576.0419921875] [-8054:11154] [-7860.5:11498] [-9404.5:10575] [-8727:10953] [-7046.009765625:15880.3095703125] [136.75750732421875:1862.834716796875] [-5679.09423828125:12373.583984375] [-8714:10953.5] [-8520.5:11475.5] [-10064.5:10364] [-9215:10909.5] [-6996.64990234375:15777.6953125] [136.75750732421875:1862.834716796875] [-5567.00341796875:12240.4853515625] [-9197.5:10895] [-8368:10954] [-9415.5:10039] [-8874.5:10636] [-6945.2099609375:15668.3203125] [136.75750732421875:1862.834716796875] [-5418.59423828125:12094.623046875] [-8958:10638.5] [-7886.5:10644.5] [-8968:9874.5] [-8697:10103] [-6892.4150390625:15550.08984375] [136.75750732421875:1862.834716796875] [-5287.81298828125:11902.0205078125] [-8695:10105.5] [-8366.5:10220.5] [-9387:9445.5] [-8391.5:9584] [-6829.919921875:15426.5703125] [136.75750732421875:1862.834716796875] [-5538.9072265625:11691.2919921875] [-8385.5:9589] [-7661:9673] [-9019.5:8912.5] [-8148.5:9321.5] [-6770.18994140625:15294.599609375] [136.75750732421875:1862.834716796875] [-5776.142578125:11406.810546875] [-8163.5:9307] [-6584.5:9464.5] [-8323.5:8647.5] [-7072:9352] [-6711.43017578125:15156.7099609375] [136.75750732421875:1862.834716796875] [-5872.4931640625:11095.646484375] [-7087:9337.5] [-6548.5:9396.5] [-7735:8481.5] [-6555:9078.5] [-6651.10986328125:15019.0146484375] [136.75750732421875:1862.834716796875] [-5934.53955078125:10794.7236328125] [-6547.5:9081] [-6079:9087] [-7187.5:8317] [-6541.5:8418.5] [-6590.21484375:14879.8701171875] [136.75750732421875:1862.834716796875] [-5989.7177734375:10554.4765625] [-6501:8412.5] [-5783:8953] [-7327:7888] [-6477.5:8026.5] [-6532.15478515625:14735.58984375] [136.75750732421875:1862.834716796875] [-5818.10693359375:10267.16015625] [-6460:8031.5] [-5630.5:8420] [-6678:6975] [-6137:7004.5] [-6475.35498046875:14589.349609375] [136.75750732421875:1862.834716796875] [-5538.0517578125:9894.0546875] [-6220.5:7006.5] [-5149:8001.5] [-6322:6062.5] [-5959.5:7046.5] [-6415.7001953125:14413.740234375] [136.75750732421875:1862.834716796875] [-5415.63818359375:9538.146484375] [-5957.5:7022] [-5629:7496.5] [-6649.5:6099] [-5654:6564] [-6351.384765625:14247.599609375] [136.75750732421875:1862.834716796875] [-5248.6708984375:9237.2236328125] [-5648:6611.5] [-4923.5:7365] [-6282:6080.5] [-5411:6594.5] [-6283.169921875:14052.0654296875] [136.75750732421875:1862.834716796875] [-5092.9736328125:8996.9765625] [-5426:6642] [-3590.5:7395.5] [-5586:5830] [-4098.5:6114] [-6208.740234375:13854.7998046875] [136.75750732421875:1862.834716796875] [-4841.47607421875:8709.66015625] [-4080.5:6127] [-3811:7632.5] [-5526.5:6125.5] [-3817.5:6934] [-6137.47998046875:13667.240234375] [136.75750732421875:1862.834716796875] [-4600.4326171875:8336.5546875] [-3810:6916] [-3341.5:6917.5] [-4450:5769] [-3804:6096.5] [-6065.31005859375:13484.6103515625] [136.75750732421875:1862.834716796875] [-4415.0751953125:7855.07373046875] [-3763.5:6091.5] [-2259.5:7066] [-4331:3434] [-2439.5:4998.5] [-5988.6748046875:13280.5400390625] [136.75750732421875:1862.834716796875] [-4111.568359375:7491.65771484375] [-2399:4995] [0:5732.5] [-4567.5:0] none [-5910.5498046875:13074.490234375] [136.75750732421875:1862.834716796875] [-3737.789306640625:6810.59814453125]
tree_sizes=2822 2805 2840 2820 2795 2809 2831 2837 2789 2841 2795 2861 2815 2801

Tree=0
num_leaves=31
num_cat=0
split_feature=75 38 33 18 138 131 11 64 133 119 115 51 40 108 89 110 141 125 114 114 66 59 78 142 9 29 136 120 134 19
split_gain=9.64454e+06 1.93637e+07 1.70502e+07 1.34673e+07 1.05755e+07 1.14464e+07 9.6887e+06 9.17951e+06 7.72041e+06 8.71576e+06 7.00925e+06 6.01575e+06 9.39232e+06 6.34855e+06 5.96969e+06 8.28565e+06 6.31583e+06 5.35419e+06 5.29935e+06 5.16534e+06 4.86378e+06 5.89596e+06 4.49351e+06 4.14839e+06 3.89385e+06 5.18053e+06 3.77505e+06 4.65863e+06 3.74901e+06 3.5272e+06
threshold=1480.4058837890627 -1319.7499999999998 1109.719909667969 4868.1650390625009 823.68878173828136 1109.719909667969 7676.4748535156259 2873.0000000000005 -139.24999999999997 545.75000000000011 -501.24999999999994 238.75000000000003 943.09799194335949 159.75000000000003 858.00915527343761 823.68878173828136 409.25000000000006 -1566.4171142578123 -790.74999999999989 165.75000000000003 1866.7500000000002 283.25000000000006 -1380.7499999999998 -658.24999999999989 1322.7500000000002 1463.2500000000002 -412.74999999999994 24.750000000000004 548.25000000000011 726.51162719726574
decision_type=2 2 2 2 2 2 2 2 2 2 2 2 2 2 2 2 2 2 2 2 2 2 2 2 2 2 2 2 2 2
left_child=2 10 3 4 17 14 8 26 9 18 -2 -10 13 -13 15 20 -17 -1 -5 -19 21 -6 -16 -7 25 -24 -4 -28 -3 -21
right_child=1 28 7 6 5 23 -8 -9 11 -11 -12 12 -14 -15 22 16 -18 19 -20 29 -22 -23 24 -25 -26 -27 27 -29 -30 -31
leaf_value=-7.4847903920045651 10.818409607046959 54.575227798618627 -26.998846278987575 34.314811084268243 -0.91602235396926424 -5.2522722967488056 -16.571647141776729 -37.876745910688591 -15.620772273860622 54.228977855839091 -30.079772296748807 -20.191022281251598 39.697102846302343 9.8848430940354532 -26.945142591178442 -58.14977215803254 -19.327272220454859 -0.094841399802153781 3.9828665908155356 -1.7729198963568638 9.393977760471655 -38.425908591027039 -5.4224995779832872 23.776009024776769 6.1886536494868514 -32.523581721784922 10.332485807760118 -12.383507156975137 25.780996890004687 -9.7870962600970994
leaf_weight=277 22 20 27 24 20 20 32 38 25 20 20 20 24 143 27 22 20 16898 36 4143 20 22 110 32 54 21 31 83 26 142
leaf_count=277 22 20 27 24 20 20 32 38 25 20 20 20 24 143 27 22 20 16898 36 4143 20 22 110 32 54 21 31 83 26 142
internal_value=-0.631339 15.8889 -0.696441 -0.572247 -0.722446 -9.12681 9.54676 -16.066 12.409 25.644 -8.65692 7.41473 10.4943 6.19455 -12.704 -22.5159 -39.6629 -0.578327 16.1156 -0.488014 -10.9002 -20.5641 -7.89057 12.6113 -5.10964 -9.76695 -10.1879 -6.20635 38.3002 -2.0385
internal_weight=22419 88 22331 22152 21828 368 324 179 292 80 42 212 187 163 316 104 42 21460 60 21183 62 42 212 52 185 131 141 114 46 4285
internal_count=22419 88 22331 22152 21828 368 324 179 292 80 42 212 187 163 316 104 42 21460 60 21183 62 42 212 52 185 131 141 114 46 4285
is_linear=0
shrinkage=1


Tree=1
num_leaves=31
num_cat=0
split_feature=75 38 33 18 138 131 11 58 133 119 6 76 33 54 89 110 141 39 125 114 121 142 5 15 50 107 91 79 66 59
split_gain=8.7042e+06 1.74757e+07 1.53878e+07 1.21542e+07 9.54441e+06 1.03303e+07 8.74405e+06 8.34041e+06 6.96767e+06 7.86597e+06 6.71728e+06 5.68964e+06 7.74997e+06 5.97893e+06 5.38765e+06 7.4778e+06 5.70004e+06 5.24979e+06 4.83215e+06 4.78267e+06 4.7332e+06 4.78089e+06 4.69903e+06 4.69759e+06 4.54144e+06 8.08729e+06 4.6625e+06 4.62521e+06 4.38956e+06 5.32111e+06
threshold=1480.4058837890627 -1319.7499999999998 1109.719909667969 4868.1650390625009 823.68878173828136 1109.719909667969 7676.4748535156259 1707.2500000000002 -139.24999999999997 545.75000000000011 103.62581634521486 1634.1916503906252 943.09799194335949 776.22653198242199 858.00915527343761 823.68878173828136 409.25000000000006 5986.7524414062509 -1566.4171142578123 -790.74999999999989 192.75000000000003 -609.74999999999989 427.58976745605474 3309.7500000000005 1751.5000000000002 307.75000000000006 -1258.7499999999998 -996.24999999999989 1866.7500000000002 283.25000000000006
decision_type=2 2 2 2 2 2 2 2 2 2 2 2 2 2 2 2 2 2 2 2 2 2 2 2 2 2 2 2 2 2
left_child=2 10 3 4 18 14 8 24 9 19 -2 -10 13 17 15 28 -17 -13 -1 -5 -20 22 -22 -15 25 26 -4 -28 29 -6
right_child=1 -3 7 6 5 -7 -8 -9 11 -11 -12 12 -14 23 -16 16 -18 -19 20 -21 21 -23 -24 -25 -26 -27 27 -29 -30 -31
leaf_value=-6.5107783268505059 -28.596220550537112 36.984988809668501 -21.812047363050056 33.198842779795335 -0.27044912338256838 12.580493391018649 -15.143293416500093 -35.111749443641081 -13.79739224822433 52.117300157546993 11.441088276559658 7.6858424180836398 40.167189702987677 6.8656967466527767 -6.8962734164213231 -54.642511595379226 -17.761136164665224 33.751590665181475 0.45808606809657715 4.383495206303067 -5.3327819824218752 -1.8433866367603109 24.922728683009293 -26.615865287780764 10.347976422309877 -40.426906759088695 21.218967237472537 -8.2297635889053335 9.5240512943267817 -35.904840595071967
leaf_weight=277 20 46 33 24 20 52 32 39 27 20 22 99 20 22 212 22 20 24 17868 36 21 3261 33 20 25 22 20 40 20 22
leaf_count=277 20 46 33 24 20 52 32 39 27 20 22 99 20 22 212 22 20 24 17868 36 21 3261 33 20 25 22 20 40 20 22
internal_value=1.91448e-07 15.6942 -0.0618461 0.0561383 -0.0865513 -8.0707 9.66919 -14.6629 12.3884 24.9616 -7.6243 7.64377 10.773 7.21009 -11.469 -20.7903 -37.08 12.7718 0.0503623 15.9096 0.136159 -1.59904 13.1567 -9.0779 -8.96644 -13.1652 -6.71622 1.58648 -9.75539 -18.9361
internal_weight=22419 88 22331 22152 21828 368 324 179 292 80 42 212 185 165 316 104 42 123 21460 60 21183 3315 54 42 140 115 93 60 62 42
internal_count=22419 88 22331 22152 21828 368 324 179 292 80 42 212 185 165 316 104 42 123 21460 60 21183 3315 54 42 140 115 93 60 62 42
is_linear=0
shrinkage=0.05


Tree=2
num_leaves=31
num_cat=0
split_feature=138 11 144 89 88 99 128 100 21 103 23 78 31 94 0 107 85 83 93 73 113 114 117 113 51 121 78 138 80 19
split_gain=8.11806e+06 1.33301e+07 1.00736e+07 8.69985e+06 7.02348e+06 6.33117e+06 7.67636e+06 6.19658e+06 8.92982e+06 7.4226e+06 7.33762e+06 6.26367e+06 6.09003e+06 5.62701e+06 4.96966e+06 1.05159e+07 7.1776e+06 6.3263e+06 5.94909e+06 5.30543e+06 4.93337e+06 4.37608e+06 4.60843e+06 4.09588e+06 4.13213e+06 3.95801e+06 3.94616e+06 4.4262e+06 3.84881e+06 5.10097e+06
threshold=1480.4058837890627 7676.4748535156259 5098.3500976562509 726.51162719726574 4689.0200195312509 -445.24999999999994 -802.24999999999989 2112.2500000000005 2036.2500000000002 858.00915527343761 3695.2500000000005 1683.0000000000002 1846.7500000000002 1434.2500000000002 -2819.2499999999995 -471.24999999999994 -1809.2499999999998 -918.03894042968739 -1046.2499999999998 -120.74999999999999 -233.24999999999997 -1726.7499999999998 739.54895019531261 854.75000000000011 1013.7500000000001 192.75000000000003 2923.5000000000005 992.53356933593761 2526.2500000000005 726.51162719726574
decision_type=2 2 2 2 2 2 2 2 2 2 2 2 2 2 2 2 2 2 2 2 2 2 2 2 2 2 2 2 2 2
left_child=1 2 3 4 21 -2 -7 8 12 11 13 -10 14 23 15 -5 -16 -18 19 -19 -20 -1 25 24 -11 -23 -4 -28 29 -27
right_child=5 -3 26 7 -6 6 -8 -9 9 10 -12 -13 -14 -15 16 -17 17 18 20 -21 -22 22 -24 -25 -26 28 27 -29 -30 -31
leaf_value=-7.4184312356325499 -3.9726815568989724 -30.460573413636951 32.714420992987499 -5.9099842714852304 17.086246875856745 41.699430016548405 5.582245240892683 -31.41487095242455 5.7628005836949212 7.5352922401428222 -12.902597943219272 -27.416825166702274 -26.546580543518065 39.529604522705085 -26.04061546598162 -46.508747863769536 7.205203027871903 -9.5709879175072814 13.182780351030068 -35.28803044954936 -4.0041455081599286 0.41096945227522419 11.330596450878227 -2.9850819417408534 37.620714641752699 -1.4985660835715493 23.898663917294257 -4.7311689306188516 10.020895047254967 -17.757324705318531
leaf_weight=192 29 36 28 58 61 31 28 21 33 25 22 25 35 25 35 22 128 122 47 24 374 17588 92 28 21 3115 27 27 71 49
leaf_count=192 29 36 28 58 61 31 28 21 33 25 22 25 35 25 35 22 128 122 47 24 374 17588 92 28 21 3115 27 27 71 49
internal_value=-3.76849e-08 -0.0597277 -0.0106391 -0.0752138 0.144643 15.1566 24.5591 -4.52874 -3.97736 6.16743 13.2167 -8.53876 -6.12638 19.021 -5.24402 -17.0746 -3.94752 -2.83492 -5.10147 -13.7984 -2.08542 0.0956814 0.164661 12.0924 21.2699 0.115328 17.482 9.58375 -1.49201 -1.75036
internal_weight=22419 22331 22295 22213 21168 88 59 1045 1024 179 121 58 845 99 810 80 730 695 567 146 421 21107 20915 74 46 20823 82 54 3235 3164
internal_count=22419 22331 22295 22213 21168 88 59 1045 1024 179 121 58 845 99 810 80 730 695 567 146 421 21107 20915 74 46 20823 82 54 3235 3164
is_linear=0
shrinkage=0.05


Tree=3
num_leaves=31
num_cat=0
split_feature=75 38 33 18 138 131 11 58 133 119 6 96 1 80 103 135 113 51 40 108 125 49 114 114 51 107 136 36 55 99
split_gain=7.6612e+06 1.52263e+07 1.32062e+07 1.02801e+07 8.16133e+06 8.99974e+06 7.51763e+06 7.51526e+06 6.27445e+06 6.97704e+06 6.13197e+06 4.90916e+06 7.26418e+06 6.84983e+06 6.30362e+06 5.79161e+06 7.91355e+06 4.85418e+06 7.74295e+06 5.40438e+06 4.20168e+06 4.36544e+06 4.19601e+06 4.02841e+06 3.93648e+06 5.5518e+06 4.70406e+06 3.93303e+06 8.03883e+06 4.31755e+06
threshold=1480.4058837890627 -1319.7499999999998 1109.719909667969 4868.1650390625009 823.68878173828136 1109.719909667969 7676.4748535156259 1707.2500000000002 -139.24999999999997 545.75000000000011 103.62581634521486 899.23205566406261 20.250000000000004 794.25000000000011 739.54895019531261 175.25000000000003 397.25000000000006 238.75000000000003 943.09799194335949 159.75000000000003 -1566.4171142578123 -2592.2499999999995 -790.74999999999989 165.75000000000003 231.25000000000003 307.75000000000006 -107.74999999999999 1646.2500000000002 1118.321716308594 242.75000000000003
decision_type=2 2 2 2 2 2 2 2 2 2 2 2 2 2 2 2 2 2 2 2 2 2 2 2 2 2 2 2 2 2
left_child=2 10 3 4 20 11 8 24 9 22 -2 12 -6 27 -14 16 -16 -10 19 -19 -1 -22 -5 -23 25 26 -4 28 29 -13
right_child=1 -3 7 6 5 -7 -8 -9 17 -11 -12 13 14 -15 15 -17 -18 18 -20 -21 21 23 -24 -25 -26 -27 -28 -29 -30 -31
leaf_value=-6.0714994590204974 -27.079599876403808 34.597293084341544 -19.599112257957458 31.013831933339436 8.9064304987589527 11.812405107113031 -14.114528036117555 -32.995447388673441 -13.781337306022644 48.920127887725833 11.173635253039274 -20.50817004982698 0.75330895510586826 16.053223979088568 -19.563983666556226 -5.5179463577270518 -53.692628346067494 -18.571202409267425 36.192363226413725 9.1782183228672807 22.912182835170203 0.45155231834934029 4.0235754622353452 -1.2654375432521461 5.811576447615753 -36.140748923165454 4.3593320063182288 -25.007925636118109 19.720131408691408 1.2788208381549733
leaf_weight=277 20 46 40 24 21 52 32 39 25 20 22 59 22 31 35 20 33 20 24 143 21 16879 36 4283 37 21 42 33 25 37
leaf_count=277 20 46 40 24 21 52 32 39 25 20 22 59 22 31 35 20 33 20 24 143 21 16879 36 4283 37 21 42 33 25 37
internal_value=3.44864e-08 14.7239 -0.0580226 0.0512784 -0.0799497 -7.46298 8.89217 -13.5845 11.4135 23.3448 -7.04219 -10.6349 -18.0408 -5.39067 -23.1853 -29.1699 -36.1264 6.91106 9.67742 5.77338 0.0466558 0.12666 14.8197 0.104049 -8.17714 -13.2022 -7.32771 -9.7073 -5.5344 -12.1111
internal_weight=22419 88 22331 22152 21828 368 324 179 292 80 42 316 131 185 110 88 68 212 187 163 21460 21183 60 21162 140 103 82 154 121 96
internal_count=22419 88 22331 22152 21828 368 324 179 292 80 42 316 131 185 110 88 68 212 187 163 21460 21183 60 21162 140 103 82 154 121 96
is_linear=0
shrinkage=0.05


Tree=4
num_leaves=31
num_cat=0
split_feature=138 46 144 138 21 103 128 87 61 99 128 92 63 78 138 15 144 71 43 12 0 3 84 114 131 124 108 128 54 26
split_gain=7.20187e+06 1.17727e+07 8.46226e+06 7.43354e+06 1.16988e+07 9.85402e+06 7.50282e+06 1.01933e+07 6.25213e+06 5.6634e+06 6.6512e+06 5.23193e+06 5.15538e+06 4.6732e+06 4.89459e+06 4.60699e+06 4.31887e+06 5.20018e+06 6.17713e+06 6.65398e+06 4.87384e+06 4.82655e+06 4.09133e+06 4.224e+06 4.80385e+06 5.22557e+06 4.05523e+06 4.42303e+06 4.40461e+06 3.61356e+06
threshold=1480.4058837890627 7224.9199218750009 5098.3500976562509 858.00915527343761 2036.2500000000002 899.23205566406261 331.25000000000006 1859.7500000000002 726.51162719726574 -445.24999999999994 -802.24999999999989 1120.2500000000002 301.25000000000006 2923.5000000000005 992.53356933593761 2163.7500000000005 664.01000976562511 1414.2500000000002 -1702.4999999999998 1039.6253662109377 127.25000000000001 1092.7500000000002 2536.2500000000005 1025.5000000000002 726.51162719726574 650.02038574218761 1413.7500000000002 969.50000000000011 544.70681762695324 311.87857055664068
decision_type=2 2 2 2 2 2 2 2 2 2 2 2 2 2 2 2 2 2 2 2 2 2 2 2 2 2 2 2 2 2
left_child=1 2 3 22 5 12 8 -8 -6 -2 -11 -10 -5 -4 -15 16 20 18 -18 21 -7 -20 23 -1 25 29 -24 28 -28 -25
right_child=9 -3 13 4 6 15 7 -9 11 10 -12 -13 -14 14 -16 -17 17 -19 19 -21 -22 -23 26 24 -26 -27 27 -29 -30 -31
leaf_value=0.11610099249014223 -3.816621803415233 -28.625987293985158 32.159059799025805 -13.38894391267196 -5.6559100486136771 -7.0238968958457306 11.945067568258807 -35.660466235616937 6.7080373398093291 39.123361912081322 5.504256875174387 31.519458929697677 -45.08746203060808 22.103748413368507 -8.2909281950730556 -26.55404649931809 15.477127657192094 13.476471752621407 -9.8384320662571838 -25.129944754619988 -34.619870376586917 14.992557416643416 26.582231563991968 6.4645074769258501 -28.584989629473007 16.743833167212351 -18.161453698149749 18.953128507060391 12.130892708188012 -8.2360092420963689
leaf_weight=21219 29 36 29 23 37 48 22 23 43 31 28 42 29 27 26 29 28 43 65 49 24 28 27 50 21 28 28 31 21 255
leaf_count=21219 29 36 29 23 37 48 22 23 43 31 28 42 29 27 26 29 28 43 65 49 24 28 27 50 21 28 28 31 21 255
internal_value=-3.9594e-08 -0.0562564 -0.0101245 -0.0693097 -5.90282 -10.9066 5.06344 -12.3866 11.5 14.2757 23.1685 18.9678 -31.067 16.0226 7.19315 -7.56789 -5.63596 -2.0574 -5.98655 -10.2188 -16.2226 -2.36244 0.0741064 0.0257327 -5.391 -3.92832 9.82706 4.17219 -5.17902 -5.82609
internal_weight=22419 22331 22295 22213 533 366 167 45 122 88 59 85 52 82 53 314 285 213 170 142 72 93 21680 21573 354 333 107 80 49 305
internal_count=22419 22331 22295 22213 533 366 167 45 122 88 59 85 52 82 53 314 285 213 170 142 72 93 21680 21573 354 333 107 80 49 305
is_linear=0
shrinkage=0.05


Tree=5
num_leaves=31
num_cat=0
split_feature=75 38 33 18 142 138 131 26 5 45 43 115 12 85 70 134 142 66 85 89 110 141 89 110 125 49 66 59 63 142
split_gain=6.83626e+06 1.33316e+07 1.15449e+07 8.93569e+06 7.08668e+06 6.81815e+06 8.05907e+06 6.81219e+06 3.09515e+07 1.03715e+07 7.68756e+06 6.04121e+06 5.96443e+06 5.80462e+06 5.68282e+06 5.46296e+06 5.60581e+06 4.79094e+06 4.73268e+06 4.29381e+06 6.15414e+06 4.66856e+06 4.15411e+06 4.61178e+06 3.79494e+06 3.93898e+06 3.78987e+06 4.32004e+06 3.70993e+06 3.65928e+06
threshold=1480.4058837890627 -1319.7499999999998 1109.719909667969 4868.1650390625009 -609.74999999999989 823.68878173828136 1109.719909667969 858.00915527343761 798.89459228515636 766.25000000000011 5051.7500000000009 -501.24999999999994 1200.0135498046877 682.75000000000011 962.25000000000011 672.25000000000011 -126.24999999999999 2499.0000000000005 2230.7500000000005 858.00915527343761 823.68878173828136 409.25000000000006 726.51162719726574 619.04949951171886 -1566.4171142578123 -2592.2499999999995 1866.7500000000002 283.25000000000006 -1433.7499999999998 -658.24999999999989
decision_type=2 2 2 2 2 2 2 2 2 2 2 2 2 2 2 2 2 2 2 2 2 2 2 2 2 2 2 2 2 2
left_child=2 11 3 5 12 24 19 8 10 -9 13 -2 -4 -5 -15 -6 -17 -11 -16 20 26 -22 23 -20 -1 -26 27 -7 -21 -8
right_child=1 -3 4 7 15 6 29 9 -10 17 -12 -13 -14 14 18 16 -18 -19 22 28 21 -23 -24 -25 25 -27 -28 -29 -30 -31
leaf_value=-5.7737295906035913 11.622290420532227 32.504441580305929 -50.364444274902347 -16.073276972273984 2.3401551237743763 0.15245370864868166 -5.3603619003295897 -9.7039942193031319 -45.258087321690155 21.487278956335945 34.549127552427095 -26.34680253982544 -13.029990878312484 30.77190252372197 -2.2964481291018037 -29.977130289454209 0.15297652024489183 51.861282219886782 8.9392346382141117 -18.135540391029195 -48.818169645829641 -15.440208358764648 -1.1330188924616034 42.894263629913333 21.760768472580683 0.095312793235912505 9.7787154054641725 -31.955454629117796 -2.2123491160797353 21.902988235931844
leaf_weight=277 22 46 20 24 72 20 20 20 28 37 29 20 23 28 76 38 26 20 20 47 22 20 22 20 21 21162 20 22 165 32
leaf_count=277 22 46 20 24 72 20 20 20 28 37 29 20 23 28 76 38 26 20 20 47 22 20 22 20 21 21162 20 22 165 32
internal_value=5.66216e-08 13.9086 -0.0548098 0.0473855 -12.7019 -0.0749614 -6.82315 8.28994 4.24197 21.275 10.5707 -6.45823 -30.3949 6.91088 10.2339 -7.10781 -17.7368 32.1448 6.06676 -9.82471 -18.1462 -32.9239 16.3184 25.9167 0.0407578 0.116791 -8.13543 -16.666 -5.74249 11.4171
internal_weight=22419 88 22331 22152 179 21828 368 324 247 77 219 42 43 190 166 136 64 57 138 316 104 42 62 40 21460 21183 62 42 212 52
internal_count=22419 88 22331 22152 179 21828 368 324 247 77 219 42 43 190 166 136 64 57 138 316 104 42 62 40 21460 21183 62 42 212 52
is_linear=0
shrinkage=0.05


Tree=6
num_leaves=31
num_cat=0
split_feature=47 6 33 18 49 43 138 131 11 133 119 141 129 136 21 111 96 80 5 23 36 55 140 66 114 125 114 1 75 6
split_gain=6.21726e+06 1.54302e+07 1.06782e+07 8.01427e+06 7.57436e+06 6.58364e+06 6.15338e+06 7.27331e+06 5.96062e+06 5.50474e+06 5.78549e+06 5.43217e+06 5.38979e+06 4.17688e+06 4.13161e+06 4.47216e+06 5.35052e+06 5.68501e+06 4.62572e+06 6.62056e+06 4.6216e+06 5.50172e+06 3.78216e+06 3.70233e+06 3.66862e+06 3.42493e+06 3.58385e+06 3.31774e+06 4.04797e+06 3.37061e+06
threshold=1480.4058837890627 35.048652648925788 1109.719909667969 4868.1650390625009 -1530.2499999999998 -128.24999999999997 823.68878173828136 1109.719909667969 7676.4748535156259 -139.24999999999997 545.75000000000011 1109.7500000000002 -720.99999999999989 -9.7499999999999982 -1587.2499999999998 -842.76770019531239 899.23205566406261 794.25000000000011 584.03851318359386 797.25000000000011 1646.2500000000002 1118.321716308594 130.75000000000003 3270.2500000000005 -790.74999999999989 -1566.4171142578123 165.75000000000003 2793.7500000000005 656.75689697265636 2064.812133789063
decision_type=2 2 2 2 2 2 2 2 2 2 2 2 2 2 2 2 2 2 2 2 2 2 2 2 2 2 2 2 2 2
left_child=2 4 3 6 -2 -3 25 14 9 10 24 12 -4 -11 -8 -16 18 20 -17 -20 21 -18 -21 -15 -5 -1 27 29 -29 -27
right_child=1 5 11 8 -6 -7 7 -9 -10 13 -12 -13 -14 23 15 16 17 -19 19 22 -22 -23 -24 -25 -26 26 -28 28 -30 -31
leaf_value=-5.4850431172533591 -27.441024364124644 15.914409890174866 -33.113973131179812 28.706707048416138 12.421579211950302 56.484223530292518 5.9033226942404724 10.846230422533475 -11.683625924246652 -7.3975057918092482 44.616778755187994 -34.975379467010498 -5.2745036237221914 5.980190417481893 -32.106073506673177 -3.2133811692933776 -10.483899696523494 16.270476342837018 -7.5970228701829914 -51.460720493482512 -24.291314181685451 18.207106351852417 -21.730692119598388 24.909468485414983 3.4695605667101015 0.47176400956023584 -1.1805461007314044 4.4359889264029215 27.722745878046211 -4.7334989340147393
leaf_weight=277 22 20 20 24 26 20 39 52 35 46 20 23 133 134 24 37 55 30 32 23 32 24 20 32 36 16436 4285 123 22 317
leaf_count=277 22 20 20 24 26 20 39 52 35 46 20 23 133 134 24 37 55 30 32 23 32 24 20 32 36 16436 4285 123 22 317
internal_value=-1.74013e-07 13.264 -0.0522697 0.0451811 -5.84878 36.1993 -0.0712136 -6.48199 7.81479 10.1519 21.3275 -12.3194 -8.91365 5.93473 -9.33348 -11.4787 -9.52198 -3.0415 -17.6804 -24.8175 -8.26095 -1.76764 -37.6328 9.62921 13.5644 0.0387197 0.110951 0.43845 7.96915 0.37327
internal_weight=22419 88 22331 22155 48 40 21828 368 327 292 80 176 153 212 316 277 253 141 112 75 111 79 43 166 60 21460 21183 16898 145 16753
internal_count=22419 88 22331 22155 48 40 21828 368 327 292 80 176 153 212 316 277 253 141 112 75 111 79 43 166 60 21460 21183 16898 145 16753
is_linear=0
shrinkage=0.05


Tree=7
num_leaves=31
num_cat=0
split_feature=138 46 144 86 93 72 39 119 87 128 23 3 142 83 26 30 78 138 15 43 2 44 80 113 89 122 30 94 20 24
split_gain=6.11269e+06 1.0277e+07 6.27483e+06 6.12841e+06 5.1408e+06 6.61694e+06 9.20529e+06 4.52287e+06 1.05251e+07 6.88202e+06 5.98152e+06 5.14433e+06 5.01423e+06 4.75057e+06 4.74583e+06 4.69073e+06 4.28562e+06 4.28218e+06 4.05863e+06 6.17597e+06 4.58565e+06 4.91893e+06 4.46473e+06 3.96709e+06 8.03875e+06 4.92001e+06 4.56597e+06 4.82472e+06 4.0011e+06 5.81328e+06
threshold=1480.4058837890627 7224.9199218750009 5098.3500976562509 -1989.2499999999998 777.25000000000011 -479.74999999999994 5986.7524414062509 1248.7500000000002 2432.7500000000005 853.75000000000011 3163.2500000000005 3129.0000000000005 -367.24999999999994 2386.2250976562505 992.53356933593761 1202.7500000000002 2923.5000000000005 992.53356933593761 2574.5000000000005 2522.7500000000005 1639.5000000000002 1860.5000000000002 1492.2500000000002 747.75000000000011 715.72747802734386 -172.74999999999997 -2175.7499999999995 -254.24999999999997 2467.5549316406255 1915.5000000000002
decision_type=2 2 2 2 2 2 2 2 2 2 2 2 2 2 2 2 2 2 2 2 2 2 2 2 2 2 2 2 2 2
left_child=1 2 3 -1 5 6 -2 8 18 10 13 -10 -11 14 -9 -14 -4 -18 19 23 -20 22 -22 -5 28 -26 -27 -28 -25 -30
right_child=4 -3 16 7 -6 -7 -8 9 11 12 -12 -13 15 -15 -16 -17 17 -19 20 -21 21 -23 -24 24 25 26 27 -29 29 -31
leaf_value=-6.131080881812994 -7.9526461863517772 -26.745039534568789 29.250011161278039 0.28344848213528279 31.813745186879085 -18.344713497161866 38.916499868306254 -7.5289092351089826 6.161193552884189 16.825708121695417 -32.097826124120644 39.312608917236332 12.714091346138403 10.049855467852424 -31.524194248862887 -8.0405509918928146 19.288441590909606 -9.1412314048180203 20.691796642396511 -13.5256690683819 5.4169435521960265 -1.7943024436719555 24.905702226691776 -1.4528566671930092 -35.550313382148744 10.857924175262452 -34.833398843946917 -8.7532091684508746 29.134249341487887 -6.2356165658859979
leaf_weight=408 20 36 29 18773 26 20 22 198 22 47 27 25 38 34 23 96 27 26 41 84 160 229 36 1746 20 24 21 114 26 21
leaf_count=408 20 36 29 18773 26 20 22 198 22 47 27 25 38 34 23 96 27 26 41 84 160 229 36 1746 20 24 21 114 26 21
internal_value=4.00885e-08 -0.0518281 -0.00872621 -0.059691 13.152 5.32606 16.5979 0.0539126 0.159977 -4.83515 -9.71889 23.7949 2.77376 -7.34935 -10.0262 -2.15491 13.7971 5.34181 0.107813 0.00456544 4.72271 3.18217 8.99651 0.0593516 -2.074 -12.1776 -9.23759 -12.8101 -1.06533 13.3307
internal_weight=22419 22331 22295 22213 88 62 42 21805 21342 463 282 47 181 255 221 134 82 53 21295 20829 466 425 196 20745 1972 179 159 135 1793 47
internal_count=22419 22331 22295 22213 88 62 42 21805 21342 463 282 47 181 255 221 134 82 53 21295 20829 466 425 196 20745 1972 179 159 135 1793 47
is_linear=0
shrinkage=0.05


Tree=8
num_leaves=31
num_cat=0
split_feature=47 6 33 15 102 26 5 8 57 43 43 103 93 131 96 60 136 128 65 45 33 110 76 22 97 70 99 45 36 55
split_gain=5.57775e+06 1.35227e+07 9.40076e+06 7.13652e+06 6.95851e+06 7.19607e+06 2.39284e+07 1.26672e+07 1.08747e+07 7.78036e+06 5.76701e+06 5.42798e+06 6.81174e+06 5.25103e+06 7.63838e+06 6.52357e+06 6.41676e+06 6.29795e+06 4.90787e+06 7.97457e+06 4.66858e+06 9.50793e+06 4.63322e+06 4.88912e+06 5.34308e+06 4.40989e+06 5.68458e+06 5.27579e+06 4.3989e+06 4.43415e+06
threshold=1480.4058837890627 35.048652648925788 1109.719909667969 -1203.7499999999998 3816.9499511718755 858.00915527343761 798.89459228515636 3651.0000000000005 3002.0000000000005 5051.7500000000009 -128.24999999999997 899.23205566406261 -301.74999999999994 823.68878173828136 899.23205566406261 2625.319946289063 73.250000000000014 -633.24999999999989 749.75000000000011 780.75000000000011 650.02038574218761 715.72747802734386 2019.6057128906252 -1378.2499999999998 -777.97418212890614 1595.2500000000002 1480.5000000000002 2605.5000000000005 1646.2500000000002 1142.2956542968752
decision_type=2 2 2 2 2 2 2 2 2 2 2 2 2 2 2 2 2 2 2 2 2 2 2 2 2 2 2 2 2 2
left_child=2 3 4 -2 13 6 9 -8 11 20 -3 -7 -13 -1 15 16 -15 -17 19 -4 21 -6 23 -16 -25 26 -22 -27 29 -26
right_child=1 10 18 -5 5 8 7 -9 -10 -11 -12 12 -14 14 22 17 -18 -19 -20 -21 25 -23 -24 24 28 27 -28 -29 -30 -31
leaf_value=0.0032210056932516192 -22.331932414019551 15.049024677276613 -11.438369250165092 16.531618860222046 5.0809237178029685 29.027099526446804 -6.6165197545831864 -61.597092977166177 48.102084118386976 29.484353474208287 53.019447364807128 18.662477836608886 -17.55756259141145 -19.068472351899018 18.466738111322577 -10.984188098907472 13.343895114385166 -45.229206848144536 -22.338701488032484 23.466317653656006 -6.6878814507753424 36.970922286422166 18.28104681287493 -26.495991318566457 -2.9771900107986049 -30.448045387268067 22.840895304509573 0.42340000521752147 -19.136264467239382 22.512826173955744
leaf_weight=21333 27 20 90 21 174 23 22 20 23 35 20 25 27 37 22 25 26 29 66 20 39 27 28 28 76 25 28 31 30 22
leaf_count=21333 27 20 90 21 174 23 22 20 23 35 20 25 27 37 22 25 26 29 66 20 39 27 28 28 76 25 28 31 30 22
internal_value=5.04029e-08 12.5633 -0.0495083 -5.32913 0.0419278 5.87949 2.91118 -32.7977 18.0253 7.08883 34.0342 8.80175 -0.144082 -0.0925819 -6.42002 -16.6226 -5.69194 -29.375 -11.5596 -5.09206 4.66956 9.36465 -0.625351 -3.59939 -6.71128 -3.00291 5.6525 -13.3585 -2.38338 2.74506
internal_weight=22419 88 22331 48 22155 499 401 42 98 359 40 75 52 21656 323 117 63 54 176 110 324 201 206 178 156 123 67 56 128 98
internal_count=22419 88 22331 48 22155 499 401 42 98 359 40 75 52 21656 323 117 63 54 176 110 324 201 206 178 156 123 67 56 128 98
is_linear=0
shrinkage=0.05


Tree=9
num_leaves=31
num_cat=0
split_feature=138 11 86 57 108 108 99 128 29 64 1 138 16 0 136 114 1 129 125 94 33 141 142 141 98 19 66 43 53 48
split_gain=5.26028e+06 8.9861e+06 5.43876e+06 5.30913e+06 5.16661e+06 9.72857e+06 5.01082e+06 4.93218e+06 4.44208e+06 5.82261e+06 3.96871e+06 4.99445e+06 7.76896e+06 9.40569e+06 6.85463e+06 4.60205e+06 4.56576e+06 4.83479e+06 4.43688e+06 3.96608e+06 4.22776e+06 3.81877e+06 6.09425e+06 5.60602e+06 3.59689e+06 3.44137e+06 3.35389e+06 3.29695e+06 3.83056e+06 3.20738e+06
threshold=1480.4058837890627 7676.4748535156259 -1989.2499999999998 3863.0000000000005 1200.2500000000002 2704.0000000000005 -445.24999999999994 -802.24999999999989 4292.0000000000009 2873.0000000000005 2793.7500000000005 823.68878173828136 288.25000000000006 1054.7500000000002 -449.74999999999994 363.75000000000006 -2277.7499999999995 -287.24999999999994 -472.05609130859369 450.75000000000006 858.00915527343761 353.25000000000006 -315.24999999999994 250.25000000000003 -796.74999999999989 1039.6253662109377 2059.2500000000005 3164.0000000000005 4957.3823242187509 3205.1882324218755
decision_type=2 2 2 2 2 2 2 2 2 2 2 2 2 2 2 2 2 2 2 2 2 2 2 2 2 2 2 2 2 2
left_child=1 2 24 8 -5 -6 -2 -8 10 -10 11 27 16 -14 -15 19 -13 -18 -19 20 -12 23 -23 -17 25 -1 -24 28 -4 -28
right_child=6 -3 3 4 5 -7 7 -9 9 -11 15 12 13 14 -16 21 17 18 -20 -21 -22 22 26 -25 -26 -27 29 -29 -30 -31
leaf_value=-5.6694059481953873 -4.817526455583244 -25.008624690108832 0.061195451120650737 27.644062666459519 -9.2143730640411388 28.624689050821157 34.304560313686252 5.3540918661015375 2.9094752776622776 -34.78659878685361 -1.2919573745994926 -21.346190479527351 -38.948564101710467 16.520025491714478 -15.646799995650108 -1.3473837610500963 -8.9284675352275382 29.55398180961609 3.858640561785017 15.117423011665057 22.774744090979752 20.347818533521753 6.0193847759910248 -29.957334352576215 9.5982782159532825 -22.581354584838408 -19.484243445926243 -19.279704969579527 18.245820782102388 4.7481572237881755
leaf_weight=340 29 36 20831 33 49 26 31 28 20 21 107 23 33 22 67 67 64 20 105 133 22 43 69 23 35 33 36 22 29 22
leaf_count=340 29 36 20831 33 49 26 31 28 20 21 107 23 33 22 67 67 64 20 105 133 22 43 69 23 35 33 36 22 29 22
internal_value=-5.62908e-08 -0.0480789 -0.00777477 0.0988488 11.1573 3.90317 12.2005 20.5654 0.0440109 -16.3983 0.0750226 -0.0309487 -6.09684 -16.1492 -7.69545 4.38209 -0.312016 2.2477 7.9699 9.05886 2.81244 -0.330665 4.07836 -8.65882 -5.72756 -7.16564 -1.4302 0.0660731 0.0864761 -10.2926
internal_weight=22419 22331 22295 21887 108 75 88 59 21779 41 21738 21216 334 122 89 522 212 189 125 262 129 260 170 90 408 373 127 20882 20860 58
internal_count=22419 22331 22295 21887 108 75 88 59 21779 41 21738 21216 334 122 89 522 212 189 125 262 129 260 170 90 408 373 127 20882 20860 58
is_linear=0
shrinkage=0.05


Tree=10
num_leaves=31
num_cat=0
split_feature=47 6 33 6 18 43 26 5 50 36 92 138 131 141 129 27 96 13 135 135 12 108 9 142 66 30 145 85 84 90
split_gain=5.04441e+06 1.23322e+07 8.18478e+06 6.16986e+06 6.10782e+06 5.06243e+06 5.0411e+06 2.35866e+07 8.74217e+06 6.4114e+06 4.96272e+06 4.82369e+06 5.96669e+06 4.52091e+06 4.80151e+06 3.67734e+06 3.93062e+06 5.27382e+06 4.49947e+06 5.77004e+06 4.33174e+06 3.7335e+06 3.60645e+06 3.14271e+06 3.09334e+06 4.57601e+06 3.63864e+06 2.91563e+06 2.88889e+06 4.99241e+06
threshold=1480.4058837890627 35.048652648925788 1109.719909667969 -1540.0477294921873 4868.1650390625009 -128.24999999999997 858.00915527343761 798.89459228515636 1210.2500000000002 5199.5000000000009 468.25000000000006 823.68878173828136 1109.719909667969 1109.7500000000002 -720.99999999999989 43.885784149169929 899.23205566406261 2212.926391601563 151.25000000000003 -397.74999999999994 715.72747802734386 -222.24999999999997 2312.7500000000005 -658.24999999999989 1713.2500000000002 1872.7500000000002 798.89459228515636 -291.74999999999994 2536.2500000000005 2972.3647460937505
decision_type=2 2 2 2 2 2 2 2 2 2 2 2 2 2 2 2 2 2 2 2 2 2 2 2 2 2 2 2 2 2
left_child=2 3 4 -2 11 -3 7 9 -8 10 -6 28 15 14 -4 -13 18 21 19 -17 -19 27 -10 -14 26 -26 -12 -18 29 -1
right_child=1 5 13 -5 6 -7 8 -9 22 -11 24 12 23 -15 -16 16 17 20 -20 -21 -22 -23 -24 -25 25 -27 -28 -29 -30 -31
leaf_value=0.020487803002309863 10.670282855298785 14.663894808590413 -30.521386499404908 -25.465439969017396 -15.230990213394165 50.239285697937014 -8.2905711505724042 -39.923363195146834 17.884593890695012 31.156757313864574 8.9403987795114528 4.745541396348373 -5.5928554534912109 -31.455435010661251 -4.2451196846657231 -14.851463773846627 -11.18358367919922 -5.827056088814369 2.0001321377961534 -43.178067619323734 23.961448362599249 -1.7255887260624008 43.520236392060056 19.673002684116366 -15.560035852909088 9.314207336600397 33.496344930475409 -34.100304211740912 9.0235114569074657 -24.370476586478098
leaf_weight=21350 27 20 20 21 25 20 23 28 34 28 48 46 20 23 133 64 35 26 23 25 23 51 23 32 25 71 22 23 89 21
leaf_count=21350 27 20 20 21 25 20 23 28 34 28 48 46 20 23 133 64 35 26 23 25 23 51 23 32 25 71 22 23 89 21
internal_value=-1.16467e-08 11.9476 -0.047082 -5.1391 0.0382359 32.4516 6.82106 3.28796 17.7295 8.8127 5.53713 -0.0633759 -5.73939 -10.787 -7.67993 -8.32207 -10.5484 -5.46916 -17.7138 -22.8084 8.1553 -11.5939 28.2288 9.95536 8.66486 2.83654 16.658 -20.2712 0.0339575 -0.00347973
internal_weight=22419 88 22331 48 22155 40 327 247 80 219 191 21828 368 176 153 316 270 158 112 89 49 109 57 52 166 96 70 58 21460 21371
internal_count=22419 88 22331 48 22155 40 327 247 80 219 191 21828 368 176 153 316 270 158 112 89 49 109 57 52 166 96 70 58 21460 21371
is_linear=0
shrinkage=0.05


Tree=11
num_leaves=31
num_cat=0
split_feature=138 14 4 45 86 99 128 113 12 99 52 6 144 60 96 101 101 70 100 124 120 72 107 51 138 134 84 114 130 124
split_gain=4.55589e+06 8.07617e+06 1.22518e+07 6.1357e+06 4.99715e+06 4.53604e+06 4.35913e+06 3.70535e+06 6.64037e+06 6.01644e+06 5.57902e+06 5.67418e+06 5.09928e+06 4.22503e+06 4.53436e+06 5.28098e+06 4.59202e+06 4.50706e+06 4.14418e+06 3.76184e+06 3.72727e+06 3.4601e+06 3.41332e+06 3.3228e+06 3.31002e+06 5.00595e+06 5.7071e+06 3.64893e+06 3.52167e+06 3.08351e+06
threshold=1480.4058837890627 5269.0000000000009 6232.4575195312509 4574.7500000000009 -1989.2499999999998 -445.24999999999994 -802.24999999999989 330.25000000000006 1200.0135498046877 1748.7500000000002 -2084.4999999999995 -2889.672729492187 4218.9199218750009 4344.6125488281259 715.72747802734386 -487.24999999999994 1670.2500000000002 -53.749999999999993 647.25000000000011 1109.719909667969 1395.0000000000002 1538.7500000000002 708.75000000000011 2235.7500000000005 650.02038574218761 -84.749999999999986 1969.0000000000002 1025.5000000000002 3308.9575195312505 656.75689697265636
decision_type=2 2 2 2 2 2 2 2 2 2 2 2 2 2 2 2 2 2 2 2 2 2 2 2 2 2 2 2 2 2
left_child=1 3 -3 4 -1 -2 -7 12 10 -10 -9 -12 19 14 24 -16 20 -15 21 23 -17 -19 -20 -6 27 -26 28 29 -27 -13
right_child=5 2 -4 -5 7 6 -8 8 9 -11 11 13 -14 17 15 16 -18 18 22 -21 -22 -23 -24 -25 25 26 -28 -29 -30 -31
leaf_value=-5.5127140394758953 -4.8374296122583855 3.6623395406282868 -45.878405809402466 22.597206252415976 0.48687702729722881 32.22941064988413 5.0126625946589876 23.878441149255508 -4.6391002927507676 -37.558791633274247 -23.250885227748327 -0.54523228131976753 21.128727197647095 28.302937469482426 -31.538309774398808 -5.0812020849530439 -21.329310070840936 0.98311013637804523 23.194324183464051 17.892252998967326 11.977366619496733 -22.377343617314878 4.6439479004253039 -18.133060885276063 -14.116309355920363 5.9776146170621871 22.852969904402471 -6.3195804401319862 -14.5055486480395 -18.502745638291042
leaf_weight=408 29 26 24 30 14408 31 28 23 35 23 28 6054 30 20 20 238 38 51 30 31 37 23 143 24 31 167 47 294 24 24
leaf_count=408 29 26 24 30 14408 31 28 23 35 23 28 6054 30 20 20 238 38 51 30 31 37 23 143 24 31 167 47 294 24 24
internal_value=1.2237e-07 -0.044744 -20.1172 0.000299934 -0.0301664 11.3543 19.313 0.0722407 -0.842217 -17.6935 -0.708184 -0.785979 0.536 -0.69911 -0.93543 -6.62896 -5.03731 5.47353 3.625 0.493286 -2.78605 -6.27757 7.86078 0.455913 -0.649939 4.78295 7.24461 -0.879294 3.40381 -0.616141
internal_weight=22419 22331 50 22281 22251 88 59 21843 7350 58 7292 7269 14493 7241 6974 333 313 267 247 14463 275 74 173 14432 6641 269 238 6372 191 6078
internal_count=22419 22331 50 22281 22251 88 59 21843 7350 58 7292 7269 14493 7241 6974 333 313 267 247 14463 275 74 173 14432 6641 269 238 6372 191 6078
is_linear=0
shrinkage=0.05


Tree=12
num_leaves=31
num_cat=0
split_feature=47 6 33 15 102 78 86 33 5 59 145 54 43 117 65 38 87 81 113 92 128 89 117 115 91 18 107 51 20 61
split_gain=4.34658e+06 1.11362e+07 7.08787e+06 6.10076e+06 5.24488e+06 5.83248e+06 9.43599e+06 5.30132e+06 1.57129e+07 9.26895e+06 7.15912e+06 6.46759e+06 4.48916e+06 4.38166e+06 4.17397e+06 6.26774e+06 4.06908e+06 4.02661e+06 6.78132e+06 4.08466e+06 6.95064e+06 4.25456e+06 6.54736e+06 4.06436e+06 4.19633e+06 3.96308e+06 4.28924e+06 3.48869e+06 3.42582e+06 3.94544e+06
threshold=1480.4058837890627 35.048652648925788 1109.719909667969 -1203.7499999999998 3816.9499511718755 164.75000000000003 -861.74999999999989 858.00915527343761 798.89459228515636 2402.2500000000005 1039.6253662109377 776.22653198242199 -128.24999999999997 899.23205566406261 793.25000000000011 645.25000000000011 1859.7500000000002 2442.859985351563 2211.2500000000005 -144.24999999999997 -802.24999999999989 899.23205566406261 858.00915527343761 -1624.7499999999998 2815.2500000000005 5549.1577148437509 -816.24999999999989 -1234.2499999999998 2467.5549316406255 650.02038574218761
decision_type=2 2 2 2 2 2 2 2 2 2 2 2 2 2 2 2 2 2 2 2 2 2 2 2 2 2 2 2 2 2
left_child=2 3 4 -2 17 -6 -7 8 10 13 11 25 -3 -9 15 -4 -16 23 19 20 -19 22 28 -1 -25 26 -8 -23 -21 -30
right_child=1 12 14 -5 5 6 7 9 -10 -11 -12 -13 -14 -15 16 -17 -18 18 -20 21 -22 27 -24 24 -26 -27 -28 -29 29 -31
leaf_value=-9.366684775911601 -20.867184585995147 13.824543895721437 -11.371754008386194 15.065619859241304 25.417124488136988 -25.024137147267663 25.59402127623558 23.176802797317507 -28.007808497145369 40.926848037154592 28.09371186985689 -18.139591283798218 47.325147037506106 -6.6564747303724294 -34.519647993360245 15.337813334465029 -9.1053559044996906 4.3747403653228991 -23.897869275067308 -2.9280165459269245 -15.227654087808398 -4.9586783077405849 -28.12527645152548 0.1185898196301078 21.967470827969638 19.8714208205541 1.2747201774826218 18.806286918102426 2.0470920694967547 25.204203157424928
leaf_weight=113 27 20 82 21 33 27 20 20 37 27 34 30 20 32 28 30 36 68 37 695 135 23 23 20244 22 45 194 47 229 20
leaf_count=113 27 20 82 21 33 27 20 20 37 27 34 30 20 32 28 30 36 68 37 695 135 23 23 20244 22 45 194 47 229 20
internal_value=1.16035e-07 11.0904 -0.0437041 -5.14658 0.0356911 5.10374 3.66524 5.42973 2.85583 17.1589 6.3913 3.83807 30.5748 4.81786 -10.038 -4.21741 -20.2241 -0.0810874 -2.80471 -2.17531 -8.66133 -0.90563 -1.76731 0.0895815 0.142308 6.38375 3.54755 10.9978 -1.12511 3.9071
internal_weight=22419 88 22331 48 22155 499 466 439 360 79 323 289 40 52 176 112 64 21656 1277 1240 203 1037 967 20379 20266 259 214 70 944 249
internal_count=22419 88 22331 48 22155 499 466 439 360 79 323 289 40 52 176 112 64 21656 1277 1240 203 1037 967 20379 20266 259 214 70 944 249
is_linear=0
shrinkage=0.05


Tree=13
num_leaves=31
num_cat=0
split_feature=47 6 33 6 102 78 79 33 5 103 57 102 128 106 43 33 4 110 65 131 96 60 136 128 120 122 127 76 22 97
split_gain=3.92279e+06 1.00504e+07 6.3968e+06 5.66777e+06 4.73351e+06 5.26381e+06 8.62886e+06 7.27284e+06 1.60986e+07 7.07195e+06 6.59747e+06 5.32525e+06 4.11914e+06 4.19802e+06 4.05147e+06 3.85964e+06 6.43143e+06 5.90672e+06 4.41678e+06 3.81698e+06 5.96412e+06 5.19163e+06 5.51727e+06 5.36694e+06 3.81021e+06 3.80355e+06 3.66139e+06 3.5165e+06 4.26833e+06 4.66982e+06
threshold=1480.4058837890627 35.048652648925788 1109.719909667969 -1540.0477294921873 3816.9499511718755 164.75000000000003 -417.24999999999994 858.00915527343761 798.89459228515636 992.53356933593761 3297.5000000000005 4924.3898925781259 -845.24999999999989 2134.0000000000005 -128.24999999999997 650.02038574218761 5234.1647949218759 715.72747802734386 948.25000000000011 823.68878173828136 899.23205566406261 2625.319946289063 73.250000000000014 -633.24999999999989 1079.7500000000002 1516.7500000000002 -197.24999999999997 2019.6057128906252 -1378.2499999999998 -777.97418212890614
decision_type=2 2 2 2 2 2 2 2 2 2 2 2 2 2 2 2 2 2 2 2 2 2 2 2 2 2 2 2 2 2
left_child=2 3 4 -2 19 -6 -7 8 9 15 11 -9 26 -14 -3 17 18 -8 -17 -1 21 22 -21 -23 -18 -15 -4 28 -22 -30
right_child=1 14 12 -5 5 6 7 10 -10 -11 -12 -13 13 25 -16 16 24 -19 -20 20 27 23 -24 -25 -26 -27 -28 -29 29 -31
leaf_value=0.0046470060657112363 10.263214004481281 13.133317165374757 -8.5132233572006228 -24.370997728620257 24.146268143798366 -20.770501285440783 5.0535478052031788 23.702864284515382 -28.289187081864004 34.175062924339663 43.484058861505417 -9.1259164969126392 0.38326803659137926 -33.621656492210569 44.958888950347898 -2.7410738372802737 -10.654687898809261 31.523156229654951 -35.970512294769286 -17.139525106790906 17.675390555641869 -8.886213752746583 12.91535108639644 -40.498902710552876 15.031424849373956 -3.1545130538940431 -38.767936325073244 16.119770744868688 -24.34617566381182 -1.8038767123594881
leaf_weight=21333 27 20 20 21 33 34 173 30 38 21 21 21 95 21 20 20 22 24 20 37 22 25 26 29 42 20 20 28 28 128
leaf_count=21333 27 20 20 21 33 34 173 30 38 21 21 21 95 21 20 20 22 24 20 37 22 25 26 29 42 20 20 28 28 128
internal_value=6.27029e-08 10.5359 -0.0415189 -4.88925 0.0339065 4.84855 3.48198 5.39074 2.48942 6.12168 19.8973 10.1851 -9.53612 -5.38775 29.0461 4.16447 -3.62803 8.27827 -19.3558 -0.0770331 -5.47171 -14.4871 -4.73593 -25.8634 6.20182 -18.7596 -23.6406 -0.351344 -2.94231 -5.84993
internal_weight=22419 88 22331 48 22155 499 466 432 360 322 72 51 176 136 40 301 104 197 40 21656 323 117 63 54 64 41 40 206 178 156
internal_count=22419 88 22331 48 22155 499 466 432 360 322 72 51 176 136 40 301 104 197 40 21656 323 117 63 54 64 41 40 206 178 156
is_linear=0
shrinkage=0.05


end of trees

feature_importances:
Column_138=17
Column_33=15
Column_6=11
Column_114=11
Column_128=11
Column_43=10
Column_131=9
Column_142=8
Column_5=7
Column_18=7
Column_66=7
Column_78=7
Column_89=7
Column_99=7
Column_141=7
Column_11=6
Column_51=6
Column_96=6
Column_108=6
Column_110=6
Column_113=6
Column_125=6
Column_136=6
Column_15=5
Column_26=5
Column_38=5
Column_47=5
Column_75=5
Column_103=5
Column_107=5
Column_119=5
Column_144=5
Column_1=4
Column_12=4
Column_36=4
Column_45=4
Column_59=4
Column_80=4
Column_85=4
Column_86=4
Column_102=4
Column_133=4
Column_0=3
Column_19=3
Column_21=3
Column_23=3
Column_30=3
Column_49=3
Column_54=3
Column_55=3
Column_57=3
Column_60=3
Column_65=3
Column_70=3
Column_76=3
Column_84=3
Column_87=3
Column_92=3
Column_93=3
Column_94=3
Column_115=3
Column_117=3
Column_120=3
Column_124=3
Column_129=3
Column_134=3
Column_135=3
Column_3=2
Column_4=2
Column_9=2
Column_20=2
Column_22=2
Column_29=2
Column_39=2
Column_40=2
Column_46=2
Column_50=2
Column_58=2
Column_61=2
Column_63=2
Column_64=2
Column_72=2
Column_79=2
Column_83=2
Column_91=2
Column_97=2
Column_100=2
Column_101=2
Column_121=2
Column_122=2
Column_145=2
Column_2=1
Column_8=1
Column_13=1
Column_14=1
Column_16=1
Column_24=1
Column_27=1
Column_31=1
Column_44=1
Column_48=1
Column_52=1
Column_53=1
Column_71=1
Column_73=1
Column_81=1
Column_88=1
Column_90=1
Column_98=1
Column_106=1
Column_111=1
Column_127=1
Column_130=1
Column_140=1

parameters:
[boosting: gbdt]
[objective: regression]
[metric: l2]
[tree_learner: serial]
[device_type: cpu]
[data_sample_strategy: bagging]
[data: ]
[valid: ]
[num_iterations: 1000]
[learning_rate: 0.05]
[num_leaves: 31]
[num_threads: 0]
[seed: 42]
[deterministic: 1]
[force_col_wise: 0]
[force_row_wise: 0]
[histogram_pool_size: -1]
[max_depth: -1]
[min_data_in_leaf: 20]
[min_sum_hessian_in_leaf: 0.001]
[bagging_fraction: 1]
[pos_bagging_fraction: 1]
[neg_bagging_fraction: 1]
[bagging_freq: 0]
[bagging_seed: 400]
[bagging_by_query: 0]
[feature_fraction: 1]
[feature_fraction_bynode: 1]
[feature_fraction_seed: 30056]
[extra_trees: 0]
[extra_seed: 12879]
[early_stopping_round: 0]
[early_stopping_min_delta: 0]
[first_metric_only: 0]
[max_delta_step: 0]
[lambda_l1: 0]
[lambda_l2: 0]
[linear_lambda: 0]
[min_gain_to_split: 0]
[drop_rate: 0.1]
[max_drop: 50]
[skip_drop: 0.5]
[xgboost_dart_mode: 0]
[uniform_drop: 0]
[drop_seed: 17869]
[top_rate: 0.2]
[other_rate: 0.1]
[min_data_per_group: 100]
[max_cat_threshold: 32]
[cat_l2: 10]
[cat_smooth: 10]
[max_cat_to_onehot: 4]
[top_k: 20]
[monotone_constraints: ]
[monotone_constraints_method: basic]
[monotone_penalty: 0]
[feature_contri: ]
[forcedsplits_filename: ]
[refit_decay_rate: 0.9]
[cegb_tradeoff: 1]
[cegb_penalty_split: 0]
[cegb_penalty_feature_lazy: ]
[cegb_penalty_feature_coupled: ]
[path_smooth: 0]
[interaction_constraints: ]
[verbosity: -1]
[saved_feature_importance_type: 0]
[use_quantized_grad: 0]
[num_grad_quant_bins: 4]
[quant_train_renew_leaf: 0]
[stochastic_rounding: 1]
[linear_tree: 0]
[max_bin: 255]
[max_bin_by_feature: ]
[min_data_in_bin: 3]
[bin_construct_sample_cnt: 200000]
[data_random_seed: 175]
[is_enable_sparse: 1]
[enable_bundle: 1]
[use_missing: 1]
[zero_as_missing: 0]
[feature_pre_filter: 1]
[pre_partition: 0]
[two_round: 0]
[header: 0]
[label_column: ]
[weight_column: ]
[group_column: ]
[ignore_column: ]
[categorical_feature: ]
[forcedbins_filename: ]
[precise_float_parser: 0]
[parser_config_file: ]
[objective_seed: 16083]
[num_class: 1]
[is_unbalance: 0]
[scale_pos_weight: 1]
[sigmoid: 1]
[boost_from_average: 1]
[reg_sqrt: 0]
[alpha: 0.9]
[fair_c: 1]
[poisson_max_delta_step: 0.7]
[tweedie_variance_power: 1.5]
[lambdarank_truncation_level: 30]
[lambdarank_norm: 1]
[label_gain: ]
[lambdarank_position_bias_regularization: 0]
[eval_at: ]
[multi_error_top_k: 1]
[auc_mu_weights: ]
[num_machines: 1]
[local_listen_port: 12400]
[time_out: 120]
[machine_list_filename: ]
[machines: ]
[gpu_platform_id: -1]
[gpu_device_id: -1]
[gpu_device_id_list: ]
[gpu_use_dp: 0]
[num_gpu: 1]

end of parameters

pandas_categorical:null
