tree
version=v4
num_class=1
num_tree_per_iteration=1
label_index=0
max_feature_idx=146
objective=regression
feature_names=Column_0 Column_1 Column_2 Column_3 Column_4 Column_5 Column_6 Column_7 Column_8 Column_9 Column_10 Column_11 Column_12 Column_13 Column_14 Column_15 Column_16 Column_17 Column_18 Column_19 Column_20 Column_21 Column_22 Column_23 Column_24 Column_25 Column_26 Column_27 Column_28 Column_29 Column_30 Column_31 Column_32 Column_33 Column_34 Column_35 Column_36 Column_37 Column_38 Column_39 Column_40 Column_41 Column_42 Column_43 Column_44 Column_45 Column_46 Column_47 Column_48 Column_49 Column_50 Column_51 Column_52 Column_53 Column_54 Column_55 Column_56 Column_57 Column_58 Column_59 Column_60 Column_61 Column_62 Column_63 Column_64 Column_65 Column_66 Column_67 Column_68 Column_69 Column_70 Column_71 Column_72 Column_73 Column_74 Column_75 Column_76 Column_77 Column_78 Column_79 Column_80 Column_81 Column_82 Column_83 Column_84 Column_85 Column_86 Column_87 Column_88 Column_89 Column_90 Column_91 Column_92 Column_93 Column_94 Column_95 Column_96 Column_97 Column_98 Column_99 Column_100 Column_101 Column_102 Column_103 Column_104 Column_105 Column_106 Column_107 Column_108 Column_109 Column_110 Column_111 Column_112 Column_113 Column_114 Column_115 Column_116 Column_117 Column_118 Column_119 Column_120 Column_121 Column_122 Column_123 Column_124 Column_125 Column_126 Column_127 Column_128 Column_129 Column_130 Column_131 Column_132 Column_133 Column_134 Column_135 Column_136 Column_137 Column_138 Column_139 Column_140 Column_141 Column_142 Column_143 Column_144 Column_145 Column_146
feature_infos=[-7908:12352] [-7298.5:12448] [-8842.5:11645] [-7993:11780.5] [-7133.47021484375:16089.6201171875] [136.75750732421875:1862.834716796875] [-5791.35400390625:12754.24609375] [-7975.5:11776.5] [-7146:11839.5] [-8333:10762] [-8067:11139.5] [-7089.96484375:15986.3603515625] [136.75750732421875:1862.834716796875] [-5827.50341796875:12576.0419921875] [-8054:11154] [-7860.5:11498] [-9404.5:10575] [-8727:10953] [-7046.009765625:15880.3095703125] [136.75750732421875:1862.834716796875] [-5679.09423828125:12373.583984375] [-8714:10953.5] [-8520.5:11475.5] [-10064.5:10364] [-9215:10909.5] [-6996.64990234375:15777.6953125] [136.75750732421875:1862.834716796875] [-5567.00341796875:12240.4853515625] [-9197.5:10895] [-8368:10954] [-9415.5:10039] [-8874.5:10636] [-6945.2099609375:15668.3203125] [136.75750732421875:1862.834716796875] [-5418.59423828125:12094.623046875] [-8958:10638.5] [-7886.5:10644.5] [-8968:9874.5] [-8697:10103] [-6892.4150390625:15550.08984375] [136.75750732421875:1862.834716796875] [-5287.81298828125:11902.0205078125] [-8695:10105.5] [-8366.5:10220.5] [-9387:9445.5] [-8391.5:9584] [-6829.919921875:15426.5703125] [136.75750732421875:1862.834716796875] [-5538.9072265625:11691.2919921875] [-8385.5:9589] [-7661:9673] [-9019.5:8912.5] [-8148.5:9321.5] [-6770.18994140625:15294.599609375] [136.75750732421875:1862.834716796875] [-5776.142578125:11406.810546875] [-8163.5:9307] [-6584.5:9464.5] [-8323.5:8647.5] [-7072:9352] [-6711.43017578125:15156.7099609375] [136.75750732421875:1862.834716796875] [-5872.4931640625:11095.646484375] [-7087:9337.5] [-6548.5:9396.5] [-7735:8481.5] [-6555:9078.5] [-6651.10986328125:15019.0146484375] [136.75750732421875:1862.834716796875] [-5934.53955078125:10794.7236328125] [-6547.5:9081] [-6079:9087] [-7187.5:8317] [-6541.5:8418.5] [-6590.21484375:14879.8701171875] [136.75750732421875:1862.834716796875] [-5989.7177734375:10554.4765625] [-6501:8412.5] [-5783:8953] [-7327:7888] [-6477.5:8026.5] [-6532.15478515625:14735.58984375] [136.75750732421875:1862.834716796875] [-5818.10693359375:10267.16015625] [-6460:8031.5] [-5630.5:8420] [-6678:6975] [-6137:7004.5] [-6475.35498046875:14589.349609375] [136.75750732421875:1862.834716796875] [-5538.0517578125:9894.0546875] [-6220.5:7006.5] [-5149:8001.5] [-6322:6062.5] [-5959.5:7046.5] [-6415.7001953125:14413.740234375] [136.75750732421875:1862.834716796875] [-5415.63818359375:9538.146484375] [-5957.5:7022] [-5629:7496.5] [-6649.5:6099] [-5654:6564] [-6351.384765625:14247.599609375] [136.75750732421875:1862.834716796875] [-5248.6708984375:9237.2236328125] [-5648:6611.5] [-4923.5:7365] [-6282:6080.5] [-5411:6594.5] [-6283.169921875:14052.0654296875] [136.75750732421875:1862.834716796875] [-5092.9736328125:8996.9765625] [-5426:6642] [-3590.5:7395.5] [-5586:5830] [-4098.5:6114] [-6208.740234375:13854.7998046875] [136.75750732421875:1862.834716796875] [-4841.47607421875:8709.66015625] [-4080.5:6127] [-3811:7632.5] [-5526.5:6125.5] [-3817.5:6934] [-6137.47998046875:13667.240234375] [136.75750732421875:1862.834716796875] [-4600.4326171875:8336.5546875] [-3810:6916] [-3341.5:6917.5] [-4450:5769] [-3804:6096.5] [-6065.31005859375:13484.6103515625] [136.75750732421875:1862.834716796875] [-4415.0751953125:7855.07373046875] [-3763.5:6091.5] [-2259.5:7066] [-4331:3434] [-2439.5:4998.5] [-5988.6748046875:13280.5400390625] [136.75750732421875:1862.834716796875] [-4111.568359375:7491.65771484375] [-2399:4995] [0:5732.5] [-4567.5:0] none [-5910.5498046875:13074.490234375] [136.75750732421875:1862.834716796875] [-3737.789306640625:6810.59814453125]
tree_sizes=2791 2801 2813 2805 2855 2869 2806 2852

Tree=0
num_leaves=31
num_cat=0
split_feature=108 106 127 102 78 79 131 126 85 116 122 54 96 83 120 96 129 106 106 129 140 12 0 113 115 115 134 128 108 138
split_gain=4.03275e+06 1.03419e+07 4.393e+06 3.11748e+06 4.65573e+06 4.4324e+06 4.2979e+06 3.57833e+06 4.93113e+06 4.08656e+06 3.49868e+06 3.25462e+06 3.04082e+06 3.8029e+06 3.17178e+06 3.01069e+06 2.97403e+06 2.8656e+06 2.80332e+06 2.4992e+06 3.76588e+06 2.59627e+06 3.03866e+06 2.42243e+06 2.27564e+06 3.45423e+06 2.83406e+06 2.2579e+06 2.3775e+06 2.21118e+06
threshold=2704.0000000000005 3359.0000000000005 2291.0000000000005 3816.9499511718755 85.250000000000014 -179.74999999999997 823.68878173828136 649.00000000000011 2803.2500000000005 4809.2023925781259 -26.749999999999996 823.68878173828136 899.23205566406261 1869.7168579101565 1048.7500000000002 705.22543334960949 877.50000000000011 1449.5000000000002 -521.74999999999989 -186.74999999999997 -96.249999999999986 1039.6253662109377 127.25000000000001 -227.24999999999997 -432.24999999999994 889.25000000000011 502.25000000000006 -303.24999999999994 -196.24999999999997 633.87484741210949
decision_type=2 2 2 2 2 2 2 2 2 2 2 2 2 2 2 2 2 2 2 2 2 2 2 2 2 2 2 2 2 2
left_child=1 3 16 6 18 -6 -1 8 9 17 -11 15 14 19 27 29 -2 23 -5 21 -21 -14 -23 -7 -22 26 -26 28 -8 -9
right_child=2 -3 -4 4 5 7 12 11 -10 10 -12 -13 13 -15 -16 -17 -18 -19 -20 20 24 22 -24 -25 25 -27 -28 -29 -30 -31
leaf_value=-0.3086117519650825 13.335820475482883 -33.157928943229919 23.20972403014591 31.302488161672809 -9.6346658593348682 21.516773001757063 -5.552870145461732 4.9067420902641006 26.798320955044826 -20.05905081635191 6.712269713971768 -12.082128384075993 -3.2237789617794852 13.50248708914399 -28.119512561393982 14.991375934157237 -12.970239872961805 24.221717710165517 8.6435125819603886 13.666676143457535 9.800312926862393 -9.6581513319641239 -32.927512530876406 2.928666009497348 2.4687368599641299 6.1329554561841473 -19.62062621256165 6.3667724204698608 -25.842967423121607 -11.433999532218143
leaf_weight=21325 21 24 38 21 72 21 42 47 30 26 23 52 79 32 25 36 22 26 39 37 23 47 20 106 20 32 53 21 22 37
leaf_count=21325 21 24 38 21 72 21 42 47 30 26 23 52 79 32 25 36 22 26 39 37 23 47 20 106 20 32 53 21 22 37
internal_value=-0.313172 -0.353553 10.8232 -0.31827 3.44885 1.7944 -0.410987 3.83126 7.88298 5.07377 -7.49292 -1.63385 -5.23029 -2.91041 -12.4641 2.89374 -0.123094 9.0984 16.5742 -4.5992 -0.382968 -9.36412 -16.6042 6.00229 -4.44419 -7.56442 -13.5687 -7.85957 -12.5276 -2.29097
internal_weight=22419 22338 81 22314 536 476 21778 404 232 202 49 172 453 343 110 120 43 153 60 311 165 146 67 127 128 105 73 85 64 84
internal_count=22419 22338 81 22314 536 476 21778 404 232 202 49 172 453 343 110 120 43 153 60 311 165 146 67 127 128 105 73 85 64 84
is_linear=0
shrinkage=1


Tree=1
num_leaves=31
num_cat=0
split_feature=108 106 78 102 78 79 145 126 85 65 54 117 15 108 99 136 96 51 71 71 113 138 80 93 85 136 133 121 10 65
split_gain=3.63956e+06 9.33359e+06 4.12099e+06 2.81352e+06 4.2018e+06 4.00025e+06 3.88236e+06 3.22944e+06 4.45034e+06 3.95356e+06 2.93729e+06 2.75286e+06 3.92651e+06 3.4603e+06 6.10484e+06 2.73664e+06 2.71715e+06 2.43531e+06 2.29376e+06 2.09558e+06 2.05983e+06 2.00594e+06 2.83094e+06 1.91197e+06 4.12704e+06 2.19149e+06 2.08627e+06 2.70037e+06 1.83501e+06 1.76931e+06
threshold=2704.0000000000005 3359.0000000000005 4245.2500000000009 3816.9499511718755 85.250000000000014 -179.74999999999997 823.68878173828136 649.00000000000011 2803.2500000000005 2051.5000000000005 823.68878173828136 1109.719909667969 2803.2500000000005 209.25000000000003 -878.74999999999989 -214.74999999999997 705.22543334960949 1985.7500000000002 1147.2500000000002 630.25000000000011 -227.24999999999997 619.04949951171886 1861.2500000000002 1035.5000000000002 745.75000000000011 -739.99999999999989 -174.74999999999997 266.25000000000006 1937.0000000000002 1094.7500000000002
decision_type=2 2 2 2 2 2 2 2 2 2 2 2 2 2 2 2 2 2 2 2 2 2 2 2 2 2 2 2 2 2
left_child=1 3 -2 6 15 19 -1 8 9 20 16 17 13 14 -13 -5 21 23 -15 -6 -7 -9 -23 24 25 -8 -27 -28 -12 -22
right_child=2 -3 -4 4 5 7 11 10 -10 -11 28 12 -14 18 -16 -17 -18 -19 -20 -21 29 22 -24 -25 -26 26 27 -29 -30 -31
leaf_value=0.0029404668840833275 0.49226261562771267 -31.202519353230795 23.188593435949752 2.0088905984705145 1.2375662597020467 20.621348453390187 5.6857121626536049 6.0339313646642179 25.75591688156128 -9.1828549811473277 0.70035679340362555 -7.9610253847562351 21.1813009988694 -24.807967645471749 22.967918417188855 24.167945874364754 14.539320230484009 -19.917997141445383 -1.4119160330295564 -16.064695367358979 11.584656158615562 -21.387044122944708 4.3341446161270145 -18.379255934114809 5.9278776318686353 -17.47652304256335 -0.91891090503760753 -21.001291058280252 -18.606049352884295 0.092583068257028417
leaf_weight=21338 45 24 36 22 30 29 24 41 30 39 20 39 21 22 27 38 36 34 20 42 68 23 20 27 70 64 70 22 32 66
leaf_count=21338 45 24 36 22 30 29 24 41 30 39 20 39 21 22 27 38 36 34 20 42 68 23 20 27 70 64 70 22 32 66
internal_value=-7.75653e-09 -0.0383625 10.5795 -0.00484364 3.57392 2.00219 -0.0929241 3.93721 7.78635 5.1176 -1.25464 -4.74192 1.39882 -2.44778 4.69172 16.043 3.04656 -7.28904 -13.667 -8.85542 8.53918 -1.8789 -9.4237 -5.73892 -4.37376 -8.37996 -10.5439 -5.72122 -11.1805 5.92438
internal_weight=22419 22338 81 22314 536 476 21778 404 232 202 172 440 129 108 66 60 120 311 42 72 163 84 43 277 250 180 156 92 52 134
internal_count=22419 22338 81 22314 536 476 21778 404 232 202 172 440 129 108 66 60 120 311 42 72 163 84 43 277 250 180 156 92 52 134
is_linear=0
shrinkage=0.05


Tree=2
num_leaves=31
num_cat=0
split_feature=108 106 136 142 102 78 92 113 131 33 95 141 26 120 96 83 120 106 129 135 12 142 128 108 108 133 16 2 108 106
split_gain=3.2847e+06 8.42357e+06 3.99338e+06 7.05013e+06 2.5392e+06 3.79212e+06 3.76916e+06 4.3245e+06 3.55194e+06 2.72015e+06 3.5559e+06 2.84365e+06 4.63615e+06 2.77588e+06 2.60697e+06 3.24779e+06 2.78262e+06 2.55486e+06 2.17002e+06 3.34906e+06 2.4238e+06 2.97174e+06 1.97865e+06 2.13446e+06 1.9694e+06 1.87753e+06 1.7892e+06 2.14278e+06 1.75695e+06 1.66806e+06
threshold=2704.0000000000005 3359.0000000000005 624.75000000000011 -265.24999999999994 3816.9499511718755 85.250000000000014 -156.74999999999997 -227.24999999999997 823.68878173828136 776.22653198242199 5541.2924804687509 600.75000000000011 858.00915527343761 942.25000000000011 899.23205566406261 1869.7168579101565 1048.7500000000002 -521.74999999999989 -186.74999999999997 -520.24999999999989 1039.6253662109377 -589.24999999999989 -303.24999999999994 -196.24999999999997 -866.99999999999989 83.750000000000014 300.75000000000006 -1553.9999999999998 1626.2500000000002 -602.74999999999989
decision_type=2 2 2 2 2 2 2 2 2 2 2 2 2 2 2 2 2 2 2 2 2 2 2 2 2 2 2 2 2 2
left_child=1 4 -2 -4 8 17 -7 -8 -1 10 -9 12 -11 -13 16 18 22 -6 20 -20 24 -22 23 29 -16 -21 27 -27 -15 -10
right_child=2 -3 3 -5 5 6 7 9 14 11 -12 13 -14 28 15 -17 -18 -19 19 25 21 -23 -24 -25 -26 26 -28 -29 -30 -31
leaf_value=0.0047894423416742554 -1.4704566075251653 -29.642394616206488 40.280654868212615 -0.73662391662597659 29.301314481099446 -19.342896080017091 20.266746392394559 2.8359045962041076 -15.066501175761225 -13.393172519207003 23.83148046840321 -25.795444661920722 10.964920785597393 7.0073612403869632 4.8341224626053219 12.846366395801306 -25.830939413070681 7.6697704144013237 14.856870043662287 7.8822079790049591 -27.012016512552897 -5.8356659773233774 6.4630353291829428 -23.840806599096823 -11.017170148425633 -10.635677810815665 -17.055996878393767 6.1613338283590373 -12.000736995666259 4.8849512056870896
leaf_weight=21325 39 24 22 20 21 20 33 242 20 30 22 22 56 20 43 32 25 39 31 29 30 37 21 22 36 39 29 37 31 22
leaf_count=21325 39 24 22 20 21 20 33 242 20 30 22 22 56 20 43 32 25 39 31 29 30 37 21 22 36 39 29 37 31 22
internal_value=-1.5667e-07 -0.0364445 10.0505 20.7486 -0.0046016 3.39522 1.90208 2.83388 -0.0882781 1.47387 4.58554 -3.69267 2.46791 -10.9503 -4.46944 -2.32142 -11.1674 15.2408 -3.88209 0.0466728 -8.32213 -15.3176 -6.85453 -11.2244 -2.38925 -3.37957 -6.48996 -2.45819 -4.54658 -4.61574
internal_weight=22419 22338 81 42 22314 536 476 456 21778 423 264 159 86 73 453 343 110 60 311 165 146 67 85 64 79 134 105 76 51 42
internal_count=22419 22338 81 42 22314 536 476 456 21778 423 264 159 86 73 453 343 110 60 311 165 146 67 85 64 79 134 105 76 51 42
is_linear=0
shrinkage=0.05


Tree=3
num_leaves=31
num_cat=0
split_feature=108 106 78 102 78 79 145 126 85 116 122 106 54 46 113 136 117 3 108 99 142 51 71 73 113 93 85 15 1 115
split_gain=2.96444e+06 7.60227e+06 3.63891e+06 2.29163e+06 3.42239e+06 3.46669e+06 3.20626e+06 2.84879e+06 4.04547e+06 3.64929e+06 3.15736e+06 2.69348e+06 2.52007e+06 2.57645e+06 2.7865e+06 2.49355e+06 2.41378e+06 3.42482e+06 2.64036e+06 3.87713e+06 2.36382e+06 2.0987e+06 1.99678e+06 1.83526e+06 1.82687e+06 1.71008e+06 3.7205e+06 1.99901e+06 2.70872e+06 3.94036e+06
threshold=2704.0000000000005 3359.0000000000005 4245.2500000000009 3816.9499511718755 85.250000000000014 -179.74999999999997 823.68878173828136 649.00000000000011 2803.2500000000005 4809.2023925781259 -26.749999999999996 1449.5000000000002 823.68878173828136 4993.0573730468759 1721.7500000000002 -214.74999999999997 1109.719909667969 2525.5000000000005 209.25000000000003 -878.74999999999989 -277.74999999999994 1985.7500000000002 1147.2500000000002 315.75000000000006 -227.24999999999997 1035.5000000000002 745.75000000000011 -1177.2499999999998 1173.2500000000002 -168.74999999999997
decision_type=2 2 2 2 2 2 2 2 2 2 2 2 2 2 2 2 2 2 2 2 2 2 2 2 2 2 2 2 2 2
left_child=1 3 -2 6 15 23 -1 8 9 11 -11 24 13 20 -15 -5 21 18 19 -18 -9 25 -20 -6 -7 26 27 -8 -29 -30
right_child=2 -3 -4 4 5 7 16 12 -10 10 -12 -13 -14 14 -16 -17 17 -19 22 -21 -22 -23 -24 -25 -26 -27 -28 28 29 -31
leaf_value=0.003254422738453991 0.069117399851481118 -28.160273704926176 21.396642510096232 1.0824947183782405 -2.4785997299437827 18.953621964227587 2.770837081803216 6.9375666494880406 24.356200102170309 -19.133736768135659 6.2981977322827216 23.144380342043362 -10.461870236580189 23.009180664062502 0.40699145634969081 22.234509814412974 -5.9978112929906606 19.916908872695199 -22.346037561243232 18.650247979164124 -12.317883590870613 -18.417539997661816 -0.51707430779933927 -19.246037429809572 2.8113885052923888 -17.209144938433614 5.8173733076878955 -17.753618399420784 4.7863891909519829 -18.556985373332584
leaf_weight=21338 45 24 36 22 47 21 36 28 30 26 23 26 52 25 30 38 39 21 22 27 37 34 20 25 106 27 70 67 48 29
leaf_count=21338 45 24 36 22 47 21 36 28 30 26 23 26 52 25 30 38 39 21 22 27 37 34 20 25 106 27 70 67 48 29
internal_value=4.69745e-08 -0.0346221 9.54802 -0.00437133 3.22546 1.80698 -0.083864 3.60833 7.22351 4.67905 -7.1963 8.48227 -1.26795 2.71608 10.6807 14.4788 -4.30871 1.44142 -2.15104 4.08549 -4.02323 -6.69381 -11.9513 -8.30063 5.48058 -5.2548 -3.96373 -7.76749 -10.4021 -4.00527
internal_weight=22419 22338 81 22314 536 476 21778 404 232 202 49 153 172 120 55 60 440 129 108 66 65 311 42 72 127 277 250 180 144 77
internal_count=22419 22338 81 22314 536 476 21778 404 232 202 49 153 172 120 55 60 440 129 108 66 65 311 42 72 127 277 250 180 144 77
is_linear=0
shrinkage=0.05


Tree=4
num_leaves=31
num_cat=0
split_feature=108 106 136 142 119 121 115 36 87 126 8 68 110 108 135 5 124 86 29 142 99 128 105 51 141 127 30 5 22 1
split_gain=2.67541e+06 6.86105e+06 3.54425e+06 6.34692e+06 2.22852e+06 4.06491e+06 2.58883e+06 3.92823e+06 2.44891e+06 5.20254e+06 3.94288e+06 2.83866e+06 3.20883e+06 2.60601e+06 3.27962e+06 3.06746e+06 2.49201e+06 2.22377e+06 2.42516e+06 2.19373e+06 2.08135e+06 2.02353e+06 3.20144e+06 1.99911e+06 1.95026e+06 3.853e+06 1.93682e+06 5.51656e+06 1.78858e+06 1.72851e+06
threshold=2704.0000000000005 3359.0000000000005 624.75000000000011 -265.24999999999994 -1400.2499999999998 -1432.2499999999998 -214.74999999999997 1948.7500000000002 2432.7500000000005 571.75000000000011 2979.0000000000005 776.60214233398449 579.07751464843761 921.25000000000011 739.75000000000011 726.51162719726574 1480.4058837890627 -1560.2499999999998 1501.7500000000002 -129.24999999999997 2551.2500000000005 704.75000000000011 1665.2500000000002 1075.2500000000002 230.25000000000003 1090.7500000000002 -3862.4999999999995 1200.0135498046877 1043.7500000000002 2793.7500000000005
decision_type=2 2 2 2 2 2 2 2 2 2 2 2 2 2 2 2 2 2 2 2 2 2 2 2 2 2 2 2 2 2
left_child=1 4 -2 -4 19 6 7 28 13 -10 -11 12 -12 14 16 20 17 18 -7 26 -15 22 24 -23 -17 -26 -1 -28 -6 -19
right_child=2 -3 3 -5 5 8 -8 -9 9 10 11 -13 -14 15 -16 21 -18 29 -20 -21 -22 23 -24 -25 25 -27 27 -29 -30 -31
leaf_value=-19.331474508285524 -1.7831916564550157 -26.752260843912765 37.681506776809691 -1.2364367294311525 6.4584486141117345 -2.1058609646528876 24.586341481208805 -12.674922239303591 21.801350040435793 12.965488528042307 -14.125252290205523 -22.491806550025942 11.820487743157607 -1.6469260539443935 -16.173655726832731 -18.576629100243249 15.878101325988769 0.1268936448909192 -18.270851373672485 8.1821746190389 14.260841315133232 11.705187856583368 -23.960191244828074 -10.382759885787964 8.3690494176503787 -17.354312658309937 -7.2292544774360055 20.371047873497009 22.724803259372713 4.1550713404240431
leaf_weight=25 39 24 22 20 109 698 20 25 40 41 22 20 26 986 31 24 25 19506 24 30 21 21 38 20 37 24 191 20 20 270
leaf_count=25 39 24 22 20 109 698 20 25 40 41 22 20 26 986 31 24 25 19506 24 30 21 21 38 20 37 24 191 20 20 270
internal_value=-8.97233e-10 -0.032891 9.07062 19.1492 -0.00415281 0.0507312 7.66276 5.4649 -0.00981979 6.37839 0.718587 -6.66557 -0.0713098 -0.0536331 0.0770767 -2.34792 0.101623 0.082382 -2.6432 -4.55334 -1.31519 -8.68915 -11.8957 0.930579 -6.50221 -1.75162 -6.17226 -4.61311 8.98036 0.18189
internal_weight=22419 22338 81 42 22314 22048 174 154 21874 149 109 68 48 21725 20554 1171 20523 20498 722 266 1007 164 123 41 85 61 236 211 129 19776
internal_count=22419 22338 81 42 22314 22048 174 154 21874 149 109 68 48 21725 20554 1171 20523 20498 722 266 1007 164 123 41 85 61 236 211 129 19776
is_linear=0
shrinkage=0.05


Tree=5
num_leaves=31
num_cat=0
split_feature=108 106 78 92 138 127 87 113 8 121 107 5 128 5 41 99 15 135 36 131 127 129 129 38 113 121 141 58 31 131
split_gain=2.41456e+06 6.1921e+06 3.21294e+06 2.08357e+06 3.15897e+06 3.16075e+06 1.6403e+06 2.83377e+06 3.02789e+06 2.39221e+06 2.29473e+06 3.35192e+06 3.34915e+06 2.24126e+06 2.06258e+06 1.9184e+06 1.89405e+06 3.30014e+06 2.80376e+06 3.86491e+06 2.79148e+06 2.67577e+06 2.12093e+06 1.90624e+06 1.72316e+06 2.15623e+06 2.02105e+06 1.68199e+06 1.50132e+06 3.33162e+06
threshold=2704.0000000000005 3359.0000000000005 4245.2500000000009 -1988.2499999999998 1480.4058837890627 601.75000000000011 2432.7500000000005 1360.2500000000002 2979.0000000000005 449.25000000000006 818.75000000000011 726.51162719726574 8.2500000000000018 823.68878173828136 1736.074401855469 2551.2500000000005 2574.5000000000005 739.75000000000011 2161.2500000000005 683.63073730468761 -307.24999999999994 822.75000000000011 -104.74999999999999 2547.0000000000005 -1118.7499999999998 -1432.2499999999998 150.25000000000003 122.75000000000001 1935.7500000000002 549.32611083984386
decision_type=2 2 2 2 2 2 2 2 2 2 2 2 2 2 2 2 2 2 2 2 2 2 2 2 2 2 2 2 2 2
left_child=1 3 -2 -1 6 -6 10 -8 -9 -10 16 15 -13 -14 -15 28 17 18 24 -20 -18 23 -21 27 -5 26 -26 -22 -12 -30
right_child=2 -3 -4 4 5 -7 7 8 9 -11 11 12 13 14 -16 -17 20 -19 19 22 21 -23 -24 -25 25 -27 -28 -29 29 -31
leaf_value=-7.6389779752643596 -0.28975069257948133 -25.414648040135702 19.750631268819177 -4.5529921782137164 24.197920273851466 0.42525442715348866 18.672345187587123 12.700677294847443 8.6669126167297375 -10.096390849689268 -0.38984247509931624 -26.751615600585939 -15.405148249202306 -11.326361861228945 9.545418104632148 13.547799475987754 17.148151077943691 -15.797569876006158 -1.5335239002425995 -27.010452818870547 -6.1536845193968883 14.774277433596161 -8.2695050107108212 -4.0336051539052278 -0.059397252798080447 0.089742483728593836 11.608399350733698 5.7078796554695481 -0.72023134940379385 -13.333912628006054
leaf_weight=89 45 24 36 198 27 29 31 41 25 53 571 25 36 20 29 21 34 33 169 26 36 38 36 128 70 20065 79 176 148 81
leaf_count=89 45 24 36 198 27 29 31 41 25 53 571 25 36 20 29 21 34 33 169 26 36 38 36 128 70 20065 79 176 148 81
internal_value=9.13882e-09 -0.0312465 8.61709 -0.00394515 0.0266293 11.8871 -0.00333075 5.20756 1.69993 -4.08251 -0.0388289 -2.46812 -10.6644 -5.93289 1.02632 -1.36996 0.0684204 0.00153013 0.0267866 -5.45082 3.42527 2.19094 -16.1286 0.784567 0.088776 0.134243 6.12688 3.69365 -1.76155 -5.18184
internal_weight=22419 22338 81 22314 22225 56 22169 150 119 78 22019 931 110 85 49 821 21088 20676 20643 231 412 378 62 340 20412 20214 149 212 800 229
internal_count=22419 22338 81 22314 22225 56 22169 150 119 78 22019 931 110 85 49 821 21088 20676 20643 231 412 378 62 340 20412 20214 149 212 800 229
is_linear=0
shrinkage=0.05


Tree=6
num_leaves=31
num_cat=0
split_feature=108 106 12 89 102 72 45 64 131 65 89 98 96 15 120 129 111 134 115 115 66 105 113 108 113 6 51 99 87 121
split_gain=2.17914e+06 5.58837e+06 3.17422e+06 2.19544e+06 1.95195e+06 2.93717e+06 4.39509e+06 2.85893e+06 2.75617e+06 2.42115e+06 3.77922e+06 2.51859e+06 2.25333e+06 2.68433e+06 2.27934e+06 1.86777e+06 2.51857e+06 2.26397e+06 3.32332e+06 3.79934e+06 1.98669e+06 1.83335e+06 1.77251e+06 1.9014e+06 2.54585e+06 2.26072e+06 2.40386e+06 2.16823e+06 1.67939e+06 2.3069e+06
threshold=2704.0000000000005 3359.0000000000005 798.89459228515636 675.23397827148449 3816.9499511718755 -991.49999999999989 -34.749999999999993 -188.74999999999997 823.68878173828136 -533.74999999999989 1109.719909667969 1364.2500000000002 899.23205566406261 2803.2500000000005 1048.7500000000002 -186.74999999999997 226.69798278808597 297.25000000000006 -432.24999999999994 747.75000000000011 -743.24999999999989 -531.74999999999989 -241.74999999999997 91.250000000000014 949.75000000000011 3710.0815429687505 1308.7500000000002 1001.2500000000001 2432.7500000000005 1004.5000000000001
decision_type=2 2 2 2 2 2 2 2 2 2 2 2 2 2 2 2 2 2 2 2 2 2 2 2 2 2 2 2 2 2
left_child=1 4 3 -2 8 7 -7 -6 -1 -8 22 -12 14 15 21 16 20 -17 -19 -20 -14 -10 -11 27 25 26 -25 -24 -26 -30
right_child=2 -3 -4 -5 5 6 9 -9 12 10 11 -13 13 -15 -16 17 -18 18 19 -21 -22 -23 23 24 28 -27 -28 -29 29 -31
leaf_value=0.0048691472997943516 9.4098452179520233 -24.143914890289309 20.123630827123471 -12.145757112048921 4.177946148120931 -20.162615411931821 19.72981897354126 26.316197566986087 -12.707222404082616 15.105196063518527 -25.253040099143984 -0.1602682685852051 -9.2076774435983584 9.9019041447412413 -23.434926200866698 13.877012577533723 -20.688434861501058 13.256742788244177 -13.519622649317203 5.5541449365161712 5.0818165237839166 2.1036506118001164 0.78223621845245361 19.0146593245593 -1.1816872621638865 25.727535941384055 -2.903275802217681 -18.36284697396415 15.681308488845827 -4.4762941458008507
leaf_weight=21325 27 24 33 21 35 22 20 25 48 30 20 20 71 42 25 25 30 27 69 42 37 37 50 22 158 22 29 21 40 22
leaf_count=21325 27 24 33 21 35 22 20 25 48 30 20 20 71 42 25 25 30 27 69 42 37 37 50 22 158 22 29 21 40 22
internal_value=5.96599e-08 -0.0296841 8.18623 -0.0207308 -0.00374785 2.97712 1.66303 13.4022 -0.0771129 2.72066 1.93683 -12.7067 -3.93642 -1.9394 -10.1635 -3.59167 -7.87225 0.0323773 -2.47571 -6.30252 -4.3122 -6.26014 3.42347 2.46069 4.23959 12.3306 6.55152 -4.88039 1.55485 8.52861
internal_weight=22419 22338 81 48 22314 536 476 60 21778 454 434 40 453 343 110 301 138 163 138 111 108 85 394 364 293 73 51 71 220 62
internal_count=22419 22338 81 48 22314 536 476 60 21778 454 434 40 453 343 110 301 138 163 138 111 108 85 394 364 293 73 51 71 220 62
is_linear=0
shrinkage=0.05


Tree=7
num_leaves=31
num_cat=0
split_feature=108 106 136 142 119 121 115 36 142 87 126 8 68 110 108 135 5 124 86 29 128 13 127 13 99 113 131 30 5 26
split_gain=1.96667e+06 5.0435e+06 3.13161e+06 5.65738e+06 1.88104e+06 3.42532e+06 2.20926e+06 3.53046e+06 2.00696e+06 1.90523e+06 4.24008e+06 3.22708e+06 2.49563e+06 2.76995e+06 2.11129e+06 2.75968e+06 2.44364e+06 2.12261e+06 1.94625e+06 2.13061e+06 1.76606e+06 2.16018e+06 2.59784e+06 2.26941e+06 1.71137e+06 1.69689e+06 1.6683e+06 1.66693e+06 4.66986e+06 1.6618e+06
threshold=2704.0000000000005 3359.0000000000005 624.75000000000011 -265.24999999999994 -1400.2499999999998 -1432.2499999999998 -214.74999999999997 1948.7500000000002 -129.24999999999997 2432.7500000000005 571.75000000000011 2979.0000000000005 776.60214233398449 579.07751464843761 921.25000000000011 739.75000000000011 726.51162719726574 1480.4058837890627 -1560.2499999999998 1501.7500000000002 -254.24999999999997 1820.1035156250002 1236.7500000000002 2889.568969726563 2551.2500000000005 1486.7500000000002 776.22653198242199 -3862.4999999999995 1200.0135498046877 754.08599853515636
decision_type=2 2 2 2 2 2 2 2 2 2 2 2 2 2 2 2 2 2 2 2 2 2 2 2 2 2 2 2 2 2
left_child=1 4 -2 -4 8 6 7 26 27 14 -11 -12 13 -13 15 17 24 18 19 -7 -18 22 -22 -23 -16 -20 -6 -1 29 -29
right_child=2 -3 3 -5 5 9 -8 -9 -10 10 11 12 -14 -15 16 -17 20 -19 25 -21 21 23 -24 -25 -26 -27 -28 28 -30 -31
leaf_value=-17.939518924713138 -2.4255165051191283 -22.936719761292139 34.747335472973916 -1.9957861328124999 4.6624274107781085 -1.9711498885919849 22.668196514844894 -12.192840150833131 7.9982400822639468 19.549376688003541 11.59598560798459 -13.038463419133969 -21.003182053565979 11.067724948662978 -1.491485071761069 -14.836721506426413 -17.733445557526178 14.653120849609374 0.15267980816552768 -17.122706524531047 -3.3244042067300708 9.8086754772398219 -23.2034016361943 -10.040642975022395 12.933263973962694 14.04668121771379 17.135959024727345 -4.0276305323259702 18.701920652389528 -14.855555838726938
leaf_weight=25 39 24 22 20 91 698 20 25 30 40 41 22 20 26 986 31 35 25 19754 24 42 36 27 24 21 22 38 144 20 47
leaf_count=25 39 24 22 20 91 698 20 25 30 40 41 22 20 26 986 31 35 25 19754 24 42 36 27 24 21 22 38 144 20 47
internal_value=-6.95447e-08 -0.0282 7.77692 17.2506 -0.00356058 0.0468633 7.03443 5.00407 -4.18305 -0.00872034 5.62592 0.516389 -6.16396 0.0190553 -0.0473653 0.0702854 -2.11243 0.0928024 0.0750442 -2.4748 -7.77226 -5.06961 -11.1031 1.86895 -1.19067 0.168136 8.3368 -5.73152 -4.28508 -6.69209
internal_weight=22419 22338 81 42 22314 22048 174 154 266 21874 149 109 68 48 21725 20554 1171 20523 20498 722 164 129 69 60 1007 19776 129 236 211 191
internal_count=22419 22338 81 42 22314 22048 174 154 266 21874 149 109 68 48 21725 20554 1171 20523 20498 722 164 129 69 60 1007 19776 129 236 211 191
is_linear=0
shrinkage=0.05


end of trees

feature_importances:
Column_108=17
Column_106=13
Column_113=10
Column_78=7
Column_115=7
Column_142=7
Column_5=6
Column_99=6
Column_121=6
Column_129=6
Column_131=6
Column_136=6
Column_85=5
Column_96=5
Column_102=5
Column_126=5
Column_127=5
Column_128=5
Column_15=4
Column_51=4
Column_87=4
Column_120=4
Column_135=4
Column_8=3
Column_12=3
Column_36=3
Column_54=3
Column_65=3
Column_71=3
Column_79=3
Column_138=3
Column_141=3
Column_1=2
Column_13=2
Column_26=2
Column_29=2
Column_30=2
Column_68=2
Column_83=2
Column_86=2
Column_89=2
Column_92=2
Column_93=2
Column_105=2
Column_110=2
Column_116=2
Column_117=2
Column_119=2
Column_122=2
Column_124=2
Column_133=2
Column_134=2
Column_145=2
Column_0=1
Column_2=1
Column_3=1
Column_6=1
Column_10=1
Column_16=1
Column_22=1
Column_31=1
Column_33=1
Column_38=1
Column_41=1
Column_45=1
Column_46=1
Column_58=1
Column_64=1
Column_66=1
Column_72=1
Column_73=1
Column_80=1
Column_95=1
Column_98=1
Column_107=1
Column_111=1
Column_140=1

parameters:
[boosting: gbdt]
[objective: regression]
[metric: l2]
[tree_learner: serial]
[device_type: cpu]
[data_sample_strategy: bagging]
[data: ]
[valid: ]
[num_iterations: 1000]
[learning_rate: 0.05]
[num_leaves: 31]
[num_threads: 0]
[seed: 42]
[deterministic: 1]
[force_col_wise: 0]
[force_row_wise: 0]
[histogram_pool_size: -1]
[max_depth: -1]
[min_data_in_leaf: 20]
[min_sum_hessian_in_leaf: 0.001]
[bagging_fraction: 1]
[pos_bagging_fraction: 1]
[neg_bagging_fraction: 1]
[bagging_freq: 0]
[bagging_seed: 400]
[bagging_by_query: 0]
[feature_fraction: 1]
[feature_fraction_bynode: 1]
[feature_fraction_seed: 30056]
[extra_trees: 0]
[extra_seed: 12879]
[early_stopping_round: 0]
[early_stopping_min_delta: 0]
[first_metric_only: 0]
[max_delta_step: 0]
[lambda_l1: 0]
[lambda_l2: 0]
[linear_lambda: 0]
[min_gain_to_split: 0]
[drop_rate: 0.1]
[max_drop: 50]
[skip_drop: 0.5]
[xgboost_dart_mode: 0]
[uniform_drop: 0]
[drop_seed: 17869]
[top_rate: 0.2]
[other_rate: 0.1]
[min_data_per_group: 100]
[max_cat_threshold: 32]
[cat_l2: 10]
[cat_smooth: 10]
[max_cat_to_onehot: 4]
[top_k: 20]
[monotone_constraints: ]
[monotone_constraints_method: basic]
[monotone_penalty: 0]
[feature_contri: ]
[forcedsplits_filename: ]
[refit_decay_rate: 0.9]
[cegb_tradeoff: 1]
[cegb_penalty_split: 0]
[cegb_penalty_feature_lazy: ]
[cegb_penalty_feature_coupled: ]
[path_smooth: 0]
[interaction_constraints: ]
[verbosity: -1]
[saved_feature_importance_type: 0]
[use_quantized_grad: 0]
[num_grad_quant_bins: 4]
[quant_train_renew_leaf: 0]
[stochastic_rounding: 1]
[linear_tree: 0]
[max_bin: 255]
[max_bin_by_feature: ]
[min_data_in_bin: 3]
[bin_construct_sample_cnt: 200000]
[data_random_seed: 175]
[is_enable_sparse: 1]
[enable_bundle: 1]
[use_missing: 1]
[zero_as_missing: 0]
[feature_pre_filter: 1]
[pre_partition: 0]
[two_round: 0]
[header: 0]
[label_column: ]
[weight_column: ]
[group_column: ]
[ignore_column: ]
[categorical_feature: ]
[forcedbins_filename: ]
[precise_float_parser: 0]
[parser_config_file: ]
[objective_seed: 16083]
[num_class: 1]
[is_unbalance: 0]
[scale_pos_weight: 1]
[sigmoid: 1]
[boost_from_average: 1]
[reg_sqrt: 0]
[alpha: 0.9]
[fair_c: 1]
[poisson_max_delta_step: 0.7]
[tweedie_variance_power: 1.5]
[lambdarank_truncation_level: 30]
[lambdarank_norm: 1]
[label_gain: ]
[lambdarank_position_bias_regularization: 0]
[eval_at: ]
[multi_error_top_k: 1]
[auc_mu_weights: ]
[num_machines: 1]
[local_listen_port: 12400]
[time_out: 120]
[machine_list_filename: ]
[machines: ]
[gpu_platform_id: -1]
[gpu_device_id: -1]
[gpu_device_id_list: ]
[gpu_use_dp: 0]
[num_gpu: 1]

end of parameters

pandas_categorical:null
