tree
version=v4
num_class=1
num_tree_per_iteration=1
label_index=0
max_feature_idx=146
objective=regression
feature_names=Column_0 Column_1 Column_2 Column_3 Column_4 Column_5 Column_6 Column_7 Column_8 Column_9 Column_10 Column_11 Column_12 Column_13 Column_14 Column_15 Column_16 Column_17 Column_18 Column_19 Column_20 Column_21 Column_22 Column_23 Column_24 Column_25 Column_26 Column_27 Column_28 Column_29 Column_30 Column_31 Column_32 Column_33 Column_34 Column_35 Column_36 Column_37 Column_38 Column_39 Column_40 Column_41 Column_42 Column_43 Column_44 Column_45 Column_46 Column_47 Column_48 Column_49 Column_50 Column_51 Column_52 Column_53 Column_54 Column_55 Column_56 Column_57 Column_58 Column_59 Column_60 Column_61 Column_62 Column_63 Column_64 Column_65 Column_66 Column_67 Column_68 Column_69 Column_70 Column_71 Column_72 Column_73 Column_74 Column_75 Column_76 Column_77 Column_78 Column_79 Column_80 Column_81 Column_82 Column_83 Column_84 Column_85 Column_86 Column_87 Column_88 Column_89 Column_90 Column_91 Column_92 Column_93 Column_94 Column_95 Column_96 Column_97 Column_98 Column_99 Column_100 Column_101 Column_102 Column_103 Column_104 Column_105 Column_106 Column_107 Column_108 Column_109 Column_110 Column_111 Column_112 Column_113 Column_114 Column_115 Column_116 Column_117 Column_118 Column_119 Column_120 Column_121 Column_122 Column_123 Column_124 Column_125 Column_126 Column_127 Column_128 Column_129 Column_130 Column_131 Column_132 Column_133 Column_134 Column_135 Column_136 Column_137 Column_138 Column_139 Column_140 Column_141 Column_142 Column_143 Column_144 Column_145 Column_146
feature_infos=[-6398.5:9662.5] [-6306:9695] [-6865:9212.5] [-6455.5:9305] [-7549.43994140625:10046.5] [101.59349060058594:1576.9803466796875] [-6240.71826171875:9059.3359375] [-6456.5:9302.5] [-6291:9317.5] [-6635:8520] [-6470:8767.5] [-7499.40478515625:9994.2998046875] [101.59349060058594:1576.9803466796875] [-6225.69873046875:9032.8056640625] [-6471:8770] [-6221.5:8950] [-6602:8300] [-6465:8550] [-7450:9943.0498046875] [101.59349060058594:1576.9803466796875] [-6142.90771484375:8988.9140625] [-6463.5:8552.5] [-6206.5:8710] [-6687.5:7865] [-6450:7970] [-7403.1748046875:9886.349609375] [101.59349060058594:1576.9803466796875] [-6070.6435546875:8896.28515625] [-6448.5:7970] [-5815:8392.5] [-7302.5:7670] [-6037.5:7810] [-7345.0498046875:9838] [101.59349060058594:1576.9803466796875] [-5985.5849609375:8797.5322265625] [-6036:7807.5] [-5733:8102.5] [-6710:7595] [-5979:7767.5] [-7281.53515625:9797.875] [101.59349060058594:1576.9803466796875] [-5896.62255859375:8703.892578125] [-5980:7767.5] [-5766.5:7977.5] [-6285:7492.5] [-5974:7502.5] [-7221.23486328125:9755.599609375] [101.59349060058594:1576.9803466796875] [-5830.248046875:8594.67578125] [-5972.5:7502.5] [-5684.5:7610] [-6102.5:6407.5] [-5930.5:6855] [-7160.7001953125:9705.9501953125] [101.59349060058594:1576.9803466796875] [-5776.04345703125:8436.5234375] [-5931.5:6850] [-5682:6910] [-6327.5:5862.5] [-5925.5:6215] [-7098.35009765625:9645.1748046875] [101.59349060058594:1576.9803466796875] [-5696.53955078125:8234.56640625] [-5924:6215] [-4788:6882.5] [-5955:6075] [-4969:6175] [-7034.10498046875:9579.724609375] [101.59349060058594:1576.9803466796875] [-5629.30859375:8047.3330078125] [-4967.5:6172.5] [-4755.5:6262.5] [-5616.5:4767.5] [-5242.5:5237.5] [-6973.41015625:9497.275390625] [101.59349060058594:1576.9803466796875] [-5552.55322265625:7791.8935546875] [-5242.5:5240] [-4462.5:5702.5] [-6150:5020] [-4890:5280] [-6912.97509765625:9411.1748046875] [101.59349060058594:1576.9803466796875] [-5317.27587890625:7563.53955078125] [-4882.5:5280] [-4235:5595] [-5600:4532.5] [-4937.5:4695] [-6850.96484375:9319.900390625] [101.59349060058594:1576.9803466796875] [-5069.38720703125:7278.4453125] [-4936:4695] [-4035:5857.5] [-5585:4685] [-4640:5227.5] [-6786.6650390625:9237.775390625] [101.59349060058594:1576.9803466796875] [-4798.76123046875:7091.99560546875] [-4647.5:5225] [-4595:5805] [-5747.5:4535] [-4992.5:4540] [-6720.18017578125:9145] [101.59349060058594:1576.9803466796875] [-4532.7373046875:6859.99609375] [-4997.5:4540] [-4230:5297.5] [-5565:4400] [-4490:5147.5] [-6648.26513671875:9058.525390625] [101.59349060058594:1576.9803466796875] [-4290.0791015625:6704.314453125] [-4495:5147.5] [-3637.5:5197.5] [-4972.5:3602] [-3997.5:4675.5] [-6574.80517578125:8967.525390625] [101.59349060058594:1576.9803466796875] [-4022.890380859375:6503.6953125] [-3996:4677] [-3428.5:5622.5] [-4645:4667.5] [-3446.5:5142.5] [-6498.52490234375:8883.125] [101.59349060058594:1576.9803466796875] [-3788.854736328125:6379.9501953125] [-3446.5:5137.5] [-3347:5157.5] [-4635:4878.5] [-3375:5102.5] [-6423.0048828125:8783.7998046875] [101.59349060058594:1576.9803466796875] [-3573.09521484375:6135.181640625] [-3556.5:5103] [-3399:6013.5] [-4097:3127] [-3429:4117.5] [-6346.5400390625:8676.9248046875] [101.59349060058594:1576.9803466796875] [-3299.632080078125:5822.2109375] [-3430.5:4114.5] [0:4883] [-3620:0] none [-6267.39013671875:8548.2998046875] [101.59349060058594:1576.9803466796875] [-2999.66552734375:5292.9189453125]
tree_sizes=2874 2859 2833 2826 2819 2857

Tree=0
num_leaves=31
num_cat=0
split_feature=87 136 141 112 105 109 64 75 121 114 142 138 31 33 80 127 125 22 2 113 113 135 44 139 86 75 112 135 37 142
split_gain=3.7909e+06 7.31738e+06 2.47294e+06 2.39574e+06 1.65853e+06 2.31604e+06 3.16344e+06 1.94181e+06 2.77565e+06 1.50588e+06 1.30894e+06 1.28626e+06 1.16215e+06 3.74522e+06 2.06764e+06 2.24626e+06 1.73754e+06 1.45375e+06 1.43866e+06 1.15361e+06 1.47237e+06 1.29175e+06 1.30865e+06 2.67062e+06 1.12262e+06 1.1082e+06 1.07109e+06 1.06864e+06 1.06007e+06 1.3996e+06
threshold=2658.2500000000005 866.25000000000011 1319.2500000000002 1568.7500000000002 2333.7500000000005 4185.3376464843759 1613.7500000000002 630.97421264648449 243.75000000000003 1215.5000000000002 -75.249999999999986 630.97421264648449 2817.0000000000005 553.73107910156261 1939.0000000000002 330.25000000000006 1654.1351318359377 2409.7500000000005 2113.2500000000005 197.25000000000003 -184.74999999999997 -263.24999999999994 -1219.7499999999998 -228.50540924072263 -1493.2499999999998 492.29144287109381 -189.74999999999997 52.250000000000007 1316.2500000000002 -502.24999999999994
decision_type=2 2 2 2 2 2 2 2 2 2 2 2 2 2 2 2 2 2 2 2 2 2 2 2 2 2 2 2 2 2
left_child=2 9 4 -4 5 10 -7 -8 -9 -2 12 -12 14 25 16 -16 17 19 27 20 -1 22 23 26 -13 -14 -21 -18 -24 -30
right_child=1 -3 3 -5 -6 6 7 8 -10 -11 11 24 13 -15 15 -17 18 -19 -20 21 -22 -23 28 -25 -26 -27 -28 -29 29 -31
leaf_value=-0.95168751608327029 -6.7896178297102781 31.701628217775284 -24.425224176005788 -0.54189055202885295 -12.291316004281573 19.149299984106868 8.8789429525791359 4.2366038888028612 -19.654807165562236 8.8276499273148552 0.14771249748922854 15.695790701574179 -5.0239078936808657 -25.306057241856184 -8.8298067075005413 9.7141958006890299 -22.838557012974348 4.2893188190410472 -0.88841806262644529 4.416442990204569 0.248863106360808 -0.70394714013980164 -1.431975928631493 -22.349861468192454 2.8929355384306934 7.6024431415208946 -6.3192366476796762 -6.4935570844999191 6.1521572032579543 -7.7595185176904851
leaf_weight=4480 33 27 21 21 29 35 48 31 20 29 6763 23 57 20 20 89 20 153 36 30 5940 5510 1518 23 67 25 103 20 21 130
leaf_count=4480 33 27 21 21 29 35 48 31 20 29 6763 23 57 20 20 89 20 153 36 30 5940 5510 1518 23 67 25 103 20 21 130
internal_value=-0.324797 9.97627 -0.361101 -12.4836 -0.340906 -0.327144 6.22876 1.66089 -5.13258 0.515233 -0.362216 0.226734 -0.584039 -5.90611 -0.554036 6.31163 -0.595648 -0.563631 -8.13981 -0.605451 -0.267305 -1.08582 -2.23875 -6.61817 6.16478 -1.17441 -3.89765 -14.6661 -1.82941 -5.82478
internal_weight=25342 89 25253 42 25211 25182 134 99 51 62 25048 6853 18195 102 18093 109 17984 17908 76 17755 10420 7335 1825 156 90 82 133 40 1669 151
internal_count=25342 89 25253 42 25211 25182 134 99 51 62 25048 6853 18195 102 18093 109 17984 17908 76 17755 10420 7335 1825 156 90 82 133 40 1669 151
is_linear=0
shrinkage=1


Tree=1
num_leaves=31
num_cat=0
split_feature=87 136 141 5 105 109 64 72 141 114 142 138 31 33 80 127 125 22 2 55 73 86 75 99 113 113 44 17 73 72
split_gain=3.42129e+06 6.60394e+06 2.23183e+06 2.17131e+06 1.49682e+06 2.09023e+06 2.855e+06 1.80992e+06 1.39987e+06 1.35906e+06 1.18132e+06 1.16085e+06 1.04884e+06 3.38006e+06 1.86605e+06 2.02725e+06 1.56813e+06 1.31201e+06 1.29839e+06 1.09546e+06 1.01964e+06 1.01317e+06 1.00015e+06 976228 960884 1.34854e+06 1.13561e+06 1.85644e+06 1.64089e+06 1.52068e+06
threshold=2658.2500000000005 866.25000000000011 1319.2500000000002 441.64888000488287 2333.7500000000005 4185.3376464843759 1613.7500000000002 1368.7500000000002 284.75000000000006 1215.5000000000002 -75.249999999999986 630.97421264648449 2817.0000000000005 553.73107910156261 1939.0000000000002 330.25000000000006 1654.1351318359377 2409.7500000000005 2113.2500000000005 2455.4665527343755 1401.0000000000002 -1493.2499999999998 492.29144287109381 1772.7500000000002 197.25000000000003 -184.74999999999997 -915.74999999999989 -58.749999999999993 -555.24999999999989 -1293.4999999999998
decision_type=2 2 2 2 2 2 2 2 2 2 2 2 2 2 2 2 2 2 2 2 2 2 2 2 2 2 2 2 2 2
left_child=2 9 4 -4 5 10 -7 -8 -9 -2 12 -12 14 22 16 -16 17 19 23 24 -19 -13 -14 -18 25 -1 27 -26 -29 -28
right_child=1 -3 3 -5 -6 6 7 8 -10 -11 11 21 13 -15 15 -17 18 20 -20 -21 -22 -23 -24 -25 26 -27 29 28 -30 -31
leaf_value=-0.59830196070522035 -6.1415798447348857 30.425103595521719 -23.474280300140382 -0.71131461316888989 -11.368193068997613 18.500392357962472 -8.1264161063778797 -3.5835697464320972 11.579879802068076 8.6948248172628464 0.44888392432821267 15.219558044101882 -4.4641554338890215 -23.732197684571148 -8.0797596573829651 9.5370429215806265 -21.435359931588174 1.62362943478993 -0.53544016414218487 -10.941647613048554 10.42043005549349 3.0568456948693119 7.5308778247833246 -5.813034734725953 -1.7920865594225823 0.55114460422659006 10.751658169428509 -19.22556343396505 -2.8221704296527372 -0.53129582993670244
leaf_weight=4479 33 27 20 22 29 35 31 23 45 29 6763 23 57 20 20 89 20 105 36 24 48 67 25 20 695 5930 30 30 31 6536
leaf_count=4479 33 27 20 22 29 35 31 23 45 29 6763 23 57 20 20 89 20 105 36 24 48 67 25 20 695 5930 30 30 31 6536
internal_value=5.2851e-08 9.78602 -0.0344891 -11.5508 -0.0153036 -0.00222945 6.22588 1.8864 6.45107 0.798029 -0.0355481 0.523955 -0.24628 -5.30224 -0.217777 6.3046 -0.257309 -0.226893 -7.42426 -0.266621 4.38341 6.16509 -0.807133 -13.6242 -0.252172 0.0565369 -0.691034 -2.52613 -10.8894 -0.479744
internal_weight=25342 89 25253 42 25211 25182 134 99 68 62 25048 6853 18195 102 18093 109 17984 17908 76 17755 153 90 82 40 17731 10409 7322 756 61 6566
internal_count=25342 89 25253 42 25211 25182 134 99 68 62 25048 6853 18195 102 18093 109 17984 17908 76 17755 153 90 82 40 17731 10409 7322 756 61 6566
is_linear=0
shrinkage=0.05


Tree=2
num_leaves=31
num_cat=0
split_feature=72 141 142 141 112 17 4 121 5 135 114 138 110 130 54 54 43 96 110 131 5 89 76 93 9 120 44 85 65 101
split_gain=3.10048e+06 4.34567e+06 2.30032e+06 1.56721e+06 2.70457e+06 1.29651e+06 2.13148e+06 3.68219e+06 2.08676e+06 1.19813e+06 1.65033e+06 1.73561e+06 1.48182e+06 1.59594e+06 1.53341e+06 1.4823e+06 1.52218e+06 1.36611e+06 2.09052e+06 1.29917e+06 1.25399e+06 2.12167e+06 1.20606e+06 1.17314e+06 2.1901e+06 2.08668e+06 1.17816e+06 1.14231e+06 1.21375e+06 1.04461e+06
threshold=2654.7500000000005 1092.7500000000002 -263.24999999999994 1319.2500000000002 1568.7500000000002 4030.0000000000005 5424.9750976562509 -100.74999999999999 517.10519409179699 -337.24999999999994 9.2500000000000018 744.84381103515636 719.73504638671886 883.20251464843761 797.33575439453136 661.46316528320324 1528.0000000000002 601.57815551757824 575.74453735351574 852.46588134765636 529.70809936523449 495.52513122558599 2437.786254882813 1504.2500000000002 2069.2500000000005 1472.2500000000002 1348.5000000000002 1236.2500000000002 123.25000000000001 1469.7500000000002
decision_type=2 2 2 2 2 2 2 2 2 2 2 2 2 2 2 2 2 2 2 2 2 2 2 2 2 2 2 2 2 2
left_child=3 2 -2 5 -5 6 9 -8 -7 10 -1 17 15 14 -14 23 27 18 20 -13 29 -22 -15 -11 26 -26 -25 28 -17 -12
right_child=1 -3 -4 4 -6 8 7 -9 -10 12 11 19 13 22 -16 16 -18 -19 -20 -21 21 -23 -24 24 25 -27 -28 -29 -30 -31
leaf_value=-0.31842113006608458 11.477165345887881 27.96833187600841 -6.6803052150841928 -22.372062101818269 3.0040172395252047 1.3472378412882486 24.857937273771867 -3.7544372125105427 -20.520923190116886 0.13624694604645238 -2.0645422516417677 -21.941201248168948 7.1306193978555745 9.0714484492624834 -7.1356934140125921 -1.5188954898496956 -13.354919305528913 5.3444402096488268 -18.377701726130077 -3.9191946220397953 -19.629959989477086 -2.4638378116819597 -4.1383504915237426 18.645693372643514 -13.558441126788106 6.287307041410644 5.8402215912574675 8.962942868187314 -11.899098241679809 7.0934313579039143
leaf_weight=5109 37 23 33 21 21 24 23 22 20 18589 552 20 31 127 48 164 35 55 21 20 27 54 20 23 27 26 82 21 34 33
leaf_count=5109 37 23 33 21 21 24 23 22 20 18589 552 20 31 127 48 164 35 55 21 20 27 54 20 23 27 26 82 21 34 33
internal_value=-5.40638e-08 9.11265 2.91721 -0.0335648 -9.68402 -0.0174852 -0.00249034 10.8697 -8.59284 -0.0219683 -0.645834 -2.7849 0.169179 4.19399 -1.53752 0.121308 -3.67271 -2.23799 -2.84502 -12.9302 -2.35526 -8.18588 7.2742 0.172712 4.46292 -3.82279 8.64523 -2.12533 -3.30135 -1.54794
internal_weight=25342 93 70 25249 42 25207 25163 45 44 25118 5891 782 19227 226 79 19001 254 742 687 40 666 81 147 18747 158 53 105 219 198 585
internal_count=25342 93 70 25249 42 25207 25163 45 44 25118 5891 782 19227 226 79 19001 254 742 687 40 666 81 147 18747 158 53 105 219 198 585
is_linear=0
shrinkage=0.05


Tree=3
num_leaves=31
num_cat=0
split_feature=87 136 141 5 105 109 45 134 82 121 114 142 145 31 35 33 86 61 125 111 36 133 23 26 16 131 113 113 113 20
split_gain=2.86607e+06 5.60557e+06 1.86128e+06 1.98265e+06 1.34538e+06 1.82086e+06 2.52727e+06 2.13113e+06 1.56598e+06 1.9742e+06 1.15213e+06 1.03676e+06 1.05245e+06 998956 918306 3.02688e+06 1.63088e+06 1.34667e+06 1.12208e+06 1.8292e+06 1.17518e+06 1.09166e+06 1.02512e+06 961824 956011 945393 1.40152e+06 930158 1.23781e+06 1.0989e+06
threshold=2658.2500000000005 866.25000000000011 1319.2500000000002 441.64888000488287 2333.7500000000005 4185.3376464843759 1704.2500000000002 297.75000000000006 619.95794677734386 235.50000000000003 1215.5000000000002 -75.249999999999986 367.24668884277349 -1758.9999999999998 2807.7500000000005 547.78625488281261 1615.2500000000002 405.03033447265631 1654.1351318359377 1854.3482666015627 2439.7500000000005 294.25000000000006 1870.2500000000002 390.20744323730474 3133.7500000000005 719.73504638671886 494.75000000000006 197.25000000000003 -184.74999999999997 2241.689575195313
decision_type=2 2 2 2 2 2 2 2 2 2 2 2 2 2 2 2 2 2 2 2 2 2 2 2 2 2 2 2 2 2
left_child=2 10 4 -4 5 11 -7 -8 -9 -10 -2 14 13 -13 16 23 18 -18 20 -20 27 -21 -19 24 -16 26 -22 28 29 -1
right_child=1 -3 3 -5 -6 6 7 8 9 -11 -12 12 -14 -15 15 -17 17 22 19 21 25 -23 -24 -25 -26 -27 -28 -29 -30 -31
leaf_value=-0.49586697317829231 -5.7134357799183242 27.971940831784849 -21.942216625213625 -0.19061173525723546 -10.77728837440754 17.140648614035712 15.353830640966244 5.6594899023280432 2.5942609643936159 -19.110963927615774 7.9468748257077984 -7.8566303571065266 1.5096139561690665 0.17698415382008839 2.4350800514221191 -21.384656559337273 -0.73564404072584932 4.8808454878786778 -19.359061691761017 -9.9112421081179676 -7.2127672729392849 5.2887120653081823 16.594032930558729 6.4486860390632392 -11.40358095902663 14.985574173927308 7.4396826220493697 -0.67970612240615402 0.5271025990501923 -8.5275443537290716
leaf_weight=4443 33 27 20 22 29 36 22 34 20 22 29 39 1852 4962 24 22 54 47 20 21 24 27 31 31 26 20 51 7361 5950 43
leaf_count=4443 33 27 20 22 29 36 22 34 20 22 29 39 1852 4962 24 22 54 47 20 21 24 27 31 31 26 20 51 7361 5950 43
internal_value=4.12031e-09 8.95684 -0.0315669 -10.5485 -0.0140463 -0.00165115 5.8113 1.6495 -2.31754 -8.77514 0.676064 -0.0327489 0.491404 0.114334 -0.230167 -4.93791 -0.203365 5.33402 -0.244063 -6.65474 -0.219699 -1.36127 9.53609 -0.470888 -4.76102 5.32662 2.7509 -0.249305 0.0542774 -0.572854
internal_weight=25342 89 25253 42 25211 25182 134 98 76 42 62 25048 6853 5001 18195 103 18092 132 17960 68 17892 48 78 81 50 95 75 17797 10436 4486
internal_count=25342 89 25253 42 25211 25182 134 98 76 42 62 25048 6853 5001 18195 103 18092 132 17960 68 17892 48 78 81 50 95 75 17797 10436 4486
is_linear=0
shrinkage=0.05


Tree=4
num_leaves=31
num_cat=0
split_feature=100 121 145 115 109 45 141 142 114 127 87 76 142 142 138 83 94 40 129 145 31 86 101 113 85 61 121 113 44 72
split_gain=2.62589e+06 4.3033e+06 2.15008e+06 2.09586e+06 1.96645e+06 2.50456e+06 2.06316e+06 1.48031e+06 1.83451e+06 1.50178e+06 1.20871e+06 1.08816e+06 1.39728e+06 902846 1.1914e+06 940860 1.20848e+06 892032 853826 849948 905979 802711 741501 809364 1.3219e+06 1.77206e+06 2.20554e+06 1.0279e+06 971178 1.62018e+06
threshold=2136.2500000000005 636.75000000000011 797.33575439453136 1932.2500000000002 4185.3376464843759 1704.2500000000002 1319.2500000000002 -430.24999999999994 -90.249999999999986 718.25000000000011 1605.0000000000002 3060.682739257813 -112.24999999999999 -75.249999999999986 630.97421264648449 2181.226928710938 1697.2500000000002 661.46316528320324 1377.0000000000002 367.24668884277349 -1758.9999999999998 -1493.2499999999998 1947.5000000000002 197.25000000000003 1182.7500000000002 416.62655639648443 -620.24999999999989 -177.74999999999997 -915.74999999999989 -1293.4999999999998
decision_type=2 2 2 2 2 2 2 2 2 2 2 2 2 2 2 2 2 2 2 2 2 2 2 2 2 2 2 2 2 2
left_child=3 -2 18 4 6 -6 11 8 -7 -9 -11 13 -13 22 15 16 17 19 -3 20 -15 -16 23 24 27 -26 -27 -1 -25 -30
right_child=1 2 -4 -5 5 7 -8 9 -10 10 -12 12 -14 14 21 -17 -18 -19 -20 -21 -22 -23 -24 28 25 26 -28 -29 29 -31
leaf_value=-0.54500256422878468 -11.848071918487548 2.132095718383789 27.393181167949333 -12.435855586388533 17.019463642223464 4.5715656453912912 -12.734810699522496 17.282231499932031 -16.351623353958129 -7.7954067111015322 8.8477958639462795 -12.018638258445556 3.8414726484389536 -7.4637987381372701 14.283265470421833 -8.1533517211675655 12.41621681849162 -6.388708512485028 15.637956723299894 1.4356143810705642 0.18683664466051628 3.4147446559025689 6.8720197535849907 -2.3072516044974329 -0.88089451690514897 24.858356085277741 3.2532499714030161 0.45797467543285331 10.634104503284803 -0.47140733398517648
leaf_weight=4551 20 25 22 34 37 22 32 22 20 20 24 41 21 39 23 32 21 48 22 1651 4960 65 37 755 48 21 27 5823 33 6846
leaf_count=4551 20 25 22 34 37 22 32 22 20 20 24 41 21 39 23 32 21 48 22 1651 4960 65 37 755 48 21 27 5823 33 6846
internal_value=1.64632e-08 8.57333 14.4926 -0.0302152 -0.0134901 5.79248 -0.0470654 1.9462 -5.39186 6.61588 1.2827 -0.0308523 -6.64667 -0.0144319 0.475138 0.399792 0.440527 0.40298 8.45399 0.452003 0.12715 6.25538 -0.198996 -0.213447 0.072021 5.91229 12.7055 0.0179757 -0.604965 -0.418132
internal_weight=25342 89 69 25253 25219 145 25074 108 42 66 44 25042 62 24980 6839 6751 6719 6698 47 6650 4999 88 18141 18104 10470 96 48 10374 7634 6879
internal_count=25342 89 69 25253 25219 145 25074 108 42 66 44 25042 62 24980 6839 6751 6719 6698 47 6650 4999 88 18141 18104 10470 96 48 10374 7634 6879
is_linear=0
shrinkage=0.05


Tree=5
num_leaves=31
num_cat=0
split_feature=4 142 68 128 120 141 28 26 43 135 133 30 135 114 45 1 110 130 40 54 50 79 85 110 119 85 91 92 133 128
split_gain=2.40342e+06 4.24652e+06 1.74744e+06 2.53259e+06 1.66811e+06 2.0809e+06 1.54862e+06 1.67889e+06 1.43604e+06 1.25757e+06 1.75447e+06 1.22822e+06 1.04186e+06 1.54748e+06 2.20694e+06 2.13053e+06 1.27132e+06 1.48835e+06 1.39839e+06 1.25765e+06 1.65002e+06 1.24969e+06 2.78028e+06 1.69652e+06 1.12327e+06 1.06501e+06 1.22712e+06 1.74569e+06 1.05962e+06 1.49907e+06
threshold=5424.9750976562509 -722.24999999999989 644.34121704101574 60.250000000000007 2089.0000000000005 1319.2500000000002 3316.0000000000005 553.73107910156261 3238.2500000000005 546.25000000000011 948.00000000000011 3542.5000000000005 -337.24999999999994 -370.24999999999994 -1374.2499999999998 -1114.7499999999998 719.73504638671886 883.20251464843761 797.33575439453136 661.46316528320324 1561.2500000000002 1340.5000000000002 1182.7500000000002 587.72634887695324 -25.749999999999996 1236.2500000000002 675.25000000000011 668.25000000000011 -125.74999999999999 -392.24999999999994
decision_type=2 2 2 2 2 2 2 2 2 2 2 2 2 2 2 2 2 2 2 2 2 2 2 2 2 2 2 2 2 2
left_child=4 -2 -3 -4 5 6 8 11 12 10 -6 -8 13 21 15 -15 19 18 -18 -14 25 22 -1 -24 -20 26 27 -21 -16 -30
right_child=1 2 3 -5 9 -7 7 -9 -10 -11 -12 -13 16 14 28 -17 17 -19 24 20 -22 -23 23 -25 -26 -27 -28 -29 29 -31
leaf_value=-0.10706093889324325 25.135247223193829 14.120550823211671 6.1790651734670003 -16.155738818696275 13.965120623111725 -12.412393912147074 -7.6497885580471863 -18.499704508347943 11.109812236654349 17.668866835940971 -6.0864659786224369 5.7313542895846901 0.15894868827068001 -5.1092383171382707 -0.53536221101304649 -24.076586257219319 6.3744128964164046 7.1493635557153654 1.7944877183437349 -3.5687324403937346 -15.346834299197566 -11.396110447247823 4.0156677786509203 22.545176315307618 -13.966712694901688 8.6810048739115402 -13.517483642578126 11.494420263983988 -11.809788658883837 -2.3655860018572694
leaf_weight=3791 26 20 30 22 20 34 47 22 29 22 24 27 18692 57 1243 20 33 136 20 153 26 24 30 21 26 21 25 22 45 634
leaf_count=3791 26 20 30 22 20 34 47 22 29 22 24 27 18692 57 1243 20 33 136 20 153 26 24 30 21 26 21 25 22 45 634
internal_value=3.16154e-08 7.81503 1.56051 -3.27027 -0.0303388 -0.0511484 -0.0344334 -6.37278 -0.0101408 7.90822 3.02789 -2.76748 -0.0230301 -0.60612 -1.73559 -10.0358 0.155513 3.97872 -1.47961 0.112111 -3.43236 -0.0221045 0.048946 11.6455 -7.11402 -2.03066 -3.15538 -1.67508 -1.40306 -2.99149
internal_weight=25342 98 72 52 25244 25178 25144 96 25048 66 44 74 25019 5865 1999 77 19154 215 79 18939 247 3866 3842 51 46 221 200 175 1922 679
internal_count=25342 98 72 52 25244 25178 25144 96 25048 66 44 74 25019 5865 1999 77 19154 215 79 18939 247 3866 3842 51 46 221 200 175 1922 679
is_linear=0
shrinkage=0.05


end of trees

feature_importances:
Column_113=9
Column_142=9
Column_141=8
Column_114=6
Column_121=5
Column_135=5
Column_5=4
Column_31=4
Column_44=4
Column_72=4
Column_85=4
Column_86=4
Column_87=4
Column_109=4
Column_110=4
Column_138=4
Column_33=3
Column_45=3
Column_54=3
Column_75=3
Column_105=3
Column_112=3
Column_125=3
Column_127=3
Column_133=3
Column_136=3
Column_145=3
Column_2=2
Column_4=2
Column_17=2
Column_22=2
Column_26=2
Column_40=2
Column_43=2
Column_61=2
Column_64=2
Column_73=2
Column_76=2
Column_80=2
Column_101=2
Column_120=2
Column_128=2
Column_130=2
Column_131=2
Column_1=1
Column_9=1
Column_16=1
Column_20=1
Column_23=1
Column_28=1
Column_30=1
Column_35=1
Column_36=1
Column_37=1
Column_50=1
Column_55=1
Column_65=1
Column_68=1
Column_79=1
Column_82=1
Column_83=1
Column_89=1
Column_91=1
Column_92=1
Column_93=1
Column_94=1
Column_96=1
Column_99=1
Column_100=1
Column_111=1
Column_115=1
Column_119=1
Column_129=1
Column_134=1
Column_139=1

parameters:
[boosting: gbdt]
[objective: regression]
[metric: l2]
[tree_learner: serial]
[device_type: cpu]
[data_sample_strategy: bagging]
[data: ]
[valid: ]
[num_iterations: 1000]
[learning_rate: 0.05]
[num_leaves: 31]
[num_threads: 0]
[seed: 42]
[deterministic: 1]
[force_col_wise: 0]
[force_row_wise: 0]
[histogram_pool_size: -1]
[max_depth: -1]
[min_data_in_leaf: 20]
[min_sum_hessian_in_leaf: 0.001]
[bagging_fraction: 1]
[pos_bagging_fraction: 1]
[neg_bagging_fraction: 1]
[bagging_freq: 0]
[bagging_seed: 400]
[bagging_by_query: 0]
[feature_fraction: 1]
[feature_fraction_bynode: 1]
[feature_fraction_seed: 30056]
[extra_trees: 0]
[extra_seed: 12879]
[early_stopping_round: 0]
[early_stopping_min_delta: 0]
[first_metric_only: 0]
[max_delta_step: 0]
[lambda_l1: 0]
[lambda_l2: 0]
[linear_lambda: 0]
[min_gain_to_split: 0]
[drop_rate: 0.1]
[max_drop: 50]
[skip_drop: 0.5]
[xgboost_dart_mode: 0]
[uniform_drop: 0]
[drop_seed: 17869]
[top_rate: 0.2]
[other_rate: 0.1]
[min_data_per_group: 100]
[max_cat_threshold: 32]
[cat_l2: 10]
[cat_smooth: 10]
[max_cat_to_onehot: 4]
[top_k: 20]
[monotone_constraints: ]
[monotone_constraints_method: basic]
[monotone_penalty: 0]
[feature_contri: ]
[forcedsplits_filename: ]
[refit_decay_rate: 0.9]
[cegb_tradeoff: 1]
[cegb_penalty_split: 0]
[cegb_penalty_feature_lazy: ]
[cegb_penalty_feature_coupled: ]
[path_smooth: 0]
[interaction_constraints: ]
[verbosity: -1]
[saved_feature_importance_type: 0]
[use_quantized_grad: 0]
[num_grad_quant_bins: 4]
[quant_train_renew_leaf: 0]
[stochastic_rounding: 1]
[linear_tree: 0]
[max_bin: 255]
[max_bin_by_feature: ]
[min_data_in_bin: 3]
[bin_construct_sample_cnt: 200000]
[data_random_seed: 175]
[is_enable_sparse: 1]
[enable_bundle: 1]
[use_missing: 1]
[zero_as_missing: 0]
[feature_pre_filter: 1]
[pre_partition: 0]
[two_round: 0]
[header: 0]
[label_column: ]
[weight_column: ]
[group_column: ]
[ignore_column: ]
[categorical_feature: ]
[forcedbins_filename: ]
[precise_float_parser: 0]
[parser_config_file: ]
[objective_seed: 16083]
[num_class: 1]
[is_unbalance: 0]
[scale_pos_weight: 1]
[sigmoid: 1]
[boost_from_average: 1]
[reg_sqrt: 0]
[alpha: 0.9]
[fair_c: 1]
[poisson_max_delta_step: 0.7]
[tweedie_variance_power: 1.5]
[lambdarank_truncation_level: 30]
[lambdarank_norm: 1]
[label_gain: ]
[lambdarank_position_bias_regularization: 0]
[eval_at: ]
[multi_error_top_k: 1]
[auc_mu_weights: ]
[num_machines: 1]
[local_listen_port: 12400]
[time_out: 120]
[machine_list_filename: ]
[machines: ]
[gpu_platform_id: -1]
[gpu_device_id: -1]
[gpu_device_id_list: ]
[gpu_use_dp: 0]
[num_gpu: 1]

end of parameters

pandas_categorical:null
