tree
version=v4
num_class=1
num_tree_per_iteration=1
label_index=0
max_feature_idx=146
objective=regression
feature_names=Column_0 Column_1 Column_2 Column_3 Column_4 Column_5 Column_6 Column_7 Column_8 Column_9 Column_10 Column_11 Column_12 Column_13 Column_14 Column_15 Column_16 Column_17 Column_18 Column_19 Column_20 Column_21 Column_22 Column_23 Column_24 Column_25 Column_26 Column_27 Column_28 Column_29 Column_30 Column_31 Column_32 Column_33 Column_34 Column_35 Column_36 Column_37 Column_38 Column_39 Column_40 Column_41 Column_42 Column_43 Column_44 Column_45 Column_46 Column_47 Column_48 Column_49 Column_50 Column_51 Column_52 Column_53 Column_54 Column_55 Column_56 Column_57 Column_58 Column_59 Column_60 Column_61 Column_62 Column_63 Column_64 Column_65 Column_66 Column_67 Column_68 Column_69 Column_70 Column_71 Column_72 Column_73 Column_74 Column_75 Column_76 Column_77 Column_78 Column_79 Column_80 Column_81 Column_82 Column_83 Column_84 Column_85 Column_86 Column_87 Column_88 Column_89 Column_90 Column_91 Column_92 Column_93 Column_94 Column_95 Column_96 Column_97 Column_98 Column_99 Column_100 Column_101 Column_102 Column_103 Column_104 Column_105 Column_106 Column_107 Column_108 Column_109 Column_110 Column_111 Column_112 Column_113 Column_114 Column_115 Column_116 Column_117 Column_118 Column_119 Column_120 Column_121 Column_122 Column_123 Column_124 Column_125 Column_126 Column_127 Column_128 Column_129 Column_130 Column_131 Column_132 Column_133 Column_134 Column_135 Column_136 Column_137 Column_138 Column_139 Column_140 Column_141 Column_142 Column_143 Column_144 Column_145 Column_146
feature_infos=[-10472.5:15599] [-9955:16975.5] [-11912.5:15560] [-10752.5:15872.5] [-11226.669921875:19891.275390625] [169.64253234863281:2611.72900390625] [-7554.326171875:16798.921875] [-10747.5:15872.5] [-9557.5:16651] [-11122.5:14822.5] [-10642.5:15622] [-11138.8203125:19721.55078125] [169.64253234863281:2611.72900390625] [-7228.70556640625:16626.74609375] [-10635:15624] [-10117.5:16661] [-12635:15615.5] [-12155:15896.5] [-11057.5947265625:19531.57421875] [169.64253234863281:2611.72900390625] [-7161.07421875:16369.9970703125] [-12147.5:15895.5] [-11630:17272] [-13587.5:15736.5] [-12427.5:15852.5] [-10974.669921875:19375.55078125] [169.64253234863281:2611.72900390625] [-7138.93115234375:16002.04296875] [-12422.5:15852.5] [-11232.5:17214] [-13095:15717] [-11935:16377] [-10881.14453125:19218.025390625] [169.64253234863281:2611.72900390625] [-7072.66455078125:15542.5390625] [-11930:16381] [-10740:17335] [-12305:16244.5] [-11185:16498] [-10778.044921875:19057.349609375] [169.64253234863281:2611.72900390625] [-7037.876953125:14968.8984375] [-11182.5:16502] [-9727.5:17315.5] [-11555:15675] [-11020:16555] [-10672.64453125:18904.599609375] [169.64253234863281:2611.72900390625] [-7314.599609375:14777.404296875] [-11025:16554] [-10400:17930.5] [-12332.5:15824] [-10865:17006] [-10558.0947265625:18742.900390625] [169.64253234863281:2611.72900390625] [-7637.36328125:14980.00390625] [-10890:17010] [-9907.5:18051.5] [-11840:15786.5] [-11110:16656.5] [-10440.3203125:18581.55078125] [169.64253234863281:2611.72900390625] [-7953.0576171875:15106.048828125] [-11110:16655.5] [-8830:18032] [-11242.5:16251.5] [-10617.5:17184] [-10325.2451171875:18418.69921875] [169.64253234863281:2611.72900390625] [-8045.05224609375:15294.9541015625] [-10617.5:17183] [-8900:18559.5] [-10912.5:13813.5] [-10455:14746] [-10203.5947265625:18265.5] [169.64253234863281:2611.72900390625] [-8264.138671875:15174.23046875] [-10455:14745] [-8407.5:16121.5] [-10857.5:13809] [-9962.5:14741.5] [-10068.9453125:18102.19921875] [169.64253234863281:2611.72900390625] [-8184.8984375:14052.80078125] [-9962.5:14740.5] [-6750:16117] [-10365:13466] [-7760:14398.5] [-9939.0947265625:17916.025390625] [169.64253234863281:2611.72900390625] [-7939.453125:13363.7734375] [-7760:14397.5] [-6450:15774] [-8462.5:12407.5] [-8005:13412.5] [-9802.89453125:17712.849609375] [169.64253234863281:2611.72900390625] [-7783.13916015625:12613.2939453125] [-8005:13414.5] [-5727.5:13826] [-8407.5:13406] [-7065:13522] [-9682.39453125:17529.775390625] [169.64253234863281:2611.72900390625] [-7646.490234375:11895.4033203125] [-7065:13522] [-5315:13850] [-7467.5:12836.5] [-5787.5:12988.5] [-9559.6201171875:17354.94921875] [169.64253234863281:2611.72900390625] [-7469.3095703125:11938.904296875] [-5787.5:12988.5] [-4822.5:15004.5] [-6432.5:12985.5] [-5625:14167.5] [-9435.8203125:17183.525390625] [169.64253234863281:2611.72900390625] [-7098.462890625:12141.50390625] [-5625:14171.5] [-3345:14555.5] [-6387.5:12948] [-4235:13528] [-9319.080078125:17005.69921875] [169.64253234863281:2611.72900390625] [-6675.87548828125:12267.548828125] [-4235:13527.5] [-3530:14450] [-6405:13413] [-4970:14345.5] [-9187.5546875:16811.724609375] [169.64253234863281:2611.72900390625] [-6313.9775390625:12456.4541015625] [-4970:14344.5] [-3110:15721] [-5787.5:8427] [-3950:11128.5] [-9046.330078125:16585.125] [169.64253234863281:2611.72900390625] [-5821.4775390625:12335.73046875] [-3960:11125.5] [0:12050.5] [-5814.5:0] none [-8901.60546875:16358.1748046875] [169.64253234863281:2611.72900390625] [-5292.25244140625:11214.30078125]
tree_sizes=2814 2830 2823 2828 2813 2842 2817 2825 2864 2793 2814 2833 2821 2819 2812 2819 2810 2848 2837 2856 2821 2880 2819 2844 2879

Tree=0
num_leaves=31
num_cat=0
split_feature=82 124 123 58 134 122 114 33 124 138 103 124 124 65 128 74 41 83 92 68 72 13 132 29 128 6 140 118 145 142
split_gain=1.3816e+08 5.16307e+07 1.92481e+07 1.7576e+07 1.83288e+07 1.00615e+07 1.66314e+07 1.3772e+07 9.53154e+06 9.43456e+06 7.76762e+06 8.07095e+06 7.59976e+06 7.04206e+06 1.50823e+07 7.93881e+06 1.00083e+07 1.79514e+07 7.42776e+06 7.38678e+06 7.31063e+06 6.58406e+06 6.96966e+06 5.9435e+06 7.13937e+06 5.82209e+06 9.31535e+06 9.07567e+06 9.77557e+06 8.69387e+06
threshold=790.22567749023449 481.01324462890631 8956.9550781250018 2057.0000000000005 1223.7500000000002 -1392.2499999999998 -1887.7499999999998 1039.5981445312502 627.13027954101574 652.10885620117199 526.19256591796886 527.70199584960949 365.19827270507818 -2931.2499999999995 -630.74999999999989 -3120.912475585937 -1453.4011230468748 -1515.0355224609373 -667.24999999999989 1082.6817016601565 652.75000000000011 -3601.0537109374995 -698.54232788085926 3366.2500000000005 1412.0000000000002 3657.8662109375005 434.25000000000006 2173.083374023438 1289.656921386719 -217.24999999999997
decision_type=2 2 2 2 2 2 2 2 2 2 2 2 2 2 2 2 2 2 2 2 2 2 2 2 2 2 2 2 2 2
left_child=1 12 5 -4 -5 -2 7 -7 10 -10 -3 -12 -1 14 -8 20 17 -17 -16 -19 -15 -9 -23 24 -11 29 -27 -28 -29 -18
right_child=2 8 3 4 -6 6 13 21 9 23 11 -13 -14 15 18 16 25 19 -20 -21 -22 22 -24 -25 -26 26 27 28 -30 -31
leaf_value=252.47059709169653 257.68697670873809 259.77561712696019 334.27898251692517 253.33523252407772 305.01090820780809 268.58240232572678 262.89405605565162 277.78523253599866 265.16712027168052 258.62517050568135 252.76406259337017 257.66988499360309 255.00548575369231 262.33157397860009 320.80923253599866 268.44107666831059 269.53178582823369 288.90044991071738 281.43740644074933 329.91618490786846 233.60004733668495 326.60861963277284 289.30189920266531 267.46497610373439 229.9659143455107 267.98778354545902 314.56349338897826 292.36737537589875 251.81566731860735 258.89533352936218
leaf_weight=4800 172 3133 20 32 37 53 51 20 980 1774 1077 3784 7700 123 25 77 544 23 23 21 27 31 21 195 22 196 23 42 23 297
leaf_count=4800 172 3133 20 32 37 53 51 20 980 1774 1077 3784 7700 123 25 77 544 23 23 21 27 31 21 195 22 196 23 42 23 297
internal_value=257.274 256.229 270.312 293.008 281.045 269.185 270.406 287.926 258.733 261.151 257.834 256.583 254.032 268.941 281.827 268.027 269.335 282.999 301.944 308.476 257.16 302.165 311.542 259.174 258.274 267.866 274.055 287.57 278.018 265.776
internal_weight=25346 23465 1881 89 69 1792 1620 125 10965 2971 7994 4861 12500 1495 99 1396 1246 121 48 44 150 72 52 1991 1796 1125 284 88 65 841
internal_count=25346 23465 1881 89 69 1792 1620 125 10965 2971 7994 4861 12500 1495 99 1396 1246 121 48 44 150 72 52 1991 1796 1125 284 88 65 841
is_linear=0
shrinkage=1


Tree=1
num_leaves=31
num_cat=0
split_feature=82 33 123 58 87 124 122 114 33 64 121 86 12 134 110 12 107 134 95 73 49 128 103 117 13 132 16 65 22 103
split_gain=1.2469e+08 4.74782e+07 1.73714e+07 1.58624e+07 1.72192e+07 1.18667e+07 9.08055e+06 1.50099e+07 1.24293e+07 6.74824e+06 1.89955e+07 1.14417e+07 8.05385e+06 7.7382e+06 8.7912e+06 1.22565e+07 7.02147e+06 1.48787e+07 7.96076e+06 7.46836e+06 6.46569e+06 6.1495e+06 6.01894e+06 1.11834e+07 5.94212e+06 6.29012e+06 5.89213e+06 5.71288e+06 5.53556e+06 5.46634e+06
threshold=790.22567749023449 455.56895446777349 8956.9550781250018 2057.0000000000005 3233.7500000000005 572.21307373046886 -1392.2499999999998 -1887.7499999999998 1039.5981445312502 -502.74999999999994 632.75000000000011 -691.74999999999989 790.22567749023449 895.25000000000011 1218.723571777344 1367.7973632812502 -862.24999999999989 228.75000000000003 -2897.7224121093745 545.25000000000011 -1126.7499999999998 135.75000000000003 537.19390869140636 503.57635498046881 -3601.0537109374995 -698.54232788085926 -2343.9999999999995 -4531.2499999999991 3429.2500000000005 618.48980712890636
decision_type=2 2 2 2 2 2 2 2 2 2 2 2 2 2 2 2 2 2 2 2 2 2 2 2 2 2 2 2 2 2
left_child=1 -1 6 -4 -5 22 27 8 -8 10 12 20 -9 14 26 -16 17 -13 -18 -19 -11 -15 23 -3 -10 -26 -14 -2 29 -7
right_child=2 5 3 4 -6 28 7 9 24 11 -12 16 13 21 15 -17 18 19 -20 -21 -22 -23 -24 -25 25 -27 -28 -29 -30 -31
leaf_value=-3.4513704876588309 19.452369916439057 -0.81951878033210912 73.154801983833323 -5.8960630162556971 44.48975282571255 4.6828874100498261 10.743049770031336 -2.211322774261725 19.485738830566408 -19.586225511254494 64.389727706909184 4.0190761898839202 6.0899756298253411 -12.636540284301297 67.178733493970796 17.508908810438935 -6.7003012679872063 23.886942776766691 11.821427703009459 64.218467887242639 3.0738418940684245 22.499754009246828 -2.3843866690416009 4.0177052445897248 65.867955238588408 30.426571791512625 24.481135644164741 -3.9641704014369417 9.7418901586595794 1.2056271271917849
leaf_weight=10691 32 3776 20 30 39 1838 53 61 20 37 20 43 76 33 23 27 63 22 733 24 211 20 2194 1748 31 21 102 140 283 2935
leaf_count=10691 32 3776 20 30 39 1838 53 61 20 37 20 43 76 33 23 27 63 22 733 24 211 20 2194 1748 31 21 102 140 283 2935
internal_value=-1.06067e-07 -0.992921 12.3864 33.9474 22.5829 1.06464 11.3156 12.4754 29.1197 11.0837 17.0267 9.18487 14.2569 17.8319 21.8323 40.357 11.8447 25.1638 10.3555 44.9295 -0.306894 0.622439 -0.168813 0.71116 42.6469 51.5551 16.6287 0.392395 2.94751 2.54466
internal_weight=25346 23465 1881 89 69 12774 1792 1620 125 1495 362 1133 342 281 228 50 885 89 796 46 248 53 7718 5524 72 52 178 172 5056 4773
internal_count=25346 23465 1881 89 69 12774 1792 1620 125 1495 362 1133 342 281 228 50 885 89 796 46 248 53 7718 5524 72 52 178 172 5056 4773
is_linear=0
shrinkage=0.05


Tree=2
num_leaves=31
num_cat=0
split_feature=33 33 75 46 58 121 105 128 3 59 79 124 86 74 129 129 138 64 54 75 145 0 135 129 138 6 19 124 86 122
split_gain=1.13748e+08 3.57068e+07 1.98e+07 1.22217e+07 2.11153e+07 1.70601e+07 8.79884e+06 2.20669e+07 9.02117e+06 7.73143e+06 1.48492e+07 7.55098e+06 7.20212e+06 7.79717e+06 7.07626e+06 8.87348e+06 6.98692e+06 6.61621e+06 6.11574e+06 1.01311e+07 6.02996e+06 6.13388e+06 5.55197e+06 7.5165e+06 7.27683e+06 8.05231e+06 6.042e+06 5.69875e+06 5.62177e+06 8.17211e+06
threshold=709.18753051757824 455.56895446777349 1169.2799072265627 10069.265136718752 2142.7500000000005 144.75000000000003 -407.24999999999994 -135.74999999999997 6826.2500000000009 -1163.7499999999998 -1797.2499999999998 627.13027954101574 -724.74999999999989 -422.60499572753901 -949.74999999999989 -604.24999999999989 655.58581542968761 3318.7500000000005 581.93069458007824 548.57937622070324 1289.656921386719 1608.2500000000002 161.25000000000003 806.75000000000011 955.20053100585949 1089.3885498046877 744.63302612304699 790.22567749023449 -893.24999999999989 376.25000000000006
decision_type=2 2 2 2 2 2 2 2 2 2 2 2 2 2 2 2 2 2 2 2 2 2 2 2 2 2 2 2 2 2
left_child=1 -1 20 6 -5 -6 7 14 9 10 -8 18 -11 -14 -4 -16 -13 -18 19 -3 22 -22 28 24 25 -24 -27 -25 -2 -30
right_child=2 11 3 4 5 -7 8 -9 -10 12 -12 16 13 -15 15 -17 17 -19 -20 -21 21 -23 23 27 -26 26 -28 -29 29 -31
leaf_value=-3.2878252286977858 3.3439179143515774 -0.16998208794011554 1.9509800958633425 80.550609951019283 -11.881570133955584 46.718778871606901 0.43675719041090749 60.442779633493139 36.829156398773193 -16.770358088209825 56.966044544038326 6.9222125852290111 -16.409575985968115 11.145374576898105 49.482815750122072 15.595766448133132 -0.0012596553944526836 14.464488044907066 -2.307500996257748 4.2928198249314145 -30.568978364127027 5.7631079582067635 6.2690089106559759 -4.4192654733657841 46.197664492328961 49.506010921796161 18.558569172154304 13.590816135507708 11.66661824892549 2.0542048281148508
leaf_weight=10700 795 6052 60 20 23 27 26 33 28 37 21 851 30 178 25 85 1128 85 2049 1610 21 26 85 75 24 24 46 106 765 311
leaf_count=10700 795 6052 60 20 23 27 26 33 28 37 21 851 30 178 25 85 1128 85 2049 1610 21 26 85 75 24 24 46 106 765 311
internal_value=-3.59535e-08 -1.19716 9.37173 17.5101 37.1306 19.7626 14.884 23.0265 9.71858 7.11893 25.6945 0.702633 3.55545 7.1711 15.7633 23.2974 3.44906 1.01242 0.1189 0.767777 7.25319 -10.4704 7.62656 13.3129 20.5779 16.611 29.1691 6.12808 6.53246 8.88831
internal_weight=25346 22475 2871 593 70 50 523 203 320 292 47 11775 245 208 170 110 2064 1213 9711 7662 2278 47 2231 360 179 155 70 181 1871 1076
internal_count=25346 22475 2871 593 70 50 523 203 320 292 47 11775 245 208 170 110 2064 1213 9711 7662 2278 47 2231 360 179 155 70 181 1871 1076
is_linear=0
shrinkage=0.05


Tree=3
num_leaves=31
num_cat=0
split_feature=82 124 123 58 134 122 114 40 135 127 124 117 140 141 38 64 121 86 12 134 110 12 123 41 96 58 58 81 123 78
split_gain=1.02832e+08 3.8906e+07 1.42755e+07 1.27688e+07 1.51238e+07 7.87037e+06 1.33566e+07 1.09892e+07 7.31247e+06 7.82624e+06 7.30896e+06 7.24978e+06 6.51681e+06 6.92929e+06 8.81704e+06 5.93731e+06 1.66281e+07 9.83304e+06 7.05558e+06 7.13162e+06 7.26778e+06 1.09966e+07 6.2047e+06 1.35162e+07 1.10922e+07 7.37462e+06 7.31651e+06 6.23681e+06 8.95869e+06 1.288e+07
threshold=790.22567749023449 493.91604614257818 8956.9550781250018 2057.0000000000005 1223.7500000000002 -1392.2499999999998 -1887.7499999999998 890.77328491210949 -552.74999999999989 744.25000000000011 365.19827270507818 624.39785766601574 250.25000000000003 230.25000000000003 -2351.9999999999995 -502.74999999999994 632.75000000000011 -691.74999999999989 790.22567749023449 895.25000000000011 1218.723571777344 1367.7973632812502 -702.69000244140614 -1453.4011230468748 999.20349121093761 317.75000000000006 2347.7500000000005 202.84000396728518 5350.7575683593759 1927.2500000000002
decision_type=2 2 2 2 2 2 2 2 2 2 2 2 2 2 2 2 2 2 2 2 2 2 2 2 2 2 2 2 2 2
left_child=1 10 5 -4 -5 -2 7 -7 -3 11 -1 -10 13 -9 -15 16 18 -17 -8 20 -20 -22 24 -24 -19 -25 27 -27 -29 -30
right_child=2 8 3 4 -6 6 15 12 9 -11 -12 -13 -14 14 -16 17 -18 22 19 -21 21 -23 23 25 -26 26 -28 28 29 -31
leaf_value=-4.2292600789003387 0.1084550369617551 -1.0728960463033126 65.970955066680901 -4.5734494526870551 42.367271215367964 2.3049775667940127 -2.3861145200788001 24.597781529327236 2.0070599472294757 -0.77275294393757388 -1.7938041852771545 5.9703821118096139 10.688337938785553 32.033240165710446 77.903352868556979 -0.53561776208300749 59.932563960440461 14.18434615552736 15.482993622844141 -0.14732695660501158 62.463427833888844 15.415629129498095 48.964391265869146 4.8331027972977614 -10.540312916179037 46.73954548608689 6.9047331155046097 12.008178820805243 15.555650630527072 57.439665714386969
leaf_weight=4800 172 2238 20 32 37 33 61 30 4523 1755 8600 1549 20 20 22 248 20 96 178 53 23 27 25 256 86 21 154 171 45 31
leaf_count=4800 172 2238 20 32 37 33 61 30 4523 1755 8600 1549 20 20 22 248 20 96 178 53 23 27 25 256 86 21 154 171 45 31
internal_value=-5.28201e-08 -0.901702 11.2485 30.7939 20.5977 10.2778 11.3575 27.0584 1.44746 2.16812 -2.66621 3.01812 35.9374 42.951 56.0604 10.0447 15.6192 8.26361 13.0278 16.3738 20.2143 37.0576 10.7294 12.8596 2.50127 11.5283 15.5898 20.5805 18.3564 32.6399
internal_weight=25346 23465 1881 89 69 1792 1620 125 10065 7827 13400 6072 92 72 42 1495 362 1133 342 281 228 50 885 703 182 678 422 268 247 76
internal_count=25346 23465 1881 89 69 1792 1620 125 10065 7827 13400 6072 92 72 42 1495 362 1133 342 281 228 50 885 703 182 678 422 268 247 76
is_linear=0
shrinkage=0.05


Tree=4
num_leaves=31
num_cat=0
split_feature=33 33 75 98 32 121 3 93 119 134 58 115 135 76 15 79 134 124 103 117 73 145 0 103 124 61 135 129 138 6
split_gain=9.35429e+07 2.9573e+07 1.60505e+07 1.10644e+07 1.97805e+07 1.51682e+07 1.35716e+07 1.46466e+07 1.21614e+07 1.12078e+07 1.12198e+07 8.78945e+06 8.42975e+06 8.40457e+06 1.20258e+07 8.18998e+06 6.61161e+06 6.38629e+06 6.33785e+06 9.42346e+06 5.68187e+06 5.63142e+06 5.48817e+06 5.16266e+06 5.40867e+06 5.11001e+06 5.03177e+06 6.68894e+06 6.30115e+06 7.24443e+06
threshold=709.18753051757824 455.56895446777349 1169.2799072265627 -1756.7499999999998 5079.1950683593759 120.75000000000001 6826.2500000000009 655.50000000000011 -837.24999999999989 895.25000000000011 1367.7500000000002 809.75000000000011 -1487.2499999999998 444.18128967285162 -711.74999999999989 -1225.4999999999998 564.25000000000011 572.21307373046886 537.19390869140636 503.57635498046881 51.250000000000007 1289.656921386719 1608.2500000000002 618.48980712890636 648.61227416992199 1289.656921386719 161.25000000000003 806.75000000000011 955.20053100585949 1089.3885498046877
decision_type=2 2 2 2 2 2 2 2 2 2 2 2 2 2 2 2 2 2 2 2 2 2 2 2 2 2 2 2 2 2
left_child=1 -1 21 4 8 9 7 11 -4 12 15 -7 20 14 25 -11 -15 18 19 -3 -5 26 -23 -19 -25 -14 -2 28 29 -28
right_child=2 17 3 5 -6 6 -8 -9 -10 10 -12 -13 13 16 -16 -17 -18 23 -20 -21 -22 22 -24 24 -26 -27 27 -29 -30 -31
leaf_value=-2.9882835096187943 5.910545266059664 -0.70948804982985236 3.1396035867578842 10.543203517368863 64.883075644175207 15.034451910667123 49.65989155292511 4.9132063264542438 46.934984829114832 -7.304378078294838 13.954281484163724 55.63029275258382 31.093578858809039 0.7867665933759026 56.230638914841876 -51.053237876892098 29.447725626138539 4.2128541177610455 -2.4918630263111972 3.730842038541947 -25.069640477498375 -29.547859169188001 4.8187340685954467 -2.1575150837374717 2.7911824427427554 -2.2677035252253215 5.7180513181405912 5.5877487691067858 43.059354979793234 27.439033827441079
leaf_weight=10700 1871 3776 51 21 30 24 40 94 23 23 26 30 22 89 26 20 26 1832 2173 1748 24 21 26 978 1268 24 85 181 24 70
leaf_count=10700 1871 3776 51 21 30 24 40 94 23 23 26 30 22 89 26 20 26 1832 2173 1748 24 21 26 978 1268 24 85 181 24 70
internal_value=8.48832e-08 -1.08564 8.49873 15.8261 30.6357 12.6764 23.819 16.835 16.7517 5.71686 -11.9747 37.5877 10.9786 15.654 29.0504 -27.6527 7.26664 0.643294 -0.204279 0.695598 -8.45031 6.5913 -10.5366 2.24304 0.636318 13.6877 6.95213 12.3655 19.2189 15.5275
internal_weight=25346 22475 2871 593 104 489 188 148 74 301 69 54 232 187 72 43 115 11775 7697 5524 45 2278 47 4078 2246 46 2231 360 179 155
internal_count=25346 22475 2871 593 104 489 188 148 74 301 69 54 232 187 72 43 115 11775 7697 5524 45 2278 47 4078 2246 46 2231 360 179 155
is_linear=0
shrinkage=0.05


Tree=5
num_leaves=31
num_cat=0
split_feature=82 124 123 142 134 135 122 114 40 127 135 140 136 74 113 64 121 141 119 33 114 131 65 18 138 142 6 61 54 118
split_gain=8.48228e+07 3.19884e+07 1.20172e+07 1.19951e+07 1.79118e+07 7.02198e+06 6.95666e+06 1.16126e+07 9.54447e+06 6.59789e+06 7.25771e+06 5.89578e+06 6.16245e+06 5.72166e+06 5.53498e+06 7.24338e+06 1.28214e+07 6.3434e+06 5.61313e+06 5.53422e+06 5.36282e+06 5.58178e+06 5.21216e+06 5.06588e+06 8.921e+06 6.59268e+06 9.54968e+06 7.24065e+06 1.4271e+07 6.8862e+06
threshold=790.22567749023449 469.93049621582037 8956.9550781250018 -328.24999999999994 1373.7500000000002 -390.24999999999994 -1392.2499999999998 -1887.7499999999998 890.77328491210949 744.25000000000011 92.250000000000014 250.25000000000003 -637.24999999999989 4979.9074707031259 -462.24999999999994 -1828.9999999999998 -261.24999999999994 608.25000000000011 -445.74999999999994 633.10632324218761 -1887.7499999999998 568.21163940429699 -4531.2499999999991 -988.85498046874989 813.91189575195324 -155.24999999999997 -213.84723663330075 1039.5981445312502 1289.656921386719 1235.8937988281252
decision_type=2 2 2 2 2 2 2 2 2 2 2 2 2 2 2 2 2 2 2 2 2 2 2 2 2 2 2 2 2 2
left_child=1 13 6 4 -4 19 22 8 -8 10 20 12 -10 -1 17 16 18 -9 -16 -3 21 -7 -2 24 -17 26 27 -25 -29 -27
right_child=2 5 3 -5 -6 9 7 14 11 -11 -12 -13 -14 -15 15 23 -18 -19 -20 -21 -22 -23 -24 25 -26 29 -28 28 -30 -31
leaf_value=-2.7159237268730068 17.970246782898904 -1.9005797302114482 17.233161604745046 1.0557793651308331 72.021022253770099 36.655682845342731 1.9116890835039546 4.4910577423316393 17.130586987450013 -0.73281352431433089 7.0210673782089223 9.2395128679275516 49.312972842945776 24.050322532653809 26.055835998535159 17.608838973262092 53.605193968461109 -23.648467048009238 -8.5731675148010265 2.3296371889034306 1.7729623542212061 7.2152914195820905 -4.3965673351287844 12.171275232193318 -0.94103775407240653 -3.1441965913941679 11.065400603783543 66.56036126063421 18.486606999447471 13.50483897097476
leaf_weight=11680 32 2787 35 28 26 21 33 121 21 1856 829 20 51 20 25 88 26 24 22 1070 5133 69 140 47 246 141 580 26 38 111
leaf_count=11680 32 2787 35 28 26 21 33 121 21 1856 829 20 51 20 25 88 26 24 22 1070 5133 69 140 47 246 141 580 26 38 111
internal_value=3.02605e-08 -0.818947 10.2162 28.1491 40.5854 1.02205 9.32551 10.3406 24.9806 1.87514 2.67493 33.2554 39.9264 -2.67017 9.11653 10.1136 25.4318 -0.166519 9.84652 -0.727043 1.98511 14.0847 -0.2353 9.23793 3.94635 11.1121 13.6368 27.0731 38.0166 4.18931
internal_weight=25346 23465 1881 89 61 11765 1792 1620 125 7908 6052 92 72 11700 1495 1350 73 145 47 3857 5223 90 172 1277 334 943 691 111 64 252
internal_count=25346 23465 1881 89 61 11765 1792 1620 125 7908 6052 92 72 11700 1495 1350 73 145 47 3857 5223 90 172 1277 334 943 691 111 64 252
is_linear=0
shrinkage=0.05


Tree=6
num_leaves=31
num_cat=0
split_feature=33 33 75 98 32 121 3 87 119 134 58 65 127 107 79 78 136 63 37 57 135 124 127 145 30 37 0 86 128 61
split_gain=7.70552e+07 2.46923e+07 1.30476e+07 9.92206e+06 1.75981e+07 1.32172e+07 1.14646e+07 1.37879e+07 1.06228e+07 1.00839e+07 9.93705e+06 7.88276e+06 8.90704e+06 6.79907e+06 6.76867e+06 6.49072e+06 6.27441e+06 5.87222e+06 5.85654e+06 7.39962e+06 5.55867e+06 6.30295e+06 5.59817e+06 5.37674e+06 5.13238e+06 7.7583e+06 4.84306e+06 4.70513e+06 6.90667e+06 6.03588e+06
threshold=709.18753051757824 447.81130981445318 1169.2799072265627 -1756.7499999999998 5079.1950683593759 120.75000000000001 6826.2500000000009 2448.7500000000005 -837.24999999999989 895.25000000000011 1397.7500000000002 -2298.7499999999995 -402.24999999999994 -291.74999999999994 -1225.4999999999998 -696.74999999999989 843.25000000000011 3205.0000000000005 -1539.7499999999998 2534.7500000000005 -523.24999999999989 521.01409912109386 733.25000000000011 1289.656921386719 -789.24999999999989 1234.7500000000002 1608.2500000000002 -893.24999999999989 476.75000000000006 1125.5928955078127
decision_type=2 2 2 2 2 2 2 2 2 2 2 2 2 2 2 2 2 2 2 2 2 2 2 2 2 2 2 2 2 2
left_child=1 -1 23 4 8 9 7 18 -4 11 14 15 -13 24 -11 -5 -9 20 -7 -20 -3 -22 -23 27 -14 -26 -25 28 -2 -29
right_child=2 17 3 5 -6 6 -8 16 -10 10 -12 12 13 -15 -16 -17 -18 -19 19 -21 21 22 -24 26 25 -27 -28 29 -30 -31
leaf_value=-2.8034083527322933 2.6423152476008602 -1.5798815385788822 2.526553769205131 10.693319377032195 60.647172088623051 51.027271218299866 45.489062610864643 8.7469911911908316 43.457872720386675 -7.5043031153471578 13.23236255645752 -16.892344927787782 -1.5771836189996629 -1.2390980304177128 -46.766490177881153 50.049659652709963 -26.013717387971425 11.531863981584708 10.371925750145547 45.538078398931596 -0.4205536298630187 3.0616711774073155 -0.8921647138113068 -28.601420519181659 42.451644087003338 8.0235161813100184 3.6822392665422883 8.9103194246674313 29.31712553405762 -6.2623572632886368
leaf_weight=10200 827 2709 51 22 30 20 40 34 23 23 25 36 21 67 21 20 21 120 52 21 4310 3981 1155 21 36 30 26 1310 25 69
leaf_count=10200 827 2709 51 22 30 20 40 34 23 23 25 36 21 67 21 20 21 120 52 21 4310 3981 1155 21 36 30 26 1310 25 69
internal_value=2.64066e-08 -0.985333 7.71347 14.3199 28.3442 11.3373 21.7386 15.3196 15.2485 4.84073 -11.9404 9.83166 5.49842 10.7326 -26.2431 29.4344 -4.52528 0.525409 27.0558 20.4882 0.416748 0.989358 2.17252 5.9937 19.9522 26.8025 -10.7424 6.34627 3.42503 8.15114
internal_weight=25346 22475 2871 593 104 489 188 148 74 301 69 232 190 154 44 42 55 12275 93 73 12155 9446 5136 2278 87 66 47 2231 852 1379
internal_count=25346 22475 2871 593 104 489 188 148 74 301 69 232 190 154 44 42 55 12275 93 73 12155 9446 5136 2278 87 66 47 2231 852 1379
is_linear=0
shrinkage=0.05


Tree=7
num_leaves=31
num_cat=0
split_feature=82 33 123 58 87 117 129 107 113 64 121 80 5 4 100 96 116 116 145 127 22 133 99 113 19 142 1 38 106 79
split_gain=7.0429e+07 2.63659e+07 1.0041e+07 1.12337e+07 1.20687e+07 6.94505e+06 6.16828e+06 1.17122e+07 7.25948e+06 6.29708e+06 1.22975e+07 8.38578e+06 7.51124e+06 6.33038e+06 6.41655e+06 5.75812e+06 9.41664e+06 1.00785e+07 7.22047e+06 6.34481e+06 6.20087e+06 6.1498e+06 6.09358e+06 8.97574e+06 5.75677e+06 5.62536e+06 5.53466e+06 5.5277e+06 7.59404e+06 8.00299e+06
threshold=790.22567749023449 455.56895446777349 8956.9550781250018 2057.0000000000005 3233.7500000000005 583.70455932617199 -1089.2499999999998 -3206.2499999999995 -1349.9999999999998 -488.24999999999994 612.75000000000011 -2042.2499999999998 890.77328491210949 -5169.7675781249991 -2091.2499999999995 846.42968750000011 -148.63500213623044 149.7225036621094 813.91189575195324 36.250000000000007 3098.0000000000005 277.25000000000006 4086.2500000000005 1439.7500000000002 475.83932495117193 -239.24999999999997 4327.0000000000009 3209.5000000000005 1676.7500000000002 767.75000000000011
decision_type=2 2 2 2 2 2 2 2 2 2 2 2 2 2 2 2 2 2 2 2 2 2 2 2 2 2 2 2 2 2
left_child=1 -1 6 -4 -5 24 -2 8 -8 10 11 -9 -13 -14 -15 20 26 -18 -19 -20 25 -22 23 27 -3 -11 -17 28 29 -21
right_child=2 5 3 4 -6 -7 7 9 -10 15 -12 12 13 14 -16 16 17 18 19 22 21 -23 -24 -25 -26 -27 -28 -29 -30 -31
leaf_value=-2.5782765952418267 -0.17699953213981962 2.7010404991157984 58.696173439025884 -7.7046590677897129 34.477751292937846 2.3701058542584477 54.388384561953345 0.3124920656921667 13.199697821736336 16.784863535062538 52.30385711669922 7.0607306492576996 -2.2083392461140949 49.670689377417936 22.272630968093875 -1.5663943955898285 41.967646226428805 -10.052803721921197 -4.5942559313774112 7.8004472588440947 11.577286593119304 47.371266301472986 -8.9209603722031048 21.267600297989215 -0.69830239183015075 1.101732821837784 -29.152895412445073 -8.3490940589904792 -19.497930050001017 31.725467746908016
leaf_weight=10691 184 1527 20 30 39 4492 23 109 20 127 20 120 21 26 120 200 21 58 80 170 24 24 37 170 6755 104 20 50 20 44
leaf_count=10691 184 1527 20 30 39 4492 23 109 20 127 20 120 21 26 120 200 21 58 80 170 24 24 37 170 6755 104 20 50 20 44
internal_value=5.18739e-09 -0.746234 9.30908 25.7013 16.1376 0.787065 8.49496 9.48727 35.2309 8.77994 14.051 12.119 16.603 23.4598 27.1517 6.87154 4.8671 7.89341 6.7558 8.46315 13.1219 29.4743 10.5906 12.1808 -0.071546 9.72406 -4.07426 6.74149 9.96597 12.7196
internal_weight=25346 23465 1881 89 69 12774 1792 1608 43 1565 416 396 287 167 146 1149 870 650 629 571 279 48 491 454 8282 231 220 284 234 214
internal_count=25346 23465 1881 89 69 12774 1792 1608 43 1565 416 396 287 167 146 1149 870 650 629 571 279 48 491 454 8282 231 220 284 234 214
is_linear=0
shrinkage=0.05


Tree=8
num_leaves=31
num_cat=0
split_feature=82 124 123 142 134 124 103 117 103 122 114 33 13 134 113 107 128 85 86 69 7 141 81 72 65 116 61 131 124 135
split_gain=6.35622e+07 2.41533e+07 9.06199e+06 1.04119e+07 1.54017e+07 7.51245e+06 7.20646e+06 7.72343e+06 6.18876e+06 5.74309e+06 9.90058e+06 8.07837e+06 4.95957e+06 5.7708e+06 4.66181e+06 6.33113e+06 1.09717e+07 7.69721e+06 1.22282e+07 5.76094e+06 8.32461e+06 5.50685e+06 5.10171e+06 6.0479e+06 4.55874e+06 4.41917e+06 4.36892e+06 5.62835e+06 4.40926e+06 4.30452e+06
threshold=790.22567749023449 431.01969909667974 8956.9550781250018 -328.24999999999994 1373.7500000000002 572.21307373046886 535.37088012695324 503.57635498046881 482.42698669433599 -1392.2499999999998 -1887.7499999999998 1039.5981445312502 -3601.0537109374995 374.25000000000006 -462.24999999999994 -982.24999999999989 286.75000000000006 461.25000000000006 262.75000000000006 -1130.4276123046873 -2694.7499999999995 608.25000000000011 -3027.025024414062 652.75000000000011 -4531.2499999999991 -3521.432495117187 781.07574462890636 846.42968750000011 752.59484863281261 -523.24999999999989
decision_type=2 2 2 2 2 2 2 2 2 2 2 2 2 2 2 2 2 2 2 2 2 2 2 2 2 2 2 2 2 2
left_child=1 -1 9 4 -4 6 7 8 25 24 11 -11 -13 -14 21 16 17 19 -19 20 -16 -12 23 -17 -2 -3 28 -28 29 -7
right_child=2 5 3 -5 -6 26 -8 -9 -10 10 14 12 13 -15 15 22 -18 18 -20 -21 -22 -23 -24 -25 -26 -27 27 -29 -30 -31
leaf_value=-2.7244094810051909 16.409446933865549 10.708125865134328 14.348575444902693 -0.82590896742684505 65.152711105346683 -0.71739232189987046 -2.6266040785139144 3.2518088195268171 -2.8165949210452803 7.6952870440932948 3.6824728021444368 12.256126677989961 54.722583472728729 20.485262880325319 3.0302464962005615 3.7431003877094819 50.560573505219963 59.138570976257327 5.7971976139328696 0.31644334202945823 34.546548601388928 -22.535998479525247 8.2943303705045253 -23.089482859202796 -4.5084333351680206 0.50092001870046854 -1.8696810861845981 -27.274567201733589 7.6030650473268411 2.8724743410604887
leaf_weight=9100 32 110 35 28 26 1105 2427 1901 1817 53 121 20 32 20 44 84 21 21 22 101 40 24 989 28 140 2945 238 24 380 3418
leaf_count=9100 32 110 35 28 26 1105 2427 1901 1817 53 121 20 32 20 44 84 21 21 22 101 40 24 989 28 140 2945 238 24 380 3418
internal_value=-5.36594e-08 -0.708922 8.84363 24.4162 36.0028 0.567857 -0.288884 0.548802 -0.50588 8.07021 8.99253 22.5104 33.416 41.5544 7.86227 8.77732 15.9774 12.7921 31.8476 8.36299 18.038 -0.657136 7.14896 -2.96505 -0.616735 0.868446 2.0939 -4.19685 2.43006 1.99545
internal_weight=25346 23465 1881 89 61 14365 9200 6773 4872 1792 1620 125 72 52 1495 1350 249 228 43 185 84 145 1101 112 172 3055 5165 262 4903 4523
internal_count=25346 23465 1881 89 61 14365 9200 6773 4872 1792 1620 125 72 52 1495 1350 249 228 43 185 84 145 1101 112 172 3055 5165 262 4903 4523
is_linear=0
shrinkage=0.05


Tree=9
num_leaves=31
num_cat=0
split_feature=33 33 75 98 74 121 3 87 134 58 115 65 127 107 79 136 78 12 141 119 93 127 82 96 0 78 61 131 15 31
split_gain=5.79181e+07 1.70062e+07 1.1541e+07 8.68854e+06 1.53245e+07 1.0829e+07 9.24469e+06 1.19063e+07 9.13913e+06 8.87834e+06 8.78266e+06 6.96738e+06 7.62207e+06 5.86527e+06 5.80693e+06 5.55457e+06 5.48774e+06 5.4362e+06 6.40041e+06 5.10884e+06 7.50222e+06 6.53636e+06 4.76859e+06 6.23644e+06 1.01048e+07 5.49562e+06 5.40796e+06 5.37843e+06 4.59091e+06 4.51597e+06
threshold=681.98138427734386 441.44285583496099 1169.2799072265627 -1756.7499999999998 4979.9074707031259 120.75000000000001 6826.2500000000009 2448.7500000000005 895.25000000000011 1397.7500000000002 -1136.7499999999998 -2298.7499999999995 -402.24999999999994 -291.74999999999994 -1225.4999999999998 843.25000000000011 -696.74999999999989 624.39785766601574 366.25000000000006 736.25000000000011 852.75000000000011 1581.2500000000002 790.22567749023449 846.42968750000011 3973.7500000000005 5127.5000000000009 781.07574462890636 846.42968750000011 4099.7500000000009 255.25000000000003
decision_type=2 2 2 2 2 2 2 2 2 2 2 2 2 2 2 2 2 2 2 2 2 2 2 2 2 2 2 2 2 2
left_child=1 -1 17 4 10 8 7 19 11 14 -4 16 -13 29 -10 -9 -5 18 -2 -7 21 -21 26 24 -24 -25 -19 -28 -3 -14
right_child=2 28 3 5 -6 6 -8 15 9 -11 -12 12 13 -15 -16 -17 -18 22 -20 20 -22 -23 23 25 -26 -27 27 -29 -30 -31
leaf_value=-2.4858249640733536 9.172662962476414 0.21097479970977784 0.93088791569074003 9.7158129258589323 57.183431645802095 2.5051793597993397 40.390047049522401 7.3450951351838958 -8.3710902105207037 11.585730827331544 36.16718532357897 -16.267932615015241 -0.60663318236668906 -1.8324386457898723 -44.73714066403253 -25.360904922939483 45.903870391845707 3.7657025904302177 39.470081901550294 63.740857183365598 10.880257241479283 24.742072868347169 9.928795556696695 4.8062851337459147 46.389834556579594 -21.103313956941879 -2.0622379927478764 -27.98572993711992 9.621886192842295 24.880991771486073
leaf_weight=9800 72 12049 48 22 28 21 40 34 23 25 28 36 24 67 21 21 20 1208 23 21 29 22 381 805 20 21 221 22 131 63
leaf_count=9800 72 12049 48 22 28 21 40 34 23 25 28 36 24 67 21 21 20 1208 23 21 29 22 381 805 20 21 221 22 131 63
internal_value=3.66462e-08 -0.935331 6.10772 12.4389 25.5625 9.64776 19.0626 13.2985 3.76737 -12.2083 13.9127 8.51875 4.44486 9.28682 -25.7276 -5.14265 26.9482 4.75382 16.5078 24.2045 30.5335 43.788 4.33685 6.63126 11.7473 4.14757 2.39664 -4.40922 0.312192 17.8499
internal_weight=25346 21980 3366 593 104 489 188 148 301 69 76 232 190 154 44 55 42 2773 95 93 72 43 2678 1227 401 826 1451 243 12180 87
internal_count=25346 21980 3366 593 104 489 188 148 301 69 76 232 190 154 44 55 42 2773 95 93 72 43 2678 1227 401 826 1451 243 12180 87
is_linear=0
shrinkage=0.05


Tree=10
num_leaves=31
num_cat=0
split_feature=124 124 33 72 115 89 127 129 107 87 26 12 99 138 6 135 131 68 86 108 120 87 141 98 19 52 71 2 87 56
split_gain=5.29019e+07 1.37781e+07 1.30179e+07 9.7985e+06 1.20038e+07 8.73822e+06 1.86054e+07 8.5599e+06 1.26145e+07 6.65589e+06 6.47175e+06 7.23844e+06 7.76011e+06 6.32404e+06 6.32216e+06 6.24708e+06 5.80562e+06 8.38685e+06 1.07701e+07 6.62352e+06 5.69888e+06 5.4772e+06 5.26765e+06 8.49348e+06 7.42632e+06 8.85981e+06 5.98853e+06 5.49342e+06 5.04338e+06 4.90217e+06
threshold=648.61227416992199 405.70689392089849 846.42968750000011 -1098.7499999999998 1030.2500000000002 1683.2846679687502 1196.5000000000002 -989.49999999999989 -3206.2499999999995 -348.24999999999994 1683.2846679687502 1495.4898681640627 950.75000000000011 655.58581542968761 1658.8778076171877 -224.74999999999997 1289.656921386719 1169.2799072265627 -2230.7499999999995 566.75000000000011 -15.249999999999998 -1084.7499999999998 580.25000000000011 70.250000000000014 1125.5928955078127 848.25000000000011 3007.7500000000005 4818.0000000000009 -436.74999999999994 3642.5000000000005
decision_type=2 2 2 2 2 2 2 2 2 2 2 2 2 2 2 2 2 2 2 2 2 2 2 2 2 2 2 2 2 2
left_child=1 -1 13 4 7 9 -7 14 -9 28 11 22 -13 -2 -4 -3 17 18 -10 -20 -18 -19 26 -24 -25 -26 -11 -27 -5 -15
right_child=2 15 3 5 -6 6 -8 8 16 10 -12 12 -14 29 -16 -17 20 21 19 -21 -22 -23 23 24 25 27 -28 -29 -30 -31
leaf_value=-2.7344264209886395 7.8612800054306335 -1.1770192154148684 -3.761232356991723 -1.662780168728951 44.895087329546612 -5.4215297557689528 51.79014934539795 46.589559894992462 -7.1619594991207123 5.0548524401493768 -20.306690125031906 2.2877533912658694 41.116173128927912 1.3503797512031261 26.865295829772947 0.96080747726282878 22.41576233704885 51.425640076857349 21.688771090870016 -8.7213443493843084 -6.4128041394551607 17.093417054130921 37.195624446868898 16.890756498575211 -31.079078998565674 -2.8485485060891111 -10.89301859875248 22.074270095247215 -28.832384243011475 13.402849305962974
leaf_weight=7500 550 6588 107 117 30 27 30 31 52 304 22 22 31 2044 20 7100 24 26 171 20 60 21 28 120 20 67 73 33 20 88
leaf_count=7500 550 6588 107 117 30 27 30 31 52 304 22 22 31 2044 20 7100 24 26 171 20 60 21 28 120 20 67 73 33 20 88
internal_value=1.77843e-08 -1.01193 5.15649 8.92774 14.123 5.73324 24.6899 12.3878 15.9394 4.47242 6.39452 7.23611 24.9987 3.08103 1.06184 -0.0681231 13.3988 16.7516 13.0121 18.5045 1.82393 36.0857 5.77654 11.1358 8.09545 -0.699862 1.9668 5.37598 -5.62915 1.84786
internal_weight=25346 21188 4158 1476 562 914 57 532 405 857 720 698 53 2682 127 13688 374 290 243 191 84 47 645 268 240 120 377 100 137 2132
internal_count=25346 21188 4158 1476 562 914 57 532 405 857 720 698 53 2682 127 13688 374 290 243 191 84 47 645 268 240 120 377 100 137 2132
is_linear=0
shrinkage=0.05


Tree=11
num_leaves=31
num_cat=0
split_feature=33 124 89 67 4 26 75 127 85 105 115 122 114 120 112 106 135 8 4 19 134 127 135 86 142 64 122 87 4 140
split_gain=4.81079e+07 1.5443e+07 8.97201e+06 2.08772e+07 8.57626e+06 7.73368e+06 5.76279e+06 5.61118e+06 7.16189e+06 6.95532e+06 5.78269e+06 6.75602e+06 5.64819e+06 7.58722e+06 6.3747e+06 7.00512e+06 5.36532e+06 5.1332e+06 5.10007e+06 4.98292e+06 4.77526e+06 4.45237e+06 5.4287e+06 4.23517e+06 6.53211e+06 5.76275e+06 8.01589e+06 5.12347e+06 4.69369e+06 4.66672e+06
threshold=709.18753051757824 431.01969909667974 1683.2846679687502 6443.1850585937509 10545.167480468752 1683.2846679687502 1169.2799072265627 -402.24999999999994 -187.24999999999997 -389.74999999999994 -81.749999999999986 -24.749999999999996 397.75000000000006 1222.7500000000002 2446.2500000000005 2165.2500000000005 -214.74999999999997 5607.7500000000009 1067.7025146484377 1218.723571777344 262.25000000000006 744.25000000000011 92.250000000000014 -1876.9999999999998 -1443.7499999999998 -2047.2499999999998 45.750000000000007 -1540.2499999999998 -4658.8925781249991 304.25000000000006
decision_type=2 2 2 2 2 2 2 2 2 2 2 2 2 2 2 2 2 2 2 2 2 2 2 2 2 2 2 2 2 2
left_child=1 -1 5 -4 -5 6 19 8 -8 10 11 18 13 -11 15 -14 20 -16 -9 23 -3 22 -18 25 -25 26 28 -26 -2 -29
right_child=2 16 3 4 -6 -7 7 9 -10 12 -12 -13 14 -15 17 -17 21 -19 -20 -21 -22 -23 -24 24 27 -27 -28 29 -30 -31
leaf_value=-2.3675136289109404 14.569189254605043 0.010599152772011573 -16.609872803864658 21.179750745946713 56.577845501899724 -21.06251439695005 7.8801422586628043 9.2029921484967847 -27.422956889867784 7.7312776074391003 39.404507874187672 -5.8490310134887693 12.607777310580744 -20.982289872850693 -11.587894114741573 43.82342759370804 1.2635602699717206 21.372558957054505 39.458535321553548 -10.217479824136806 -3.2155120203214298 -0.84335891467140867 5.4568079723637721 -20.979889280145819 24.12656916499138 -4.8990051121886715 35.84894147352739 4.5501081756246293 -5.9247307883776159 10.383108631683434
leaf_weight=9100 49 5285 27 44 28 27 51 26 20 129 38 25 41 28 27 32 3905 21 30 54 1465 1758 962 22 40 218 22 1347 65 460
leaf_count=9100 49 5285 27 44 28 27 51 26 20 129 38 25 41 28 27 32 3905 21 30 54 1465 1758 962 22 40 218 22 1347 65 460
internal_value=-2.0502e-08 -0.778556 6.09476 20.8851 34.9457 5.56653 5.82846 10.8817 -2.06439 13.1971 23.3124 15.7631 8.86709 2.61039 16.9853 26.2914 0.302528 2.8323 25.4113 4.78984 -0.689586 1.31336 2.09239 5.15439 6.10419 0.139764 8.21661 6.42679 2.88406 6.03499
internal_weight=25346 22475 2871 99 72 2772 2745 468 71 397 119 81 278 157 121 73 13375 48 56 2277 6750 6625 4867 2223 1869 354 136 1847 114 1807
internal_count=25346 22475 2871 99 72 2772 2745 468 71 397 119 81 278 157 121 73 13375 48 56 2277 6750 6625 4867 2223 1869 354 136 1847 114 1807
is_linear=0
shrinkage=0.05


Tree=12
num_leaves=31
num_cat=0
split_feature=124 82 33 72 115 129 107 89 127 47 142 129 134 87 122 87 111 71 6 135 96 82 26 141 31 28 142 65 68 2
split_gain=4.39971e+07 1.13062e+07 1.07602e+07 8.68876e+06 1.04989e+07 7.47843e+06 1.11041e+07 7.15761e+06 1.64681e+07 5.90732e+06 6.33022e+06 6.77711e+06 5.72512e+06 6.95174e+06 7.17187e+06 5.53609e+06 5.50195e+06 6.72227e+06 5.47515e+06 5.02785e+06 4.87332e+06 5.15285e+06 4.7789e+06 4.82291e+06 6.43942e+06 8.56149e+06 6.70095e+06 5.94229e+06 5.88062e+06 5.43525e+06
threshold=648.61227416992199 439.96116638183599 846.42968750000011 -1113.7499999999998 1030.2500000000002 -989.49999999999989 -3206.2499999999995 1683.2846679687502 1196.5000000000002 829.74215698242199 -507.24999999999994 -422.74999999999994 895.25000000000011 -699.74999999999989 -13.249999999999998 -348.24999999999994 -554.73147583007801 654.75000000000011 1658.8778076171877 81.250000000000014 444.36366271972662 477.25939941406256 1683.2846679687502 597.75000000000011 948.25000000000011 1322.2500000000002 -725.74999999999989 2306.2500000000005 1367.7973632812502 4818.0000000000009
decision_type=2 2 2 2 2 2 2 2 2 2 2 2 2 2 2 2 2 2 2 2 2 2 2 2 2 2 2 2 2 2
left_child=1 -1 9 4 5 18 -7 15 -9 -2 11 -11 13 -8 -15 -5 17 -17 -4 -14 -3 -22 23 27 -25 -26 -27 -18 29 -28
right_child=2 20 3 7 -6 6 12 8 -10 10 -12 -13 19 14 -16 16 22 -19 -20 -21 21 -23 -24 24 25 26 28 -29 -30 -31
leaf_value=-2.1807468547077571 3.4412476171778081 3.544254363297239 -3.6452450412456123 -5.0942756819725039 41.824375705719 43.510431954168503 10.676833652990444 -6.0296205167417174 47.795645116170249 -4.1826393358085472 -0.66408419476615066 -43.979394512176519 -13.131355308358735 42.245475042433966 12.848084347422532 3.3295115334647045 4.6899881869277724 43.336260586693179 24.855942115783691 13.115095162391663 -2.8020621512358015 0.29180284002564805 -18.238230375810101 -3.5139688104391098 42.292564254760748 36.940596671537918 5.5155886409157198 -11.774512400591014 -13.762652401570922 28.104953621529248
leaf_weight=9692 2504 962 107 140 30 31 214 27 30 23 135 20 37 42 41 21 323 21 20 36 1584 8950 22 62 25 22 95 66 27 37
leaf_count=9692 2504 962 107 140 30 31 214 27 30 23 135 20 37 42 41 21 323 21 20 36 1584 8950 22 62 25 22 95 66 27 37
internal_value=-4.9896e-09 -0.922836 4.70251 8.13117 13.0517 11.4169 14.7657 5.14028 22.2995 2.8156 -5.98562 -22.6928 12.3573 15.4408 27.7239 4.0043 5.77102 23.3329 0.843131 -0.1879 0.137678 -0.173422 4.68471 5.4523 10.6135 14.8654 11.0772 1.89653 7.49857 11.8475
internal_weight=25346 21188 4158 1476 558 528 401 918 57 2682 178 43 370 297 83 861 721 42 127 73 11496 10534 679 657 268 206 181 389 159 132
internal_count=25346 21188 4158 1476 558 528 401 918 57 2682 178 43 370 297 83 861 721 42 127 73 11496 10534 679 657 268 206 181 389 159 132
is_linear=0
shrinkage=0.05


Tree=13
num_leaves=31
num_cat=0
split_feature=124 33 123 70 101 17 30 26 126 109 120 131 4 0 117 16 15 55 26 54 40 141 85 59 107 22 23 103 117 103
split_gain=3.98259e+07 1.47461e+07 7.22373e+06 9.54064e+06 1.05022e+07 6.37818e+06 1.07409e+07 7.74219e+06 7.335e+06 8.0946e+06 7.27527e+06 9.49629e+06 6.85853e+06 6.35141e+06 7.08907e+06 7.52084e+06 8.04871e+06 1.15838e+07 5.92803e+06 5.34318e+06 6.38801e+06 5.13993e+06 7.86462e+06 7.17577e+06 5.28198e+06 5.11289e+06 4.93652e+06 4.8049e+06 5.19882e+06 6.30777e+06
threshold=752.59484863281261 510.91139221191412 8956.9550781250018 2212.5000000000005 2708.2500000000005 115.50000000000001 -649.74999999999989 1125.5928955078127 -547.24999999999989 -988.26000976562489 -64.749999999999986 865.92257690429699 -1966.5499877929685 -5486.2499999999991 1289.656921386719 -4746.7499999999991 -711.74999999999989 306.28324890136724 846.42968750000011 548.57937622070324 591.18304443359386 808.00000000000011 3798.2500000000005 1545.2500000000002 897.75000000000011 974.25000000000011 -192.74999999999997 714.96121215820324 652.10885620117199 612.75967407226574
decision_type=2 2 2 2 2 2 2 2 2 2 2 2 2 2 2 2 2 2 2 2 2 2 2 2 2 2 2 2 2 2
left_child=1 -1 5 -4 -5 13 7 -7 -8 12 11 -11 -10 -2 25 -16 -17 -18 19 -3 -21 26 23 -23 -25 -15 -12 28 -22 -30
right_child=2 18 3 4 -6 6 8 -9 9 10 21 -13 -14 14 15 16 17 -19 -20 20 27 22 -24 24 -26 -27 -28 -29 29 -31
leaf_value=-1.5884402206798733 -5.2709247613882093 2.697193813147396 47.840414843351944 -8.2461959481239315 29.945991081661646 -5.1984352598799042 -4.9835321575403215 -42.34129212379456 -0.61063046689997336 5.9104288770368809 27.468171483820136 49.136390717824298 -32.855386115908622 7.2823608654191592 43.324004738671441 2.7087947656237894 57.515003894624265 6.6655990759531667 13.258308119433266 -2.3978339878081889 0.63182741201605097 5.5092336884411903 -4.3415578926934142 40.7615542400967 16.120048877804777 32.272291147141232 3.2903774897409441 -3.2823733087399831 19.256471861712637 3.8542172765122689
leaf_weight=14567 77 2750 23 36 36 47 176 20 94 27 22 24 20 808 28 63 21 24 98 1852 2344 55 45 44 43 21 523 520 72 866
leaf_count=14567 77 2750 23 36 36 47 176 20 94 27 22 24 20 808 28 63 21 24 98 1852 2344 55 45 44 43 21 523 520 72 866
internal_value=-3.26269e-08 -0.62268 6.30857 19.8055 10.8499 5.72094 3.13646 -16.2859 4.34923 6.18041 7.99276 26.2521 -6.26761 8.54848 9.65117 20.2317 14.2448 30.3953 1.03202 0.889443 0.0101873 6.72059 13.8733 19.6456 28.5824 7.9154 4.26636 1.18316 1.89068 5.03648
internal_weight=25346 23069 2277 95 72 2182 1140 67 1073 897 783 51 114 1042 965 136 108 45 8502 8404 5654 732 187 142 87 829 545 3802 3282 938
internal_count=25346 23069 2277 95 72 2182 1140 67 1073 897 783 51 114 1042 965 136 108 45 8502 8404 5654 732 187 142 87 829 545 3802 3282 938
is_linear=0
shrinkage=0.05


Tree=14
num_leaves=31
num_cat=0
split_feature=33 33 89 67 4 26 82 12 131 56 72 122 114 85 136 5 107 57 65 128 86 127 103 133 74 64 15 145 121 10
split_gain=3.61049e+07 1.12018e+07 7.40756e+06 1.7888e+07 7.47827e+06 6.45616e+06 5.59437e+06 6.32179e+06 5.6497e+06 6.01754e+06 5.52813e+06 5.04585e+06 8.28682e+06 5.40609e+06 5.32714e+06 5.64753e+06 5.00574e+06 4.72715e+06 4.6593e+06 9.50093e+06 6.70664e+06 6.26751e+06 5.23104e+06 6.0648e+06 5.87294e+06 5.47936e+06 5.34124e+06 5.28968e+06 5.05528e+06 6.63417e+06
threshold=681.98138427734386 441.44285583496099 1683.2846679687502 6443.1850585937509 10545.167480468752 1683.2846679687502 790.22567749023449 671.90725708007824 1683.2846679687502 5249.7500000000009 2873.0000000000005 -1392.2499999999998 -1887.7499999999998 -2489.4999999999995 181.25000000000003 1082.6817016601565 1398.2500000000002 2174.7500000000005 -2931.2499999999995 -630.74999999999989 -1876.9999999999998 779.75000000000011 790.22567749023449 255.25000000000003 -3120.912475585937 -108.24999999999999 -23.749999999999996 790.22567749023449 557.75000000000011 5056.0000000000009
decision_type=2 2 2 2 2 2 2 2 2 2 2 2 2 2 2 2 2 2 2 2 2 2 2 2 2 2 2 2 2 2
left_child=1 -1 5 -4 -5 6 7 17 9 10 11 -8 13 -13 15 -15 -9 -2 19 -14 -20 -21 23 25 26 -22 -24 -26 29 -29
right_child=2 -3 3 4 -6 -7 8 16 -10 -11 -12 12 18 14 -16 -17 -18 -19 20 21 22 -23 24 -25 27 -27 -28 28 -30 -31
leaf_value=-1.9968609867779561 6.0873401444252231 0.27400163528136678 -16.410357870878997 18.457215115157041 51.511791851690845 -19.934555491694699 -1.8247732950846356 1.5026042685321113 -19.828757848739627 22.453077354431155 -8.6956658987675688 -2.689671449661255 1.9455593430477642 19.704877753006784 4.530948742953214 48.21383621692658 -12.66341597889409 23.172897486991072 -6.8664382407539781 53.287182953140956 24.039827439951342 15.098836094992501 1.0990243601799012 34.338836284244763 -1.9548766167267511 1.1025464847232358 -24.620096064496924 7.9312069265833705 16.867457841879485 -14.832422653366539
leaf_weight=9800 292 12180 27 44 28 27 150 1131 20 60 59 20 46 38 22 32 66 47 95 22 43 21 80 34 138 66 27 546 151 34
leaf_count=9800 292 12180 27 44 28 27 150 1131 20 60 59 20 46 38 22 32 66 47 95 22 43 21 80 34 138 66 27 546 151 34
internal_value=-2.5695e-08 -0.738485 4.82231 18.2966 31.3118 4.414 4.6169 2.42857 6.58948 6.90324 6.32873 6.89515 7.81952 20.8707 25.9925 32.7375 0.72152 8.45613 6.6977 17.7403 5.88815 34.6371 6.97098 15.9021 5.66243 10.1512 -5.39085 7.02342 8.71836 6.59679
internal_weight=25346 21980 3366 99 72 3267 3240 1536 1704 1684 1624 1565 1415 112 92 70 1197 339 1303 89 1214 43 1119 143 976 109 107 869 731 580
internal_count=25346 21980 3366 99 72 3267 3240 1536 1704 1684 1624 1565 1415 112 92 70 1197 339 1303 89 1214 43 1119 143 976 109 107 869 731 580
is_linear=0
shrinkage=0.05


Tree=15
num_leaves=31
num_cat=0
split_feature=33 82 47 124 54 75 123 58 134 27 27 65 20 129 6 64 5 86 128 126 44 4 30 141 118 85 135 12 19 110
split_gain=3.30468e+07 1.44937e+07 6.08978e+06 5.47871e+06 6.59609e+06 5.96245e+06 5.32704e+06 8.48462e+06 9.23226e+06 4.40556e+06 4.23077e+06 9.52178e+06 6.64014e+06 5.08817e+06 6.44528e+06 5.95172e+06 7.79326e+06 8.04941e+06 5.33596e+06 5.42314e+06 5.68875e+06 5.58419e+06 4.97546e+06 4.61208e+06 1.27199e+07 1.16839e+07 4.99738e+06 7.1208e+06 8.36775e+06 7.04467e+06
threshold=551.87194824218761 790.22567749023449 555.38516235351574 365.19827270507818 533.78897094726574 529.16372680664074 8956.9550781250018 2142.7500000000005 1316.7500000000002 6810.1423339843759 -5124.9897460937491 -4531.2499999999991 -3715.0085449218745 -1146.4999999999998 1658.8778076171877 -502.74999999999994 890.77328491210949 -2755.4999999999995 -135.74999999999997 -26.749999999999996 -2489.4999999999995 -1225.482482910156 -2569.2499999999995 1248.2500000000002 1143.049743652344 3798.2500000000005 137.25000000000003 1082.6817016601565 999.20349121093761 1289.656921386719
decision_type=2 2 2 2 2 2 2 2 2 2 2 2 2 2 2 2 2 2 2 2 2 2 2 2 2 2 2 2 2 2
left_child=3 2 -2 -1 5 -5 9 -8 -9 10 -3 12 -12 14 -13 16 -15 -18 19 20 21 -19 -20 26 -25 -26 -17 28 -28 -29
right_child=1 6 -4 4 -6 -7 7 8 -10 -11 11 13 -14 15 -16 23 17 18 22 -21 -22 -23 -24 24 25 -27 27 29 -30 -31
leaf_value=-2.6769665699209195 5.2120668490064048 -5.4290499261220297 0.82443240477992485 -0.60147017539721825 -3.6716875887486893 3.59888896196113 46.207720965430852 -9.1251791751745976 27.737549700055805 -14.948780795097353 5.1700846481323239 -10.658613154652356 41.895799660682684 2.8139613907425494 14.334535867969194 4.3279545445466381 -0.333219983180364 25.631956917899 55.133450390043713 -4.0742999205986656 32.957738419236811 -6.8797008223533629 23.176674300226672 -34.526027020701655 20.854839632246229 -22.95266801585322 13.951121761083606 -9.8387736587524426 46.292559066772469 23.116543606917062
leaf_weight=4799 928 75 5350 9866 1611 924 21 33 35 25 20 91 32 135 36 838 48 28 21 24 58 25 29 27 45 23 100 50 25 24
leaf_count=4799 928 75 5350 9866 1611 924 21 33 35 25 20 91 32 135 36 838 48 28 21 24 58 25 29 27 45 23 100 50 25 24
internal_value=4.00587e-08 2.62345 1.473 -1.24248 -0.687349 -0.241773 6.48987 18.4275 9.84828 5.89265 6.18971 6.70871 27.7705 6.03556 -3.57394 6.84917 12.3731 17.9116 22.6454 17.4775 22.1374 10.2963 36.5985 5.05341 -5.49101 6.03759 6.01939 13.1421 20.4194 0.849437
internal_weight=25346 8146 6278 17200 12401 10790 1868 89 68 1779 1754 1679 52 1627 127 1500 368 233 185 135 111 53 50 1132 95 68 1037 199 125 74
internal_count=25346 8146 6278 17200 12401 10790 1868 89 68 1779 1754 1679 52 1627 127 1500 368 233 185 135 111 53 50 1132 95 68 1037 199 125 74
is_linear=0
shrinkage=0.05


Tree=16
num_leaves=31
num_cat=0
split_feature=124 124 75 98 74 120 145 107 31 113 105 114 39 31 135 122 141 133 10 112 80 23 140 19 145 94 2 138 117 92
split_gain=3.03816e+07 8.35807e+06 7.23167e+06 6.46789e+06 1.24365e+07 8.58874e+06 7.22975e+06 7.15145e+06 1.00221e+07 7.11352e+06 6.4342e+06 7.13945e+06 5.58306e+06 5.34898e+06 5.12559e+06 5.09159e+06 4.99876e+06 9.38654e+06 6.08961e+06 7.18225e+06 6.5907e+06 6.28062e+06 6.07904e+06 4.77404e+06 4.56989e+06 4.9967e+06 4.66518e+06 4.27979e+06 4.9643e+06 4.18842e+06
threshold=648.61227416992199 405.70689392089849 1169.2799072265627 -1906.9999999999998 4979.9074707031259 588.75000000000011 1367.7973632812502 -361.74999999999994 -105.49999999999999 -1649.9999999999998 -389.74999999999994 -769.74999999999989 7657.5397949218759 -2299.2499999999995 -224.74999999999997 -301.74999999999994 1339.5000000000002 1411.5000000000002 6547.5000000000009 2446.2500000000005 1995.7500000000002 -2986.4999999999995 275.25000000000006 1289.656921386719 1289.656921386719 1100.2500000000002 4272.5000000000009 652.10885620117199 761.29205322265636 473.50000000000006
decision_type=2 2 2 2 2 2 2 2 2 2 2 2 2 2 2 2 2 2 2 2 2 2 2 2 2 2 2 2 2 2
left_child=1 -1 24 4 9 6 7 8 13 -4 11 -7 29 -5 -3 -10 18 -18 19 20 21 -12 -20 -11 26 -26 27 -2 -29 -8
right_child=2 14 3 5 -6 10 12 -9 15 23 16 -13 -14 -15 -16 -17 17 -19 22 -21 -22 -23 -24 -25 25 -27 -28 28 -30 -31
leaf_value=-2.1084455084060383 7.2701131401861616 -1.0362161324896104 -15.464080648422243 15.054704265973786 49.712107820864077 7.6567728155851373 -10.054837690591812 -13.820668125152588 47.988334792852406 38.619822807312012 32.072406841459731 48.105792983373007 0.52848335567273597 -19.430778070118119 0.90023213324722073 13.130937728881836 -31.695274991989137 12.239858362751622 10.017920131683351 -12.656541905981122 34.486302652030155 1.5369020433986889 48.53513638178508 6.1267880146320053 5.7086820239112495 -27.083047188245331 13.543655459457469 0.14845524366003471 4.2710004483697359 -42.413828201293946
leaf_weight=7500 489 6588 20 22 27 20 20 32 22 20 21 24 38 23 7100 20 20 31 20 33 29 85 21 26 21 26 107 1456 1465 20
leaf_count=7500 489 6588 20 22 27 20 20 32 22 20 21 24 38 23 7100 20 20 31 20 33 29 85 21 26 21 26 107 1456 1465 20
internal_value=-1.55798e-08 -0.766863 3.90772 9.01538 21.1251 6.76747 -1.36495 6.38989 13.8237 9.43047 12.0375 29.7199 -13.196 -2.57121 -0.0317756 31.3896 9.04508 -4.98961 12.4698 8.25354 13.3649 7.58639 29.7463 20.2542 3.05644 -12.4314 3.26341 2.94084 2.21608 -26.2343
internal_weight=25346 21188 4158 594 93 501 197 119 87 66 304 44 78 45 13688 42 260 51 209 168 135 106 41 46 3564 47 3517 3410 2921 40
internal_count=25346 21188 4158 594 93 501 197 119 87 66 304 44 78 45 13688 42 260 51 209 168 135 106 41 46 3564 47 3517 3410 2921 40
is_linear=0
shrinkage=0.05


Tree=17
num_leaves=31
num_cat=0
split_feature=33 82 54 75 33 54 124 123 142 134 114 106 80 22 58 83 119 125 27 27 65 20 129 6 114 24 23 55 86 41
split_gain=2.76026e+07 1.18574e+07 5.70827e+06 5.74866e+06 4.71271e+06 5.01654e+06 5.90587e+06 4.68401e+06 7.95793e+06 1.203e+07 4.1326e+06 4.09104e+06 4.03354e+06 4.60966e+06 5.84779e+06 4.91393e+06 4.0091e+06 4.51642e+06 3.8391e+06 3.80298e+06 8.25725e+06 5.74892e+06 4.55508e+06 5.53081e+06 5.34696e+06 6.91637e+06 5.4829e+06 3.96813e+06 7.91564e+06 5.41081e+06
threshold=551.87194824218761 790.22567749023449 550.11672973632824 550.11672973632824 300.64643859863287 543.84844970703136 493.91604614257818 8956.9550781250018 -328.24999999999994 1373.7500000000002 515.25000000000011 673.50000000000011 1820.7500000000002 144.75000000000003 -504.49999999999994 -427.44833374023432 -44.749999999999993 608.56948852539074 6810.1423339843759 -5124.9897460937491 -4531.2499999999991 -3715.0085449218745 -1146.4999999999998 1658.8778076171877 -1887.7499999999998 -1185.2499999999998 -596.74999999999989 -1057.5502929687498 -1958.7499999999998 -2091.530395507812
decision_type=2 2 2 2 2 2 2 2 2 2 2 2 2 2 2 2 2 2 2 2 2 2 2 2 2 2 2 2 2 2
left_child=4 2 3 -2 -1 6 10 18 9 -9 11 -6 13 15 -15 -5 -16 -18 19 -3 21 -21 23 -22 25 -24 -27 29 -29 -26
right_child=1 7 -4 12 5 -7 -8 8 -10 -11 -12 -13 -14 14 16 -17 17 -19 -20 20 22 -23 24 -25 27 26 -28 28 -30 -31
leaf_value=-3.7198339570928369 1.580612647808346 -5.4036234068224829 0.72280066476965121 9.6394532211680914 -1.1781301365534413 -3.9057859278995153 1.3109163391597238 8.0804919597080769 -4.9791625567844946 52.980629642193144 -3.8609872048659279 1.9358472212573501 28.92068571090698 -17.705245978256752 -4.3522905581875859 29.805589408752247 24.715088236609173 4.3894892171223958 -14.12069438457489 4.6884718394279483 -10.177763061078041 38.860823822021487 4.7740704016251998 12.974547505378723 5.1502220590165599 50.74671434402466 17.167981176222526 -15.842407659689584 4.92537751061412 18.788748833186485
leaf_weight=1600 542 75 5334 134 8766 1252 3140 35 28 26 1243 1199 25 29 57 39 43 75 25 20 91 32 55 36 187 20 31 48 1040 119
leaf_count=1600 542 75 5334 134 8766 1252 3140 35 28 26 1243 1199 25 29 57 39 43 75 25 20 91 32 55 36 187 20 31 48 1040 119
internal_value=2.51875e-08 2.39763 1.35707 4.94093 -1.13553 -0.870473 -0.605613 5.89478 17.0887 27.2183 -1.14254 -0.803453 9.47152 8.18178 3.09033 14.1856 6.53646 11.7963 5.33477 5.61207 6.10414 25.7176 5.47728 -3.6149 6.24708 17.0728 30.3361 5.4239 4.00915 10.4541
internal_weight=25346 8146 6278 944 17200 15600 14348 1868 89 61 11208 9965 402 377 204 173 175 118 1779 1754 1679 52 1627 127 1500 106 51 1394 1088 306
internal_count=25346 8146 6278 944 17200 15600 14348 1868 89 61 11208 9965 402 377 204 173 175 118 1779 1754 1679 52 1627 127 1500 106 51 1394 1088 306
is_linear=0
shrinkage=0.05


Tree=18
num_leaves=31
num_cat=0
split_feature=124 124 89 4 142 26 56 140 141 64 13 5 140 2 107 120 72 100 119 135 15 22 142 135 86 40 139 37 69 107
split_gain=2.52204e+07 6.90001e+06 6.22203e+06 1.51967e+07 5.97007e+06 5.81505e+06 5.211e+06 5.96536e+06 5.81514e+06 6.43806e+06 1.13712e+07 5.6815e+06 5.48595e+06 7.313e+06 7.60738e+06 8.14264e+06 5.2445e+06 4.99994e+06 5.02058e+06 5.35917e+06 4.94904e+06 8.20889e+06 4.79882e+06 4.54512e+06 4.38235e+06 6.74371e+06 6.11463e+06 8.87986e+06 5.51914e+06 5.3424e+06
threshold=648.61227416992199 405.70689392089849 1683.2846679687502 8039.5124511718759 -439.24999999999994 1683.2846679687502 5249.7500000000009 85.250000000000014 1248.2500000000002 -461.24999999999994 -1158.4058837890623 1169.2799072265627 447.00000000000006 1881.5000000000002 -1439.7499999999998 494.75000000000006 735.25000000000011 -137.24999999999997 240.25000000000003 -359.74999999999994 3401.2500000000005 2178.2500000000005 -261.74999999999994 -224.74999999999997 -774.24999999999989 1082.6817016601565 253.85050201416018 -1203.7499999999998 -1537.7716064453123 -733.74999999999989
decision_type=2 2 2 2 2 2 2 2 2 2 2 2 2 2 2 2 2 2 2 2 2 2 2 2 2 2 2 2 2 2
left_child=1 -1 5 -4 -5 6 8 -8 12 -10 -11 -9 16 14 -14 -16 24 -18 19 -19 21 -12 -17 -3 25 -2 27 -27 -26 -30
right_child=2 23 3 4 -6 -7 7 11 9 10 20 -13 13 -15 15 22 17 18 -20 -21 -22 -23 -24 -25 28 26 -28 -29 29 -31
leaf_value=-1.917655218340556 0.55240546654159839 -0.9766533533829922 -9.413343076448184 46.101062107086186 15.054028390248616 -19.868518596225314 -6.2883694784981863 42.009548025864824 20.362706212997438 -44.868995574712756 -8.618709143813776 9.8213005164573932 27.432842746647925 18.920387755604242 -15.202977804920891 16.489235553302262 -8.7959006083317295 17.106396658854052 -1.4827529429537665 -1.7416227340698243 -17.491825385527179 25.71645235264743 1.1014508079541359 0.84684991580639424 15.950060771047607 7.6704601870642763 -12.639497892944902 33.839402266368268 11.323811049262684 2.9615289980921005
leaf_weight=7500 1202 6588 37 32 30 27 21 26 20 20 49 29 33 127 55 76 156 88 433 66 44 27 152 7100 129 171 27 40 252 789
leaf_count=7500 1202 6588 37 32 30 27 21 26 20 20 49 29 33 127 55 76 156 88 433 66 44 27 152 7100 129 171 27 40 252 789
internal_value=-6.75352e-10 -0.698696 3.56036 15.9451 31.0783 3.25829 3.41316 16.3817 3.16402 -6.17337 -9.96423 25.0376 3.55758 8.78693 4.71431 2.06515 2.86668 -0.839538 1.27493 9.02867 -4.14677 3.57931 6.23071 -0.0307976 3.92174 2.07497 9.76453 12.6314 6.1947 4.98583
internal_weight=25346 21188 4158 99 62 4059 4032 76 3956 160 140 55 3796 443 316 283 3353 743 587 154 120 76 228 13688 2610 1440 238 211 1170 1041
internal_count=25346 21188 4158 99 62 4059 4032 76 3956 160 140 55 3796 443 316 283 3353 743 587 154 120 76 228 13688 2610 1440 238 211 1170 1041
is_linear=0
shrinkage=0.05


Tree=19
num_leaves=31
num_cat=0
split_feature=124 33 72 84 129 107 107 103 127 2 47 142 129 71 124 103 33 135 121 128 134 113 113 86 141 59 98 114 135 72
split_gain=2.31864e+07 8.83172e+06 6.70197e+06 8.69692e+06 5.98775e+06 8.48183e+06 5.67703e+06 7.26561e+06 1.07594e+07 5.29695e+06 4.92642e+06 5.69759e+06 6.22793e+06 4.65292e+06 4.43003e+06 5.70133e+06 4.3918e+06 4.8004e+06 5.10194e+06 4.16225e+06 6.77741e+06 4.25793e+06 5.79637e+06 4.47264e+06 4.1287e+06 8.39006e+06 6.68377e+06 6.11913e+06 5.97347e+06 5.54331e+06
threshold=572.21307373046886 846.42968750000011 -1067.2499999999998 -133.74999999999997 -802.24999999999989 -3206.2499999999995 -2209.7499999999995 1683.2846679687502 1196.5000000000002 -2104.7499999999995 829.74215698242199 -507.24999999999994 -422.74999999999994 -796.24999999999989 752.59484863281261 618.48980712890636 300.64643859863287 -254.74999999999997 300.75000000000006 286.75000000000006 936.25000000000011 727.75000000000011 367.25000000000006 -2230.7499999999995 620.25000000000011 -476.74999999999994 49.250000000000007 231.75000000000003 -196.74999999999997 667.75000000000011
decision_type=2 2 2 2 2 2 2 2 2 2 2 2 2 2 2 2 2 2 2 2 2 2 2 2 2 2 2 2 2 2
left_child=16 10 3 4 13 -6 -4 24 -9 -5 14 12 -12 -3 15 -2 -1 -18 -19 20 21 22 23 -7 28 -26 -27 -28 -8 -29
right_child=1 2 6 9 5 19 7 8 -10 -11 11 -13 -14 -15 -16 -17 17 18 -20 -21 -22 -23 -24 -25 25 26 27 29 -30 -31
leaf_value=-3.4408196766262407 3.2586894226868646 -4.3553685036916585 -22.488652572177706 9.4216299152374265 37.709090370967473 -1.5522882543761156 3.2341732707629101 -4.9256178265526183 42.068126592964965 42.223195696622135 -4.7675387260706534 -1.612889336480035 -42.917771106362345 15.811586266594965 5.4029088787795416 -0.28304690139055877 -1.7341436306479694 0.61022375965128905 -2.0792441977316733 24.824319951962202 -10.173677649187006 -4.8480727788564328 31.79724151293437 15.580175106482464 -23.959181718826297 29.065373458360369 -5.3818482634226488 30.873359303320612 -8.7229799290358194 7.5359455526714605
leaf_weight=1600 1977 126 21 20 29 58 395 21 29 32 23 135 20 37 734 2672 6701 7713 2286 39 46 37 36 111 20 38 75 31 142 142
leaf_count=1600 1977 126 21 20 29 58 395 21 29 32 23 135 20 37 734 2672 6701 7713 2286 39 46 37 36 111 20 38 75 31 142 142
internal_value=-8.18296e-10 2.43717 5.86275 10.1125 8.15928 11.7933 3.20782 3.81211 22.3308 29.6072 1.52241 -6.66151 -22.5118 0.222407 1.79303 1.22309 -0.938377 -0.698622 -0.0046501 9.49495 7.4191 10.7632 13.5808 9.70039 2.71373 7.34915 9.53855 6.54653 0.072319 11.7178
internal_weight=25346 7046 1485 571 519 356 914 893 50 52 5561 178 43 163 5383 4649 18300 16700 9999 327 288 242 205 169 843 306 286 248 537 173
internal_count=25346 7046 1485 571 519 356 914 893 50 52 5561 178 43 163 5383 4649 18300 16700 9999 327 288 242 205 169 843 306 286 248 537 173
is_linear=0
shrinkage=0.05


Tree=20
num_leaves=31
num_cat=0
split_feature=33 82 47 121 89 142 33 128 2 105 68 82 54 124 121 141 0 65 129 120 142 16 112 86 100 100 103 17 53 34
split_gain=2.14048e+07 8.75982e+06 5.3392e+06 4.17532e+06 8.80212e+06 9.85201e+06 9.328e+06 8.53591e+06 5.888e+06 7.72744e+06 5.04919e+06 4.57621e+06 3.92275e+06 6.46937e+06 3.94844e+06 3.86912e+06 5.41733e+06 5.72445e+06 5.74172e+06 5.43179e+06 5.55813e+06 4.67375e+06 4.44477e+06 5.2668e+06 4.31178e+06 6.42675e+06 4.84432e+06 4.58289e+06 4.28186e+06 8.22516e+06
threshold=551.87194824218761 790.22567749023449 555.38516235351574 847.75000000000011 1367.7973632812502 -563.24999999999989 1218.723571777344 895.25000000000011 4818.0000000000009 1010.5000000000001 1082.6817016601565 955.20053100585949 543.84844970703136 493.91604614257818 300.75000000000006 187.75000000000003 -5486.2499999999991 -2298.7499999999995 -1146.4999999999998 434.25000000000006 -328.24999999999994 -5631.2499999999991 491.25000000000006 1021.7500000000001 -2266.7499999999995 -1850.9999999999998 790.22567749023449 -951.74999999999989 -3272.112426757812 -1424.447814941406
decision_type=2 2 2 2 2 2 2 2 2 2 2 2 2 2 2 2 2 2 2 2 2 2 2 2 2 2 2 2 2 2
left_child=12 2 -2 7 6 -6 8 15 9 -5 11 -11 13 14 -1 22 21 19 -19 -18 -21 -17 -3 -24 -20 27 -27 -26 -28 -30
right_child=1 3 -4 4 5 -7 -8 -9 -10 10 -12 -13 -14 -15 -16 16 17 18 24 20 -22 -23 23 -25 25 26 28 -29 29 -31
leaf_value=-0.91948110516210257 4.7180457603957118 3.2082977164787461 0.60969060761975913 31.640261924743655 55.644278317406069 12.551064825057985 -17.287329687391008 -26.725951975042172 33.015634819177478 -1.2373394065433079 -16.589354044000309 26.178857554560125 -3.6949091055867869 1.2454899173384166 -3.3840068269584389 -24.466439533233643 9.8401949722472946 -10.185708628222347 25.651069164276123 49.344876077175144 15.536554321166008 6.1317184686660768 -16.19021057477638 11.10716574539741 2.7294808523995537 18.054243868873233 -7.9235861899597317 -30.713652553558347 26.843864990317304 4.8188995369109842
leaf_weight=10898 928 416 5350 25 21 36 35 22 26 45 30 23 1252 3140 1910 26 146 56 28 20 31 24 67 24 21 84 56 20 46 540
leaf_count=10898 928 416 5350 25 21 36 35 22 26 45 30 23 1252 3140 1910 26 146 56 28 20 31 24 67 24 21 84 56 20 46 540
internal_value=6.26462e-10 2.11136 1.21698 5.11721 11.2592 28.4275 5.94081 4.20742 11.3971 6.82731 0.497478 8.03579 -0.99995 -0.788382 -1.287 4.63143 6.29961 7.06673 5.28876 14.7472 28.7947 -9.77932 1.0187 -8.9909 6.37879 5.67523 6.76289 -13.5842 5.28552 6.54782
internal_weight=25346 8146 6278 1868 241 57 184 1627 149 123 98 68 17200 15948 12808 1605 1098 1048 851 197 51 50 507 91 795 767 726 41 642 586
internal_count=25346 8146 6278 1868 241 57 184 1627 149 123 98 68 17200 15948 12808 1605 1098 1048 851 197 51 50 507 91 795 767 726 41 642 586
is_linear=0
shrinkage=0.05


Tree=21
num_leaves=31
num_cat=0
split_feature=33 33 54 75 89 67 4 26 54 80 124 131 56 134 135 33 75 61 72 122 114 103 65 50 103 94 100 106 142 85
split_gain=1.96064e+07 5.17068e+06 5.97188e+06 7.45958e+06 5.06966e+06 1.29215e+07 5.42621e+06 5.22535e+06 4.79927e+06 4.6291e+06 4.61512e+06 4.05322e+06 6.21786e+06 3.92585e+06 4.57456e+06 4.28136e+06 3.80349e+06 5.73243e+06 4.62417e+06 4.18528e+06 6.86129e+06 4.1246e+06 3.91816e+06 8.83875e+06 5.6853e+06 6.63698e+06 6.84934e+06 4.44189e+06 5.75007e+06 4.53038e+06
threshold=633.10632324218761 441.44285583496099 581.93069458007824 548.57937622070324 1683.2846679687502 6443.1850585937509 10545.167480468752 1683.2846679687502 446.25260925292974 -150.74999999999997 752.59484863281261 1683.2846679687502 5249.7500000000009 314.25000000000006 -258.74999999999994 300.64643859863287 800.77172851562511 813.91189575195324 2873.0000000000005 -1392.2499999999998 -1887.7499999999998 1125.5928955078127 -2931.2499999999995 -2928.2499999999995 790.22567749023449 -517.24999999999989 -1199.7499999999998 -124.24999999999999 -862.24999999999989 -1317.2499999999998
decision_type=2 2 2 2 2 2 2 2 2 2 2 2 2 2 2 2 2 2 2 2 2 2 2 2 2 2 2 2 2 2
left_child=1 13 3 8 7 -6 -7 11 -3 -5 -11 12 16 14 -1 -16 17 -2 19 -18 -21 -20 23 -22 -24 27 -27 28 -26 -30
right_child=4 2 -4 9 5 6 -8 -9 -10 10 -12 -13 -14 -15 15 -17 18 -19 21 20 22 -23 24 -25 25 26 -28 -29 29 -31
leaf_value=-2.3721627485638588 2.0518332066766569 2.8883100975085121 -2.4153204916249273 0.56398251353233464 -15.371700371636287 14.238289989666507 42.394820920058663 -19.241499427512842 -0.68244882559969255 5.0990835614432797 29.341055221557617 -19.639061569571496 18.517578862583829 -3.1395140530020735 -2.7746839674270758 1.0584150153670666 -2.7958675218632028 -9.9602420835819068 3.4686557308832806 18.491483114298109 0.39798903783162437 -23.468741632390905 14.304996432985845 32.91917976996838 24.27284785906474 33.64539173671178 4.6916344627797839 -11.295495518263396 -20.614398027349402 2.202352270377534
leaf_weight=3001 2781 1119 1952 816 27 44 28 27 5916 1070 20 20 63 2643 942 3214 147 103 30 103 45 27 127 39 24 21 747 111 27 112
leaf_count=3001 2781 1119 1952 816 27 44 28 27 5916 1070 20 20 63 2643 942 3214 147 103 30 103 45 27 127 39 24 21 747 111 27 112
internal_value=-4.8429e-09 -0.659431 0.0902411 0.637256 2.93265 14.1263 25.1881 2.68931 -0.114477 3.41188 5.54389 2.82011 2.91977 -1.49271 -0.88457 0.189604 2.69865 1.62283 4.68753 5.21766 6.08639 -9.29116 5.06666 15.4971 4.31716 3.09983 5.48334 -3.58094 1.67253 -2.22968
internal_weight=25346 20693 10893 8941 4653 99 72 4554 7035 1906 1090 4527 4507 9800 7157 4156 4444 2884 1560 1503 1356 57 1253 84 1169 1042 768 274 163 139
internal_count=25346 20693 10893 8941 4653 99 72 4554 7035 1906 1090 4527 4507 9800 7157 4156 4444 2884 1560 1503 1356 57 1253 84 1169 1042 768 274 163 139
is_linear=0
shrinkage=0.05


Tree=22
num_leaves=31
num_cat=0
split_feature=33 33 72 84 115 89 64 129 107 126 47 145 114 71 22 95 144 75 94 128 134 121 47 85 119 54 75 107 84 50
split_gain=1.77939e+07 7.30796e+06 5.7892e+06 7.73358e+06 5.15789e+06 8.79793e+06 7.42799e+06 5.05945e+06 7.28686e+06 5.02232e+06 4.77727e+06 6.40958e+06 4.64617e+06 4.15044e+06 4.12498e+06 4.72418e+06 7.36085e+06 7.07208e+06 3.90032e+06 3.66482e+06 5.49179e+06 5.40586e+06 5.27786e+06 6.09381e+06 3.94534e+06 3.62381e+06 6.4886e+06 3.58041e+06 3.55603e+06 5.52986e+06
threshold=551.87194824218761 846.42968750000011 -1067.2499999999998 -133.74999999999997 -915.24999999999989 1683.2846679687502 3318.7500000000005 -802.24999999999989 -3206.2499999999995 -197.74999999999997 555.38516235351574 1039.5981445312502 -1385.7499999999998 -796.24999999999989 3429.2500000000005 4283.6850585937509 1303.9875488281252 667.65841674804699 1958.7500000000002 299.75000000000006 547.75000000000011 -1672.7499999999998 1082.6817016601565 -1013.2499999999999 -29.749999999999996 533.78897094726574 479.96069335937506 -1501.7499999999998 1815.5000000000002 2557.2500000000005
decision_type=2 2 2 2 2 2 2 2 2 2 2 2 2 2 2 2 2 2 2 2 2 2 2 2 2 2 2 2 2 2
left_child=25 10 3 7 12 -6 -7 13 -9 -5 28 14 -4 -3 -12 16 -16 -18 -19 20 21 -10 24 -24 -23 26 -1 -22 -2 -30
right_child=1 2 4 9 5 6 -8 8 19 -11 11 -13 -14 -15 15 -17 17 18 -20 -21 27 22 23 -25 -26 -27 -28 -29 29 -31
leaf_value=-1.2011183711122131 3.8206910781308907 -4.4145624500418466 -2.3707411650688419 47.085256843566896 2.599899824686926 3.069914016723633 44.328225127855944 34.566121183592699 -9.3002204298973083 15.145328235626222 0.50630215682082502 -23.625450886620417 -29.582166501453948 14.632367239771662 -2.0460230297512481 0.28245935818505669 6.6603975759233753 50.973360111402428 20.782503538131717 23.233942660769902 10.618560910224915 13.512826257043109 49.497021751403814 14.899350226266044 -9.4145178675651557 -3.1693296403821254 1.3123154570624913 -9.7613630150303692 37.87559738636017 3.4522003565515789
leaf_weight=12347 882 126 62 20 787 20 24 29 27 32 5455 27 21 37 45 126 35 23 20 37 32 86 20 35 24 1611 3242 66 20 28
leaf_count=12347 882 126 62 20 787 20 24 29 27 32 5455 27 21 37 45 126 35 23 20 37 32 86 20 35 24 1611 3242 66 20 28
internal_value=-2.59564e-09 1.92505 5.09683 9.04659 2.62931 3.81636 25.5744 7.20471 10.5452 27.4299 1.21794 0.678531 -9.25556 -0.0910263 0.793574 7.08703 14.0576 23.3481 36.9311 8.41488 6.52417 11.4399 14.8338 27.4803 8.5105 -0.911713 -0.678407 -3.10669 4.54196 17.7953
internal_weight=25346 8146 1485 571 914 831 44 519 356 52 6661 5731 83 163 5704 249 123 78 43 327 290 192 165 55 110 17200 15589 98 930 48
internal_count=25346 8146 1485 571 914 831 44 519 356 52 6661 5731 83 163 5704 249 123 78 43 327 290 192 165 55 110 17200 15589 98 930 48
is_linear=0
shrinkage=0.05


Tree=23
num_leaves=31
num_cat=0
split_feature=124 33 72 115 107 100 87 47 142 37 129 107 112 57 109 71 93 120 52 22 33 65 144 140 72 78 77 138 124 96
split_gain=1.64726e+07 5.84902e+06 5.22475e+06 7.04656e+06 5.01176e+06 5.86792e+06 4.75915e+06 4.52183e+06 5.15664e+06 4.48286e+06 4.42468e+06 7.13352e+06 5.22024e+06 5.1715e+06 5.43022e+06 4.38918e+06 3.80672e+06 5.35805e+06 5.3095e+06 4.33764e+06 5.77973e+06 4.50319e+06 4.26846e+06 4.2049e+06 4.08276e+06 4.89878e+06 3.9912e+06 3.71834e+06 5.59837e+06 5.23058e+06
threshold=572.21307373046886 846.42968750000011 -1067.2499999999998 1030.2500000000002 -2209.7499999999995 -1969.4999999999998 -348.24999999999994 829.74215698242199 -679.24999999999989 -1724.4999999999998 -802.24999999999989 -3206.2499999999995 417.75000000000006 -599.24999999999989 -988.26000976562489 -796.24999999999989 388.25000000000006 924.75000000000011 4161.2500000000009 3304.2500000000005 721.68511962890636 -974.74999999999989 2492.7375488281255 447.00000000000006 790.25000000000011 1519.2500000000002 729.75000000000011 564.41397094726574 526.17959594726574 545.43576049804699
decision_type=2 2 2 2 2 2 2 2 2 2 2 2 2 2 2 2 2 2 2 2 2 2 2 2 2 2 2 2 2 2
left_child=27 7 3 10 -4 -6 -7 16 -9 -8 15 -12 13 -13 -15 -3 24 19 26 21 22 -18 -21 -20 25 -2 -19 28 -1 -30
right_child=1 2 4 -5 5 6 9 8 -10 -11 11 12 -14 14 -16 -17 17 18 23 20 -22 -23 -24 -25 -26 -27 -28 -29 29 -31
leaf_value=-0.94285824531745899 1.021859280213099 -4.152806409609318 -21.646106521288555 32.181569341023767 29.843629074692728 -6.8859852911052064 21.386167310987201 -27.107699452913728 -3.0111420581215307 3.0621557248714897 34.561143188817162 6.6655969161008093 -6.2824622484353876 1.5967016677856447 29.265686300934341 14.876300878524781 27.274317307905719 7.1122547778404428 0.3433679535275414 24.190194086595014 37.964574507008429 4.2795770693609825 1.5941467736896717 30.424926086572498 -5.2131548459883099 25.243172847656979 -2.1723252613362618 -3.8117052147008597 4.1538917727513356 -1.0720851422878173
leaf_weight=15383 3515 125 21 30 20 118 35 26 152 720 28 210 52 25 61 40 22 144 21 33 23 661 57 26 270 21 590 965 1110 842
leaf_count=15383 3515 125 21 30 20 118 35 26 152 720 28 210 52 25 61 40 22 144 21 33 23 661 57 26 270 21 590 965 1110 842
internal_value=-9.03252e-09 2.05424 4.84199 8.59426 2.49784 3.06562 2.45214 1.3098 -6.53086 3.91161 7.28628 10.2817 8.32819 10.8949 21.2224 0.460311 1.56907 3.6347 0.692384 6.52156 15.5958 5.02026 9.87936 16.9842 0.713187 1.16571 -0.350827 -0.790938 -0.622778 1.89965
internal_weight=25346 7046 1485 571 914 893 873 5561 178 755 541 376 348 296 86 165 5383 1577 781 796 113 683 90 47 3806 3536 734 18300 17335 1952
internal_count=25346 7046 1485 571 914 893 873 5561 178 755 541 376 348 296 86 165 5383 1577 781 796 113 683 90 47 3806 3536 734 18300 17335 1952
is_linear=0
shrinkage=0.05


Tree=24
num_leaves=31
num_cat=0
split_feature=33 124 123 70 101 54 75 114 103 103 80 65 121 86 142 31 71 129 2 140 2 0 115 140 0 5 110 68 79 114
split_gain=1.50006e+07 4.42731e+06 4.39017e+06 7.42276e+06 7.30826e+06 4.18643e+06 7.66235e+06 4.35768e+06 4.27411e+06 4.21585e+06 4.19727e+06 3.95993e+06 8.39432e+06 4.59402e+06 5.72752e+06 5.41509e+06 5.24533e+06 5.00781e+06 6.97351e+06 5.51672e+06 8.45404e+06 5.84518e+06 4.97158e+06 6.58219e+06 4.69385e+06 5.023e+06 5.34656e+06 4.67138e+06 4.34215e+06 5.81178e+06
threshold=633.10632324218761 365.19827270507818 8956.9550781250018 2212.5000000000005 2708.2500000000005 581.93069458007824 548.57937622070324 631.25000000000011 540.49353027343761 375.31892395019537 1820.7500000000002 -3098.7499999999995 -368.24999999999994 -724.74999999999989 -1280.7499999999998 -1701.2499999999998 334.75000000000006 806.75000000000011 4818.0000000000009 549.25000000000011 1753.2500000000002 -2947.2499999999995 1030.2500000000002 719.25000000000011 3728.0000000000005 890.77328491210949 813.91189575195324 645.25024414062511 -511.74999999999994 -427.74999999999994
decision_type=2 2 2 2 2 2 2 2 2 2 2 2 2 2 2 2 2 2 2 2 2 2 2 2 2 2 2 2 2 2
left_child=1 -1 11 -4 -5 6 7 9 -8 -3 -10 12 -2 22 -15 16 28 19 27 21 -21 -17 23 24 25 26 -13 -19 29 -16
right_child=2 5 3 4 -6 -7 8 -9 10 -11 -12 13 -14 14 15 17 -18 18 -20 20 -22 -23 -24 -25 -26 -27 -28 -29 -30 -31
leaf_value=-1.9075927466754803 4.8379566018397995 2.8843435911941637 37.916038015614383 -10.69591568377283 20.947717661470982 -2.3378757490610256 6.4334711672394143 -3.2952571639297497 0.72562624321879154 -0.36789311984048889 12.829478151233573 0.08224012593311765 31.524801711475149 -16.02168257863898 -0.80639156412195279 30.214280261993409 29.13801158666611 12.462957609067672 21.283301054636638 3.2247406428768524 27.798310337861381 3.0442505516316243 21.566655122316803 -19.325708436965943 -21.866732279459637 5.5893323134579038 -10.303476695135132 -5.5686536734585061 -6.7830858530317037 31.705696415901187
leaf_weight=4800 221 1110 23 36 37 1961 628 1132 1244 9742 76 1023 34 38 27 20 38 40 30 84 60 1932 26 45 24 359 141 352 35 28
leaf_count=4800 221 1110 23 36 37 1961 628 1132 1244 9742 76 1023 34 38 27 20 38 40 30 84 60 1932 26 45 24 359 141 352 35 28
internal_value=-5.05215e-09 -0.576799 2.56516 13.1467 5.34264 -0.174873 0.12958 -0.343176 3.03796 -0.0352371 1.42251 2.34225 8.3962 1.9834 3.25201 3.52881 13.5611 3.01883 -1.95059 4.01935 13.4637 3.32263 -0.121022 -0.475218 0.0731158 0.418852 -1.17582 -3.72869 6.98421 15.7452
internal_weight=25346 20693 4653 96 73 15893 13932 11984 1948 10852 1320 4557 255 4302 2684 2646 128 2518 422 2096 144 1952 1618 1592 1547 1523 1164 392 90 55
internal_count=25346 20693 4653 96 73 15893 13932 11984 1948 10852 1320 4557 255 4302 2684 2646 128 2518 422 2096 144 1952 1618 1592 1547 1523 1164 392 90 55
is_linear=0
shrinkage=0.05


end of trees

feature_importances:
Column_33=35
Column_124=34
Column_134=19
Column_135=19
Column_107=18
Column_103=17
Column_142=17
Column_114=16
Column_129=16
Column_86=15
Column_65=14
Column_75=14
Column_82=14
Column_121=14
Column_127=13
Column_58=12
Column_72=12
Column_122=12
Column_123=12
Column_141=12
Column_54=11
Column_87=11
Column_128=11
Column_64=10
Column_140=10
Column_4=9
Column_145=9
Column_0=8
Column_2=8
Column_6=8
Column_12=8
Column_26=8
Column_89=8
Column_115=8
Column_117=8
Column_138=8
Column_22=7
Column_47=7
Column_85=7
Column_113=7
Column_119=7
Column_120=7
Column_131=7
Column_19=6
Column_61=6
Column_71=6
Column_74=6
Column_79=6
Column_98=6
Column_100=6
Column_5=5
Column_15=5
Column_31=5
Column_68=5
Column_78=5
Column_80=5
Column_96=5
Column_3=4
Column_13=4
Column_27=4
Column_37=4
Column_40=4
Column_56=4
Column_105=4
Column_106=4
Column_110=4
Column_112=4
Column_136=4
Column_16=3
Column_23=3
Column_30=3
Column_41=3
Column_57=3
Column_59=3
Column_67=3
Column_84=3
Column_93=3
Column_94=3
Column_116=3
Column_118=3
Column_126=3
Column_133=3
Column_10=2
Column_17=2
Column_20=2
Column_32=2
Column_38=2
Column_50=2
Column_52=2
Column_55=2
Column_69=2
Column_70=2
Column_73=2
Column_81=2
Column_83=2
Column_92=2
Column_95=2
Column_99=2
Column_101=2
Column_109=2
Column_132=2
Column_144=2
Column_1=1
Column_7=1
Column_8=1
Column_18=1
Column_24=1
Column_28=1
Column_29=1
Column_34=1
Column_39=1
Column_44=1
Column_46=1
Column_49=1
Column_53=1
Column_63=1
Column_76=1
Column_77=1
Column_108=1
Column_111=1
Column_125=1
Column_139=1

parameters:
[boosting: gbdt]
[objective: regression]
[metric: l2]
[tree_learner: serial]
[device_type: cpu]
[data_sample_strategy: bagging]
[data: ]
[valid: ]
[num_iterations: 1000]
[learning_rate: 0.05]
[num_leaves: 31]
[num_threads: 0]
[seed: 42]
[deterministic: 1]
[force_col_wise: 0]
[force_row_wise: 0]
[histogram_pool_size: -1]
[max_depth: -1]
[min_data_in_leaf: 20]
[min_sum_hessian_in_leaf: 0.001]
[bagging_fraction: 1]
[pos_bagging_fraction: 1]
[neg_bagging_fraction: 1]
[bagging_freq: 0]
[bagging_seed: 400]
[bagging_by_query: 0]
[feature_fraction: 1]
[feature_fraction_bynode: 1]
[feature_fraction_seed: 30056]
[extra_trees: 0]
[extra_seed: 12879]
[early_stopping_round: 0]
[early_stopping_min_delta: 0]
[first_metric_only: 0]
[max_delta_step: 0]
[lambda_l1: 0]
[lambda_l2: 0]
[linear_lambda: 0]
[min_gain_to_split: 0]
[drop_rate: 0.1]
[max_drop: 50]
[skip_drop: 0.5]
[xgboost_dart_mode: 0]
[uniform_drop: 0]
[drop_seed: 17869]
[top_rate: 0.2]
[other_rate: 0.1]
[min_data_per_group: 100]
[max_cat_threshold: 32]
[cat_l2: 10]
[cat_smooth: 10]
[max_cat_to_onehot: 4]
[top_k: 20]
[monotone_constraints: ]
[monotone_constraints_method: basic]
[monotone_penalty: 0]
[feature_contri: ]
[forcedsplits_filename: ]
[refit_decay_rate: 0.9]
[cegb_tradeoff: 1]
[cegb_penalty_split: 0]
[cegb_penalty_feature_lazy: ]
[cegb_penalty_feature_coupled: ]
[path_smooth: 0]
[interaction_constraints: ]
[verbosity: -1]
[saved_feature_importance_type: 0]
[use_quantized_grad: 0]
[num_grad_quant_bins: 4]
[quant_train_renew_leaf: 0]
[stochastic_rounding: 1]
[linear_tree: 0]
[max_bin: 255]
[max_bin_by_feature: ]
[min_data_in_bin: 3]
[bin_construct_sample_cnt: 200000]
[data_random_seed: 175]
[is_enable_sparse: 1]
[enable_bundle: 1]
[use_missing: 1]
[zero_as_missing: 0]
[feature_pre_filter: 1]
[pre_partition: 0]
[two_round: 0]
[header: 0]
[label_column: ]
[weight_column: ]
[group_column: ]
[ignore_column: ]
[categorical_feature: ]
[forcedbins_filename: ]
[precise_float_parser: 0]
[parser_config_file: ]
[objective_seed: 16083]
[num_class: 1]
[is_unbalance: 0]
[scale_pos_weight: 1]
[sigmoid: 1]
[boost_from_average: 1]
[reg_sqrt: 0]
[alpha: 0.9]
[fair_c: 1]
[poisson_max_delta_step: 0.7]
[tweedie_variance_power: 1.5]
[lambdarank_truncation_level: 30]
[lambdarank_norm: 1]
[label_gain: ]
[lambdarank_position_bias_regularization: 0]
[eval_at: ]
[multi_error_top_k: 1]
[auc_mu_weights: ]
[num_machines: 1]
[local_listen_port: 12400]
[time_out: 120]
[machine_list_filename: ]
[machines: ]
[gpu_platform_id: -1]
[gpu_device_id: -1]
[gpu_device_id_list: ]
[gpu_use_dp: 0]
[num_gpu: 1]

end of parameters

pandas_categorical:null
