tree
version=v4
num_class=1
num_tree_per_iteration=1
label_index=0
max_feature_idx=146
objective=regression
feature_names=Column_0 Column_1 Column_2 Column_3 Column_4 Column_5 Column_6 Column_7 Column_8 Column_9 Column_10 Column_11 Column_12 Column_13 Column_14 Column_15 Column_16 Column_17 Column_18 Column_19 Column_20 Column_21 Column_22 Column_23 Column_24 Column_25 Column_26 Column_27 Column_28 Column_29 Column_30 Column_31 Column_32 Column_33 Column_34 Column_35 Column_36 Column_37 Column_38 Column_39 Column_40 Column_41 Column_42 Column_43 Column_44 Column_45 Column_46 Column_47 Column_48 Column_49 Column_50 Column_51 Column_52 Column_53 Column_54 Column_55 Column_56 Column_57 Column_58 Column_59 Column_60 Column_61 Column_62 Column_63 Column_64 Column_65 Column_66 Column_67 Column_68 Column_69 Column_70 Column_71 Column_72 Column_73 Column_74 Column_75 Column_76 Column_77 Column_78 Column_79 Column_80 Column_81 Column_82 Column_83 Column_84 Column_85 Column_86 Column_87 Column_88 Column_89 Column_90 Column_91 Column_92 Column_93 Column_94 Column_95 Column_96 Column_97 Column_98 Column_99 Column_100 Column_101 Column_102 Column_103 Column_104 Column_105 Column_106 Column_107 Column_108 Column_109 Column_110 Column_111 Column_112 Column_113 Column_114 Column_115 Column_116 Column_117 Column_118 Column_119 Column_120 Column_121 Column_122 Column_123 Column_124 Column_125 Column_126 Column_127 Column_128 Column_129 Column_130 Column_131 Column_132 Column_133 Column_134 Column_135 Column_136 Column_137 Column_138 Column_139 Column_140 Column_141 Column_142 Column_143 Column_144 Column_145 Column_146
feature_infos=[-10472.5:15599] [-9955:16975.5] [-11912.5:15560] [-10752.5:15872.5] [-11226.669921875:19891.275390625] [169.64253234863281:2611.72900390625] [-7554.326171875:16798.921875] [-10747.5:15872.5] [-9557.5:16651] [-11122.5:14822.5] [-10642.5:15622] [-11138.8203125:19721.55078125] [169.64253234863281:2611.72900390625] [-7228.70556640625:16626.74609375] [-10635:15624] [-10117.5:16661] [-12635:15615.5] [-12155:15896.5] [-11057.5947265625:19531.57421875] [169.64253234863281:2611.72900390625] [-7161.07421875:16369.9970703125] [-12147.5:15895.5] [-11630:17272] [-13587.5:15736.5] [-12427.5:15852.5] [-10974.669921875:19375.55078125] [169.64253234863281:2611.72900390625] [-7138.93115234375:16002.04296875] [-12422.5:15852.5] [-11232.5:17214] [-13095:15717] [-11935:16377] [-10881.14453125:19218.025390625] [169.64253234863281:2611.72900390625] [-7072.66455078125:15542.5390625] [-11930:16381] [-10740:17335] [-12305:16244.5] [-11185:16498] [-10778.044921875:19057.349609375] [169.64253234863281:2611.72900390625] [-7037.876953125:14968.8984375] [-11182.5:16502] [-9727.5:17315.5] [-11555:15675] [-11020:16555] [-10672.64453125:18904.599609375] [169.64253234863281:2611.72900390625] [-7314.599609375:14777.404296875] [-11025:16554] [-10400:17930.5] [-12332.5:15824] [-10865:17006] [-10558.0947265625:18742.900390625] [169.64253234863281:2611.72900390625] [-7637.36328125:14980.00390625] [-10890:17010] [-9907.5:18051.5] [-11840:15786.5] [-11110:16656.5] [-10440.3203125:18581.55078125] [169.64253234863281:2611.72900390625] [-7953.0576171875:15106.048828125] [-11110:16655.5] [-8830:18032] [-11242.5:16251.5] [-10617.5:17184] [-10325.2451171875:18418.69921875] [169.64253234863281:2611.72900390625] [-8045.05224609375:15294.9541015625] [-10617.5:17183] [-8900:18559.5] [-10912.5:13813.5] [-10455:14746] [-10203.5947265625:18265.5] [169.64253234863281:2611.72900390625] [-8264.138671875:15174.23046875] [-10455:14745] [-8407.5:16121.5] [-10857.5:13809] [-9962.5:14741.5] [-10068.9453125:18102.19921875] [169.64253234863281:2611.72900390625] [-8184.8984375:14052.80078125] [-9962.5:14740.5] [-6750:16117] [-10365:13466] [-7760:14398.5] [-9939.0947265625:17916.025390625] [169.64253234863281:2611.72900390625] [-7939.453125:13363.7734375] [-7760:14397.5] [-6450:15774] [-8462.5:12407.5] [-8005:13412.5] [-9802.89453125:17712.849609375] [169.64253234863281:2611.72900390625] [-7783.13916015625:12613.2939453125] [-8005:13414.5] [-5727.5:13826] [-8407.5:13406] [-7065:13522] [-9682.39453125:17529.775390625] [169.64253234863281:2611.72900390625] [-7646.490234375:11895.4033203125] [-7065:13522] [-5315:13850] [-7467.5:12836.5] [-5787.5:12988.5] [-9559.6201171875:17354.94921875] [169.64253234863281:2611.72900390625] [-7469.3095703125:11938.904296875] [-5787.5:12988.5] [-4822.5:15004.5] [-6432.5:12985.5] [-5625:14167.5] [-9435.8203125:17183.525390625] [169.64253234863281:2611.72900390625] [-7098.462890625:12141.50390625] [-5625:14171.5] [-3345:14555.5] [-6387.5:12948] [-4235:13528] [-9319.080078125:17005.69921875] [169.64253234863281:2611.72900390625] [-6675.87548828125:12267.548828125] [-4235:13527.5] [-3530:14450] [-6405:13413] [-4970:14345.5] [-9187.5546875:16811.724609375] [169.64253234863281:2611.72900390625] [-6313.9775390625:12456.4541015625] [-4970:14344.5] [-3110:15721] [-5787.5:8427] [-3950:11128.5] [-9046.330078125:16585.125] [169.64253234863281:2611.72900390625] [-5821.4775390625:12335.73046875] [-3960:11125.5] [0:12050.5] [-5814.5:0] none [-8901.60546875:16358.1748046875] [169.64253234863281:2611.72900390625] [-5292.25244140625:11214.30078125]
tree_sizes=2852 2853 2839 2861 2844 2847 2844 2829 2847 2847 2837 2830

Tree=0
num_leaves=31
num_cat=0
split_feature=138 124 145 68 121 58 122 124 124 5 109 114 96 113 144 59 135 79 89 90 124 103 113 127 103 124 103 6 108 12
split_gain=2.09403e+08 7.42298e+07 2.95876e+07 3.53352e+07 2.2707e+07 3.44303e+07 1.7814e+07 1.77096e+07 1.55172e+07 1.42988e+07 2.23737e+07 1.34388e+07 1.14895e+07 9.96502e+06 9.76795e+06 1.45199e+07 9.17903e+06 8.98209e+06 8.0711e+06 1.25986e+07 7.74017e+06 7.57636e+06 7.45848e+06 1.06971e+07 7.41412e+06 8.85931e+06 1.0195e+07 7.41163e+06 8.2226e+06 7.3548e+06
threshold=890.77328491210949 505.08055114746099 1367.7973632812502 1218.723571777344 847.75000000000011 3174.5000000000005 -1316.4999999999998 686.02239990234386 376.53460693359381 1683.2846679687502 5503.6799316406259 -1524.2499999999998 761.29205322265636 3471.7500000000005 -506.69749450683588 -1465.4999999999998 137.25000000000003 -3552.4999999999995 1683.2846679687502 2126.002807617188 1289.656921386719 1289.656921386719 -228.74999999999997 569.25000000000011 573.96908569335949 596.14859008789074 652.10885620117199 -569.00210571289051 -840.24999999999989 999.20349121093761
decision_type=2 2 2 2 2 2 2 2 2 2 2 2 2 2 2 2 2 2 2 2 2 2 2 2 2 2 2 2 2 2
left_child=1 8 6 -4 5 9 11 24 -1 18 -11 -2 -9 14 15 17 -6 -8 19 -5 27 -22 -17 -24 -3 -26 -27 29 -29 -16
right_child=2 7 3 4 16 -7 13 12 -10 10 -12 -13 -14 -15 20 22 -18 -19 -20 -21 21 -23 23 -25 25 26 -28 28 -30 -31
leaf_value=-257.39470795943333 -289.10108149434501 -265.4662365479798 -348.72762288087586 -276.00300892078582 -239.7671402336706 -345.0355642665466 -293.67294806455453 -272.7230042489586 -260.77689003602006 -351.42528262705525 -284.13480690001938 -334.65439036527766 -265.06757510407505 -302.53946383606649 -270.80614061227931 -265.47140166275238 -280.48749495680113 -259.79219106802458 -254.39834885894749 -315.23689006623266 -311.24427651672147 -275.56922724281031 -314.26044787381966 -285.8885209654502 -259.34557359227352 -267.26284182383512 -260.43928054763279 -289.31904943581281 -268.71232371001611 -233.16999211840655
leaf_weight=5600 85 4188 29 76 25 33 26 1100 8598 21 30 20 884 34 25 23 31 79 24 28 22 46 52 92 1449 1288 952 55 404 27
leaf_count=5600 85 4188 29 76 25 33 26 1100 8598 21 30 20 884 34 25 23 31 79 24 28 22 46 52 92 1449 1288 952 55 404 27
internal_value=-262.809 -261.757 -282.458 -296.3 -290.626 -298.106 -278.306 -265.09 -259.443 -289.455 -311.843 -297.778 -269.312 -275.996 -274.935 -282.751 -262.309 -268.182 -280.535 -286.566 -271.264 -287.111 -291.911 -296.134 -264.027 -262.392 -264.363 -269.155 -271.182 -251.264
internal_weight=25346 24059 1287 297 268 212 990 9861 14198 179 51 105 1984 885 851 272 56 105 128 104 579 68 167 144 7877 3689 2240 511 459 52
internal_count=25346 24059 1287 297 268 212 990 9861 14198 179 51 105 1984 885 851 272 56 105 128 104 579 68 167 144 7877 3689 2240 511 459 52
is_linear=0
shrinkage=1


Tree=1
num_leaves=31
num_cat=0
split_feature=131 124 145 68 121 58 124 99 106 82 5 109 96 113 121 100 144 58 133 135 122 71 135 124 141 145 103 124 103 40
split_gain=1.89012e+08 6.66116e+07 2.66977e+07 3.189e+07 2.0493e+07 3.10734e+07 1.584e+07 1.45186e+07 2.51193e+07 1.43099e+07 1.29047e+07 2.01923e+07 1.08634e+07 8.96405e+06 8.65602e+06 7.8446e+06 8.4699e+06 1.09298e+07 8.17196e+06 1.1328e+07 8.57289e+06 7.89012e+06 7.646e+06 7.7111e+06 7.3125e+06 9.40646e+06 6.72708e+06 7.95221e+06 9.17543e+06 7.20441e+06
threshold=890.77328491210949 505.08055114746099 1367.7973632812502 1218.723571777344 847.75000000000011 3174.5000000000005 686.02239990234386 -1293.2499999999998 -1137.7499999999998 381.28965759277349 1683.2846679687502 5503.6799316406259 761.29205322265636 3471.7500000000005 1384.7500000000002 -2266.7499999999995 -631.70498657226551 -3242.4999999999995 -299.74999999999994 -701.74999999999989 -1091.7499999999998 -291.74999999999994 -669.49999999999989 1289.656921386719 431.75000000000006 1495.4898681640627 573.96908569335949 596.14859008789074 663.29534912109386 575.81927490234386
decision_type=2 2 2 2 2 2 2 2 2 2 2 2 2 2 2 2 2 2 2 2 2 2 2 2 2 2 2 2 2 2
left_child=1 9 7 -4 5 10 26 8 -2 -1 24 -12 -8 15 -6 -9 17 -17 19 20 -18 -22 -20 -24 -5 -26 29 -28 -29 -3
right_child=2 6 3 4 14 -7 12 13 -10 -11 11 -13 -14 -15 -16 16 18 -19 22 -21 21 -23 23 -25 25 -27 27 28 -30 -31
leaf_value=5.0771281760690306 -20.273805775485105 -1.3251902795563542 -81.623103069436965 -29.968715451503627 24.912682984092019 -78.115645501107892 -9.4652340199097953 14.46352556347847 -81.00390105474564 1.8551836454767565 -84.185878226870585 -20.25992703119914 -2.015809205086494 -37.744349827485927 -15.337925641676959 5.3467492314747407 -37.478241058190662 -24.929396992543744 10.573429897853307 -40.347967358068985 20.768147142728171 -12.278749125706007 -5.5112071031873882 -27.669377849896751 -22.780993095197175 14.012010854482652 3.2898462169021472 -3.7368500969788627 3.038752536576717 -6.1098547286348683
leaf_weight=5887 90 3138 29 58 22 33 1101 28 21 8312 21 30 881 34 34 35 24 201 63 44 24 73 308 45 38 32 1449 1489 752 1050
leaf_count=5887 90 3138 29 58 22 33 1101 28 21 8312 21 30 881 34 34 35 24 201 63 44 24 73 308 45 38 32 1449 1489 752 1050
internal_value=7.52094e-08 0.998643 -18.6685 -31.8164 -26.4269 -33.533 -2.15852 -14.7241 -31.7633 3.19102 -25.3139 -46.5824 -6.15396 -12.5724 0.474813 -11.5596 -12.4514 -20.4393 -9.2068 -18.6224 -10.7222 -4.1022 -5.47223 -8.3359 -16.8397 -5.96133 -1.15332 0.403241 -1.4632 -2.52478
internal_weight=25346 24059 1287 297 268 212 9860 990 111 14199 179 51 1982 879 56 845 817 236 581 165 121 97 416 353 128 70 7878 3690 2241 4188
internal_count=25346 24059 1287 297 268 212 9860 990 111 14199 179 51 1982 879 56 845 817 236 581 165 121 97 416 353 128 70 7878 3690 2241 4188
is_linear=0
shrinkage=0.05


Tree=2
num_leaves=31
num_cat=0
split_feature=138 124 145 68 121 58 122 124 124 141 4 40 109 96 141 135 113 144 59 79 99 89 114 6 66 107 113 127 135 34
split_gain=1.70986e+08 6.04104e+07 2.40141e+07 2.87807e+07 1.8495e+07 2.80437e+07 1.53981e+07 1.43454e+07 1.29817e+07 1.27835e+07 1.18134e+07 1.21006e+07 1.14424e+07 9.41291e+06 9.33903e+06 8.14894e+06 8.13973e+06 7.95305e+06 1.26544e+07 8.0452e+06 6.88214e+06 6.78208e+06 7.61498e+06 8.26048e+06 7.33119e+06 6.7824e+06 6.66025e+06 9.64774e+06 6.75177e+06 6.58616e+06
threshold=890.77328491210949 505.08055114746099 1367.7973632812502 1218.723571777344 847.75000000000011 3174.5000000000005 -1316.4999999999998 686.02239990234386 376.53460693359381 143.25000000000003 9221.8823242187518 1683.2846679687502 5503.6799316406259 761.29205322265636 380.25000000000006 137.25000000000003 3471.7500000000005 -506.69749450683588 -1465.4999999999998 -3552.4999999999995 812.25000000000011 999.20349121093761 -998.24999999999989 1.0000000180025095e-35 -469.74999999999994 -383.74999999999994 -228.74999999999997 569.25000000000011 -545.24999999999989 437.44496154785162
decision_type=2 2 2 2 2 2 2 2 2 2 2 2 2 2 2 2 2 2 2 2 2 2 2 2 2 2 2 2 2 2
left_child=1 8 6 -4 5 10 9 -3 -1 -2 11 20 -13 -9 -12 -6 17 18 19 -8 -5 -19 24 25 -23 -24 -20 28 -28 -25
right_child=2 7 3 4 15 -7 16 13 -10 -11 14 12 -14 -15 -16 -17 -18 21 26 -21 -22 22 23 29 -26 -27 27 -29 -30 -31
leaf_value=4.9112326179223942 -67.010935047694616 -1.09942453982077 -77.541945510075024 -10.834318135822974 21.690238925933841 -74.209863529783306 -28.485213347581716 -8.9438442406275058 1.8176813450857052 -23.395524154390611 -24.935111389160156 -77.676046579534358 -29.489823920386183 -2.0146896408255555 22.805526097615562 -16.677286529541018 -35.857132137522981 0.46101043078634474 -1.5277812045553458 3.57990626549419 -41.481506505379315 -8.6498613357543945 34.479275665283204 -36.061909186321756 -35.930712104968308 -6.6983975124359141 -30.38092866120515 -20.773184972677541 -66.441171539306637 -8.0376136905910602
leaf_weight=5600 21 7877 29 62 25 33 26 1100 8598 84 20 22 28 884 21 31 34 180 23 79 26 46 20 23 53 20 27 92 25 237
leaf_count=5600 21 7877 29 62 25 33 26 1100 8598 84 20 22 28 884 21 31 34 180 23 79 26 46 20 23 53 20 27 92 25 237
internal_value=-1.2905e-07 0.949829 -17.756 -30.2256 -25.1055 -31.8564 -14.0151 -2.05652 3.03785 -32.1186 -24.0482 -31.0495 -50.6918 -5.85646 -0.48259 0.451073 -11.8672 -10.9088 -17.961 -4.36003 -19.8892 -7.59579 -11.2304 -7.2624 -23.2548 13.8904 -26.5125 -30.5031 -47.7176 -10.5167
internal_weight=25346 24059 1287 297 268 212 990 9861 14198 105 179 138 50 1984 41 56 885 851 272 105 88 579 399 300 99 40 167 144 52 260
internal_count=25346 24059 1287 297 268 212 990 9861 14198 105 179 138 50 1984 41 56 885 851 272 105 88 579 399 300 99 40 167 144 52 260
is_linear=0
shrinkage=0.05


Tree=3
num_leaves=31
num_cat=0
split_feature=138 124 145 68 121 58 122 124 124 141 4 75 109 96 141 121 135 133 142 33 113 134 106 129 99 103 124 103 40 129
split_gain=1.54315e+08 5.45203e+07 2.16727e+07 2.59746e+07 1.66917e+07 2.53095e+07 1.38968e+07 1.29468e+07 1.2027e+07 1.15371e+07 1.06616e+07 1.09971e+07 1.12497e+07 8.49515e+06 8.42848e+06 7.68474e+06 7.5091e+06 1.20636e+07 1.16109e+07 9.06416e+06 8.24902e+06 7.8831e+06 7.39378e+06 6.3242e+06 6.25327e+06 6.03695e+06 7.35141e+06 9.63082e+06 6.50198e+06 5.91679e+06
threshold=890.77328491210949 505.08055114746099 1367.7973632812502 1218.723571777344 847.75000000000011 3174.5000000000005 -1316.4999999999998 686.02239990234386 342.62544250488287 143.25000000000003 9221.8823242187518 1683.2846679687502 5503.6799316406259 761.29205322265636 380.25000000000006 1384.7500000000002 -701.74999999999989 -299.74999999999994 -305.24999999999994 781.07574462890636 3471.7500000000005 -571.99999999999989 1276.7500000000002 -294.74999999999994 812.25000000000011 573.96908569335949 604.23071289062511 648.61227416992199 575.81927490234386 -14.749999999999998
decision_type=2 2 2 2 2 2 2 2 2 2 2 2 2 2 2 2 2 2 2 2 2 2 2 2 2 2 2 2 2 2
left_child=1 8 6 -4 5 10 9 25 -1 -2 11 24 -13 -9 -12 -6 21 18 -18 -19 -21 -8 29 -24 -5 28 -27 -28 -3 -23
right_child=2 7 3 4 15 -7 16 13 -10 -11 14 12 -14 -15 -16 -17 17 19 -20 20 -22 22 23 -25 -26 26 27 -29 -30 -31
leaf_value=5.4793423623132576 -63.660388347080783 -1.2039596079546575 -73.664850327064258 -9.9902890455527391 23.454525947570801 -70.499371262752661 -30.20153159728417 -8.4966519207520914 2.0693644885398803 -22.225748080299013 -23.688356132507323 -76.092783682686942 -28.040106651289712 -1.9139549417737283 21.665250378563293 -14.470662641525269 -50.900848211893219 8.7494999398990565 -9.131660488673619 -12.260136055255394 -40.660545178695969 0.29724128023783364 -38.54394930884952 -4.190043560234276 -38.891633042251627 2.9061952872996857 -4.9101248980284478 1.9729897925401116 -5.7493906935396657 27.035702570776149
leaf_weight=3400 21 3138 29 61 22 33 26 1100 10798 84 20 21 29 884 21 34 41 49 28 482 27 150 21 37 27 1654 1051 984 1050 24
leaf_count=3400 21 3138 29 61 22 33 26 1100 10798 84 20 21 29 884 21 34 41 49 28 482 27 150 21 37 27 1654 1051 984 1050 24
internal_value=-2.67013e-08 0.902338 -16.8682 -28.7143 -23.8503 -30.2635 -13.3143 -1.9537 2.88595 -30.5127 -22.8458 -29.4971 -48.2222 -5.56364 -0.45846 0.428519 -11.2739 -14.2283 -33.951 -11.7894 -13.7666 -4.094 -1.16815 -16.6285 -18.8577 -1.04445 0.430395 -1.58188 -2.34357 3.9853
internal_weight=25346 24059 1287 297 268 212 990 9861 14198 105 179 138 50 1984 41 56 885 627 69 558 509 258 232 58 88 7877 3689 2035 4188 174
internal_count=25346 24059 1287 297 268 212 990 9861 14198 105 179 138 50 1984 41 56 885 627 69 558 509 258 232 58 88 7877 3689 2035 4188 174
is_linear=0
shrinkage=0.05


Tree=4
num_leaves=31
num_cat=0
split_feature=145 124 145 68 121 52 52 63 64 0 124 82 122 106 2 96 135 10 124 90 144 59 67 6 43 2 61 82 102 103
split_gain=1.39379e+08 4.90886e+07 1.95377e+07 2.34421e+07 1.50643e+07 2.33031e+07 1.61488e+07 1.48436e+07 1.49776e+07 1.44211e+07 1.17697e+07 1.11561e+07 1.07638e+07 1.36853e+07 8.61885e+06 7.61899e+06 7.23445e+06 7.07919e+06 6.68985e+06 1.05384e+07 7.65458e+06 1.10154e+07 8.7139e+06 7.96832e+06 7.71754e+06 6.71368e+06 6.05752e+06 6.04234e+06 5.77867e+06 5.57758e+06
threshold=890.77328491210949 505.08055114746099 1367.7973632812502 1218.723571777344 847.75000000000011 3343.0000000000005 5251.2500000000009 1938.0000000000002 1442.7500000000002 -5486.2499999999991 686.02239990234386 381.28965759277349 -1316.4999999999998 -614.24999999999989 -5900.9999999999991 761.29205322265636 137.25000000000003 -2891.7499999999995 1289.656921386719 2513.079467773438 -562.53750610351551 -1465.4999999999998 -1666.1774902343748 -569.00210571289051 -333.74999999999994 4818.0000000000009 402.84135437011724 916.47631835937511 -4049.809936523437 681.98138427734386
decision_type=2 2 2 2 2 2 2 2 2 2 2 2 2 2 2 2 2 2 2 2 2 2 2 2 2 2 2 2 2 2
left_child=1 11 12 -4 5 7 -7 8 9 -5 29 -1 13 -2 -12 -16 -6 -11 20 -20 21 22 28 -22 -23 -25 -13 -17 -14 -3
right_child=2 10 3 4 16 6 -8 -9 -10 17 14 26 18 -15 15 27 -18 -19 19 -21 23 24 -24 25 -26 -27 -28 -29 -30 -31
leaf_value=4.4051865369969319 -18.867858051735421 -1.3305565890239772 -69.981605720520022 -53.691312295975891 20.419055938720703 -88.605150254567477 -29.298727549206127 12.47330456766589 -59.521588706970221 11.527936746392932 -37.949466991424565 -1.1529382242984381 -3.8930351046628733 -63.601409001577466 -7.7617276521142351 -0.094953551491857024 -15.731586031759941 -19.085924832574253 -14.2373312066241 -52.535692065695059 12.358816595430728 -50.231599075317384 -29.038814897122592 -9.8707461726403363 -19.799636641523243 9.840243595590195 2.2319000389475043 -13.701709912373468 27.613086613741785 4.1366028276792015
leaf_weight=5887 92 7378 29 23 25 24 22 29 28 28 20 1649 43 21 1086 789 31 58 82 23 54 25 23 432 125 48 6661 91 22 498
leaf_count=5887 92 7378 29 23 25 24 22 29 28 28 20 1649 43 21 1086 789 31 58 82 23 54 25 23 432 125 48 6661 91 22 498
internal_value=8.21086e-08 0.857559 -16.0311 -27.2786 -22.6578 -28.7504 -60.2412 -20.024 -26.903 -18.5239 -1.85224 2.73993 -12.6568 -27.1812 -5.29204 -4.95982 0.407093 -9.11862 -10.7854 -22.6265 -9.17488 -16.6326 -2.5887 -5.85104 -24.8716 -7.89965 1.56023 -1.50202 6.77058 -0.984868
internal_weight=25346 24059 1287 297 268 212 46 166 137 109 9862 14197 990 113 1986 1966 56 86 877 105 772 238 88 534 150 480 8310 880 65 7876
internal_count=25346 24059 1287 297 268 212 46 166 137 109 9862 14197 990 113 1986 1966 56 86 877 105 772 238 88 534 150 480 8310 880 65 7876
is_linear=0
shrinkage=0.05


Tree=5
num_leaves=31
num_cat=0
split_feature=131 124 117 124 91 122 26 140 122 124 124 62 107 110 86 121 142 123 61 103 141 86 144 2 38 29 101 114 142 58
split_gain=1.25911e+08 4.40741e+07 1.78289e+07 1.82217e+07 1.7833e+07 1.96018e+07 2.1793e+07 1.41401e+07 1.41425e+07 1.03839e+07 1.03082e+07 9.24324e+06 8.40965e+06 8.59702e+06 8.11358e+06 7.71056e+06 7.73971e+06 7.6104e+06 9.24166e+06 7.49097e+06 7.38515e+06 7.30244e+06 6.96782e+06 1.00934e+07 7.18736e+06 6.94891e+06 6.44552e+06 9.15407e+06 6.24272e+06 5.82951e+06
threshold=890.77328491210949 505.08055114746099 813.91189575195324 1289.656921386719 -1067.7499999999998 165.25000000000003 1218.723571777344 -189.74999999999997 -736.74999999999989 686.02239990234386 329.77078247070318 -2107.913208007812 -2333.9999999999995 1169.2799072265627 -139.24999999999997 847.75000000000011 -532.24999999999989 4206.2075195312509 1495.4898681640627 744.63302612304699 376.25000000000006 1328.7500000000002 -877.37249755859364 31.750000000000004 1925.7500000000002 -3254.9999999999995 -1128.7499999999998 -1128.4999999999998 -248.74999999999997 -3242.4999999999995
decision_type=2 2 2 2 2 2 2 2 2 2 2 2 2 2 2 2 2 2 2 2 2 2 2 2 2 2 2 2 2 2
left_child=1 10 -2 12 17 7 -7 8 -6 -3 -1 -8 13 25 -9 21 -17 18 -5 -11 -19 -13 23 29 -25 -4 27 -21 -28 -14
right_child=2 9 3 4 5 6 11 14 -10 19 -12 15 22 -15 -16 16 -18 20 -20 26 -22 -23 -24 24 -26 -27 28 -29 -30 -31
leaf_value=5.3786418545908399 -56.220851347996643 -0.93916253493320923 -38.664490880966184 -5.5198324753687942 -43.330411315917971 -51.394793985003517 -41.526771535873415 -51.375249362874911 -99.740100936889647 -8.2738849823321843 1.9456010170326938 -4.0659445662831155 6.5169705274777545 -47.787520873546605 -14.157908795773984 34.156604156494147 -5.9985812060038253 -10.289961084723473 -45.513803911209109 -5.59501779777439 31.1636962164016 -39.483213407343086 -5.7547166793404436 -52.162207820497713 -13.7533812386649 -2.8561321758088614 3.4762081912585665 -35.407632895438901 -5.0224535072246175 -15.712079082047644
leaf_weight=2700 26 7878 20 52 25 42 20 27 20 925 11499 43 39 28 32 20 30 22 20 152 21 22 565 29 21 42 483 31 391 121
leaf_count=2700 26 7878 20 52 25 42 20 27 20 925 11499 43 39 28 32 20 30 22 20 152 21 22 565 29 21 42 483 31 391 121
internal_value=-4.96601e-08 0.815075 -15.2369 -14.3919 -23.275 -30.0628 -19.9402 -47.2908 -68.4014 -1.75303 2.59841 -10.1543 -10.3251 -24.7922 -31.1896 -4.69819 10.0635 -6.68912 -16.6293 -4.98799 9.95485 -16.0533 -8.64508 -16.4215 -36.0305 -14.4072 -2.11244 -10.6452 -0.325825 -10.2937
internal_weight=25346 24059 1287 1261 396 281 177 104 45 9860 14199 135 865 90 59 115 50 115 72 1982 43 65 775 210 50 62 1057 183 874 160
internal_count=25346 24059 1287 1261 396 281 177 104 45 9860 14199 135 865 90 59 115 50 115 72 1982 43 65 775 210 50 62 1057 183 874 160
is_linear=0
shrinkage=0.05


Tree=6
num_leaves=31
num_cat=0
split_feature=145 124 145 61 121 58 124 142 99 106 4 75 109 100 103 141 2 5 65 124 113 0 96 93 92 144 92 71 113 124
split_gain=1.14243e+08 4.06033e+07 1.6206e+07 2.05301e+07 1.635e+07 1.92644e+07 1.41541e+07 1.14737e+07 9.74209e+06 2.0642e+07 9.60287e+06 8.9818e+06 9.48664e+06 8.48298e+06 7.50346e+06 7.02735e+06 6.73837e+06 6.49176e+06 8.20915e+06 6.40214e+06 1.33974e+07 9.74799e+06 8.50821e+06 5.74412e+06 1.50258e+07 7.04579e+06 5.8092e+06 9.01629e+06 5.69928e+06 5.6818e+06
threshold=890.77328491210949 446.13514709472662 1367.7973632812502 1218.723571777344 847.75000000000011 3174.5000000000005 615.86886596679699 -563.24999999999989 -1293.2499999999998 -1137.7499999999998 9221.8823242187518 1683.2846679687502 5503.6799316406259 -2266.7499999999995 456.78472900390631 380.25000000000006 -5900.9999999999991 1495.4898681640627 -2298.7499999999995 1125.5928955078127 3471.7500000000005 4749.2500000000009 781.07574462890636 403.25000000000006 1801.2500000000002 140.88749694824222 180.25000000000003 -411.74999999999994 -319.24999999999994 510.81964111328131
decision_type=2 2 2 2 2 2 2 2 2 2 2 2 2 2 2 2 2 2 2 2 2 2 2 2 2 2 2 2 2 2
left_child=1 -1 8 -4 5 10 14 -6 9 -2 11 17 -13 -10 28 -12 -8 18 -5 21 23 22 -15 26 -25 -26 27 -21 -3 -16
right_child=2 6 3 4 7 -7 16 -9 13 -11 15 12 -14 19 29 -17 -18 -19 -20 20 -22 -23 -24 24 25 -27 -28 -29 -30 -31
leaf_value=3.1917951654868526 -15.348290088612547 3.5559212338676058 -60.724491784232001 -11.06593977742725 31.520699509330417 -61.240737389073232 -29.911991828680041 -15.768333928338414 16.468925043741862 -71.340613307952879 -19.629548892974853 -68.469055248442146 -24.342231868875441 -40.950237541198732 2.1935774552863294 21.783118452344624 -3.3377752713628377 3.5452450922557284 -49.833670980280097 -2.7431598481924642 -55.699702186584481 17.609248589180613 -7.6385886771463012 -55.670284887460561 -38.246083077930273 -5.3815423669880387 -0.11641743181703182 -35.423176308167285 -4.93999330953514 -0.44051173536801624
leaf_weight=10097 93 240 35 36 23 33 24 29 30 20 20 21 29 20 3329 21 3940 28 22 46 20 37 461 26 21 73 104 39 1112 5317
leaf_count=10097 93 240 35 36 23 33 24 29 30 20 20 21 29 20 3329 21 3940 28 22 46 20 37 461 26 21 73 104 39 1112 5317
internal_value=-2.77444e-08 0.776391 -14.5138 -24.7575 -19.9527 -26.1682 -0.970374 5.14797 -11.4406 -25.2584 -19.6292 -26.0237 -42.8755 -9.66023 0.0320431 1.58182 -3.49867 -16.2261 -25.7709 -10.5857 -16.0402 -7.12134 -9.02369 -13.4733 -22.0287 -12.7236 -8.04125 -17.7375 -3.43184 0.573701
internal_weight=25346 24059 1287 297 262 210 13962 52 990 113 177 136 50 877 9998 41 3964 86 58 847 329 518 481 309 120 94 189 85 1352 8646
internal_count=25346 24059 1287 297 262 210 13962 52 990 113 177 136 50 877 9998 41 3964 86 58 847 329 518 481 309 120 94 189 85 1352 8646
is_linear=0
shrinkage=0.05


Tree=7
num_leaves=31
num_cat=0
split_feature=145 124 145 61 121 52 52 63 79 124 0 142 122 106 10 103 1 106 114 92 134 110 79 3 114 64 136 115 99 115
split_gain=1.03104e+08 3.66445e+07 1.46259e+07 1.85284e+07 1.47559e+07 1.74417e+07 1.58903e+07 1.32521e+07 1.28346e+07 1.27741e+07 1.20813e+07 1.0355e+07 9.29871e+06 1.23956e+07 8.16769e+06 6.77188e+06 6.18192e+06 5.98507e+06 1.02057e+07 9.92362e+06 7.58928e+06 7.24821e+06 1.18734e+07 8.37352e+06 6.72765e+06 7.39811e+06 6.53695e+06 6.51138e+06 5.6855e+06 7.44378e+06
threshold=890.77328491210949 446.13514709472662 1367.7973632812502 1218.723571777344 847.75000000000011 3343.0000000000005 5251.2500000000009 1938.0000000000002 -877.24999999999989 615.86886596679699 -5486.2499999999991 -563.24999999999989 -1316.4999999999998 -614.24999999999989 -2891.7499999999995 456.78472900390631 -4871.2499999999991 1276.7500000000002 250.75000000000003 2600.5000000000005 632.75000000000011 1169.2799072265627 2760.5000000000005 1108.2500000000002 213.75000000000003 2995.2500000000005 205.25000000000003 155.25000000000003 301.25000000000006 420.75000000000006
decision_type=2 2 2 2 2 2 2 2 2 2 2 2 2 2 2 2 2 2 2 2 2 2 2 2 2 2 2 2 2 2
left_child=1 -1 12 -4 5 7 -7 8 10 15 -5 -6 13 -2 -12 -3 -11 24 19 27 -20 26 23 -23 25 28 -22 -19 29 -14
right_child=2 9 3 4 11 6 -8 -9 -10 16 14 -13 17 -15 -16 -17 -18 18 20 -21 21 22 -24 -25 -26 -27 -28 -29 -30 -31
leaf_value=3.032205400063686 -16.456404916099881 -3.2602506369638906 -57.688267135620123 -47.185012123801499 29.944664540498156 -80.203880484898889 -21.374013345891782 14.096053021294731 -49.277385642793448 -25.934815511703494 18.32658186340332 -14.979916927732271 -7.64551843696995 -59.029970909300303 -16.343836073155675 0.54501601424692547 -3.1513068924026864 -22.289385767336245 -23.528850487588159 0.3821809005737305 -15.039248922136096 -23.836930651466052 -47.683025843446906 18.381634026344706 10.099141812728625 -34.276270202636724 10.294482384211031 -55.630145841836935 1.2013601066347976 -32.871155906446056
leaf_weight=10097 92 1352 35 22 23 24 22 28 36 30 25 29 257 21 53 8646 3934 27 71 20 36 24 22 23 59 25 87 32 161 33
leaf_count=10097 92 1352 35 22 23 24 22 28 36 30 25 29 257 21 53 8646 3934 27 71 20 36 24 22 23 59 25 87 32 161 33
internal_value=2.48639e-08 0.737572 -13.7881 -23.5196 -18.9551 -24.8597 -52.0679 -17.2282 -23.6773 -0.921855 -14.4613 4.89057 -10.8686 -24.3683 -5.23152 0.030441 -3.32374 -9.12919 -14.2954 -30.0549 -9.56151 -4.3965 -17.3672 -3.17678 -5.8267 -7.8007 2.87973 -40.3725 -6.3331 -10.516
internal_weight=25346 24059 1287 297 262 210 46 164 136 13962 100 52 990 113 78 9998 3964 877 342 79 263 192 69 47 535 476 123 59 451 290
internal_count=25346 24059 1287 297 262 210 46 164 136 13962 100 52 990 113 78 9998 3964 877 342 79 263 192 69 47 535 476 123 59 451 290
is_linear=0
shrinkage=0.05


Tree=8
num_leaves=31
num_cat=0
split_feature=138 124 145 68 124 124 121 58 4 75 109 127 135 135 133 142 96 124 99 144 79 85 124 141 121 142 54 61 4 103
split_gain=9.30871e+07 3.33662e+07 1.31928e+07 1.69916e+07 1.19264e+07 1.04389e+07 1.00925e+07 1.75772e+07 8.3409e+06 8.22365e+06 8.31178e+06 8.00979e+06 9.11163e+06 8.59161e+06 8.8892e+06 9.3314e+06 6.55408e+06 6.42687e+06 6.36099e+06 6.39226e+06 7.98954e+06 1.23391e+07 7.02968e+06 6.33343e+06 6.22376e+06 5.98759e+06 5.7559e+06 6.59225e+06 6.74364e+06 5.56491e+06
threshold=890.77328491210949 464.46052551269537 1367.7973632812502 1218.723571777344 813.91189575195324 686.02239990234386 847.75000000000011 3174.5000000000005 9221.8823242187518 1683.2846679687502 5503.6799316406259 -840.74999999999989 -1900.7499999999998 -701.74999999999989 -299.74999999999994 -305.24999999999994 761.29205322265636 327.64590454101568 4086.2500000000005 -522.74749755859364 -346.74999999999994 1505.2500000000002 1289.656921386719 380.25000000000006 1384.7500000000002 -55.249999999999993 1169.2799072265627 800.77172851562511 299.42001342773443 475.82264709472662
decision_type=2 2 2 2 2 2 2 2 2 2 2 2 2 2 2 2 2 2 2 2 2 2 2 2 2 2 2 2 2 2
left_child=1 17 4 -4 -2 29 7 8 9 -5 -11 12 -6 -13 15 -15 -7 -1 19 20 -16 -22 25 -10 -8 26 27 -21 -29 -3
right_child=2 5 3 6 11 16 24 -9 23 10 -12 13 -14 14 18 -17 -18 -19 -20 22 21 -23 -24 -25 -26 -27 -28 28 -30 -31
leaf_value=4.860918748167272 -43.744713295423068 -3.315804716987639 -58.699726025811565 -13.897405381094325 -6.132661449547971 -6.9604169535230511 21.191219659285114 -56.92747737277638 -17.550166788101198 -63.246888296944761 -21.942757442079742 -0.54348247574762698 -41.830745975176498 -42.641065332501434 -6.3705395445227628 -6.3073456255594893 -1.1784667787441301 2.0277379629967762 -33.297609116480906 15.627446996688844 -55.992249360107465 -13.377750307199907 -21.77567951922514 21.764704486301966 -12.939040658754463 17.479783022081531 7.9519351817466122 12.777804152170818 -15.767885819117229 0.01089847144606459
leaf_weight=2600 26 1453 29 88 33 1100 22 33 20 21 29 263 39 43 96 30 884 8698 26 25 26 49 49 21 34 37 74 24 150 9324
leaf_count=2600 26 1453 29 88 33 1100 22 33 20 21 29 263 39 43 96 30 884 8698 26 25 26 49 49 21 34 37 74 24 150 9324
internal_value=4.85309e-08 0.700826 -13.1012 -22.3436 -10.3284 -1.05121 -18.4096 -23.3965 -17.2148 -23.0978 -39.2905 -9.42714 -25.4691 -8.13227 -11.3053 -27.7094 -4.38419 2.67974 -9.15155 -7.96702 -15.9233 -28.1508 -4.17728 2.58672 0.469276 -1.39559 -3.9538 -8.38105 -11.8305 -0.437622
internal_weight=25346 24059 1287 297 990 12761 268 212 179 138 50 964 72 892 629 73 1984 11298 556 530 171 75 359 41 56 310 273 199 174 10777
internal_count=25346 24059 1287 297 990 12761 268 212 179 138 50 964 72 892 629 73 1984 11298 556 530 171 75 359 41 56 310 273 199 174 10777
is_linear=0
shrinkage=0.05


Tree=9
num_leaves=31
num_cat=0
split_feature=131 82 117 131 82 19 121 49 63 64 0 33 28 54 61 33 6 68 113 144 63 22 140 145 36 93 23 61 107 108
split_gain=8.4296e+07 3.09315e+07 1.636e+07 1.20767e+07 9.97342e+06 8.58384e+06 9.06345e+06 1.08413e+07 1.04581e+07 1.04514e+07 9.55844e+06 9.0204e+06 8.83213e+06 8.66209e+06 8.43023e+06 6.82746e+06 5.96212e+06 5.67107e+06 5.18214e+06 5.11856e+06 6.74144e+06 6.63723e+06 5.67461e+06 6.38654e+06 8.0162e+06 1.024e+07 4.92364e+06 4.98874e+06 4.73175e+06 7.50561e+06
threshold=890.77328491210949 537.19390869140636 813.91189575195324 1289.656921386719 381.28965759277349 1218.723571777344 847.75000000000011 2959.0000000000005 1938.0000000000002 1442.7500000000002 -5486.2499999999991 1125.5928955078127 6227.5000000000009 1125.5928955078127 521.03433227539074 515.25378417968761 2307.4995117187505 781.07574462890636 -311.49999999999994 3598.252563476563 1393.2500000000002 3200.7500000000005 357.75000000000006 645.25024414062511 3046.2500000000005 440.25000000000006 -2986.4999999999995 489.61471557617193 -2333.9999999999995 -1925.9999999999998
decision_type=2 2 2 2 2 2 2 2 2 2 2 2 2 2 2 2 2 2 2 2 2 2 2 2 2 2 2 2 2 2
left_child=1 4 -2 17 -1 11 7 8 9 10 -7 13 -9 -5 15 18 -8 -4 -6 21 -21 -3 23 -22 25 -25 -20 -28 29 -19
right_child=2 19 3 5 14 6 16 12 -10 -11 -12 -13 -14 -15 -16 -17 -18 28 26 20 22 -23 -24 24 -26 -27 27 -29 -30 -31
leaf_value=3.5467800997333381 -51.726599319164578 -1.8298958907211995 8.9350805230935428 -35.817028550178776 3.6004943496275894 -41.713078371683764 -16.148170943882157 -60.858284442901606 15.721884189431485 -46.255268342154373 -7.1709372012083197 -49.674734897148319 -16.8735442116147 4.6809518067733107 4.2144904403885795 -3.4381039440525232 17.01403350974574 -11.02366670349897 -17.463487250988301 -0.70030308261847329 -5.6268933023725243 7.2126269616436165 -1.5987719924179551 -15.958988639861346 -14.486354810435598 -65.949356783004035 -0.19915864296682728 3.9633952405644415 -8.0207507933658047 -44.187934962908429
leaf_weight=5900 26 6988 45 31 1412 24 23 25 26 28 121 41 21 23 1681 1048 33 59 39 268 84 209 97 20 82 21 5379 831 737 24
leaf_count=5900 26 6988 45 31 1412 24 23 25 26 28 121 41 21 23 1681 1048 33 59 39 268 84 209 97 20 82 21 5379 831 737 24
internal_value=-4.41661e-09 0.666913 -12.4672 -11.6577 1.90501 -18.8895 -14.7539 -18.9019 -13.8451 -18.2887 -12.8883 -31.9929 -40.7783 -18.5679 0.972719 0.346997 3.39384 -8.34696 0.864786 -1.92911 -6.4815 -1.5673 -11.5781 -16.2544 -23.5122 -41.5638 0.246636 0.357859 -9.29537 -20.6133
internal_weight=25346 24059 1287 1261 16290 396 301 245 199 173 145 95 46 54 10390 8709 56 865 7661 7769 572 7197 304 207 123 41 6249 6210 820 83
internal_count=25346 24059 1287 1261 16290 396 301 245 199 173 145 95 46 54 10390 8709 56 865 7661 7769 572 7197 304 207 123 41 6249 6210 820 83
is_linear=0
shrinkage=0.05


Tree=10
num_leaves=31
num_cat=0
split_feature=138 82 96 57 121 103 124 122 126 44 4 40 61 75 20 107 54 40 0 5 144 30 27 2 67 78 80 121 135 133
split_gain=7.64581e+07 2.89851e+07 2.29605e+07 1.11288e+07 1.19682e+07 9.54277e+06 9.1646e+06 9.07681e+06 8.5952e+06 8.84264e+06 8.36139e+06 8.73859e+06 7.29458e+06 6.37204e+06 5.9042e+06 5.8955e+06 5.75715e+06 5.70213e+06 5.60472e+06 7.15038e+06 5.47495e+06 1.14277e+07 1.1579e+07 8.52308e+06 7.95175e+06 5.8047e+06 6.79026e+06 5.68788e+06 4.87707e+06 7.31934e+06
threshold=916.47631835937511 537.19390869140636 813.91189575195324 3704.7500000000005 73.750000000000014 1495.4898681640627 376.53460693359381 -1392.2499999999998 -1573.9999999999998 -935.24999999999989 9221.8823242187518 1683.2846679687502 521.03433227539074 507.91812133789068 -5205.9504394531241 -542.24999999999989 1169.2799072265627 1082.6817016601565 5299.0000000000009 1218.723571777344 -562.53750610351551 -2569.2499999999995 -3259.892700195312 322.75000000000006 138.35500335693362 -1097.2499999999998 -1049.7499999999998 -587.74999999999989 -659.74999999999989 -299.74999999999994
decision_type=2 2 2 2 2 2 2 2 2 2 2 2 2 2 2 2 2 2 2 2 2 2 2 2 2 2 2 2 2 2
left_child=1 6 -2 7 5 16 -1 8 9 -4 11 20 13 -8 -3 -12 -5 -16 19 -6 21 27 -23 -24 -22 -26 -27 -9 29 -28
right_child=2 14 3 4 18 -7 12 10 -10 -11 15 -13 -14 -15 17 -17 -18 -19 -20 -21 24 22 23 -25 25 26 28 -29 -30 -31
leaf_value=3.4512329832957782 -61.85473011680272 -22.674286323084551 -8.4533680110507543 -37.719842954782337 -10.65231041528962 -57.138698527392222 0.8119045102507132 -11.015205960273743 -48.269044049580891 -44.485628218877885 33.095414588564914 -30.556034769330708 3.9791130506180759 -3.8034164086943849 -1.725011417169517 -2.8405749473571777 -2.0377055978775025 -28.45685000419617 -1.6021599646537537 -45.054141351451051 20.493526514114876 -58.964997305870057 -7.9604235195777795 -40.129614424294438 11.574323921853846 -28.275745826297339 -6.6985435002809997 10.616808762842297 -9.5228749947718896 18.683953093952603
leaf_weight=5599 23 34 90 26 44 34 8190 80 24 21 21 42 1680 823 7812 25 20 20 62 23 31 20 71 29 44 36 77 49 251 45
leaf_count=5599 23 34 90 26 44 34 8190 80 24 21 21 42 1680 823 7812 25 20 20 62 23 31 20 71 29 44 36 77 49 251 45
internal_value=-2.8835e-08 0.608982 -12.3837 -11.407 -21.8587 -37.0523 1.8124 -9.12204 -21.1367 -15.2703 -7.14642 -8.37575 0.954287 0.390468 -1.88353 13.565 -22.2059 -1.79327 -12.4363 -22.4619 -7.10484 -13.1295 -24.2354 -17.2895 -4.00539 -5.68192 -7.53833 -2.79839 -5.53687 2.66385
internal_weight=25346 24158 1188 1165 209 80 16292 956 135 111 821 775 10693 9013 7866 46 46 7832 129 67 733 249 120 100 484 453 409 129 373 122
internal_count=25346 24158 1188 1165 209 80 16292 956 135 111 821 775 10693 9013 7866 46 46 7832 129 67 733 249 120 100 484 453 409 129 373 122
is_linear=0
shrinkage=0.05


Tree=11
num_leaves=31
num_cat=0
split_feature=124 145 124 61 121 100 89 142 92 145 38 96 0 10 113 144 89 19 106 79 123 31 129 72 1 107 127 135 134 87
split_gain=6.96724e+07 2.07105e+07 1.71037e+07 1.505e+07 1.07722e+07 1.49136e+07 9.75008e+06 8.88475e+06 8.55782e+06 1.11014e+07 2.63373e+07 1.07185e+07 7.55814e+06 1.07825e+07 7.3434e+06 6.41449e+06 1.05257e+07 8.65722e+06 7.26917e+06 6.06341e+06 7.1025e+06 5.74443e+06 7.76633e+06 5.4716e+06 9.98718e+06 5.45717e+06 5.33249e+06 6.3519e+06 7.26791e+06 5.63533e+06
threshold=690.89605712890636 1367.7973632812502 444.31143188476568 1218.723571777344 847.75000000000011 1460.7500000000002 999.20349121093761 -563.24999999999989 -721.74999999999989 916.47631835937511 -1685.7499999999998 761.29205322265636 -5486.2499999999991 -2891.7499999999995 -266.24999999999994 5117.0649414062509 1683.2846679687502 1683.2846679687502 685.25000000000011 2760.5000000000005 4206.2075195312509 -2198.7499999999995 -122.24999999999999 2873.0000000000005 4671.7500000000009 767.75000000000011 -436.74999999999994 -701.74999999999989 282.75000000000006 695.75000000000011
decision_type=2 2 2 2 2 2 2 2 2 2 2 2 2 2 2 2 2 2 2 2 2 2 2 2 2 2 2 2 2 2
left_child=2 6 -1 -3 5 12 8 -6 9 14 -11 19 -5 -14 -2 17 18 -15 -17 20 -10 22 -16 26 -25 -13 -8 -28 29 -29
right_child=1 3 -4 4 7 -7 23 -9 11 10 -12 25 13 15 21 16 -18 -19 -20 -21 -22 -23 -24 24 -26 -27 27 28 -30 -31
leaf_value=2.5230705668414384 -2.6011198439479077 -50.300176986966818 -0.26746574182504684 -40.391615692138679 28.189916328761889 -52.454806124779488 -21.420191427024015 -13.423310910422225 -5.9816053889060798 -2.9959589331490655 -71.872533026985508 3.4415693763057504 18.603429750295785 -11.778826828002931 -52.447322620045057 -6.2213651242463488 10.478702899737236 -55.325859714689706 -47.437550506591805 10.92758172217836 -22.401718113887799 -9.4852543534116549 -10.893692901860113 -52.88653028578986 -6.5264688913638782 -6.529084877336726 1.5746119823745071 -15.891018131375313 -7.550862462341958 -44.301299349466966
leaf_weight=10000 298 35 12178 25 23 31 83 29 673 35 23 712 26 25 22 23 39 21 20 47 73 94 23 21 26 170 136 64 347 24
leaf_count=10000 298 35 12178 25 23 31 83 29 673 35 23 712 26 25 22 23 39 21 20 47 73 94 23 21 26 170 136 64 347 24
internal_value=6.89902e-09 -6.93608 0.99078 -19.5054 -15.3916 -20.4366 -5.63581 4.98254 -3.97971 -9.7557 -30.3091 -2.27277 -14.8916 -10.7519 -7.02779 -16.7147 -8.33138 -31.659 -25.3917 -6.49098 -7.5884 -16.5181 -31.2088 -10.7624 -27.2405 1.51979 -9.57819 -7.85684 -10.8055 -23.6393
internal_weight=25346 3168 22178 297 262 210 2871 52 2170 495 58 1675 179 154 437 128 82 46 43 793 746 139 45 701 47 882 654 571 435 88
internal_count=25346 3168 22178 297 262 210 2871 52 2170 495 58 1675 179 154 437 128 82 46 43 793 746 139 45 701 47 882 654 571 435 88
is_linear=0
shrinkage=0.05


end of trees

feature_importances:
Column_124=37
Column_121=16
Column_145=15
Column_103=13
Column_135=11
Column_113=10
Column_144=10
Column_61=9
Column_96=9
Column_122=9
Column_58=8
Column_141=8
Column_142=8
Column_68=7
Column_106=7
Column_0=6
Column_4=6
Column_79=6
Column_82=6
Column_99=6
Column_109=6
Column_2=5
Column_40=5
Column_107=5
Column_114=5
Column_138=5
Column_5=4
Column_6=4
Column_52=4
Column_63=4
Column_75=4
Column_89=4
Column_92=4
Column_127=4
Column_131=4
Column_133=4
Column_10=3
Column_33=3
Column_54=3
Column_59=3
Column_64=3
Column_100=3
Column_129=3
Column_134=3
Column_1=2
Column_19=2
Column_38=2
Column_67=2
Column_71=2
Column_86=2
Column_90=2
Column_93=2
Column_108=2
Column_110=2
Column_115=2
Column_117=2
Column_123=2
Column_140=2
Column_3=1
Column_12=1
Column_20=1
Column_22=1
Column_23=1
Column_26=1
Column_27=1
Column_28=1
Column_29=1
Column_30=1
Column_31=1
Column_34=1
Column_36=1
Column_43=1
Column_44=1
Column_49=1
Column_57=1
Column_62=1
Column_65=1
Column_66=1
Column_72=1
Column_78=1
Column_80=1
Column_85=1
Column_87=1
Column_91=1
Column_101=1
Column_102=1
Column_126=1
Column_136=1

parameters:
[boosting: gbdt]
[objective: regression]
[metric: l2]
[tree_learner: serial]
[device_type: cpu]
[data_sample_strategy: bagging]
[data: ]
[valid: ]
[num_iterations: 1000]
[learning_rate: 0.05]
[num_leaves: 31]
[num_threads: 0]
[seed: 42]
[deterministic: 1]
[force_col_wise: 0]
[force_row_wise: 0]
[histogram_pool_size: -1]
[max_depth: -1]
[min_data_in_leaf: 20]
[min_sum_hessian_in_leaf: 0.001]
[bagging_fraction: 1]
[pos_bagging_fraction: 1]
[neg_bagging_fraction: 1]
[bagging_freq: 0]
[bagging_seed: 400]
[bagging_by_query: 0]
[feature_fraction: 1]
[feature_fraction_bynode: 1]
[feature_fraction_seed: 30056]
[extra_trees: 0]
[extra_seed: 12879]
[early_stopping_round: 0]
[early_stopping_min_delta: 0]
[first_metric_only: 0]
[max_delta_step: 0]
[lambda_l1: 0]
[lambda_l2: 0]
[linear_lambda: 0]
[min_gain_to_split: 0]
[drop_rate: 0.1]
[max_drop: 50]
[skip_drop: 0.5]
[xgboost_dart_mode: 0]
[uniform_drop: 0]
[drop_seed: 17869]
[top_rate: 0.2]
[other_rate: 0.1]
[min_data_per_group: 100]
[max_cat_threshold: 32]
[cat_l2: 10]
[cat_smooth: 10]
[max_cat_to_onehot: 4]
[top_k: 20]
[monotone_constraints: ]
[monotone_constraints_method: basic]
[monotone_penalty: 0]
[feature_contri: ]
[forcedsplits_filename: ]
[refit_decay_rate: 0.9]
[cegb_tradeoff: 1]
[cegb_penalty_split: 0]
[cegb_penalty_feature_lazy: ]
[cegb_penalty_feature_coupled: ]
[path_smooth: 0]
[interaction_constraints: ]
[verbosity: -1]
[saved_feature_importance_type: 0]
[use_quantized_grad: 0]
[num_grad_quant_bins: 4]
[quant_train_renew_leaf: 0]
[stochastic_rounding: 1]
[linear_tree: 0]
[max_bin: 255]
[max_bin_by_feature: ]
[min_data_in_bin: 3]
[bin_construct_sample_cnt: 200000]
[data_random_seed: 175]
[is_enable_sparse: 1]
[enable_bundle: 1]
[use_missing: 1]
[zero_as_missing: 0]
[feature_pre_filter: 1]
[pre_partition: 0]
[two_round: 0]
[header: 0]
[label_column: ]
[weight_column: ]
[group_column: ]
[ignore_column: ]
[categorical_feature: ]
[forcedbins_filename: ]
[precise_float_parser: 0]
[parser_config_file: ]
[objective_seed: 16083]
[num_class: 1]
[is_unbalance: 0]
[scale_pos_weight: 1]
[sigmoid: 1]
[boost_from_average: 1]
[reg_sqrt: 0]
[alpha: 0.9]
[fair_c: 1]
[poisson_max_delta_step: 0.7]
[tweedie_variance_power: 1.5]
[lambdarank_truncation_level: 30]
[lambdarank_norm: 1]
[label_gain: ]
[lambdarank_position_bias_regularization: 0]
[eval_at: ]
[multi_error_top_k: 1]
[auc_mu_weights: ]
[num_machines: 1]
[local_listen_port: 12400]
[time_out: 120]
[machine_list_filename: ]
[machines: ]
[gpu_platform_id: -1]
[gpu_device_id: -1]
[gpu_device_id_list: ]
[gpu_use_dp: 0]
[num_gpu: 1]

end of parameters

pandas_categorical:null
