tree
version=v4
num_class=1
num_tree_per_iteration=1
label_index=0
max_feature_idx=258
objective=regression
feature_names=Column_0 Column_1 Column_2 Column_3 Column_4 Column_5 Column_6 Column_7 Column_8 Column_9 Column_10 Column_11 Column_12 Column_13 Column_14 Column_15 Column_16 Column_17 Column_18 Column_19 Column_20 Column_21 Column_22 Column_23 Column_24 Column_25 Column_26 Column_27 Column_28 Column_29 Column_30 Column_31 Column_32 Column_33 Column_34 Column_35 Column_36 Column_37 Column_38 Column_39 Column_40 Column_41 Column_42 Column_43 Column_44 Column_45 Column_46 Column_47 Column_48 Column_49 Column_50 Column_51 Column_52 Column_53 Column_54 Column_55 Column_56 Column_57 Column_58 Column_59 Column_60 Column_61 Column_62 Column_63 Column_64 Column_65 Column_66 Column_67 Column_68 Column_69 Column_70 Column_71 Column_72 Column_73 Column_74 Column_75 Column_76 Column_77 Column_78 Column_79 Column_80 Column_81 Column_82 Column_83 Column_84 Column_85 Column_86 Column_87 Column_88 Column_89 Column_90 Column_91 Column_92 Column_93 Column_94 Column_95 Column_96 Column_97 Column_98 Column_99 Column_100 Column_101 Column_102 Column_103 Column_104 Column_105 Column_106 Column_107 Column_108 Column_109 Column_110 Column_111 Column_112 Column_113 Column_114 Column_115 Column_116 Column_117 Column_118 Column_119 Column_120 Column_121 Column_122 Column_123 Column_124 Column_125 Column_126 Column_127 Column_128 Column_129 Column_130 Column_131 Column_132 Column_133 Column_134 Column_135 Column_136 Column_137 Column_138 Column_139 Column_140 Column_141 Column_142 Column_143 Column_144 Column_145 Column_146 Column_147 Column_148 Column_149 Column_150 Column_151 Column_152 Column_153 Column_154 Column_155 Column_156 Column_157 Column_158 Column_159 Column_160 Column_161 Column_162 Column_163 Column_164 Column_165 Column_166 Column_167 Column_168 Column_169 Column_170 Column_171 Column_172 Column_173 Column_174 Column_175 Column_176 Column_177 Column_178 Column_179 Column_180 Column_181 Column_182 Column_183 Column_184 Column_185 Column_186 Column_187 Column_188 Column_189 Column_190 Column_191 Column_192 Column_193 Column_194 Column_195 Column_196 Column_197 Column_198 Column_199 Column_200 Column_201 Column_202 Column_203 Column_204 Column_205 Column_206 Column_207 Column_208 Column_209 Column_210 Column_211 Column_212 Column_213 Column_214 Column_215 Column_216 Column_217 Column_218 Column_219 Column_220 Column_221 Column_222 Column_223 Column_224 Column_225 Column_226 Column_227 Column_228 Column_229 Column_230 Column_231 Column_232 Column_233 Column_234 Column_235 Column_236 Column_237 Column_238 Column_239 Column_240 Column_241 Column_242 Column_243 Column_244 Column_245 Column_246 Column_247 Column_248 Column_249 Column_250 Column_251 Column_252 Column_253 Column_254 Column_255 Column_256 Column_257 Column_258
feature_infos=[-7335:7990] [-7053.5:8007.5] [-7810:7725] [-7425.5:7800] [-9872.48046875:5434.02978515625] [82.652725219726562:1102.033447265625] [-7814.51416015625:7580.662109375] [-7424.5:7797.5] [-7005:7877.5] [-7899.5:7469.5] [-7287.5:7742.5] [-9787.0546875:5406.80517578125] [82.652725219726562:1102.033447265625] [-7760.921875:7469.01123046875] [-7290:7740] [-7037.5:7820] [-7655:7442.5] [-7320:7610] [-9753.3798828125:5379.080078125] [82.652725219726562:1102.033447265625] [-7720.837890625:7346.146484375] [-7322.5:7610] [-6615:7752.5] [-7546:7385] [-6735:7552.5] [-9714.48046875:5349.22998046875] [82.652725219726562:1102.033447265625] [-7625.080078125:7280.58740234375] [-6737.5:7552.5] [-6519.5:7797.5] [-7165:7172.5] [-6804.5:7510] [-9666.8798828125:5387.375] [82.652725219726562:1102.033447265625] [-7516.4365234375:7296.89794921875] [-6803.5:7510] [-6477.5:7782.5] [-7278.5:7245] [-6849.5:7405] [-9615.0048828125:5454.7001953125] [82.652725219726562:1102.033447265625] [-7384.26025390625:7306.72509765625] [-6848.5:7397.5] [-6477:7567.5] [-7323.5:6992.5] [-6849:7262.5] [-9566.6298828125:5507.2001953125] [82.652725219726562:1102.033447265625] [-7282.9638671875:7282.25048828125] [-6848:7260] [-6218.5:7537.5] [-7323:6932] [-6529.5:7322.5] [-9514.2548828125:5555.375] [82.652725219726562:1102.033447265625] [-7187.46728515625:7255.9091796875] [-6530:7322.5] [-6408.5:7610] [-6711:6925] [-6485:7382.5] [-9460.4052734375:5595.22509765625] [82.652725219726562:1102.033447265625] [-7077.015625:7267.41748046875] [-6487:7382.5] [-6313.5:7670] [-6722.5:6985] [-6594.5:7157.5] [-9407.955078125:5626.2001953125] [82.652725219726562:1102.033447265625] [-6955.01416015625:7257.42529296875] [-6596.5:7155] [-6385:7365] [-6832:6862.5] [-6614:7050] [-9355.6796875:5658.64990234375] [82.652725219726562:1102.033447265625] [-6810.4677734375:7238.568359375] [-6616:7052.5] [-6443.5:7085] [-6851.5:6018] [-6724.5:6254] [-9310.330078125:5689.4501953125] [82.652725219726562:1102.033447265625] [-6708.60693359375:7068.92578125] [-6726.5:6249] [-6528.5:6455] [-6962:5960] [-6733:6245] [-9260.10546875:5714.2001953125] [82.652725219726562:1102.033447265625] [-6601.2333984375:6872.65966796875] [-6732.5:6245] [-6638:6392.5] [-6849.5:5930] [-6686.5:6127.5] [-9207.3046875:5733.02490234375] [82.652725219726562:1102.033447265625] [-6481.3486328125:6584.0087890625] [-6685:6125] [-6657.5:6217.5] [-6919.5:5585] [-6797:5827.5] [-9155.48046875:5743.375] [82.652725219726562:1102.033447265625] [-6377.81689453125:6349.78076171875] [-6795.5:5827.5] [-6768:6520] [-6950:5465.5] [-6813.5:6182.5] [-9105.10546875:5758.375] [82.652725219726562:1102.033447265625] [-6301.197265625:6144.11865234375] [-6811:6182.5] [-6565.5:6505] [-7070.5:5785] [-6585:6127.5] [-9043.60546875:5768.2998046875] [82.652725219726562:1102.033447265625] [-6176.08837890625:6029.22509765625] [-6585.5:6125] [-6506.5:6447.5] [-6931:5727.5] [-6695.5:6070] [-8999.580078125:5780.1748046875] [82.652725219726562:1102.033447265625] [-6157.8076171875:6004.75048828125] [-6696:6062.5] [-6585.5:6232.5] [-6961:5657.5] [-6792.5:5750] [-8949.580078125:5794.875] [82.652725219726562:1102.033447265625] [-6134.52587890625:5978.4091796875] [-6792:5750] [-6695:6122.5] [-7144.5:5507.5] [-6812:6105] [-8897.830078125:5810.4248046875] [82.652725219726562:1102.033447265625] [-6177.88720703125:5989.91748046875] [-6811.5:6105] [-6714.5:6392.5] [-7091:5707.5] [-6922.5:6047.5] [-8848.8798828125:5814.7998046875] [82.652725219726562:1102.033447265625] [-6245.5791015625:5979.92529296875] [-6922:6047.5] [-6825:6335] [-7149.5:5650] [-6848:5822.5] [-8799.48046875:5814.4501953125] [82.652725219726562:1102.033447265625] [-6300.3447265625:5961.068359375] [-6847.5:5820] [-6590:6030] [-7169:5527.5] [-6790.5:5715] [-8748.080078125:5814.3251953125] [82.652725219726562:1102.033447265625] [-6341.1767578125:5903.568359375] [-6789.5:5717.5] [-6700.5:5752.5] [-7279.5:5177.5] [-6900:5355] [-8694.60546875:5814.580078125] [82.652725219726562:1102.033447265625] [-6390.615234375:5733.92578125] [-6899:5355] [-6547.5:5642.5] [-7374:4980] [-6919.5:5495] [-8641.5302734375:5817.77978515625] [82.652725219726562:1102.033447265625] [-6417.51416015625:5537.65966796875] [-6918.5:5495] [-6658:5782.5] [-7393.5:5097.5] [-7030:5567.5] [-8590.8798828125:5817.35498046875] [82.652725219726562:1102.033447265625] [-6473.19482421875:5452.41748046875] [-7029:5567.5] [-5679.5:5855] [-7504:5170] [-6051.5:5342.5] [-8541.23046875:5806.52978515625] [82.652725219726562:1102.033447265625] [-6400.44970703125:5442.42529296875] [-6050.5:5340] [-5404.5:5550] [-6525.5:5047.5] [-5776.5:5235] [-8489.5546875:5794.580078125] [82.652725219726562:1102.033447265625] [-5992.13623046875:5423.568359375] [-5775.5:5237.5] [-5280.5:5270] [-6250.5:4462.5] [-5652.5:4650] [-8427.6298828125:5797.77978515625] [82.652725219726562:1102.033447265625] [-5696.03271484375:5253.92578125] [-5651.5:4652.5] [-4759.5:4727.5] [-6126.5:4225] [-5013.5:4412.5] [-8351.0048828125:5797.35498046875] [82.652725219726562:1102.033447265625] [-5424.21142578125:5057.65966796875] [-5013:4415] [-4916:4447.5] [-5292:3440] [-4939:3627.5] [-8272.8798828125:5786.52978515625] [82.652725219726562:1102.033447265625] [-5107.55615234375:4769.0087890625] [-4938.5:3630] [-4717:3702.5] [-5309:3087.5] [-5089:3685] [-8187.2548828125:5759.30517578125] [82.652725219726562:1102.033447265625] [-4842.7783203125:4534.78076171875] [-5088:3685] [-4791.5:3972.5] [-5563:3287.5] [-4976:3460] [-8102.705078125:5731.580078125] [82.652725219726562:1102.033447265625] [-4603.61669921875:4329.11865234375] [-4975.5:3457.5] [-4527:3667.5] [-5180.5:3165] [-4777.5:3352.5] [-8012.77978515625:5701.72998046875] [82.652725219726562:1102.033447265625] [-4508.51416015625:4081.698974609375] [-4776.5:3355] [-4749:4182.5] [-5240:1952.5] [-5121:2140] [-7912.80517578125:5669.77978515625] [82.652725219726562:1102.033447265625] [-4564.19482421875:3785.408203125] [-5120:2142.5] [-2419.5:3979.5] [-5595:1510] [-3764:1971] [-7813.47998046875:5632.10498046875] [82.652725219726562:1102.033447265625] [-4491.44970703125:3494.4619140625] [-3759:2008] [0:3450.5] [-4277:0] none [-7700.93017578125:5575.6298828125] [82.652725219726562:1102.033447265625] [-4083.135986328125:3176.78369140625]
tree_sizes=2749 2754 2749 2799 2794 2749 2765 2737 2749 2771 2760

Tree=0
num_leaves=31
num_cat=0
split_feature=254 52 225 220 138 33 179 19 12 227 192 232 217 234 198 178 8 127 176 183 233 5 221 240 229 201 197 199 218 36
split_gain=1.23465e+06 3.82288e+06 1.90555e+06 1.77024e+06 1.19151e+06 1.81952e+06 2.76312e+06 861871 1.19322e+06 1.08056e+06 1.01885e+06 988620 1.30827e+06 1.33624e+06 1.75252e+06 1.30897e+06 1.2714e+06 1.4212e+06 1.2511e+06 1.30477e+06 901791 1.14665e+06 890790 870910 903100 773512 722112 765765 709410 1.13405e+06
threshold=-803.24999999999989 237.75000000000003 -1108.7499999999998 -890.24999999999989 756.37554931640636 642.48309326171886 3118.0600585937505 475.31204223632818 437.79225158691412 -1256.2499999999998 603.25000000000011 -663.74999999999989 -811.49999999999989 129.75000000000003 529.25000000000011 650.50000000000011 -2764.4999999999995 226.25000000000003 685.25000000000011 52.750000000000007 -588.74999999999989 642.48309326171886 -867.13497924804676 -370.24999999999994 523.07272338867199 642.43734741210949 -551.99999999999989 -283.74999999999994 375.75000000000006 -851.24999999999989
decision_type=2 2 2 2 2 2 2 2 2 2 2 2 2 2 2 2 2 2 2 2 2 2 2 2 2 2 2 2 2 2
left_child=1 2 -1 -4 7 -6 -7 8 9 -2 26 -9 20 14 16 18 -14 28 19 22 21 -13 -15 -19 -25 -17 -10 -28 29 -18
right_child=4 -3 3 -5 5 6 -8 11 10 -11 -12 12 13 15 -16 25 17 23 -20 -21 -22 -23 -24 24 -26 -27 27 -29 -30 -31
leaf_value=-10.43059633200839 -7.7700150126409744 25.787945367863035 18.231695224811887 -0.97247118324513027 3.8206240019616295 -19.91307744870829 2.9630591099978192 -5.4979667507394128 3.3534811761537862 0.66813104046385274 3.4079454655062769 -1.5570165478756237 -12.757395576340434 16.406382810940595 13.755861946882487 3.5113265971600915 -3.8216378601687628 1.4306429500922191 17.381159537688859 0.21017766007238414 14.724909609299582 12.639195354511591 3.153481176153786 -3.471269657331824 -15.138582482676565 -6.1882238925311572 -14.132100978236258 -4.6625201606403213 9.8495402457637802 5.6094160982159593
leaf_weight=24 38 20 20 30 35 33 22 37 21 23981 44 33 22 32 21 61 60 38 28 56 35 25 21 43 27 31 27 102 29 68
leaf_count=24 38 20 20 30 35 33 22 37 21 23981 44 33 22 32 21 61 60 38 28 56 35 25 21 43 27 31 27 102 29 68
internal_value=0.672838 6.39239 1.15034 6.7092 0.651306 -5.09136 -10.7626 0.672079 0.623236 0.654781 -3.28233 2.44515 2.91166 1.96345 -0.187184 4.85601 -1.20741 -0.24854 7.95379 5.53209 8.38678 4.56204 11.1552 -4.66335 -7.97152 0.243 -5.2448 -6.64453 2.7884 1.18861
internal_weight=25064 94 74 50 24970 90 55 24880 24213 24019 194 667 630 537 308 229 287 265 137 109 93 58 53 108 70 92 150 129 157 128
internal_count=25064 94 74 50 24970 90 55 24880 24213 24019 194 667 630 537 308 229 287 265 137 109 93 58 53 108 70 92 150 129 157 128
is_linear=0
shrinkage=1


Tree=1
num_leaves=31
num_cat=0
split_feature=254 52 225 220 138 33 179 19 180 239 239 240 217 240 234 246 38 253 239 248 219 164 141 127 234 71 218 248 225 118
split_gain=1.11427e+06 3.45015e+06 1.71976e+06 1.59764e+06 1.07534e+06 1.64212e+06 2.49371e+06 777838 1.09753e+06 954040 946801 894337 821491 1.24677e+06 1.16559e+06 1.09137e+06 1.15371e+06 955068 931011 789530 780751 732509 751565 724239 791392 764383 722548 1.07178e+06 688856 687117
threshold=-803.24999999999989 237.75000000000003 -1108.7499999999998 -890.24999999999989 756.37554931640636 642.48309326171886 3118.0600585937505 475.31204223632818 411.96957397460943 -78.249999999999986 18.250000000000004 -1275.4999999999998 -811.49999999999989 186.25000000000003 -557.24999999999989 -155.24999999999997 2492.5000000000005 34.750000000000007 356.75000000000006 317.25000000000006 -933.24999999999989 -1317.2499999999998 1796.0000000000002 1363.0000000000002 135.25000000000003 -619.74999999999989 10.750000000000002 -273.24999999999994 15.750000000000002 1917.3045654296877
decision_type=2 2 2 2 2 2 2 2 2 2 2 2 2 2 2 2 2 2 2 2 2 2 2 2 2 2 2 2 2 2
left_child=1 2 -1 -4 7 -6 -7 8 29 26 -11 -9 14 15 -13 -14 17 -17 -16 -15 -19 -22 23 24 28 -26 27 -10 -23 -2
right_child=4 -3 3 -5 5 6 -8 11 9 10 -12 12 13 19 18 16 -18 20 -20 -21 21 22 -24 -25 25 -27 -28 -29 -30 -31
leaf_value=-10.548261656363806 -0.024478448949545116 23.859352711439133 16.68091543197632 -1.5630430380503337 2.9903975663866316 -19.556618651476775 2.1757106087424538 -8.7297550487518318 -12.311535949707032 8.6825303652069792 -2.0450734733214864 -0.5618505455726801 8.2085832721308662 12.862404820322991 13.899786069545341 -10.367460493814377 -11.529006452145785 -8.7582647709619437 1.4371012861078436 3.0790799354684766 6.9714931844396792 2.7141734966209956 8.7310547669728589 -8.270810332011294 11.379881894129973 1.1159801197052002 -14.178169668867037 1.0185106114337319 -4.1877240930994359 3.2133578397649707
leaf_weight=24 23621 20 20 30 35 33 22 20 25 22 316 43 38 32 47 21 23 21 22 58 47 56 24 27 26 60 26 38 102 165
leaf_count=24 23621 20 20 30 35 33 22 20 25 22 316 43 38 32 47 21 23 21 22 58 47 56 24 27 26 60 26 38 102 165
internal_value=-1.38025e-08 5.43357 0.453632 5.73454 -0.0204548 -5.47599 -10.8637 -0.000720148 -0.0471212 -2.55959 -1.34683 1.6837 2.0056 1.19043 5.89952 0.10493 -0.651676 -0.000169325 9.92618 6.5576 0.599591 1.1742 0.250559 -0.500481 0.359351 4.21902 -7.16536 -4.27119 -1.74148 -0.00201805
internal_weight=25064 94 74 50 24970 90 55 24880 24213 427 338 667 647 535 112 445 407 384 69 90 363 342 295 271 244 86 89 63 158 23786
internal_count=25064 94 74 50 24970 90 55 24880 24213 427 338 667 647 535 112 445 407 384 69 90 363 342 295 271 244 86 89 63 158 23786
is_linear=0
shrinkage=0.05


Tree=2
num_leaves=31
num_cat=0
split_feature=227 254 227 138 54 179 31 47 94 257 253 233 226 236 192 197 253 47 211 232 252 213 19 248 198 239 96 169 202 96
split_gain=1.0375e+06 2.51069e+06 2.07051e+06 966684 1.54719e+06 1.76459e+06 1.3826e+06 906487 865166 850054 1.34184e+06 1.45428e+06 1.05483e+06 798609 709913 1.30753e+06 932930 635036 1.03444e+06 1.00007e+06 943168 1.10237e+06 899157 768460 944838 745919 631506 721170 1.00861e+06 707947
threshold=-1256.2499999999998 -803.24999999999989 -886.99999999999989 756.37554931640636 642.48309326171886 3118.0600585937505 -1346.7499999999998 366.18142700195318 -624.74999999999989 598.35256958007824 302.25000000000006 -643.74999999999989 471.00000000000006 598.35256958007824 344.75000000000006 -302.24999999999994 119.25000000000001 475.31204223632818 875.75000000000011 634.25000000000011 91.250000000000014 -914.24999999999989 424.32580566406256 197.25000000000003 -131.24999999999997 -37.749999999999993 497.51815795898443 -427.24999999999994 -379.80587768554682 475.31204223632818
decision_type=2 2 2 2 2 2 2 2 2 2 2 2 2 2 2 2 2 2 2 2 2 2 2 2 2 2 2 2 2 2
left_child=7 2 -2 9 -5 6 -6 -1 -4 13 12 -12 14 17 15 16 -11 22 20 -20 21 -19 -3 24 -22 -24 29 -28 -29 -23
right_child=1 3 8 4 5 -7 -8 -9 -10 10 11 -13 -14 -15 -16 -17 -18 18 19 -21 23 26 25 -25 -26 -27 27 28 -30 -31
leaf_value=-11.437683470050494 21.474762966235481 -0.0053408291431521759 -4.4615851229429246 5.0547592016366814 -5.8447830963134768 2.3918709754943848 -24.008970711447976 -1.4917220403277687 9.9071350747888758 3.6354699373245243 -12.666535928032616 1.7061345821077172 -4.346128163337708 -7.6738617830416729 15.188794160772254 -1.4206302457385593 16.962332121257127 7.2536510055129604 16.00515044927597 2.2071054355851536 16.281638383626937 -2.1675914599345281 -8.1686843213607681 1.0771423012979571 2.535089500427246 -1.6071905614957531 -9.7329313627103478 7.5786814147775834 -4.6947558202062334 7.4776892360051477
leaf_weight=36 24 23823 20 26 20 21 22 63 22 24 22 88 20 34 27 36 29 37 24 29 25 52 53 62 25 237 41 22 70 30
leaf_count=36 24 23823 20 26 20 21 22 63 22 24 22 88 20 34 27 36 29 37 24 29 25 52 53 62 25 237 41 22 70 30
internal_value=3.75482e-08 0.0202578 9.75939 -0.0055578 -5.20719 -9.44228 -15.3594 -5.10844 3.06489 0.0131018 2.93767 -1.1684 6.25876 -0.0161867 8.08719 5.93277 10.9275 -0.00557274 1.92897 8.45528 0.978709 -0.71806 -0.0390279 4.79644 9.40836 -2.80636 -2.08994 -4.21768 -1.7598 1.36117
internal_weight=25064 24965 66 24899 89 63 42 99 42 24810 246 110 136 24564 116 89 53 24530 417 53 364 252 24113 112 50 290 215 133 92 82
internal_count=25064 24965 66 24899 89 63 42 99 42 24810 246 110 136 24564 116 89 53 24530 417 53 364 252 24113 112 50 290 215 133 92 82
is_linear=0
shrinkage=0.05


Tree=3
num_leaves=31
num_cat=0
split_feature=180 232 254 225 124 85 88 250 241 254 239 253 248 16 91 253 136 239 44 78 86 254 231 61 47 213 19 240 192 17
split_gain=951161 1.82221e+06 1.74784e+06 2.97417e+06 3.68805e+06 1.32008e+06 1.83918e+06 1.22177e+06 1.18467e+06 1.11495e+06 834884 642426 619766 1.19432e+06 629804 729137 1.25816e+06 1.00031e+06 822607 647228 616950 564582 718728 554386 948384 1.23274e+06 1.10736e+06 1.05647e+06 1.0152e+06 1.02232e+06
threshold=697.67520141601574 -300.24999999999994 -803.24999999999989 -1108.7499999999998 411.96957397460943 1818.2500000000002 2144.9975585937505 697.67520141601574 -218.74999999999997 -155.24999999999997 591.25000000000011 242.75000000000003 -557.74999999999989 -2338.2499999999995 1732.7500000000002 302.25000000000006 1265.2500000000002 -17.249999999999996 1932.7500000000002 1748.2500000000002 1014.2500000000001 -107.74999999999999 -1247.2499999999998 697.99713134765636 475.31204223632818 -969.24999999999989 424.32580566406256 -12.249999999999998 -549.74999999999989 -545.49999999999989
decision_type=2 2 2 2 2 2 2 2 2 2 2 2 2 2 2 2 2 2 2 2 2 2 2 2 2 2 2 2 2 2
left_child=2 -2 3 -1 -5 8 -7 12 -3 10 -10 -9 13 -4 19 17 -17 -16 -18 21 -21 22 -14 24 26 -26 -24 -27 -28 -30
right_child=1 5 7 4 -6 6 -8 11 9 -11 -12 -13 14 -15 15 16 18 -19 -20 20 -22 -23 23 -25 25 27 28 -29 29 -31
leaf_value=-7.2337125897407537 -14.383571853488684 11.27883115386963 -14.507458527882896 2.4689704762351128 28.576361819108328 -16.622832761492049 2.4591642462688945 12.166199162801107 -11.163170289993287 5.7091116295920479 1.6605112054131248 2.3784340908652859 -7.7013892823999583 -1.1917376153609334 9.7268023593085147 16.901207838058472 -1.9262961743842988 -0.2087370389414237 8.2984879880338109 -8.7112175432411405 -1.5385116131716892 0.17097240821383158 -0.30438431088823759 -6.6796494347207691 11.690349376562871 -0.5803072925995697 4.5735935564274373 7.1025503976891446 -15.856459640502932 -4.3065541879432958
leaf_weight=24 32 25 21 31 24 28 23 30 30 36 22 38 33 85 28 20 42 266 37 37 158 15596 7965 34 33 176 23 60 25 82
leaf_count=24 32 25 21 31 24 28 23 30 30 36 22 38 33 85 28 20 42 266 37 37 158 15596 7965 34 33 176 23 60 25 82
internal_value=4.43518e-08 -3.46948 0.0273451 7.45268 13.8613 -1.3399 -8.01723 0.00368136 1.67376 -1.05495 -5.73777 6.69657 -0.0147287 -3.82976 0.00169999 1.98725 5.69862 0.737505 2.86253 -0.0305154 -2.89949 -0.00723124 -0.336879 -0.307941 -0.282039 2.63866 -0.379095 1.37296 -4.95659 -7.00513
internal_weight=25064 196 24868 79 55 164 51 24789 113 88 52 68 24721 106 24615 393 99 294 79 24222 195 24027 8431 8398 8364 269 8095 236 130 107
internal_count=25064 196 24868 79 55 164 51 24789 113 88 52 68 24721 106 24615 393 99 294 79 24222 195 24027 8431 8398 8364 269 8095 236 130 107
is_linear=0
shrinkage=0.05


Tree=4
num_leaves=31
num_cat=0
split_feature=180 232 254 225 124 114 245 254 250 164 185 253 248 16 63 220 218 30 254 86 7 234 19 183 184 12 253 247 128 241
split_gain=858423 1.64454e+06 1.57742e+06 2.68419e+06 3.32847e+06 1.2464e+06 1.23263e+06 1.23499e+06 1.10264e+06 841576 692043 579789 559339 1.07788e+06 575939 1.01606e+06 2.32838e+06 779050 543587 485975 462885 453413 520138 1.06776e+06 1.0359e+06 1.0255e+06 1.00677e+06 913889 902544 871916
threshold=697.67520141601574 -300.24999999999994 -803.24999999999989 -1108.7499999999998 411.96957397460943 1590.5000000000002 -248.74999999999997 -155.24999999999997 697.67520141601574 282.75000000000006 15.750000000000002 242.75000000000003 -557.74999999999989 -2338.2499999999995 2348.7500000000005 373.75000000000006 317.75000000000006 2125.0000000000005 -28.749999999999996 -1936.2499999999998 -429.24999999999994 -1125.9999999999998 475.31204223632818 65.250000000000014 -291.24999999999994 437.79225158691412 684.00000000000011 -75.749999999999986 -195.74999999999997 518.25000000000011
decision_type=2 2 2 2 2 2 2 2 2 2 2 2 2 2 2 2 2 2 2 2 2 2 2 2 2 2 2 2 2 2
left_child=2 -2 3 -1 -5 6 -3 10 12 -9 -8 -10 13 -4 18 16 -16 -17 21 -20 -15 -14 25 27 -25 26 -23 -24 -28 -26
right_child=1 5 8 4 -6 -7 7 9 11 -11 -12 -13 14 20 15 17 -18 -19 19 -21 -22 22 23 24 29 -27 28 -29 -30 -31
leaf_value=-6.8720270211497949 -13.664393121749164 11.586263175632643 -13.782085925056823 2.3455221333811358 27.147543384631476 -9.2101688272074664 -0.52761159113475253 -1.8844854499982753 11.557889200846354 11.641461736093397 -11.547978420915276 2.2595123642369321 -5.3110713882105696 2.5144430537556492 0.68202766500986545 7.1372957246644164 21.025174606930126 -4.4464371231008082 -6.7368662295134172 0.55165664441012108 -4.8655683693431673 -0.097264191702429614 2.5558258145574539 -8.3396724515839633 -0.4098107266162212 -4.2963567939561775 -15.064082603454592 10.962435845228342 -2.5317133361218023 10.560264883041382
leaf_weight=24 32 23 21 31 24 38 28 23 30 23 29 38 42 43 39 21 22 47 23 4061 42 19663 189 38 192 148 20 39 51 20
leaf_count=24 32 23 21 31 24 38 28 23 30 23 29 38 42 43 39 21 22 47 23 4061 42 19663 189 38 192 148 20 39 51 20
internal_value=3.7243e-08 -3.29601 0.0259779 7.08005 13.1682 -1.2729 1.12087 -1.21606 0.00349729 4.87849 -6.13446 6.36174 -0.0139923 -3.63827 0.00161498 3.33375 8.0189 -0.869108 -0.0159398 0.51061 -1.13215 -0.121343 -0.110637 1.51925 -0.737544 -0.149822 -0.118724 3.9938 -6.06196 0.625102
internal_weight=25064 196 24868 79 55 164 126 103 24789 46 57 68 24721 106 24615 129 61 68 24486 4084 85 20402 20360 478 250 19882 19734 228 71 212
internal_count=25064 196 24868 79 55 164 126 103 24789 46 57 68 24721 106 24615 129 61 68 24486 4084 85 20402 20360 478 250 19882 19734 228 71 212
is_linear=0
shrinkage=0.05


Tree=5
num_leaves=31
num_cat=0
split_feature=227 254 227 47 94 138 254 254 41 199 243 162 211 247 254 47 240 213 234 248 43 19 253 122 69 82 190 226 186 256
split_gain=806017 1.84545e+06 1.79851e+06 770687 769024 714405 1.32613e+06 1.82056e+06 703372 1.3688e+06 1.33388e+06 1.38963e+06 592895 497995 497575 448087 917915 1.27716e+06 908115 857142 857084 813536 871108 804949 718840 702072 668663 902862 584841 568526
threshold=-1256.2499999999998 -803.24999999999989 -886.99999999999989 366.18142700195318 -624.74999999999989 756.37554931640636 -115.24999999999999 -244.74999999999997 -3854.994750976562 -722.24999999999989 697.67520141601574 -767.74999999999989 1088.5000000000002 -1057.9999999999998 -28.749999999999996 475.31204223632818 112.75000000000001 -812.99999999999989 -230.24999999999997 317.25000000000006 2692.2500000000005 424.32580566406256 684.00000000000011 -57.249999999999993 1342.9631958007815 325.33366394042974 -527.24999999999989 -6.7499999999999991 -29.579999923706051 -539.67752075195301
decision_type=2 2 2 2 2 2 2 2 2 2 2 2 2 2 2 2 2 2 2 2 2 2 2 2 2 2 2 2 2 2
left_child=3 2 -2 -1 -4 8 7 -7 9 -3 14 -12 -13 -5 15 21 17 18 -17 -18 24 22 -10 -24 -19 -25 -23 29 -21 -28
right_child=1 5 4 13 -6 6 -8 -9 10 -11 11 12 -14 -15 -16 16 19 20 -20 28 -22 26 23 25 -26 -27 27 -29 -30 -31
leaf_value=-10.338550978236729 19.286401784420015 -15.893189497590066 -4.9676408028602603 -5.4063348018761843 8.5792081702839251 -0.36909654070349301 5.2894135284423829 -17.268174374898276 -0.079181044528660177 2.3838941801161995 15.333062515939986 -1.8592395503551533 8.129049554343025 3.4945941495895383 0.50329753388718868 2.4015950375912238 10.824115591579014 -1.0266404787839301 14.034606544494629 7.5463882589340221 -10.052338036646447 4.4112849806036269 -14.008737125396729 -6.3074253571339147 7.1116110143065461 5.2148879432678221 -12.142387583325892 -0.39414108540103943 -3.8263745986498323 -4.5976031767561087
leaf_weight=36 24 20 20 33 22 34 25 30 19730 21 28 39 24 30 4100 51 45 284 25 20 24 28 20 39 30 20 34 108 26 94
leaf_count=36 24 20 20 33 22 34 25 30 19730 21 28 39 24 30 4100 51 45 284 25 20 24 28 20 39 30 20 34 108 26 94
internal_value=-4.00457e-10 0.0178554 8.36763 -4.50262 2.12833 -0.00427746 -4.47595 -8.29054 0.0117636 -6.53176 0.0225951 6.06497 1.94582 -1.1678 0.000313811 -0.0999016 1.37109 0.371674 6.22824 5.91788 -0.945188 -0.136909 -0.100162 -5.34008 -0.249101 -2.40156 -2.89419 -3.76095 1.1183 -6.60169
internal_weight=25064 24965 66 99 42 24899 89 64 24810 41 24769 91 63 63 24678 20578 505 414 76 91 338 20073 19809 79 314 59 264 236 46 128
internal_count=25064 24965 66 99 42 24899 89 64 24810 41 24769 91 63 63 24678 20578 505 414 76 91 338 20073 19809 79 314 59 264 236 46 128
is_linear=0
shrinkage=0.05


Tree=6
num_leaves=31
num_cat=0
split_feature=180 232 254 124 183 150 114 250 115 1 146 85 151 257 166 54 236 63 89 138 200 141 229 208 47 64 43 169 254 6
split_gain=735147 1.44697e+06 1.32441e+06 2.32454e+06 1.18638e+06 2.48542e+06 1.08559e+06 938046 778476 694320 640845 742193 556905 937050 1.39946e+06 1.14047e+06 773203 853924 650570 653909 834306 1.02659e+06 601733 918263 879929 627340 521329 714168 509182 875172
threshold=697.67520141601574 -300.24999999999994 -803.24999999999989 411.96957397460943 157.75000000000003 -238.74999999999997 1590.5000000000002 697.67520141601574 -817.24999999999989 -2816.4999999999995 766.89465332031261 208.75000000000003 1256.414978027344 598.35256958007824 642.43734741210949 642.48309326171886 642.43734741210949 2348.7500000000005 523.24734497070324 411.96957397460943 2395.3850097656255 1176.0000000000002 282.52000427246099 270.59570312500006 246.32549285888675 469.25000000000006 -2572.4999999999995 -438.24999999999994 -658.74999999999989 -2621.304077148437
decision_type=2 2 2 2 2 2 2 2 2 2 2 2 2 2 2 2 2 2 2 2 2 2 2 2 2 2 2 2 2 2
left_child=2 -2 3 8 9 -6 10 12 -1 -3 11 -7 16 15 -15 18 17 22 19 -14 21 -21 -4 24 25 -24 -9 -28 -25 -30
right_child=1 4 7 -5 5 6 -8 26 -10 -11 -12 -13 13 14 -16 -17 -18 -19 -20 20 -22 -23 23 28 -26 -27 27 -29 29 -31
leaf_value=-7.3993183592091443 -12.775838106870651 0.45805706659952805 0.029790371370864849 16.354822500137722 -19.974269685745242 6.3744121551513677 -7.8688951239441387 -0.059836602210998541 5.7566721265966248 12.485111724734308 10.726334726810457 -7.0840602016448972 0.80347059487413375 15.314279578791725 -0.63975587572370263 -10.742958792773161 -8.1084056059519458 8.3540311431884771 8.8855035046736415 -15.355803492276564 2.3332928735858358 -1.9040062701379932 2.7495027802207255 -6.2652262159295988 -5.2509031705071578 -5.8788963580953668 16.079333848953247 3.2862296183904016 2.8423482825011015 -0.56466192738177212
leaf_weight=23 32 30 18653 34 20 21 33 24 22 20 20 20 1991 27 28 22 30 30 24 23 39 37 77 37 199 29 20 24 200 3275
leaf_count=23 32 30 18653 34 20 21 33 24 22 20 20 20 1991 27 28 22 30 30 24 23 39 37 77 37 199 29 20 24 200 3275
internal_value=-2.22453e-09 -3.05017 0.0240403 6.48768 -1.15248 -3.96887 -0.563462 0.00344133 -0.967501 5.26888 3.38866 -0.190696 -0.0126901 0.748314 7.19223 0.582389 -0.0866964 -0.0760007 0.70025 0.606257 -3.35993 -7.06053 -0.0872558 -0.65924 -3.29084 0.388903 5.86794 9.10128 -0.430698 -0.368575
internal_weight=25064 196 24868 79 164 114 94 24789 45 50 61 41 24721 2191 55 2136 22530 22500 2114 2090 99 60 22470 3817 305 106 68 44 3512 3475
internal_count=25064 196 24868 79 164 114 94 24789 45 50 61 41 24721 2191 55 2136 22530 22500 2114 2090 99 60 22470 3817 305 106 68 44 3512 3475
is_linear=0
shrinkage=0.05


Tree=7
num_leaves=31
num_cat=0
split_feature=227 219 254 239 212 219 254 145 254 166 45 75 103 246 246 61 241 241 103 233 178 218 96 162 211 233 199 241 249 19
split_gain=753897 1.67281e+06 1.64125e+06 1.33441e+06 883486 847900 697962 661755 1.61277e+06 2.24163e+06 604126 597227 1.36491e+06 602972 821262 580751 937891 1.21706e+06 966342 896570 819077 1.07511e+06 809386 806589 684191 664226 598622 562130 571667 557191
threshold=-1256.2499999999998 -1358.7499999999998 -658.74999999999989 -190.24999999999997 -1440.9999999999998 -1665.2499999999998 -112.74999999999999 756.37554931640636 -117.74999999999999 756.37554931640636 -2190.2499999999995 697.99713134765636 697.99713134765636 569.25000000000011 31.750000000000004 475.31204223632818 142.75000000000003 -432.24999999999994 523.24734497070324 -623.24999999999989 575.25000000000011 559.75000000000011 437.79225158691412 1007.7500000000001 380.25000000000006 -51.749999999999993 -214.74999999999997 28.750000000000004 -2039.7799682617185 475.31204223632818
decision_type=2 2 2 2 2 2 2 2 2 2 2 2 2 2 2 2 2 2 2 2 2 2 2 2 2 2 2 2 2 2
left_child=6 2 -2 -4 -3 -5 10 11 9 -9 -1 12 15 14 -13 22 17 26 19 -19 21 24 -6 -22 -18 -21 -17 28 -20 -24
right_child=1 4 3 5 7 -7 -8 8 -10 -11 -12 13 -14 -15 -16 16 20 18 27 25 23 -23 29 -25 -26 -27 -28 -29 -30 -31
leaf_value=-11.629260724963565 18.713817793982368 -7.0889913962645963 -4.2772981047630312 14.661556992164027 0.0066294791070854037 2.2267784743473449 3.989251927733422 -22.288221111297609 6.8221342364947013 -2.2374775827578879 -2.7635967233906626 9.0468104258827537 -10.839153330079441 9.3717465487393472 -2.3694396409392358 2.9339724205635691 7.6582320878325509 -6.1510679340362557 -8.2045986011872696 7.8181730296395049 -7.2711593909697108 15.269936384260655 -4.5590933043751631 4.5470104122445703 -3.3522075824794317 -1.7575498360174675 13.670603804588319 -9.8926023844516635 -0.0060312610782989086 2.6002879162629444
leaf_weight=33 21 44 36 26 23937 29 20 20 24 46 46 23 29 33 50 37 43 25 30 55 22 32 154 42 21 27 20 33 73 33
leaf_count=33 21 44 36 26 23937 29 20 20 24 46 46 23 29 33 50 37 43 25 30 55 22 32 154 42 21 27 20 33 73 33
internal_value=-2.38658e-09 0.0172684 6.11415 3.20653 -0.0102072 8.10504 -4.35461 0.00234742 -4.2773 -8.31346 -6.46698 0.0179293 0.00180075 3.76295 1.22746 0.0145891 1.77447 0.12568 -1.41673 2.13803 4.86597 7.78693 -0.0189687 0.484515 4.04543 4.66519 6.70121 -4.21349 -2.39396 -3.29567
internal_weight=25064 24965 112 91 24853 55 99 24809 90 66 79 24719 24613 106 73 24584 460 300 243 107 160 96 24124 64 64 82 57 136 103 187
internal_count=25064 24965 112 91 24853 55 99 24809 90 66 79 24719 24613 106 73 24584 460 300 243 107 160 96 24124 64 64 82 57 136 103 187
is_linear=0
shrinkage=0.05


Tree=8
num_leaves=31
num_cat=0
split_feature=227 219 200 88 245 212 47 145 254 166 75 103 257 239 118 117 220 0 241 248 233 254 38 78 76 194 257 117 19 187
split_gain=680392 1.50971e+06 1.58056e+06 1.30389e+06 1.07102e+06 797346 662076 597234 1.45552e+06 2.02308e+06 538998 1.23183e+06 557522 607769 547686 544006 834696 534331 493172 486482 485946 473089 467157 519241 464675 648248 607874 981274 768676 757067
threshold=-1256.2499999999998 -1358.7499999999998 389.50250244140631 -4178.1623535156241 -256.74999999999994 -1440.9999999999998 366.18142700195318 756.37554931640636 -117.74999999999999 756.37554931640636 697.99713134765636 697.99713134765636 642.43734741210949 662.25000000000011 1917.3045654296877 598.35256958007824 237.75000000000003 -1899.2499999999998 -323.24999999999994 -25.749999999999996 -270.24999999999994 -58.749999999999993 2090.7500000000005 1581.0000000000002 -3599.448120117187 642.43734741210949 475.18203735351568 497.39965820312506 475.31204223632818 497.39965820312506
decision_type=2 2 2 2 2 2 2 2 2 2 2 2 2 2 2 2 2 2 2 2 2 2 2 2 2 2 2 2 2 2
left_child=6 2 3 -2 -5 18 -1 10 9 -9 11 14 19 -14 15 21 20 -11 -3 -12 -17 22 24 -24 -7 26 -26 28 -28 -30
right_child=1 5 -4 4 -6 7 -8 8 -10 17 12 -13 13 -15 -16 16 -18 -19 -20 -21 -22 -23 23 -25 25 -27 27 -29 29 -31
leaf_value=-9.5459800746705792 13.348983830991001 -1.6764283470485521 18.547719397544864 -6.0240452804063498 6.4992901256007531 -7.7979009819030765 -1.045959218343099 -21.173809928894045 6.4810275018215187 2.8133598308563235 -5.3704704840977993 -10.297195401684991 12.82431139755249 2.2685423082113267 2.4694057594935099 3.7268052605872457 10.011306497629953 -8.0053220079058693 -12.27438019003187 4.413181780002736 -4.5036314224374712 0.25058478528984113 2.3193179195577449 -6.8183563756492909 -0.19398777562251712 -7.5137422593434655 1.9037492699921132 -1.1675891891769741 4.8688764707909691 17.364038705825806
leaf_weight=36 23 23 20 38 31 20 63 20 24 25 24 29 25 30 225 47 34 21 21 27 29 9494 22 53 14433 30 56 92 27 22
leaf_count=36 23 23 20 38 31 20 63 20 24 25 24 29 25 30 225 47 34 21 21 27 29 9494 22 53 14433 30 56 92 27 22
internal_value=-3.32518e-08 0.016405 5.80844 3.03903 -0.397619 -0.00969683 -4.13688 0.00223001 -4.06344 -7.89779 0.0170328 0.00171068 3.5748 7.06662 0.0138596 -0.0088219 3.49945 -2.1256 -6.73454 -0.19089 0.586244 -0.0247363 -0.20189 -4.13797 -0.18178 -0.17139 -0.156334 2.60234 5.90551 10.4789
internal_weight=25064 24965 112 92 69 24853 99 24809 90 66 24719 24613 106 55 24584 24359 110 46 44 51 76 24249 14755 75 14680 14660 14630 197 105 49
internal_count=25064 24965 112 92 69 24853 99 24809 90 66 24719 24613 106 55 24584 24359 110 46 44 51 76 24249 14755 75 14680 14660 14630 197 105 49
is_linear=0
shrinkage=0.05


Tree=9
num_leaves=31
num_cat=0
split_feature=180 234 254 225 124 85 88 241 247 232 250 151 257 166 54 236 63 89 138 200 141 229 208 1 40 180 254 6 253 239
split_gain=623985 1.31189e+06 1.15729e+06 2.04612e+06 2.6668e+06 1.15507e+06 1.5154e+06 867172 1.00611e+06 1.12071e+06 802665 491577 769550 1.23661e+06 999917 669502 742132 565415 577599 746788 903535 539519 820051 832697 534927 466910 464119 791615 796207 730831
threshold=697.67520141601574 -557.24999999999989 -803.24999999999989 -1108.7499999999998 411.96957397460943 1818.2500000000002 2144.9975585937505 -218.74999999999997 -252.24999999999997 520.25000000000011 697.67520141601574 1256.414978027344 598.35256958007824 642.43734741210949 642.48309326171886 642.43734741210949 2348.7500000000005 523.24734497070324 411.96957397460943 2395.3850097656255 1176.0000000000002 282.52000427246099 270.59570312500006 169.25000000000003 254.96839141845706 308.31390380859381 -658.74999999999989 -2621.304077148437 3.2500000000000004 312.25000000000006
decision_type=2 2 2 2 2 2 2 2 2 2 2 2 2 2 2 2 2 2 2 2 2 2 2 2 2 2 2 2 2 2
left_child=2 -2 3 -1 -5 7 -7 -3 -9 -10 11 15 14 -14 17 16 21 18 -13 20 -20 25 23 24 -23 -4 -24 29 -29 -28
right_child=1 5 10 4 -6 6 -8 8 9 -11 -12 12 13 -15 -16 -17 -18 -19 19 -21 -22 22 26 -25 -26 -27 27 28 -30 -31
leaf_value=-6.117168540755908 -11.739247153787053 9.8864172898806064 0.0092883099821499306 1.6923394249331567 23.892689947287241 -14.970786893367768 2.5651112762364474 -8.981951164245606 -4.677243335158737 8.9673113547703789 5.4277249415679023 0.76066520797329185 14.177460147716381 -0.81959624854581703 -10.051972294937482 -7.5459759489695237 7.7872647062937421 8.2937164574861537 -14.435625499227772 2.2340754129947764 -1.8157994180112274 1.6889001938604542 -5.9781042279423895 -6.288545831432188 -3.7338101449977148 3.2473504636436701 0.82052690494391656 -8.2621988325408022 -0.45625901581221973 7.5521265317286765
leaf_weight=24 34 26 18541 31 24 28 22 25 27 34 68 1991 27 28 22 30 30 24 23 39 37 93 37 123 89 112 144 33 3242 56
leaf_count=24 34 26 18541 31 24 28 22 25 27 34 68 1991 27 28 22 30 30 24 23 39 37 93 37 123 89 112 144 33 3242 56
internal_value=5.17834e-09 -2.81012 0.0221483 6.06424 11.3798 -0.936102 -7.25499 1.88483 -0.534253 2.92792 0.00289273 -0.0120293 0.702947 6.5426 0.552582 -0.0815595 -0.0716069 0.662942 0.575316 -3.15227 -6.6534 -0.0820994 -0.623708 -3.1106 -0.962865 0.0287309 -0.407733 -0.348423 -0.534914 2.70537
internal_weight=25064 196 24868 79 55 162 50 112 86 61 24789 24721 2191 55 2136 22530 22500 2114 2090 99 60 22470 3817 305 182 18653 3512 3475 3275 200
internal_count=25064 196 24868 79 55 162 50 112 86 61 24789 24721 2191 55 2136 22530 22500 2114 2090 99 60 22470 3817 305 182 18653 3512 3475 3275 200
is_linear=0
shrinkage=0.05


Tree=10
num_leaves=31
num_cat=0
split_feature=227 219 247 239 212 219 45 232 163 138 5 213 248 140 79 232 253 199 254 90 72 253 250 93 232 243 239 54 44 209
split_gain=602765 1.32001e+06 1.48078e+06 1.32707e+06 712980 680412 616784 510262 1.39924e+06 880296 1.93533e+06 1.63484e+06 699931 493045 934179 800736 739361 594636 455581 452666 453549 753144 709575 695955 914619 659889 632876 665603 584568 464388
threshold=-1256.2499999999998 -1358.7499999999998 -894.74999999999989 -190.24999999999997 -1440.9999999999998 -1665.2499999999998 -2190.2499999999995 1416.7500000000002 533.00000000000011 756.37554931640636 598.85974121093761 486.50000000000006 380.25000000000006 1963.2500000000002 1437.2500000000002 352.75000000000006 374.25000000000006 1666.5000000000002 -28.749999999999996 -3505.8476562499995 -2031.7499999999998 684.00000000000011 642.43734741210949 -1877.9999999999998 188.25000000000003 598.35256958007824 307.25000000000006 437.79225158691412 -2215.4999999999995 -1351.9973144531248
decision_type=2 2 2 2 2 2 2 2 2 2 2 2 2 2 2 2 2 2 2 2 2 2 2 2 2 2 2 2 2 2
left_child=6 2 -2 -4 -3 -5 -1 9 -9 13 -11 -12 -10 17 -15 -16 -17 18 19 -6 22 23 25 24 -22 26 28 -28 -21 -25
right_child=1 4 3 5 7 -7 -8 8 12 10 11 -13 -14 14 15 16 -18 -19 -20 20 21 -23 -24 29 -26 -27 27 -29 -30 -31
leaf_value=-9.1145532694127827 16.440216827392579 -6.3680945656516341 -5.6936275026761001 12.782324953763574 -5.7803675978524351 1.7524850156543583 -0.91042063652522975 15.070735008375985 4.8512975669900582 4.067910055960378 -22.775898211002353 -3.2296742866868557 -6.7421071467192277 -4.3400483712553983 14.424880075454713 0.15957524882895607 10.977404288812117 -8.4201004823048908 0.48033645279828208 -1.1428487250910087 -1.405481671790282 -4.9598963593319061 9.5668674296802951 4.8825601600586097 -14.13198289871216 -6.0611004993833353 0.75337311029434206 13.225285650206651 4.5349355523200598 -0.093360642951048955
leaf_weight=36 24 44 32 27 35 29 63 21 30 31 20 23 23 32 20 56 22 21 4069 136 48 80 27 47 20 29 20 23 68 19908
leaf_count=36 24 44 32 27 35 29 63 21 30 31 20 23 23 32 20 56 22 21 4069 136 48 80 27 47 20 29 20 23 68 19908
internal_value=4.91672e-09 0.0154408 5.43137 2.42896 -0.00896606 7.07044 -3.89374 0.00231217 4.14805 -0.0100907 -5.45534 -12.3209 -0.179803 0.00624882 3.07735 5.49935 3.21076 -0.0100262 -0.00282052 -0.0989981 -0.0892535 -0.118193 1.83079 -0.0988486 -5.14857 1.074 1.91173 7.4244 0.749746 -0.0816409
internal_weight=25064 24965 112 88 24853 56 99 24809 74 24735 74 43 53 24661 130 98 78 24531 24510 20441 20406 20103 303 20023 68 276 247 43 204 19955
internal_count=25064 24965 112 88 24853 56 99 24809 74 24735 74 43 53 24661 130 98 78 24531 24510 20441 20406 20103 303 20023 68 276 247 43 204 19955
is_linear=0
shrinkage=0.05


end of trees

feature_importances:
Column_254=23
Column_239=11
Column_253=11
Column_232=9
Column_19=8
Column_227=8
Column_248=8
Column_47=7
Column_138=7
Column_241=7
Column_180=6
Column_219=6
Column_225=6
Column_234=6
Column_233=5
Column_240=5
Column_250=5
Column_257=5
Column_54=4
Column_124=4
Column_166=4
Column_199=4
Column_213=4
Column_218=4
Column_220=4
Column_247=4
Column_63=3
Column_85=3
Column_88=3
Column_96=3
Column_103=3
Column_141=3
Column_179=3
Column_183=3
Column_192=3
Column_200=3
Column_211=3
Column_212=3
Column_229=3
Column_236=3
Column_246=3
Column_1=2
Column_5=2
Column_6=2
Column_12=2
Column_16=2
Column_33=2
Column_38=2
Column_43=2
Column_44=2
Column_45=2
Column_52=2
Column_61=2
Column_75=2
Column_78=2
Column_86=2
Column_89=2
Column_94=2
Column_114=2
Column_117=2
Column_118=2
Column_127=2
Column_145=2
Column_151=2
Column_162=2
Column_164=2
Column_169=2
Column_178=2
Column_197=2
Column_198=2
Column_208=2
Column_217=2
Column_226=2
Column_243=2
Column_245=2
Column_0=1
Column_7=1
Column_8=1
Column_17=1
Column_30=1
Column_31=1
Column_36=1
Column_40=1
Column_41=1
Column_64=1
Column_69=1
Column_71=1
Column_72=1
Column_76=1
Column_79=1
Column_82=1
Column_90=1
Column_91=1
Column_93=1
Column_115=1
Column_122=1
Column_128=1
Column_136=1
Column_140=1
Column_146=1
Column_150=1
Column_163=1
Column_176=1
Column_184=1
Column_185=1
Column_186=1
Column_187=1
Column_190=1
Column_194=1
Column_201=1
Column_202=1
Column_209=1
Column_221=1
Column_231=1
Column_249=1
Column_252=1
Column_256=1

parameters:
[boosting: gbdt]
[objective: regression]
[metric: l2]
[tree_learner: serial]
[device_type: cpu]
[data_sample_strategy: bagging]
[data: ]
[valid: ]
[num_iterations: 1000]
[learning_rate: 0.05]
[num_leaves: 31]
[num_threads: 0]
[seed: 42]
[deterministic: 1]
[force_col_wise: 0]
[force_row_wise: 0]
[histogram_pool_size: -1]
[max_depth: -1]
[min_data_in_leaf: 20]
[min_sum_hessian_in_leaf: 0.001]
[bagging_fraction: 1]
[pos_bagging_fraction: 1]
[neg_bagging_fraction: 1]
[bagging_freq: 0]
[bagging_seed: 400]
[bagging_by_query: 0]
[feature_fraction: 1]
[feature_fraction_bynode: 1]
[feature_fraction_seed: 30056]
[extra_trees: 0]
[extra_seed: 12879]
[early_stopping_round: 0]
[early_stopping_min_delta: 0]
[first_metric_only: 0]
[max_delta_step: 0]
[lambda_l1: 0]
[lambda_l2: 0]
[linear_lambda: 0]
[min_gain_to_split: 0]
[drop_rate: 0.1]
[max_drop: 50]
[skip_drop: 0.5]
[xgboost_dart_mode: 0]
[uniform_drop: 0]
[drop_seed: 17869]
[top_rate: 0.2]
[other_rate: 0.1]
[min_data_per_group: 100]
[max_cat_threshold: 32]
[cat_l2: 10]
[cat_smooth: 10]
[max_cat_to_onehot: 4]
[top_k: 20]
[monotone_constraints: ]
[monotone_constraints_method: basic]
[monotone_penalty: 0]
[feature_contri: ]
[forcedsplits_filename: ]
[refit_decay_rate: 0.9]
[cegb_tradeoff: 1]
[cegb_penalty_split: 0]
[cegb_penalty_feature_lazy: ]
[cegb_penalty_feature_coupled: ]
[path_smooth: 0]
[interaction_constraints: ]
[verbosity: -1]
[saved_feature_importance_type: 0]
[use_quantized_grad: 0]
[num_grad_quant_bins: 4]
[quant_train_renew_leaf: 0]
[stochastic_rounding: 1]
[linear_tree: 0]
[max_bin: 255]
[max_bin_by_feature: ]
[min_data_in_bin: 3]
[bin_construct_sample_cnt: 200000]
[data_random_seed: 175]
[is_enable_sparse: 1]
[enable_bundle: 1]
[use_missing: 1]
[zero_as_missing: 0]
[feature_pre_filter: 1]
[pre_partition: 0]
[two_round: 0]
[header: 0]
[label_column: ]
[weight_column: ]
[group_column: ]
[ignore_column: ]
[categorical_feature: ]
[forcedbins_filename: ]
[precise_float_parser: 0]
[parser_config_file: ]
[objective_seed: 16083]
[num_class: 1]
[is_unbalance: 0]
[scale_pos_weight: 1]
[sigmoid: 1]
[boost_from_average: 1]
[reg_sqrt: 0]
[alpha: 0.9]
[fair_c: 1]
[poisson_max_delta_step: 0.7]
[tweedie_variance_power: 1.5]
[lambdarank_truncation_level: 30]
[lambdarank_norm: 1]
[label_gain: ]
[lambdarank_position_bias_regularization: 0]
[eval_at: ]
[multi_error_top_k: 1]
[auc_mu_weights: ]
[num_machines: 1]
[local_listen_port: 12400]
[time_out: 120]
[machine_list_filename: ]
[machines: ]
[gpu_platform_id: -1]
[gpu_device_id: -1]
[gpu_device_id_list: ]
[gpu_use_dp: 0]
[num_gpu: 1]

end of parameters

pandas_categorical:null
