tree
version=v4
num_class=1
num_tree_per_iteration=1
label_index=0
max_feature_idx=146
objective=regression
feature_names=Column_0 Column_1 Column_2 Column_3 Column_4 Column_5 Column_6 Column_7 Column_8 Column_9 Column_10 Column_11 Column_12 Column_13 Column_14 Column_15 Column_16 Column_17 Column_18 Column_19 Column_20 Column_21 Column_22 Column_23 Column_24 Column_25 Column_26 Column_27 Column_28 Column_29 Column_30 Column_31 Column_32 Column_33 Column_34 Column_35 Column_36 Column_37 Column_38 Column_39 Column_40 Column_41 Column_42 Column_43 Column_44 Column_45 Column_46 Column_47 Column_48 Column_49 Column_50 Column_51 Column_52 Column_53 Column_54 Column_55 Column_56 Column_57 Column_58 Column_59 Column_60 Column_61 Column_62 Column_63 Column_64 Column_65 Column_66 Column_67 Column_68 Column_69 Column_70 Column_71 Column_72 Column_73 Column_74 Column_75 Column_76 Column_77 Column_78 Column_79 Column_80 Column_81 Column_82 Column_83 Column_84 Column_85 Column_86 Column_87 Column_88 Column_89 Column_90 Column_91 Column_92 Column_93 Column_94 Column_95 Column_96 Column_97 Column_98 Column_99 Column_100 Column_101 Column_102 Column_103 Column_104 Column_105 Column_106 Column_107 Column_108 Column_109 Column_110 Column_111 Column_112 Column_113 Column_114 Column_115 Column_116 Column_117 Column_118 Column_119 Column_120 Column_121 Column_122 Column_123 Column_124 Column_125 Column_126 Column_127 Column_128 Column_129 Column_130 Column_131 Column_132 Column_133 Column_134 Column_135 Column_136 Column_137 Column_138 Column_139 Column_140 Column_141 Column_142 Column_143 Column_144 Column_145 Column_146
feature_infos=[-6811:6182.5] [-6565.5:6505] [-7070.5:5785] [-6585:6127.5] [-9043.60546875:5768.2998046875] [82.652725219726562:1102.033447265625] [-6176.08837890625:6029.22509765625] [-6585.5:6125] [-6506.5:6447.5] [-6931:5727.5] [-6695.5:6070] [-8999.580078125:5780.1748046875] [82.652725219726562:1102.033447265625] [-6157.8076171875:6004.75048828125] [-6696:6062.5] [-6585.5:6232.5] [-6961:5657.5] [-6792.5:5750] [-8949.580078125:5794.875] [82.652725219726562:1102.033447265625] [-6134.52587890625:5978.4091796875] [-6792:5750] [-6695:6122.5] [-7144.5:5507.5] [-6812:6105] [-8897.830078125:5810.4248046875] [82.652725219726562:1102.033447265625] [-6177.88720703125:5989.91748046875] [-6811.5:6105] [-6714.5:6392.5] [-7091:5707.5] [-6922.5:6047.5] [-8848.8798828125:5814.7998046875] [82.652725219726562:1102.033447265625] [-6245.5791015625:5979.92529296875] [-6922:6047.5] [-6825:6335] [-7149.5:5650] [-6848:5822.5] [-8799.48046875:5814.4501953125] [82.652725219726562:1102.033447265625] [-6300.3447265625:5961.068359375] [-6847.5:5820] [-6590:6030] [-7169:5527.5] [-6790.5:5715] [-8748.080078125:5814.3251953125] [82.652725219726562:1102.033447265625] [-6341.1767578125:5903.568359375] [-6789.5:5717.5] [-6700.5:5752.5] [-7279.5:5177.5] [-6900:5355] [-8694.60546875:5814.580078125] [82.652725219726562:1102.033447265625] [-6390.615234375:5733.92578125] [-6899:5355] [-6547.5:5642.5] [-7374:4980] [-6919.5:5495] [-8641.5302734375:5817.77978515625] [82.652725219726562:1102.033447265625] [-6417.51416015625:5537.65966796875] [-6918.5:5495] [-6658:5782.5] [-7393.5:5097.5] [-7030:5567.5] [-8590.8798828125:5817.35498046875] [82.652725219726562:1102.033447265625] [-6473.19482421875:5452.41748046875] [-7029:5567.5] [-5679.5:5855] [-7504:5170] [-6051.5:5342.5] [-8541.23046875:5806.52978515625] [82.652725219726562:1102.033447265625] [-6400.44970703125:5442.42529296875] [-6050.5:5340] [-5404.5:5550] [-6525.5:5047.5] [-5776.5:5235] [-8489.5546875:5794.580078125] [82.652725219726562:1102.033447265625] [-5992.13623046875:5423.568359375] [-5775.5:5237.5] [-5280.5:5270] [-6250.5:4462.5] [-5652.5:4650] [-8427.6298828125:5797.77978515625] [82.652725219726562:1102.033447265625] [-5696.03271484375:5253.92578125] [-5651.5:4652.5] [-4759.5:4727.5] [-6126.5:4225] [-5013.5:4412.5] [-8351.0048828125:5797.35498046875] [82.652725219726562:1102.033447265625] [-5424.21142578125:5057.65966796875] [-5013:4415] [-4916:4447.5] [-5292:3440] [-4939:3627.5] [-8272.8798828125:5786.52978515625] [82.652725219726562:1102.033447265625] [-5107.55615234375:4769.0087890625] [-4938.5:3630] [-4717:3702.5] [-5309:3087.5] [-5089:3685] [-8187.2548828125:5759.30517578125] [82.652725219726562:1102.033447265625] [-4842.7783203125:4534.78076171875] [-5088:3685] [-4791.5:3972.5] [-5563:3287.5] [-4976:3460] [-8102.705078125:5731.580078125] [82.652725219726562:1102.033447265625] [-4603.61669921875:4329.11865234375] [-4975.5:3457.5] [-4527:3667.5] [-5180.5:3165] [-4777.5:3352.5] [-8012.77978515625:5701.72998046875] [82.652725219726562:1102.033447265625] [-4508.51416015625:4081.698974609375] [-4776.5:3355] [-4749:4182.5] [-5240:1952.5] [-5121:2140] [-7912.80517578125:5669.77978515625] [82.652725219726562:1102.033447265625] [-4564.19482421875:3785.408203125] [-5120:2142.5] [-2419.5:3979.5] [-5595:1510] [-3764:1971] [-7813.47998046875:5632.10498046875] [82.652725219726562:1102.033447265625] [-4491.44970703125:3494.4619140625] [-3759:2008] [0:3450.5] [-4277:0] none [-7700.93017578125:5575.6298828125] [82.652725219726562:1102.033447265625] [-4083.135986328125:3176.78369140625]
tree_sizes=2762 2744 2742 2736 2767 2766 2755 2753

Tree=0
num_leaves=31
num_cat=0
split_feature=142 113 115 26 142 142 119 145 141 121 107 142 80 85 141 124 6 142 141 10 79 125 82 89 15 121 33 5 141 108
split_gain=1.23484e+06 3.1252e+06 2.65477e+06 1.19133e+06 1.43225e+06 1.76963e+06 834616 943813 1.43593e+06 1.51634e+06 1.15811e+06 868399 840697 1.22906e+06 908744 838198 679172 590655 613191 539693 513112 1.34618e+06 456518 1.02558e+06 957617 1.02795e+06 640578 965565 813559 1.05349e+06
threshold=-803.24999999999989 -1108.7499999999998 -886.99999999999989 756.37554931640636 -115.74999999999999 -244.74999999999997 -1247.2499999999998 598.35256958007824 302.75000000000006 -644.74999999999989 286.25000000000006 -113.24999999999999 326.75000000000006 -302.24999999999994 119.25000000000001 598.35256958007824 1917.3045654296877 -28.749999999999996 681.25000000000011 -607.24999999999989 -251.74999999999997 551.23806762695324 497.39965820312506 497.39965820312506 -659.49999999999989 -546.24999999999989 396.30473327636724 411.96957397460943 20.250000000000004 -398.74999999999994
decision_type=2 2 2 2 2 2 2 2 2 2 2 2 2 2 2 2 2 2 2 2 2 2 2 2 2 2 2 2 2 2
left_child=1 -1 -3 6 5 -5 11 15 10 -10 12 -2 13 14 -9 16 17 18 22 -4 -11 -22 26 -24 25 -25 -8 -28 -29 -30
right_child=3 2 19 4 -6 -7 7 8 9 20 -12 -13 -14 -15 -16 -17 -18 -19 -20 -21 21 -23 23 24 -26 -27 27 28 29 -31
leaf_value=-7.9775754068509572 -8.2359088538746317 25.071757680549197 -1.1751945318298969 -1.3735279160258602 5.0707578636546646 -17.922575317090779 0.56423532766804041 4.8484661779145117 -12.214696674864069 6.7410142239654389 -1.0864297507862535 3.8450433454254975 18.729567409262458 -0.75803522927030886 18.001447608275154 -7.1971833481930343 3.4901624878726971 1.1844282913195003 -3.7908885592490478 10.160519827361306 -10.924242060051389 5.9376545311351334 11.213822345905188 -0.90924232708019892 -0.47757551995693992 14.046498610709085 -4.0831459600601789 -8.2144345431189016 6.2941139635672299 -0.46278770652380097
leaf_weight=27 51 25 21 35 25 30 19395 24 22 39 32 21 21 29 29 34 210 4066 82 21 20 29 31 20 153 27 187 26 73 275
leaf_count=27 51 25 21 35 25 30 19395 24 22 39 32 21 21 29 29 34 210 4066 82 21 20 29 31 20 153 27 187 26 73 275
internal_value=0.663955 6.38395 12.1714 0.642436 -5.0998 -9.01155 0.663195 0.678786 3.76678 -0.473788 7.22205 -4.7123 9.80333 7.51734 12.0454 0.648005 0.658872 0.63444 0.524111 4.49266 2.46144 -0.944752 0.541638 2.75165 1.44001 7.68235 0.516057 -1.14959 0.317188 0.954608
internal_weight=25080 94 67 24986 90 65 24896 24824 245 110 135 72 103 82 53 24579 24545 24335 20269 42 88 49 20187 231 200 47 19956 561 374 348
internal_count=25080 94 67 24986 90 65 24896 24824 245 110 135 72 103 82 53 24579 24545 24335 20269 42 88 49 20187 231 200 47 19956 561 374 348
is_linear=0
shrinkage=1


Tree=1
num_leaves=31
num_cat=0
split_feature=142 113 115 26 142 142 119 145 96 24 141 142 113 5 142 124 22 6 142 136 54 89 10 141 145 90 112 121 55 10
split_gain=1.11444e+06 2.82049e+06 2.39593e+06 1.07517e+06 1.2926e+06 1.59709e+06 753241 851791 1.40067e+06 1.67958e+06 1.05606e+06 1.37955e+06 1.1411e+06 793298 783730 756474 660386 612953 567763 549251 490127 636945 487073 458741 561141 803216 640772 638716 560626 501578
threshold=-803.24999999999989 -1108.7499999999998 -886.99999999999989 756.37554931640636 -115.74999999999999 -244.74999999999997 -1247.2499999999998 598.35256958007824 642.43734741210949 -1632.2499999999998 217.75000000000003 -215.74999999999997 -12.249999999999998 642.43734741210949 -113.24999999999999 598.35256958007824 -638.74999999999989 1917.3045654296877 -112.24999999999999 -92.249999999999986 523.07272338867199 523.07272338867199 -607.24999999999989 389.25000000000006 424.42092895507818 -452.19854736328119 16.250000000000004 247.75000000000003 -396.68031311035151 -1911.7499999999998
decision_type=2 2 2 2 2 2 2 2 2 2 2 2 2 2 2 2 2 2 2 2 2 2 2 2 2 2 2 2 2 2
left_child=1 -1 -3 6 5 -5 14 15 9 -9 12 -12 -10 -11 -2 17 -13 18 -8 -14 23 -22 -4 29 25 26 -25 -26 -27 -20
right_child=3 2 22 4 -6 -7 7 8 10 13 11 16 19 -15 -16 -17 -18 -19 20 -21 21 -23 -24 24 27 28 -28 -29 -30 -31
leaf_value=-8.2094542609320751 -8.4548712559774817 23.187411804199218 -1.7471927438463486 -1.9356091301781793 4.1864623279571536 -17.6572045981884 -0.36672470448828176 -2.3686643514633179 14.404819757288152 18.947355783396755 -11.377218015175877 7.5551125798225405 -3.8669917004449026 6.9196220838106601 3.0220334825061617 -7.46808183333453 -2.9643573293814791 2.6848965534425919 -5.094023504787021 6.981820449829101 11.64162199156625 1.0578186671842229 9.0217358021509089 -2.3242244411397865 8.964360958558542 5.2761603070423009 -13.433140758514405 -2.6622425346147445 -1.5888262809384748 0.19242433703209075
leaf_weight=27 51 25 21 35 25 30 8203 25 22 29 33 25 28 26 21 34 37 210 45 20 21 44 21 27 27 32 25 21 421 15469
leaf_count=27 51 25 21 35 25 30 8203 25 22 29 33 25 28 26 21 34 37 210 45 20 21 44 21 27 27 32 25 21 421 15469
internal_value=-2.41874e-09 5.43399 10.9321 -0.0204433 -5.47557 -9.19173 -0.000722791 0.0140888 2.94768 8.37709 0.315243 -3.11844 4.97524 13.2615 -5.10744 -0.0151528 1.27736 -0.00482893 -0.02804 0.653347 0.144179 4.4772 3.63727 0.126649 -1.28845 -1.77949 -7.66505 3.87772 -1.10388 0.17709
internal_weight=25080 94 67 24986 90 65 24896 24824 245 80 165 95 70 55 72 24579 62 24545 24335 48 16132 65 42 16067 553 505 52 48 453 15514
internal_count=25080 94 67 24986 90 65 24896 24824 245 80 165 95 70 55 72 24579 62 24545 24335 48 16132 65 42 16067 553 505 52 48 453 15514
is_linear=0
shrinkage=0.05


Tree=2
num_leaves=31
num_cat=0
split_feature=142 48 113 99 26 120 8 119 79 118 140 145 96 6 71 124 43 142 127 72 6 59 141 142 66 5 47 43 56 52
split_gain=1.00578e+06 2.61516e+06 1.60508e+06 1.2776e+06 970344 1.24014e+06 976278 679800 817158 880603 748385 592768 1.54059e+06 1.2642e+06 968667 682755 682567 632273 603603 592398 553111 546673 543225 521692 467664 711789 617828 559709 998000 715406
threshold=-803.24999999999989 -46.546665191650384 -1108.7499999999998 -832.99999999999989 756.37554931640636 95.250000000000014 2666.2500000000005 -1247.2499999999998 -2096.2499999999995 -1769.5961914062498 -282.24999999999994 598.35256958007824 642.43734741210949 234.01274108886722 -565.24999999999989 598.35256958007824 -648.74999999999989 -198.74999999999997 351.25000000000006 898.25000000000011 1917.3045654296877 -514.74999999999989 241.75000000000003 -112.24999999999999 -1427.2499999999998 380.26853942871099 362.47964477539068 -1508.9999999999998 -1184.7499999999998 -991.49999999999989
decision_type=2 2 2 2 2 2 2 2 2 2 2 2 2 2 2 2 2 2 2 2 2 2 2 2 2 2 2 2 2 2
left_child=1 2 -1 -4 7 -6 -7 10 22 -10 -2 15 13 21 -14 20 -16 18 -18 -19 23 -13 -9 24 25 -11 -26 -28 -29 -30
right_child=4 -3 3 -5 5 6 -8 8 9 11 -12 12 14 -15 16 -17 17 19 -20 -21 -22 -23 -24 -25 26 -27 27 28 29 -31
leaf_value=-9.802107020219168 -13.071711158752443 21.204206845760346 15.717195670604708 -0.59739394982655847 -14.410256452743823 3.4834492267706461 -9.1739483966827393 9.7212236179245863 -10.487823607921602 0.028668682132997822 -1.6906676778426537 10.213470088867915 8.8979731281598404 19.541847462654115 -10.540385044813156 -7.0946778059005737 -10.200089386235113 9.064215759277344 0.73161199774060937 -2.4808957815170292 2.55065187062536 -0.9445374903471575 -0.39774811835516072 0.13844751895859783 -0.26016090826452926 9.2106975135393441 -9.501851376243259 8.9029178597710352 -10.219351198196412 -1.5896029559412943
leaf_weight=24 20 20 20 30 26 39 25 36 20 62 52 21 24 20 20 34 23 25 28 20 210 23 21 16127 7398 32 23 22 25 610
leaf_count=24 20 20 20 30 26 39 25 36 20 62 52 21 24 20 20 34 23 25 28 20 210 23 21 16127 7398 32 23 22 25 610
internal_value=3.17125e-08 5.16229 0.826642 5.92844 -0.0194211 -5.20179 -1.46085 -0.000686617 0.0133844 -0.000377777 -4.85207 0.00809795 2.6922 9.11868 -0.245613 -0.0142122 -2.13739 -0.386765 -4.19837 3.93306 -0.00438984 4.38088 5.99318 -0.0264714 -0.35193 3.15447 -0.392732 -1.83503 -1.56663 -1.92936
internal_weight=25080 94 74 50 24986 90 64 24896 24824 24767 72 24747 204 64 140 24543 116 96 51 45 24509 44 57 24299 8172 94 8078 680 657 635
internal_count=25080 94 74 50 24986 90 64 24896 24824 24767 72 24747 204 64 140 24543 116 96 51 45 24509 44 57 24299 8172 94 8078 680 657 635
is_linear=0
shrinkage=0.05


Tree=3
num_leaves=31
num_cat=0
split_feature=115 142 115 26 120 8 134 51 79 118 145 141 107 36 40 89 141 28 142 141 89 142 34 125 106 113 10 141 75 94
split_gain=908693 2.30821e+06 1.84489e+06 875708 1.16075e+06 881091 737975 1.02676e+06 737682 794624 530090 1.06135e+06 1.41943e+06 781545 710727 641442 490260 486825 485246 540250 701342 518849 476542 494326 607084 435221 407048 349812 691780 349676
threshold=-1256.2499999999998 -803.24999999999989 -886.99999999999989 756.37554931640636 95.250000000000014 2666.2500000000005 261.75000000000006 -2066.2499999999995 -2096.2499999999995 -1769.5961914062498 642.43734741210949 302.75000000000006 -260.24999999999994 1178.2500000000002 697.67520141601574 697.67520141601574 241.75000000000003 1963.2500000000002 -28.749999999999996 681.25000000000011 362.47964477539068 -67.249999999999986 1786.4959716796877 1525.763122558594 872.25000000000011 1498.7500000000002 -549.74999999999989 2.2500000000000004 285.48963928222662 1180.2500000000002
decision_type=2 2 2 2 2 2 2 2 2 2 2 2 2 2 2 2 2 2 2 2 2 2 2 2 2 2 2 2 2 2
left_child=6 2 -2 8 -5 -6 7 -1 16 -10 14 15 -13 -14 17 -12 -3 18 19 25 21 -21 -19 24 -24 27 -4 28 -11 -20
right_child=1 3 26 4 5 -7 -8 -9 9 10 11 12 13 -15 -16 -17 -18 22 29 20 -22 -23 23 -25 -26 -27 -28 -29 -30 -31
leaf_value=-14.516445446014405 20.415765005350114 9.2351626174317456 -1.6553604819557883 -14.092772389888763 3.3092766786232972 -8.7152510032653812 3.2953882542523476 -2.6004691322644553 -9.963432281762362 -0.81968568252756246 13.726541467813346 -10.730990432739258 11.445425310730934 -2.5326388072967529 -8.4361929044723514 3.6871506842171273 -0.37786052255403429 -2.4020940369988484 0.51733699107033138 -3.2818848313512028 2.6831882211897113 -12.721387934684754 3.5748262405395508 0.38480102513965808 14.03190740087758 7.2722125291824344 8.2004262566566464 -0.085198092714847184 -8.2163777702733096 -5.4142389526367189
leaf_weight=29 24 36 22 25 39 25 22 48 20 188 26 25 20 20 25 41 21 30 4047 37 27 24 35 38 23 20 20 20060 38 25
leaf_count=29 24 36 22 25 39 25 22 48 20 188 26 25 20 20 25 41 21 30 4047 37 27 24 35 38 23 20 20 20060 38 25
internal_value=1.28201e-08 0.0189464 9.35711 -0.0057904 -4.95662 -1.3878 -4.78082 -7.0883 0.0119581 -0.00111671 0.00693397 3.167 -1.38491 4.45639 -0.0100108 7.58303 5.69352 -0.0014448 -0.0174096 -0.116909 -4.0261 -6.99579 3.09851 4.81745 7.7216 -0.0999681 3.03787 -0.107236 -2.06338 0.48092
internal_weight=25080 24981 66 24915 89 64 99 77 24826 24769 24749 132 65 40 24617 67 57 24592 24466 20394 88 61 126 96 58 20306 42 20286 226 4072
internal_count=25080 24981 66 24915 89 64 99 77 24826 24769 24749 132 65 40 24617 67 57 24592 24466 20394 88 61 126 96 58 20306 42 20286 226 4072
is_linear=0
shrinkage=0.05


Tree=4
num_leaves=31
num_cat=0
split_feature=68 120 142 12 2 133 142 138 135 52 41 141 136 23 39 145 54 124 145 19 26 23 123 26 100 129 103 39 117 96
split_gain=852940 1.68016e+06 1.65784e+06 2.84872e+06 1.3532e+06 1.40183e+06 1.26071e+06 1.11586e+06 900082 774690 753499 634565 618579 811862 553573 1.04046e+06 1.49004e+06 948837 935744 712646 695879 714276 692218 660705 602158 732674 539766 488966 442995 1.00845e+06
threshold=697.67520141601574 -300.24999999999994 -803.24999999999989 411.96957397460943 1590.5000000000002 -249.74999999999997 -155.24999999999997 697.67520141601574 -1057.9999999999998 282.75000000000006 -1648.3348999023435 244.75000000000003 -557.74999999999989 -1521.2499999999998 1256.0025024414065 598.35256958007824 642.43734741210949 642.43734741210949 523.07272338867199 475.18203735351568 411.96957397460943 131.25000000000003 -3316.984985351562 475.18203735351568 -1440.9999999999998 -257.24999999999994 353.93032836914068 2388.8225097656255 282.52000427246099 270.59570312500006
decision_type=2 2 2 2 2 2 2 2 2 2 2 2 2 2 2 2 2 2 2 2 2 2 2 2 2 2 2 2 2 2
left_child=2 -2 3 8 5 -3 10 12 -1 -8 -7 -9 13 -4 17 18 -17 22 19 20 -16 -22 23 -14 25 26 -24 -23 -26 -30
right_child=1 4 7 -5 -6 6 9 11 -10 -11 -12 -13 14 -15 15 16 -18 -19 -20 -21 21 27 24 -25 28 -27 -28 -29 29 -31
leaf_value=-7.9114815908929579 -13.765532787144185 12.414252849247145 -10.956364345550538 18.180683527273292 -9.5109127385051622 0.29607670211791998 -1.5694910899452541 11.835133361816407 6.2347876548767092 11.407829624673596 -11.289127573370934 2.1074384400719093 -1.3285545602921518 -1.1406981455815302 0.8150155373444683 16.545398189544681 -0.39480784204271108 -9.270744948727744 -8.657943310561004 9.6616645314476717 -11.703919462930589 -4.6118149453943422 -3.6875957813262943 7.8610022913734872 0.035917598145508711 1.5021145057678222 -14.707915553450585 3.6664311337471007 -3.4116876146934589 -0.32371128612271199
leaf_weight=23 32 23 29 34 38 25 23 30 22 23 32 38 31 77 1988 25 27 28 27 22 21 44 25 53 18617 30 20 30 287 3356
leaf_count=23 32 23 29 34 38 25 23 30 22 23 32 38 31 77 1988 25 27 28 27 22 21 44 25 53 18617 30 20 30 287 3356
internal_value=1.14526e-08 -3.28547 0.0258782 7.25753 -1.24058 1.25365 -1.23853 0.00284653 -0.995528 4.91917 -6.2079 6.39907 -0.0147362 -3.82612 0.00166618 0.761588 7.74952 -0.0722711 0.591151 0.709785 0.615238 -3.56536 -0.0607827 4.46962 -0.0778212 -4.55046 -8.58552 -1.25577 -0.0627516 -0.566986
internal_weight=25080 196 24884 79 164 126 103 24805 45 46 57 68 24737 106 24631 2184 52 22447 2132 2105 2083 95 22419 84 22335 75 45 74 22260 3643
internal_count=25080 196 24884 79 164 126 103 24805 45 46 57 68 24737 106 24631 2184 52 22447 2132 2105 2083 95 22419 84 22335 75 45 74 22260 3643
is_linear=0
shrinkage=0.05


Tree=5
num_leaves=31
num_cat=0
split_feature=115 142 115 107 117 141 140 72 120 136 23 142 103 115 5 142 98 55 30 36 126 114 12 101 26 105 114 106 141 141
split_gain=819814 1.94913e+06 1.67658e+06 735924 896059 1.39217e+06 668291 1.23827e+06 621097 580902 1.27696e+06 493992 1.19965e+06 827575 529557 489595 483882 574762 955634 630773 605716 683105 601829 930708 644156 595966 829834 742269 465059 463518
threshold=-1256.2499999999998 -803.24999999999989 -886.99999999999989 -1665.2499999999998 756.37554931640636 311.75000000000006 -282.24999999999994 -1833.2499999999998 1416.7500000000002 -557.74999999999989 -1521.2499999999998 -534.74999999999989 424.27502441406256 -211.24999999999997 260.80323791503912 -28.749999999999996 1542.5000000000002 1258.0376586914065 680.75000000000011 1317.7500000000002 661.50000000000011 -349.24999999999994 697.67520141601574 -360.74999999999994 642.43734741210949 -184.24999999999997 -102.74999999999999 398.25000000000006 139.25000000000003 34.750000000000007
decision_type=2 2 2 2 2 2 2 2 2 2 2 2 2 2 2 2 2 2 2 2 2 2 2 2 2 2 2 2 2 2
left_child=6 2 -2 -3 8 28 7 -1 9 10 -5 12 14 -14 -11 16 17 19 -19 22 21 -21 24 -24 -13 -20 27 -27 -6 -12
right_child=1 3 -4 4 5 -7 -8 -9 -10 11 29 15 13 -15 -16 -17 -18 18 25 20 -22 -23 23 -25 -26 26 -28 -29 -30 -31
leaf_value=-16.804791255791983 19.141274673740067 6.8582630774913698 2.5750248954409649 -13.343280051304744 -4.0373593733860895 -12.970695954210619 -0.71383823988572614 -0.38227952122688297 5.2148479909227605 3.6720633255219775 -7.0028230190277103 -0.11720943494951974 17.46845004081726 3.0846474909782411 -3.0855283147197663 0.48520461777789781 -5.5395883932346255 9.9958782226808616 -7.0910207054831762 -10.745949039459228 -10.971463837623597 -1.0851428637324376 -2.0778288582960767 11.233150422984156 -6.7207693112863085 2.6788334949692683 0.36802345651416157 12.372679051331112 6.1041239905357365 1.8858635096116503
leaf_weight=24 24 39 42 26 26 34 53 22 57 57 20 19415 20 20 59 4107 41 31 22 20 20 215 24 29 37 67 426 28 20 55
leaf_count=24 24 39 42 26 26 34 53 22 57 57 20 19415 20 20 59 4107 41 31 22 20 20 215 24 29 37 67 426 28 20 55
internal_value=-2.20547e-10 0.017996 8.59912 -0.00473542 -0.0154951 -5.29866 -4.541 -8.95055 0.00155014 -0.0104616 -3.79465 0.00505114 2.80977 10.2765 0.235012 -0.0128206 -0.113208 -0.102266 1.45743 -0.147573 -2.61825 -1.90734 -0.115273 5.20554 -0.12977 0.969968 1.31035 5.53597 0.371981 -0.484453
internal_weight=25080 24981 66 24915 24876 80 99 46 24796 24739 101 24638 156 40 116 24482 20375 20334 574 19760 255 235 19505 53 19452 543 521 95 46 75
internal_count=25080 24981 66 24915 24876 80 99 46 24796 24739 101 24638 156 40 116 24482 20375 20334 574 19760 255 235 19505 53 19452 543 521 95 46 75
is_linear=0
shrinkage=0.05


Tree=6
num_leaves=31
num_cat=0
split_feature=68 122 142 12 73 51 2 142 138 3 45 141 136 23 39 145 54 124 145 19 26 10 123 26 100 129 103 122 117 96
split_gain=751961 1.57471e+06 1.41565e+06 2.58916e+06 1.22381e+06 1.95445e+06 1.07716e+06 1.03494e+06 993075 807585 676373 564885 502791 640032 490609 934886 1.3376e+06 842819 820008 655622 640514 650349 620681 595384 546137 652972 486514 430256 399402 907958
threshold=697.67520141601574 -558.24999999999989 -803.24999999999989 411.96957397460943 -110.24999999999999 -234.74999999999997 1590.5000000000002 -153.74999999999997 697.67520141601574 -817.24999999999989 -531.24999999999989 244.75000000000003 -557.74999999999989 -1521.2499999999998 1256.0025024414065 598.35256958007824 642.43734741210949 642.43734741210949 523.07272338867199 475.18203735351568 411.96957397460943 687.75000000000011 -3316.984985351562 475.18203735351568 -1440.9999999999998 -257.24999999999994 353.93032836914068 -214.24999999999997 282.52000427246099 270.59570312500006
decision_type=2 2 2 2 2 2 2 2 2 2 2 2 2 2 2 2 2 2 2 2 2 2 2 2 2 2 2 2 2 2
left_child=2 -2 3 9 10 -6 7 -7 12 -1 -3 -10 13 -4 17 18 -17 22 19 20 -16 -22 23 -14 25 26 -24 -25 -26 -30
right_child=1 4 8 -5 5 6 -8 -9 11 -11 -12 -13 14 -15 15 16 -18 -19 -20 -21 21 -23 24 27 28 -27 -28 -29 29 -31
leaf_value=-7.7121909753136011 -13.045324536525843 0.55566667237797307 -9.7806547438276237 17.120519541642246 -18.378738141059877 -2.8271916290809371 -8.2046196132898341 11.375339379517929 11.166014995574953 5.6875136006962173 11.626411493528973 1.9879310168718036 -1.2717377708804225 -1.0654130209576 0.76709344774724497 15.674324723243714 -0.37593804995218916 -8.7377498831067779 -8.1031797126487444 9.2523750305175785 -9.5248612546920786 -0.62490790642224825 -3.4924342060089111 3.1949049540928431 0.034343850381763234 1.3806873480478923 -13.955014218091964 12.219392114639284 -3.2373781837445104 -0.30729123436062156
leaf_weight=23 33 37 29 34 20 29 32 23 30 22 22 38 31 77 1988 25 27 28 27 22 30 65 25 28 18617 30 20 25 287 3356
leaf_count=23 33 37 29 34 20 29 32 23 30 22 22 38 31 77 1988 25 27 28 27 22 30 65 25 28 18617 30 20 25 287 3356
internal_value=-1.25394e-08 -3.08486 0.0242981 6.70687 -1.06833 -4.33152 -0.986947 3.4547 0.00301514 -1.16122 4.68374 6.03709 -0.013572 -3.44977 0.00121572 0.716617 7.34053 -0.0683898 0.555058 0.666114 0.575428 -3.43542 -0.0575623 4.23236 -0.0736964 -4.33321 -8.14247 7.45174 -0.0593449 -0.538127
internal_weight=25080 196 24884 79 163 104 84 52 24805 45 59 68 24737 106 24631 2184 52 22447 2132 2105 2083 95 22419 84 22335 75 45 53 22260 3643
internal_count=25080 196 24884 79 163 104 84 52 24805 45 59 68 24737 106 24631 2184 52 22447 2132 2105 2083 95 22419 84 22335 75 45 53 22260 3643
is_linear=0
shrinkage=0.05


Tree=7
num_leaves=31
num_cat=0
split_feature=115 107 142 127 107 33 142 54 100 140 72 145 135 6 129 28 122 113 98 134 141 4 0 113 142 114 94 98 44 47
split_gain=742503 1.82521e+06 1.66031e+06 1.36485e+06 837317 818964 1.59617e+06 2.39829e+06 653549 620737 1.09244e+06 530376 593073 523917 518520 428350 807069 635474 829619 454166 410633 603154 695419 638049 395515 375433 373566 387395 764182 425818
threshold=-1256.2499999999998 -1358.7499999999998 -658.74999999999989 -190.24999999999997 -1665.2499999999998 756.37554931640636 -118.24999999999999 756.37554931640636 -1440.9999999999998 -282.24999999999994 -1833.2499999999998 756.37554931640636 -281.74999999999994 -2006.8719482421873 -361.49999999999994 1963.2500000000002 32.750000000000007 1498.7500000000002 1542.5000000000002 215.75000000000003 681.25000000000011 -1547.9450073242185 -83.749999999999986 907.75000000000011 -53.749999999999993 490.25000000000006 1291.2500000000002 1179.7500000000002 1112.7500000000002 642.43734741210949
decision_type=2 2 2 2 2 2 2 2 2 2 2 2 2 2 2 2 2 2 2 2 2 2 2 2 2 2 2 2 2 2
left_child=9 2 -2 -4 -5 8 7 -7 14 10 -1 15 -13 -9 -3 17 -17 18 20 -18 24 -22 -23 -24 26 -21 27 29 -29 -10
right_child=1 5 3 4 -6 6 -8 13 11 -11 -12 12 -14 -15 -16 16 19 -19 -20 25 21 22 23 -25 -26 -27 -28 28 -30 -31
leaf_value=-15.948632025718689 19.0583068666004 -0.53971292972564699 -4.1074722329775488 14.930772040440486 2.5738405050902533 -23.148836536407472 6.4119369228680929 2.4631065680980684 -0.12311235074810384 -0.63310257803719006 -0.52340871691703794 -0.03461431589993564 11.861970027685167 -7.8793480515480043 -11.788874589829218 11.099746643503508 -4.5199593646185745 6.8219467106987457 -10.197718186378481 6.8243809999738421 5.106942402124405 -11.463747317974384 1.2256075989741546 -8.1362354959760399 0.27635873181668025 0.22308685843433654 5.0906306629671771 1.0392661819458009 -12.073356113433839 -3.6110225650397214
leaf_weight=24 21 20 36 26 29 20 24 25 15562 53 22 22 20 24 21 24 28 34 20 35 20 26 52 28 8641 56 34 25 20 88
leaf_count=24 21 20 36 26 29 20 24 25 15562 53 22 22 20 24 21 24 28 34 20 35 20 26 52 28 8641 56 34 25 20 88
internal_value=-1.95513e-08 0.0171265 6.38569 3.46124 8.4153 -0.011555 -4.69481 -8.55802 0.00602422 -4.32158 -8.57135 0.0164794 5.63043 -2.60259 -6.30148 0.00693066 2.73553 -0.00896303 -0.0184365 1.04863 -0.0101255 -2.85716 -4.35982 -2.05104 0.00459448 2.76205 -0.144704 -0.156045 -4.78857 -0.142725
internal_weight=25080 24981 112 91 55 24869 93 69 24776 99 46 24735 42 49 41 24693 143 24550 24516 119 24496 126 106 80 24370 91 15729 15695 45 15650
internal_count=25080 24981 112 91 55 24869 93 69 24776 99 46 24735 42 49 41 24693 143 24550 24516 119 24496 126 106 80 24370 91 15729 15695 45 15650
is_linear=0
shrinkage=0.05


end of trees

feature_importances:
Column_142=27
Column_141=17
Column_145=10
Column_26=9
Column_115=8
Column_113=7
Column_6=5
Column_10=5
Column_107=5
Column_124=5
Column_5=4
Column_23=4
Column_54=4
Column_89=4
Column_96=4
Column_120=4
Column_136=4
Column_12=3
Column_39=3
Column_72=3
Column_79=3
Column_98=3
Column_100=3
Column_103=3
Column_114=3
Column_117=3
Column_119=3
Column_121=3
Column_122=3
Column_129=3
Column_140=3
Column_2=2
Column_8=2
Column_19=2
Column_28=2
Column_33=2
Column_36=2
Column_43=2
Column_47=2
Column_51=2
Column_52=2
Column_55=2
Column_68=2
Column_94=2
Column_106=2
Column_118=2
Column_123=2
Column_125=2
Column_127=2
Column_134=2
Column_135=2
Column_138=2
Column_0=1
Column_3=1
Column_4=1
Column_15=1
Column_22=1
Column_24=1
Column_30=1
Column_34=1
Column_40=1
Column_41=1
Column_44=1
Column_45=1
Column_48=1
Column_56=1
Column_59=1
Column_66=1
Column_71=1
Column_73=1
Column_75=1
Column_80=1
Column_82=1
Column_85=1
Column_90=1
Column_99=1
Column_101=1
Column_105=1
Column_108=1
Column_112=1
Column_126=1
Column_133=1

parameters:
[boosting: gbdt]
[objective: regression]
[metric: l2]
[tree_learner: serial]
[device_type: cpu]
[data_sample_strategy: bagging]
[data: ]
[valid: ]
[num_iterations: 1000]
[learning_rate: 0.05]
[num_leaves: 31]
[num_threads: 0]
[seed: 42]
[deterministic: 1]
[force_col_wise: 0]
[force_row_wise: 0]
[histogram_pool_size: -1]
[max_depth: -1]
[min_data_in_leaf: 20]
[min_sum_hessian_in_leaf: 0.001]
[bagging_fraction: 1]
[pos_bagging_fraction: 1]
[neg_bagging_fraction: 1]
[bagging_freq: 0]
[bagging_seed: 400]
[bagging_by_query: 0]
[feature_fraction: 1]
[feature_fraction_bynode: 1]
[feature_fraction_seed: 30056]
[extra_trees: 0]
[extra_seed: 12879]
[early_stopping_round: 0]
[early_stopping_min_delta: 0]
[first_metric_only: 0]
[max_delta_step: 0]
[lambda_l1: 0]
[lambda_l2: 0]
[linear_lambda: 0]
[min_gain_to_split: 0]
[drop_rate: 0.1]
[max_drop: 50]
[skip_drop: 0.5]
[xgboost_dart_mode: 0]
[uniform_drop: 0]
[drop_seed: 17869]
[top_rate: 0.2]
[other_rate: 0.1]
[min_data_per_group: 100]
[max_cat_threshold: 32]
[cat_l2: 10]
[cat_smooth: 10]
[max_cat_to_onehot: 4]
[top_k: 20]
[monotone_constraints: ]
[monotone_constraints_method: basic]
[monotone_penalty: 0]
[feature_contri: ]
[forcedsplits_filename: ]
[refit_decay_rate: 0.9]
[cegb_tradeoff: 1]
[cegb_penalty_split: 0]
[cegb_penalty_feature_lazy: ]
[cegb_penalty_feature_coupled: ]
[path_smooth: 0]
[interaction_constraints: ]
[verbosity: -1]
[saved_feature_importance_type: 0]
[use_quantized_grad: 0]
[num_grad_quant_bins: 4]
[quant_train_renew_leaf: 0]
[stochastic_rounding: 1]
[linear_tree: 0]
[max_bin: 255]
[max_bin_by_feature: ]
[min_data_in_bin: 3]
[bin_construct_sample_cnt: 200000]
[data_random_seed: 175]
[is_enable_sparse: 1]
[enable_bundle: 1]
[use_missing: 1]
[zero_as_missing: 0]
[feature_pre_filter: 1]
[pre_partition: 0]
[two_round: 0]
[header: 0]
[label_column: ]
[weight_column: ]
[group_column: ]
[ignore_column: ]
[categorical_feature: ]
[forcedbins_filename: ]
[precise_float_parser: 0]
[parser_config_file: ]
[objective_seed: 16083]
[num_class: 1]
[is_unbalance: 0]
[scale_pos_weight: 1]
[sigmoid: 1]
[boost_from_average: 1]
[reg_sqrt: 0]
[alpha: 0.9]
[fair_c: 1]
[poisson_max_delta_step: 0.7]
[tweedie_variance_power: 1.5]
[lambdarank_truncation_level: 30]
[lambdarank_norm: 1]
[label_gain: ]
[lambdarank_position_bias_regularization: 0]
[eval_at: ]
[multi_error_top_k: 1]
[auc_mu_weights: ]
[num_machines: 1]
[local_listen_port: 12400]
[time_out: 120]
[machine_list_filename: ]
[machines: ]
[gpu_platform_id: -1]
[gpu_device_id: -1]
[gpu_device_id_list: ]
[gpu_use_dp: 0]
[num_gpu: 1]

end of parameters

pandas_categorical:null
