tree
version=v4
num_class=1
num_tree_per_iteration=1
label_index=0
max_feature_idx=258
objective=regression
feature_names=Column_0 Column_1 Column_2 Column_3 Column_4 Column_5 Column_6 Column_7 Column_8 Column_9 Column_10 Column_11 Column_12 Column_13 Column_14 Column_15 Column_16 Column_17 Column_18 Column_19 Column_20 Column_21 Column_22 Column_23 Column_24 Column_25 Column_26 Column_27 Column_28 Column_29 Column_30 Column_31 Column_32 Column_33 Column_34 Column_35 Column_36 Column_37 Column_38 Column_39 Column_40 Column_41 Column_42 Column_43 Column_44 Column_45 Column_46 Column_47 Column_48 Column_49 Column_50 Column_51 Column_52 Column_53 Column_54 Column_55 Column_56 Column_57 Column_58 Column_59 Column_60 Column_61 Column_62 Column_63 Column_64 Column_65 Column_66 Column_67 Column_68 Column_69 Column_70 Column_71 Column_72 Column_73 Column_74 Column_75 Column_76 Column_77 Column_78 Column_79 Column_80 Column_81 Column_82 Column_83 Column_84 Column_85 Column_86 Column_87 Column_88 Column_89 Column_90 Column_91 Column_92 Column_93 Column_94 Column_95 Column_96 Column_97 Column_98 Column_99 Column_100 Column_101 Column_102 Column_103 Column_104 Column_105 Column_106 Column_107 Column_108 Column_109 Column_110 Column_111 Column_112 Column_113 Column_114 Column_115 Column_116 Column_117 Column_118 Column_119 Column_120 Column_121 Column_122 Column_123 Column_124 Column_125 Column_126 Column_127 Column_128 Column_129 Column_130 Column_131 Column_132 Column_133 Column_134 Column_135 Column_136 Column_137 Column_138 Column_139 Column_140 Column_141 Column_142 Column_143 Column_144 Column_145 Column_146 Column_147 Column_148 Column_149 Column_150 Column_151 Column_152 Column_153 Column_154 Column_155 Column_156 Column_157 Column_158 Column_159 Column_160 Column_161 Column_162 Column_163 Column_164 Column_165 Column_166 Column_167 Column_168 Column_169 Column_170 Column_171 Column_172 Column_173 Column_174 Column_175 Column_176 Column_177 Column_178 Column_179 Column_180 Column_181 Column_182 Column_183 Column_184 Column_185 Column_186 Column_187 Column_188 Column_189 Column_190 Column_191 Column_192 Column_193 Column_194 Column_195 Column_196 Column_197 Column_198 Column_199 Column_200 Column_201 Column_202 Column_203 Column_204 Column_205 Column_206 Column_207 Column_208 Column_209 Column_210 Column_211 Column_212 Column_213 Column_214 Column_215 Column_216 Column_217 Column_218 Column_219 Column_220 Column_221 Column_222 Column_223 Column_224 Column_225 Column_226 Column_227 Column_228 Column_229 Column_230 Column_231 Column_232 Column_233 Column_234 Column_235 Column_236 Column_237 Column_238 Column_239 Column_240 Column_241 Column_242 Column_243 Column_244 Column_245 Column_246 Column_247 Column_248 Column_249 Column_250 Column_251 Column_252 Column_253 Column_254 Column_255 Column_256 Column_257 Column_258
feature_infos=[-7335:7990] [-7053.5:8007.5] [-7810:7725] [-7425.5:7800] [-9872.48046875:5434.02978515625] [82.652725219726562:1102.033447265625] [-7814.51416015625:7580.662109375] [-7424.5:7797.5] [-7005:7877.5] [-7899.5:7469.5] [-7287.5:7742.5] [-9787.0546875:5406.80517578125] [82.652725219726562:1102.033447265625] [-7760.921875:7469.01123046875] [-7290:7740] [-7037.5:7820] [-7655:7442.5] [-7320:7610] [-9753.3798828125:5379.080078125] [82.652725219726562:1102.033447265625] [-7720.837890625:7346.146484375] [-7322.5:7610] [-6615:7752.5] [-7546:7385] [-6735:7552.5] [-9714.48046875:5349.22998046875] [82.652725219726562:1102.033447265625] [-7625.080078125:7280.58740234375] [-6737.5:7552.5] [-6519.5:7797.5] [-7165:7172.5] [-6804.5:7510] [-9666.8798828125:5387.375] [82.652725219726562:1102.033447265625] [-7516.4365234375:7296.89794921875] [-6803.5:7510] [-6477.5:7782.5] [-7278.5:7245] [-6849.5:7405] [-9615.0048828125:5454.7001953125] [82.652725219726562:1102.033447265625] [-7384.26025390625:7306.72509765625] [-6848.5:7397.5] [-6477:7567.5] [-7323.5:6992.5] [-6849:7262.5] [-9566.6298828125:5507.2001953125] [82.652725219726562:1102.033447265625] [-7282.9638671875:7282.25048828125] [-6848:7260] [-6218.5:7537.5] [-7323:6932] [-6529.5:7322.5] [-9514.2548828125:5555.375] [82.652725219726562:1102.033447265625] [-7187.46728515625:7255.9091796875] [-6530:7322.5] [-6408.5:7610] [-6711:6925] [-6485:7382.5] [-9460.4052734375:5595.22509765625] [82.652725219726562:1102.033447265625] [-7077.015625:7267.41748046875] [-6487:7382.5] [-6313.5:7670] [-6722.5:6985] [-6594.5:7157.5] [-9407.955078125:5626.2001953125] [82.652725219726562:1102.033447265625] [-6955.01416015625:7257.42529296875] [-6596.5:7155] [-6385:7365] [-6832:6862.5] [-6614:7050] [-9355.6796875:5658.64990234375] [82.652725219726562:1102.033447265625] [-6810.4677734375:7238.568359375] [-6616:7052.5] [-6443.5:7085] [-6851.5:6018] [-6724.5:6254] [-9310.330078125:5689.4501953125] [82.652725219726562:1102.033447265625] [-6708.60693359375:7068.92578125] [-6726.5:6249] [-6528.5:6455] [-6962:5960] [-6733:6245] [-9260.10546875:5714.2001953125] [82.652725219726562:1102.033447265625] [-6601.2333984375:6872.65966796875] [-6732.5:6245] [-6638:6392.5] [-6849.5:5930] [-6686.5:6127.5] [-9207.3046875:5733.02490234375] [82.652725219726562:1102.033447265625] [-6481.3486328125:6584.0087890625] [-6685:6125] [-6657.5:6217.5] [-6919.5:5585] [-6797:5827.5] [-9155.48046875:5743.375] [82.652725219726562:1102.033447265625] [-6377.81689453125:6349.78076171875] [-6795.5:5827.5] [-6768:6520] [-6950:5465.5] [-6813.5:6182.5] [-9105.10546875:5758.375] [82.652725219726562:1102.033447265625] [-6301.197265625:6144.11865234375] [-6811:6182.5] [-6565.5:6505] [-7070.5:5785] [-6585:6127.5] [-9043.60546875:5768.2998046875] [82.652725219726562:1102.033447265625] [-6176.08837890625:6029.22509765625] [-6585.5:6125] [-6506.5:6447.5] [-6931:5727.5] [-6695.5:6070] [-8999.580078125:5780.1748046875] [82.652725219726562:1102.033447265625] [-6157.8076171875:6004.75048828125] [-6696:6062.5] [-6585.5:6232.5] [-6961:5657.5] [-6792.5:5750] [-8949.580078125:5794.875] [82.652725219726562:1102.033447265625] [-6134.52587890625:5978.4091796875] [-6792:5750] [-6695:6122.5] [-7144.5:5507.5] [-6812:6105] [-8897.830078125:5810.4248046875] [82.652725219726562:1102.033447265625] [-6177.88720703125:5989.91748046875] [-6811.5:6105] [-6714.5:6392.5] [-7091:5707.5] [-6922.5:6047.5] [-8848.8798828125:5814.7998046875] [82.652725219726562:1102.033447265625] [-6245.5791015625:5979.92529296875] [-6922:6047.5] [-6825:6335] [-7149.5:5650] [-6848:5822.5] [-8799.48046875:5814.4501953125] [82.652725219726562:1102.033447265625] [-6300.3447265625:5961.068359375] [-6847.5:5820] [-6590:6030] [-7169:5527.5] [-6790.5:5715] [-8748.080078125:5814.3251953125] [82.652725219726562:1102.033447265625] [-6341.1767578125:5903.568359375] [-6789.5:5717.5] [-6700.5:5752.5] [-7279.5:5177.5] [-6900:5355] [-8694.60546875:5814.580078125] [82.652725219726562:1102.033447265625] [-6390.615234375:5733.92578125] [-6899:5355] [-6547.5:5642.5] [-7374:4980] [-6919.5:5495] [-8641.5302734375:5817.77978515625] [82.652725219726562:1102.033447265625] [-6417.51416015625:5537.65966796875] [-6918.5:5495] [-6658:5782.5] [-7393.5:5097.5] [-7030:5567.5] [-8590.8798828125:5817.35498046875] [82.652725219726562:1102.033447265625] [-6473.19482421875:5452.41748046875] [-7029:5567.5] [-5679.5:5855] [-7504:5170] [-6051.5:5342.5] [-8541.23046875:5806.52978515625] [82.652725219726562:1102.033447265625] [-6400.44970703125:5442.42529296875] [-6050.5:5340] [-5404.5:5550] [-6525.5:5047.5] [-5776.5:5235] [-8489.5546875:5794.580078125] [82.652725219726562:1102.033447265625] [-5992.13623046875:5423.568359375] [-5775.5:5237.5] [-5280.5:5270] [-6250.5:4462.5] [-5652.5:4650] [-8427.6298828125:5797.77978515625] [82.652725219726562:1102.033447265625] [-5696.03271484375:5253.92578125] [-5651.5:4652.5] [-4759.5:4727.5] [-6126.5:4225] [-5013.5:4412.5] [-8351.0048828125:5797.35498046875] [82.652725219726562:1102.033447265625] [-5424.21142578125:5057.65966796875] [-5013:4415] [-4916:4447.5] [-5292:3440] [-4939:3627.5] [-8272.8798828125:5786.52978515625] [82.652725219726562:1102.033447265625] [-5107.55615234375:4769.0087890625] [-4938.5:3630] [-4717:3702.5] [-5309:3087.5] [-5089:3685] [-8187.2548828125:5759.30517578125] [82.652725219726562:1102.033447265625] [-4842.7783203125:4534.78076171875] [-5088:3685] [-4791.5:3972.5] [-5563:3287.5] [-4976:3460] [-8102.705078125:5731.580078125] [82.652725219726562:1102.033447265625] [-4603.61669921875:4329.11865234375] [-4975.5:3457.5] [-4527:3667.5] [-5180.5:3165] [-4777.5:3352.5] [-8012.77978515625:5701.72998046875] [82.652725219726562:1102.033447265625] [-4508.51416015625:4081.698974609375] [-4776.5:3355] [-4749:4182.5] [-5240:1952.5] [-5121:2140] [-7912.80517578125:5669.77978515625] [82.652725219726562:1102.033447265625] [-4564.19482421875:3785.408203125] [-5120:2142.5] [-2419.5:3979.5] [-5595:1510] [-3764:1971] [-7813.47998046875:5632.10498046875] [82.652725219726562:1102.033447265625] [-4491.44970703125:3494.4619140625] [-3759:2008] [0:3450.5] [-4277:0] none [-7700.93017578125:5575.6298828125] [82.652725219726562:1102.033447265625] [-4083.135986328125:3176.78369140625]
tree_sizes=2811 2835 2827 2838 2823 2836 2851 2797 2849

Tree=0
num_leaves=31
num_cat=0
split_feature=145 5 4 61 17 43 180 257 232 166 59 75 239 206 52 236 173 241 253 5 241 253 115 254 183 226 96 133 48 222
split_gain=4.08252e+06 5.89626e+06 7.53146e+06 3.78899e+06 3.07659e+06 2.8524e+06 2.46676e+06 2.37813e+06 2.16182e+06 2.06946e+06 5.31477e+06 3.64786e+06 3.69845e+06 2.78503e+06 2.51642e+06 3.43309e+06 3.55223e+06 3.28404e+06 2.39592e+06 2.46639e+06 2.19837e+06 2.39085e+06 1.94309e+06 1.88594e+06 1.67566e+06 2.59558e+06 1.47472e+06 1.70808e+06 1.46512e+06 1.60419e+06
threshold=756.37554931640636 598.85974121093761 1281.1724853515627 475.31204223632818 3161.2500000000005 645.25000000000011 411.96957397460943 551.05221557617199 1190.5000000000002 642.43734741210949 2357.7500000000005 697.99713134765636 433.25000000000006 -497.24999999999994 -3476.2499999999995 551.05221557617199 598.35256958007824 -120.74999999999999 96.750000000000014 757.00543212890636 206.75000000000003 49.750000000000007 -1100.2499999999998 -292.24999999999994 -1237.2499999999998 -754.24999999999989 349.96574401855474 -1397.9999999999998 1705.2595825195315 424.27502441406256
decision_type=2 2 2 2 2 2 2 2 2 2 2 2 2 2 2 2 2 2 2 2 2 2 2 2 2 2 2 2 2 2
left_child=3 -2 5 4 6 -3 7 22 24 10 13 12 -11 14 -5 17 -17 -16 -13 23 21 -15 26 -20 -8 -26 -1 -28 29 -24
right_child=1 2 -4 9 -6 -7 8 -9 -10 11 -12 18 -14 20 15 16 -18 -19 19 -21 -22 -23 28 -25 25 -27 27 -29 -30 -31
leaf_value=-0.21544878497688824 8.3897978443254146 -17.712799649872203 4.6839265729607966 -6.2494069948174724 20.900593615534092 -44.096906646130307 8.014343195917391 15.189504192831302 11.51453555908787 -19.250926856554287 31.231248373351676 -7.238265431319018 2.9575010379511788 12.354191713999983 2.4946480507058224 38.561388823858174 11.262612624757441 21.173888701036482 29.626843315126678 -1.7108651413895855 8.7972557354504328 -2.2433573223351466 1.3535095382925759 9.3693432232913754 -18.634966933100273 -3.0639420832123081 -18.946961323984716 -1.683288432909654 3.9084699246782608 11.773397215497408
leaf_weight=1154 33 21 24 20 20 20 30 31 26 37 21 23 38 33 82 22 26 33 20 24 103 187 21950 27 29 347 23 38 584 37
leaf_count=1154 33 21 24 20 20 20 30 31 26 37 21 23 38 33 82 22 26 33 20 24 103 187 21950 27 29 347 23 38 584 37
internal_value=1.36247 -8.82275 -17.5614 1.40245 1.29813 -30.5831 1.28197 1.34988 -2.46249 5.03982 6.58376 0.22526 -7.99866 5.56085 10.489 12.5428 23.7746 7.85478 6.7869 11.3303 2.76872 -0.053725 1.33185 17.9896 -3.35757 -4.2649 -0.615945 -8.19254 1.4367 1.37104
internal_weight=25063 98 65 24965 24269 41 24249 23817 432 696 527 169 75 506 183 163 48 115 94 71 323 220 23786 47 406 376 1215 61 22571 21987
internal_count=25063 98 65 24965 24269 41 24249 23817 432 696 527 169 75 506 183 163 48 115 94 71 323 220 23786 47 406 376 1215 61 22571 21987
is_linear=0
shrinkage=1


Tree=1
num_leaves=31
num_cat=0
split_feature=145 5 4 54 17 43 208 229 227 218 239 257 69 68 166 92 145 172 137 239 110 115 13 229 215 57 31 17 166 253
split_gain=3.68447e+06 5.32138e+06 6.79714e+06 3.4344e+06 2.77671e+06 2.57429e+06 2.42451e+06 5.26125e+06 3.54368e+06 3.43224e+06 2.81237e+06 3.57268e+06 4.34222e+06 3.99019e+06 3.57047e+06 3.35489e+06 2.27001e+06 2.00054e+06 1.96055e+06 3.11661e+06 1.9489e+06 2.19704e+06 1.7535e+06 1.59522e+06 1.58271e+06 3.05737e+06 1.60928e+06 1.65866e+06 1.51278e+06 1.58165e+06
threshold=756.37554931640636 598.85974121093761 1281.1724853515627 475.31204223632818 3161.2500000000005 645.25000000000011 523.07272338867199 497.39965820312506 -155.24999999999997 524.25000000000011 -785.24999999999989 598.35256958007824 781.29962158203136 551.34381103515636 642.43734741210949 161.25000000000003 388.34660339355474 1263.559997558594 491.97750854492193 232.25000000000003 339.41343688964849 -474.24999999999994 3231.0124511718755 274.88392639160162 270.59570312500006 -1455.2499999999998 -265.24999999999994 -424.74999999999994 523.07272338867199 630.50000000000011
decision_type=2 2 2 2 2 2 2 2 2 2 2 2 2 2 2 2 2 2 2 2 2 2 2 2 2 2 2 2 2 2
left_child=3 -2 5 4 16 -3 7 -5 -9 -10 -8 12 -12 -13 15 -15 17 23 19 -16 21 -18 -20 -1 25 -25 27 -27 29 -22
right_child=1 2 -4 6 -6 -7 10 8 9 -11 11 13 -14 14 18 -17 20 -19 22 -21 28 -23 -24 24 -26 26 -28 -29 -30 -31
leaf_value=0.0638344209215395 6.6759647932919597 -18.121502540225077 3.1553869942824049 3.0210121061668889 18.561220827102662 -43.186404161453254 -17.405948362350465 30.147445224313174 -4.0926395520567898 23.952963268160822 -0.65319766416180913 -13.456190241938053 -25.570555024147037 9.6510380654107966 -3.9864236831665041 33.407237407435545 -24.781784157525927 1.6424312516917654 -14.109473999686864 17.999099438786509 -3.6350601750717901 -3.0376990098219654 4.3773322911098083 12.272602459236429 -0.71026034801413895 -4.2152207398651447 -8.2826138419334328 7.35135614444048 4.8451102183145638 8.9926385365999675
leaf_weight=18293 33 21 24 233 20 20 20 34 24 20 139 23 20 42 27 23 21 1729 23 40 536 26 29 27 3134 151 198 39 68 26
leaf_count=18293 33 21 24 233 20 20 20 34 24 20 139 23 20 42 27 23 21 1729 23 40 536 26 29 27 3134 151 198 39 68 26
internal_value=-6.20848e-08 -9.67595 -17.9777 0.0379829 -0.061404 -30.3483 3.49841 6.78375 18.0237 8.65536 0.851421 1.84909 -3.78746 6.17861 8.63296 18.0571 -0.0767641 0.00522413 3.48534 9.13926 -2.93134 -12.7531 -3.79952 -0.124376 -1.09449 -3.99613 -5.12823 -1.84103 -2.1986 -3.05086
internal_weight=25063 98 65 24965 24268 41 697 311 78 44 386 366 159 207 184 65 24248 23571 119 67 677 47 52 21842 3549 415 388 190 630 562
internal_count=25063 98 65 24965 24268 41 697 311 78 44 386 366 159 207 184 65 24248 23571 119 67 677 47 52 21842 3549 415 388 190 630 562
is_linear=0
shrinkage=0.05


Tree=2
num_leaves=31
num_cat=0
split_feature=145 5 109 173 61 17 180 257 15 6 238 240 189 170 253 50 43 254 78 232 6 150 12 197 239 220 149 56 183 226
split_gain=3.32524e+06 4.80254e+06 6.15347e+06 4.08916e+06 3.1157e+06 2.50603e+06 2.14174e+06 2.14308e+06 1.93141e+06 4.44509e+06 2.8878e+06 2.10026e+06 2.74457e+06 4.79784e+06 2.67199e+06 2.54046e+06 3.94285e+06 2.33546e+06 1.93734e+06 1.90378e+06 1.86976e+06 1.8054e+06 1.77695e+06 1.61786e+06 1.52788e+06 2.63987e+06 1.53852e+06 2.24946e+06 1.48344e+06 2.33503e+06
threshold=756.37554931640636 598.85974121093761 2730.3349609375005 756.37554931640636 475.31204223632818 3161.2500000000005 411.96957397460943 551.05221557617199 -2707.2499999999995 -2973.9760742187495 -489.24999999999994 204.25000000000003 -835.74999999999989 -974.49999999999989 37.750000000000007 -655.24999999999989 -252.74999999999997 -85.249999999999986 -1146.4999999999998 1190.5000000000002 -2124.300903320312 -1552.9999999999998 642.48309326171886 -434.74999999999994 770.50000000000011 709.75000000000011 1217.2500000000002 1035.7500000000002 -1237.2499999999998 -754.24999999999989
decision_type=2 2 2 2 2 2 2 2 2 2 2 2 2 2 2 2 2 2 2 2 2 2 2 2 2 2 2 2 2 2
left_child=4 -2 3 -3 5 6 7 20 21 10 -10 12 15 -14 -15 18 -17 22 -11 28 -1 -6 -13 -12 25 26 27 -16 -8 -30
right_child=1 2 -4 -5 8 -7 19 -9 9 11 23 17 13 14 24 16 -18 -19 -20 -21 -22 -23 -24 -25 -26 -27 -28 -29 29 -31
leaf_value=-3.9101502570354079 6.3421664814154308 -44.826115798950198 3.7102081547612729 -13.587968878312545 -12.341830287045903 17.63315904736519 6.2976814635594689 13.128068351745606 1.4847059369087221 7.8176154708862304 30.639230238217863 8.8892562011192577 -18.51183123175587 14.941478569276871 0.84763504191758532 33.168351793289183 5.9785578396916392 -0.73915000730945224 -12.272494077682495 9.5541872143745419 0.02366923058056471 3.6059707805088586 28.262012870311736 13.883733539020316 -13.84431977748871 16.298143958052002 12.171703170537949 -10.466530696461437 -18.885572195464167 -4.116740385857371
leaf_weight=306 33 20 23 22 36 20 30 31 28 30 25 29 35 31 157 20 40 31 20 26 23480 35 20 34 20 24 20 61 29 347
leaf_count=306 33 20 23 22 36 20 30 31 28 30 25 29 35 31 157 20 40 31 20 26 23480 35 20 34 20 24 20 61 29 347
internal_value=-3.90089e-08 -9.19216 -17.0788 -28.4633 0.0360837 -0.0585096 -0.0731013 -0.00981578 3.33448 4.22224 14.708 2.52658 1.22092 -0.955186 1.00802 8.10534 15.0418 10.0014 -0.218428 -3.56216 -0.0269382 -4.48024 16.7965 20.9835 -0.523676 0.493167 -1.10061 -2.31826 -4.40212 -5.25583
internal_weight=25063 98 65 42 24965 24269 24249 23817 696 625 87 538 458 348 313 110 60 80 50 432 23786 71 49 59 282 262 238 218 406 376
internal_count=25063 98 65 42 24965 24269 24249 23817 696 625 87 538 458 348 313 110 60 80 50 432 23786 71 49 59 282 262 238 218 406 376
is_linear=0
shrinkage=0.05


Tree=3
num_leaves=31
num_cat=0
split_feature=145 5 4 54 43 17 208 229 227 218 239 257 69 79 166 4 124 229 257 239 232 186 229 215 1 180 48 85 29 226
split_gain=3.00102e+06 4.3343e+06 5.5744e+06 2.82557e+06 2.33129e+06 2.26177e+06 2.17756e+06 4.81541e+06 3.12292e+06 3.03384e+06 2.4756e+06 3.05061e+06 3.82836e+06 3.50613e+06 4.83585e+06 2.85242e+06 2.25389e+06 2.04433e+06 2.63293e+06 1.8638e+06 1.57084e+06 1.5706e+06 1.49709e+06 2.26718e+06 2.62983e+06 1.79643e+06 1.56822e+06 1.49568e+06 1.45829e+06 2.43573e+06
threshold=756.37554931640636 598.85974121093761 1281.1724853515627 475.31204223632818 645.25000000000011 3161.2500000000005 523.07272338867199 497.39965820312506 -155.24999999999997 524.25000000000011 -785.24999999999989 598.35256958007824 781.29962158203136 -2788.7499999999995 642.43734741210949 -1516.8475341796873 642.43734741210949 366.12072753906256 437.75964355468756 264.25000000000006 1190.5000000000002 1238.777526855469 282.50642395019537 270.59570312500006 169.25000000000003 306.37185668945318 -2035.9640502929685 2467.5000000000005 235.25000000000003 471.00000000000006
decision_type=2 2 2 2 2 2 2 2 2 2 2 2 2 2 2 2 2 2 2 2 2 2 2 2 2 2 2 2 2 2
left_child=3 -2 4 5 -3 17 7 -5 -9 -10 -8 12 -12 19 16 -16 -15 18 21 -13 27 22 25 24 -24 -1 -25 -19 -17 -30
right_child=1 2 -4 6 -6 -7 10 8 9 -11 11 13 -14 14 15 28 -18 20 -20 -21 -22 -23 23 26 -26 -27 -28 -29 29 -31
leaf_value=0.013889401629577117 6.0250578439596936 -15.792264375232515 2.9132246191302937 2.6867777301965869 -39.644827728271487 16.75150081396103 -16.464927541464569 28.42099242490881 -3.7401784121990205 22.627523300647738 -0.664986506629762 -17.392665724754334 -24.061584215164189 32.760683736434352 18.0278972699092 -11.662630405115046 10.43455309867859 -3.1968872719643677 17.720363324880601 1.7411617997714453 7.6459792703782261 1.4881580399465748 -1.5230783725486083 -7.4385453849680294 -12.433468437194826 5.9807349956411073 -0.53129277727883129 5.7777956153665277 11.447337562016079 -9.7839641072533361
leaf_weight=18680 33 21 24 233 20 20 20 34 24 20 139 20 20 26 26 23 20 883 21 35 38 1664 136 85 93 127 2472 49 35 22
leaf_count=18680 33 21 24 233 20 20 20 34 24 20 139 20 20 26 26 23 20 883 21 35 38 1664 136 85 93 127 2472 49 35 22
internal_value=3.96722e-08 -8.73255 -16.2249 0.0342796 -27.4277 -0.0558685 3.17304 6.28656 17.0397 8.24514 0.664475 1.60051 -3.60795 5.60121 9.51555 3.64051 23.0537 -0.0697313 0.023986 -5.21659 -2.31875 0.00800701 -0.106056 -1.18775 -5.95394 0.0541823 -0.760904 -2.72504 -1.03539 3.2528
internal_weight=25063 98 65 24965 41 24268 697 311 78 44 386 366 159 207 152 106 46 24248 23278 55 970 23257 21593 2786 229 18807 2557 932 80 57
internal_count=25063 98 65 24965 41 24268 697 311 78 44 386 366 159 207 152 106 46 24248 23278 55 970 23257 21593 2786 229 18807 2557 932 80 57
is_linear=0
shrinkage=0.05


Tree=4
num_leaves=31
num_cat=0
split_feature=145 5 4 61 232 17 145 124 180 205 226 113 206 240 93 92 1 183 17 204 10 206 225 254 149 143 113 172 149 88
split_gain=2.70842e+06 3.9117e+06 5.0309e+06 2.56829e+06 2.35769e+06 2.0413e+06 1.92311e+06 1.7707e+06 1.71891e+06 1.88864e+06 3.34698e+06 4.34156e+06 3.1277e+06 2.91043e+06 2.05273e+06 4.25553e+06 1.97203e+06 2.92766e+06 2.34255e+06 1.93262e+06 1.8603e+06 1.81605e+06 1.99616e+06 1.65948e+06 1.65495e+06 3.53414e+06 2.25205e+06 1.58786e+06 1.49916e+06 1.47435e+06
threshold=756.37554931640636 598.85974121093761 1281.1724853515627 475.31204223632818 520.25000000000011 3161.2500000000005 396.30473327636724 362.47964477539068 756.37554931640636 457.75000000000006 373.75000000000006 1517.2500000000002 -497.24999999999994 213.75000000000003 309.25000000000006 1.0000000180025095e-35 -1187.2499999999998 -779.74999999999989 -2558.7499999999995 -142.24999999999997 -807.74999999999989 90.250000000000014 447.25000000000006 -116.74999999999999 -912.74999999999989 -1030.7499999999998 -555.24999999999989 1263.559997558594 440.50000000000006 -2533.547485351562
decision_type=2 2 2 2 2 2 2 2 2 2 2 2 2 2 2 2 2 2 2 2 2 2 2 2 2 2 2 2 2 2
left_child=3 -2 4 5 -3 6 27 23 9 12 11 -11 14 19 15 16 17 18 -5 -14 -18 22 28 -8 25 29 -26 -1 -21 -9
right_child=1 2 -4 8 -6 -7 7 24 -10 10 -12 -13 13 -15 -16 -17 20 -19 -20 21 -22 -23 -24 -25 26 -27 -28 -29 -30 -31
leaf_value=-0.11228426800954978 5.7238053524132937 -38.342446517944339 2.767563071474433 -4.2096430878890194 -14.355164382571267 15.913925741910937 -20.225152884589303 4.7890898577372232 -8.6803901998202004 7.2079679596808646 1.5036907831827799 37.088073129653928 -13.041154463353912 12.019436075748542 -6.1263626246540639 25.283217744529249 -12.425019518534343 23.217459983661257 13.465086409852312 3.5693698468338697 4.9513352482817901 -5.1084954340626876 17.465446771894182 -3.510664330829274 -16.308154506068075 21.511157881129876 -2.3127924327458009 1.4507611862318646 -11.735661408901215 -9.0064162114087267
leaf_weight=21907 33 20 24 38 21 20 27 45 30 31 60 20 38 39 27 32 24 29 37 80 43 127 21 33 31 22 395 1755 20 34
leaf_count=21907 33 20 24 38 21 20 27 45 30 31 60 20 38 39 27 32 24 29 37 80 43 127 21 33 31 22 395 1755 20 34
internal_value=1.01847e-07 -8.29592 -15.4136 0.0325657 -26.0563 -0.0533169 -0.0664863 -2.89353 3.02723 3.5546 9.50838 18.9257 2.36384 -0.793766 6.82568 8.54836 5.4167 9.72642 4.50989 -2.54102 -1.27303 -0.93213 3.45133 -11.0322 -1.96692 3.78749 -3.33123 0.00364612 0.508364 -1.14822
internal_weight=25063 98 65 24965 41 24269 24249 587 696 666 111 51 555 325 230 203 171 104 75 286 67 248 121 60 527 101 426 23662 100 79
internal_count=25063 98 65 24965 41 24269 24249 587 696 666 111 51 555 325 230 203 171 104 75 286 67 248 121 60 527 101 426 23662 100 79
is_linear=0
shrinkage=0.05


Tree=5
num_leaves=31
num_cat=0
split_feature=145 5 109 173 61 17 180 257 115 15 6 238 211 138 254 189 170 247 19 50 43 78 150 232 197 183 226 85 173 145
split_gain=2.44435e+06 3.53031e+06 4.55368e+06 3.68554e+06 2.31788e+06 1.84228e+06 1.74624e+06 1.88967e+06 1.59715e+06 1.57641e+06 3.83928e+06 2.47828e+06 1.8194e+06 4.2678e+06 3.39162e+06 2.7891e+06 3.35232e+06 2.90144e+06 2.51054e+06 1.87483e+06 3.40049e+06 1.89487e+06 1.56591e+06 1.54236e+06 1.40445e+06 1.28045e+06 2.09516e+06 1.30544e+06 1.28871e+06 2.06417e+06
threshold=756.37554931640636 598.85974121093761 2730.3349609375005 756.37554931640636 475.31204223632818 3161.2500000000005 411.96957397460943 551.05221557617199 -1100.2499999999998 -2707.2499999999995 -2973.9760742187495 -489.24999999999994 902.75000000000011 697.67520141601574 -205.74999999999997 -835.74999999999989 -974.49999999999989 7.2500000000000009 598.85974121093761 -655.24999999999989 -252.74999999999997 -1146.4999999999998 -1552.9999999999998 1190.5000000000002 -434.74999999999994 -1237.2499999999998 -754.24999999999989 2206.7500000000005 455.34440612792974 455.34440612792974
decision_type=2 2 2 2 2 2 2 2 2 2 2 2 2 2 2 2 2 2 2 2 2 2 2 2 2 2 2 2 2 2
left_child=4 -2 3 -3 5 6 7 8 -1 22 11 -11 15 14 -14 19 -17 -18 -19 21 -21 -12 -6 25 -13 -8 -27 28 29 -28
right_child=1 2 -4 -5 9 -7 23 -9 -10 10 12 24 13 -15 -16 16 17 18 -20 20 -22 -23 -24 -25 -26 26 27 -29 -30 -31
leaf_value=-1.7880120541872804 5.4376148108280065 -39.970676765441901 3.2406582853068482 -10.314235847646541 -11.505844339066082 15.118230218887328 5.9711194022496548 12.330702333873319 0.072963530289813491 1.1730818420648574 7.9595218956470495 28.232857559204106 28.765299305549036 -7.4471442713881988 6.8499699514562442 -15.752473302852167 -2.5422527724353401 -0.17706116766765201 20.812944384983609 30.218840417861941 4.9682510536909108 -11.659211502075195 3.346586253983634 8.5922146595441387 12.621544486985488 -17.673539335974333 -5.296004493700134 5.6211528863976987 -1.1965153550768233 -20.603314744509184
leaf_weight=1215 33 20 23 22 36 20 30 31 22571 28 32 25 26 33 55 38 217 29 28 20 40 20 35 26 34 29 144 34 143 26
leaf_count=1215 33 20 23 22 36 20 30 31 22571 28 32 25 26 33 55 38 217 29 28 20 40 20 35 26 34 29 144 34 143 26
internal_value=-2.55421e-08 -7.88113 -14.6429 -24.4364 0.0309373 -0.0506512 -0.0631621 -0.00601768 -0.022096 2.87587 3.67789 13.423 2.10201 7.70956 13.8845 0.594321 -1.83537 0.0947402 10.1338 7.36274 13.3851 0.413855 -4.18422 -3.21365 19.2365 -3.96969 -4.76284 -3.68384 -4.69461 -7.63712
internal_weight=25063 98 65 42 24965 24269 24249 23817 23786 696 625 87 538 114 81 424 312 274 57 112 60 52 71 432 59 406 376 347 313 170
internal_count=25063 98 65 42 24965 24269 24249 23817 23786 696 625 87 538 114 81 424 312 274 57 112 60 52 71 432 59 406 376 347 313 170
is_linear=0
shrinkage=0.05


Tree=6
num_leaves=31
num_cat=0
split_feature=152 114 243 6 243 72 65 0 232 229 85 75 54 229 257 189 117 247 236 220 247 246 191 181 218 189 254 222 48 44
split_gain=2.26084e+06 4.1969e+06 2.32951e+06 2.24574e+06 1.91765e+06 1.90514e+06 3.44128e+06 2.21308e+06 2.1123e+06 1.74037e+06 1.48339e+06 2.44988e+06 1.53704e+06 2.21008e+06 3.11217e+06 1.87416e+06 3.48649e+06 2.04085e+06 3.25583e+06 3.14278e+06 1.62729e+06 1.95008e+06 1.83857e+06 1.97919e+06 1.79742e+06 2.84957e+06 1.53342e+06 1.32539e+06 1.31468e+06 1.50397e+06
threshold=756.37554931640636 1590.5000000000002 756.37554931640636 -4368.5402832031241 697.67520141601574 2125.0000000000005 2153.7500000000005 3155.5000000000005 1416.7500000000002 388.34660339355474 -2939.9999999999995 455.67280578613287 475.31204223632818 366.12072753906256 424.42092895507818 -835.74999999999989 475.18203735351568 -783.24999999999989 551.05221557617199 -704.49999999999989 -78.249999999999986 106.75000000000001 28.750000000000004 161.90415954589847 524.25000000000011 432.75000000000006 -12.749999999999998 697.67520141601574 1705.2595825195315 962.75000000000011
decision_type=2 2 2 2 2 2 2 2 2 2 2 2 2 2 2 2 2 2 2 2 2 2 2 2 2 2 2 2 2 2
left_child=2 4 5 -4 -2 7 -7 8 10 -10 11 -1 13 14 28 16 -14 -18 -19 -20 21 22 23 -17 -22 -26 27 -15 -12 -30
right_child=1 -3 3 -5 -6 6 -8 -9 9 -11 12 -13 15 26 -16 20 17 18 19 -21 24 -23 -24 -25 25 -27 -28 -29 29 -31
leaf_value=-21.66037543160575 9.1417549754011223 -22.791201409216853 -3.2174297428131107 17.679250493314534 -7.9309293100708418 22.597280615329744 2.2055878517031671 -14.075542608329229 1.3823018809159597 20.851717019081118 -0.050986816493663427 -0.058422014628137869 23.212617158889771 -2.7099029351310229 18.816619084098122 3.2273069186343086 -6.7630310549455537 -0.8312179704411673 32.23082589626312 4.845029440793124 -0.49880038140571287 -5.94841944182566 12.332218302620783 -13.352423951526484 25.153885078430179 3.8202921020741365 6.7596125141495751 -15.435137176513672 12.953477316191703 1.8650245454430365
leaf_weight=21 29 31 20 36 38 25 120 28 24 22 22738 35 28 799 22 72 34 52 20 22 73 129 36 24 23 49 42 21 33 417
leaf_count=21 29 31 20 36 38 25 120 28 24 22 22738 35 28 799 22 72 34 52 20 22 73 129 36 24 23 49 42 21 33 417
internal_value=-7.04549e-08 -7.57951 0.0297533 10.2162 -0.54126 0.00685236 5.7214 -0.0266079 -0.0107051 10.6938 -0.0306486 -8.15915 -0.0121703 -0.0725174 0.0198107 2.57266 7.23073 3.73469 7.53174 17.8859 0.782864 -1.57655 2.69597 -0.917626 5.0298 10.6352 -2.55852 -3.03579 0.00197696 2.67818
internal_weight=25063 98 24965 56 67 24909 145 24764 24736 46 24690 56 24634 24072 23210 562 156 128 94 42 406 261 132 96 145 72 862 820 23188 450
internal_count=25063 98 24965 56 67 24909 145 24764 24736 46 24690 56 24634 24072 23210 562 156 128 94 42 406 261 132 96 145 72 862 820 23188 450
is_linear=0
shrinkage=0.05


Tree=7
num_leaves=31
num_cat=0
split_feature=145 5 4 43 61 17 145 124 166 65 75 68 70 15 154 148 197 236 139 253 5 204 6 33 212 226 254 12 240 254
split_gain=2.05418e+06 2.978e+06 4.24257e+06 2.11737e+06 1.92813e+06 1.6596e+06 1.56613e+06 1.58317e+06 1.5004e+06 4.17653e+06 2.70356e+06 2.91023e+06 2.48042e+06 2.32209e+06 2.55533e+06 3.98042e+06 2.27608e+06 2.00026e+06 1.93751e+06 1.87591e+06 1.98181e+06 1.73497e+06 1.67351e+06 1.53187e+06 1.49156e+06 1.55459e+06 1.47638e+06 1.42203e+06 1.41993e+06 1.38565e+06
threshold=756.37554931640636 598.85974121093761 1281.1724853515627 645.25000000000011 475.31204223632818 3161.2500000000005 396.30473327636724 362.47964477539068 642.43734741210949 1949.2500000000002 697.99713134765636 642.48309326171886 151.25000000000003 -2707.2499999999995 -783.24999999999989 -1284.7499999999998 -519.24999999999989 551.05221557617199 109.4411087036133 96.750000000000014 757.00543212890636 -32.249999999999993 -1853.329406738281 551.34381103515636 -1196.2499999999998 -780.74999999999989 -116.74999999999999 523.24734497070324 18.750000000000004 -292.24999999999994
decision_type=2 2 2 2 2 2 2 2 2 2 2 2 2 2 2 2 2 2 2 2 2 2 2 2 2 2 2 2 2 2
left_child=4 -2 3 -3 5 6 -1 26 9 12 11 -10 13 27 15 17 -17 -15 22 -12 29 -14 -16 -23 -9 -26 -8 -6 -25 -21
right_child=1 2 -4 -5 8 -7 7 24 10 -11 19 -13 21 14 18 16 -18 -19 -20 20 -22 23 -24 28 25 -27 -28 -29 -30 -31
leaf_value=0.005362475503353701 5.0078267039674706 -12.119763253983997 3.2608827392260231 -34.851678199768067 5.6134810220627562 14.351150975227355 -18.975742414262562 8.9071096072273885 -1.5918384053707122 23.092448573642308 -8.2377003752666962 -22.485257694244385 -13.10045398235321 -0.34541010238506176 7.1901639668308963 33.807834854125979 12.870888288815818 16.322319871407966 13.919957260162599 24.137089233398441 -3.4973644276460014 -4.9604914473063912 -4.6300687536016687 0.26175329990876028 -15.391128821806475 -1.7949092762599765 -3.2102963050206506 -11.237881837785245 16.148131426897915 6.7731204708969148
leaf_weight=23662 33 21 24 20 21 20 27 31 50 27 23 25 30 54 49 25 27 27 31 20 24 67 77 39 22 474 33 31 22 27
leaf_count=23662 33 21 24 20 21 20 27 31 50 27 23 25 30 54 49 25 27 27 31 20 24 67 77 39 22 474 33 31 22 27
internal_value=2.84925e-08 -7.22479 -13.4352 -23.2085 0.0283609 -0.0460524 -0.0579269 -2.60912 2.6231 3.93774 -1.4764 -8.55631 2.90338 5.29705 7.04166 12.1411 22.9367 5.2105 2.72179 4.17247 8.19267 -2.27784 -0.0333116 0.258706 -1.73296 -2.39797 -10.3047 -4.43252 5.99127 14.162
internal_weight=25063 98 65 41 24965 24269 24249 587 696 527 169 75 500 342 290 133 52 81 157 94 71 158 126 128 527 496 60 52 61 47
internal_count=25063 98 65 41 24965 24269 24249 587 696 527 169 75 500 342 290 133 52 81 157 94 71 158 126 128 527 496 60 52 61 47
is_linear=0
shrinkage=0.05


Tree=8
num_leaves=31
num_cat=0
split_feature=152 114 243 6 243 72 65 0 232 229 120 185 82 85 215 218 236 171 92 93 26 247 191 201 229 6 93 208 181 178
split_gain=1.88698e+06 3.62853e+06 2.08313e+06 2.03988e+06 1.71376e+06 1.64854e+06 3.09926e+06 1.97688e+06 1.88584e+06 1.54989e+06 1.41378e+06 2.76238e+06 1.87927e+06 2.85394e+06 2.53247e+06 2.02592e+06 2.17262e+06 1.64679e+06 1.44604e+06 2.16781e+06 1.29246e+06 2.22337e+06 1.23011e+06 1.21189e+06 2.14113e+06 1.8278e+06 3.73599e+06 1.89782e+06 1.71642e+06 1.75979e+06
threshold=756.37554931640636 1590.5000000000002 756.37554931640636 -4368.5402832031241 697.67520141601574 2125.0000000000005 2153.7500000000005 3155.5000000000005 1416.7500000000002 388.34660339355474 -1145.7499999999998 -74.749999999999986 455.67280578613287 -2939.9999999999995 642.43734741210949 -705.74999999999989 551.05221557617199 -579.24999999999989 -1250.4999999999998 -1427.9999999999998 642.48309326171886 -40.249999999999993 -1299.7499999999998 551.05221557617199 497.39965820312506 -1356.2621459960935 -615.24999999999989 497.39965820312506 765.94436645507824 65.250000000000014
decision_type=2 2 2 2 2 2 2 2 2 2 2 2 2 2 2 2 2 2 2 2 2 2 2 2 2 2 2 2 2 2
left_child=2 4 5 -4 -2 7 -7 8 10 -10 11 12 13 -1 15 16 -14 -13 -15 -20 23 22 -22 24 -12 -26 -27 -28 29 -25
right_child=1 -3 3 -5 -6 6 -8 -9 9 -11 20 17 14 18 -16 -17 -18 -19 19 -21 21 -23 -24 28 25 26 27 -29 -30 -31
leaf_value=-20.52078034537179 8.7735842026513193 -21.068740115627165 -3.1432480144500734 16.772667838136353 -7.3659628968489805 21.336640419006347 1.9847889804840086 -13.303670491491046 1.3166691273450852 19.689793368903075 0.010588305500738937 -24.255492663979531 5.7980131800969446 0.0080776190648804303 -9.2475068000055138 1.6800392889976501 26.766978418259399 -6.2700572671634811 -12.472306536382703 -2.0936009744458861 12.436551572084428 17.558139147077288 -1.5804186359047891 -0.98981479178456699 17.460288129647573 -14.105625019902769 20.496980782349908 2.5374118710819045 3.6853713410931661 -16.291649827503022
leaf_weight=21 29 31 20 36 38 25 120 28 24 22 23411 20 30 424 31 80 21 35 67 202 20 28 72 34 30 23 24 38 37 42
leaf_count=21 29 31 20 36 38 25 120 28 24 22 23411 20 30 424 31 80 21 35 67 202 20 28 72 34 30 23 24 38 37 42
internal_value=-4.66394e-08 -6.92453 0.0271822 9.65984 -0.380189 0.00552617 5.32132 -0.0255992 -0.0105691 10.1038 -0.0294132 -1.94076 -1.25832 -2.36143 3.60356 6.64466 14.4323 -12.8102 -1.81115 -4.67863 0.0454832 5.22141 1.46675 0.0192084 0.0440199 6.84981 3.10494 9.4895 -5.14641 -9.44609
internal_weight=25063 98 24965 56 67 24909 145 24764 24736 46 24690 931 876 714 162 131 51 55 693 269 23759 120 92 23639 23526 115 85 62 113 76
internal_count=25063 98 24965 56 67 24909 145 24764 24736 46 24690 931 876 714 162 131 51 55 693 269 23759 120 92 23639 23526 115 85 62 113 76
is_linear=0
shrinkage=0.05


end of trees

feature_importances:
Column_145=11
Column_5=9
Column_17=9
Column_229=9
Column_6=7
Column_232=7
Column_254=7
Column_257=7
Column_4=6
Column_43=6
Column_226=6
Column_239=6
Column_61=5
Column_166=5
Column_180=5
Column_253=5
Column_85=4
Column_173=4
Column_183=4
Column_189=4
Column_218=4
Column_236=4
Column_243=4
Column_247=4
Column_15=3
Column_48=3
Column_54=3
Column_65=3
Column_75=3
Column_92=3
Column_93=3
Column_115=3
Column_124=3
Column_149=3
Column_197=3
Column_206=3
Column_208=3
Column_215=3
Column_240=3
Column_0=2
Column_1=2
Column_12=2
Column_50=2
Column_68=2
Column_69=2
Column_72=2
Column_78=2
Column_109=2
Column_113=2
Column_114=2
Column_150=2
Column_152=2
Column_170=2
Column_172=2
Column_181=2
Column_191=2
Column_204=2
Column_220=2
Column_222=2
Column_227=2
Column_238=2
Column_241=2
Column_10=1
Column_13=1
Column_19=1
Column_26=1
Column_29=1
Column_31=1
Column_33=1
Column_44=1
Column_52=1
Column_56=1
Column_57=1
Column_59=1
Column_70=1
Column_79=1
Column_82=1
Column_88=1
Column_96=1
Column_110=1
Column_117=1
Column_120=1
Column_133=1
Column_137=1
Column_138=1
Column_139=1
Column_143=1
Column_148=1
Column_154=1
Column_171=1
Column_178=1
Column_185=1
Column_186=1
Column_201=1
Column_205=1
Column_211=1
Column_212=1
Column_225=1
Column_246=1

parameters:
[boosting: gbdt]
[objective: regression]
[metric: l2]
[tree_learner: serial]
[device_type: cpu]
[data_sample_strategy: bagging]
[data: ]
[valid: ]
[num_iterations: 1000]
[learning_rate: 0.05]
[num_leaves: 31]
[num_threads: 0]
[seed: 42]
[deterministic: 1]
[force_col_wise: 0]
[force_row_wise: 0]
[histogram_pool_size: -1]
[max_depth: -1]
[min_data_in_leaf: 20]
[min_sum_hessian_in_leaf: 0.001]
[bagging_fraction: 1]
[pos_bagging_fraction: 1]
[neg_bagging_fraction: 1]
[bagging_freq: 0]
[bagging_seed: 400]
[bagging_by_query: 0]
[feature_fraction: 1]
[feature_fraction_bynode: 1]
[feature_fraction_seed: 30056]
[extra_trees: 0]
[extra_seed: 12879]
[early_stopping_round: 0]
[early_stopping_min_delta: 0]
[first_metric_only: 0]
[max_delta_step: 0]
[lambda_l1: 0]
[lambda_l2: 0]
[linear_lambda: 0]
[min_gain_to_split: 0]
[drop_rate: 0.1]
[max_drop: 50]
[skip_drop: 0.5]
[xgboost_dart_mode: 0]
[uniform_drop: 0]
[drop_seed: 17869]
[top_rate: 0.2]
[other_rate: 0.1]
[min_data_per_group: 100]
[max_cat_threshold: 32]
[cat_l2: 10]
[cat_smooth: 10]
[max_cat_to_onehot: 4]
[top_k: 20]
[monotone_constraints: ]
[monotone_constraints_method: basic]
[monotone_penalty: 0]
[feature_contri: ]
[forcedsplits_filename: ]
[refit_decay_rate: 0.9]
[cegb_tradeoff: 1]
[cegb_penalty_split: 0]
[cegb_penalty_feature_lazy: ]
[cegb_penalty_feature_coupled: ]
[path_smooth: 0]
[interaction_constraints: ]
[verbosity: -1]
[saved_feature_importance_type: 0]
[use_quantized_grad: 0]
[num_grad_quant_bins: 4]
[quant_train_renew_leaf: 0]
[stochastic_rounding: 1]
[linear_tree: 0]
[max_bin: 255]
[max_bin_by_feature: ]
[min_data_in_bin: 3]
[bin_construct_sample_cnt: 200000]
[data_random_seed: 175]
[is_enable_sparse: 1]
[enable_bundle: 1]
[use_missing: 1]
[zero_as_missing: 0]
[feature_pre_filter: 1]
[pre_partition: 0]
[two_round: 0]
[header: 0]
[label_column: ]
[weight_column: ]
[group_column: ]
[ignore_column: ]
[categorical_feature: ]
[forcedbins_filename: ]
[precise_float_parser: 0]
[parser_config_file: ]
[objective_seed: 16083]
[num_class: 1]
[is_unbalance: 0]
[scale_pos_weight: 1]
[sigmoid: 1]
[boost_from_average: 1]
[reg_sqrt: 0]
[alpha: 0.9]
[fair_c: 1]
[poisson_max_delta_step: 0.7]
[tweedie_variance_power: 1.5]
[lambdarank_truncation_level: 30]
[lambdarank_norm: 1]
[label_gain: ]
[lambdarank_position_bias_regularization: 0]
[eval_at: ]
[multi_error_top_k: 1]
[auc_mu_weights: ]
[num_machines: 1]
[local_listen_port: 12400]
[time_out: 120]
[machine_list_filename: ]
[machines: ]
[gpu_platform_id: -1]
[gpu_device_id: -1]
[gpu_device_id_list: ]
[gpu_use_dp: 0]
[num_gpu: 1]

end of parameters

pandas_categorical:null
