tree
version=v4
num_class=1
num_tree_per_iteration=1
label_index=0
max_feature_idx=258
objective=regression
feature_names=Column_0 Column_1 Column_2 Column_3 Column_4 Column_5 Column_6 Column_7 Column_8 Column_9 Column_10 Column_11 Column_12 Column_13 Column_14 Column_15 Column_16 Column_17 Column_18 Column_19 Column_20 Column_21 Column_22 Column_23 Column_24 Column_25 Column_26 Column_27 Column_28 Column_29 Column_30 Column_31 Column_32 Column_33 Column_34 Column_35 Column_36 Column_37 Column_38 Column_39 Column_40 Column_41 Column_42 Column_43 Column_44 Column_45 Column_46 Column_47 Column_48 Column_49 Column_50 Column_51 Column_52 Column_53 Column_54 Column_55 Column_56 Column_57 Column_58 Column_59 Column_60 Column_61 Column_62 Column_63 Column_64 Column_65 Column_66 Column_67 Column_68 Column_69 Column_70 Column_71 Column_72 Column_73 Column_74 Column_75 Column_76 Column_77 Column_78 Column_79 Column_80 Column_81 Column_82 Column_83 Column_84 Column_85 Column_86 Column_87 Column_88 Column_89 Column_90 Column_91 Column_92 Column_93 Column_94 Column_95 Column_96 Column_97 Column_98 Column_99 Column_100 Column_101 Column_102 Column_103 Column_104 Column_105 Column_106 Column_107 Column_108 Column_109 Column_110 Column_111 Column_112 Column_113 Column_114 Column_115 Column_116 Column_117 Column_118 Column_119 Column_120 Column_121 Column_122 Column_123 Column_124 Column_125 Column_126 Column_127 Column_128 Column_129 Column_130 Column_131 Column_132 Column_133 Column_134 Column_135 Column_136 Column_137 Column_138 Column_139 Column_140 Column_141 Column_142 Column_143 Column_144 Column_145 Column_146 Column_147 Column_148 Column_149 Column_150 Column_151 Column_152 Column_153 Column_154 Column_155 Column_156 Column_157 Column_158 Column_159 Column_160 Column_161 Column_162 Column_163 Column_164 Column_165 Column_166 Column_167 Column_168 Column_169 Column_170 Column_171 Column_172 Column_173 Column_174 Column_175 Column_176 Column_177 Column_178 Column_179 Column_180 Column_181 Column_182 Column_183 Column_184 Column_185 Column_186 Column_187 Column_188 Column_189 Column_190 Column_191 Column_192 Column_193 Column_194 Column_195 Column_196 Column_197 Column_198 Column_199 Column_200 Column_201 Column_202 Column_203 Column_204 Column_205 Column_206 Column_207 Column_208 Column_209 Column_210 Column_211 Column_212 Column_213 Column_214 Column_215 Column_216 Column_217 Column_218 Column_219 Column_220 Column_221 Column_222 Column_223 Column_224 Column_225 Column_226 Column_227 Column_228 Column_229 Column_230 Column_231 Column_232 Column_233 Column_234 Column_235 Column_236 Column_237 Column_238 Column_239 Column_240 Column_241 Column_242 Column_243 Column_244 Column_245 Column_246 Column_247 Column_248 Column_249 Column_250 Column_251 Column_252 Column_253 Column_254 Column_255 Column_256 Column_257 Column_258
feature_infos=[-7335:7990] [-7053.5:8007.5] [-7810:7725] [-7425.5:7800] [-9872.48046875:5434.02978515625] [82.652725219726562:1102.033447265625] [-7814.51416015625:7580.662109375] [-7424.5:7797.5] [-7005:7877.5] [-7899.5:7469.5] [-7287.5:7742.5] [-9787.0546875:5406.80517578125] [82.652725219726562:1102.033447265625] [-7760.921875:7469.01123046875] [-7290:7740] [-7037.5:7820] [-7655:7442.5] [-7320:7610] [-9753.3798828125:5379.080078125] [82.652725219726562:1102.033447265625] [-7720.837890625:7346.146484375] [-7322.5:7610] [-6615:7752.5] [-7546:7385] [-6735:7552.5] [-9714.48046875:5349.22998046875] [82.652725219726562:1102.033447265625] [-7625.080078125:7280.58740234375] [-6737.5:7552.5] [-6519.5:7797.5] [-7165:7172.5] [-6804.5:7510] [-9666.8798828125:5387.375] [82.652725219726562:1102.033447265625] [-7516.4365234375:7296.89794921875] [-6803.5:7510] [-6477.5:7782.5] [-7278.5:7245] [-6849.5:7405] [-9615.0048828125:5454.7001953125] [82.652725219726562:1102.033447265625] [-7384.26025390625:7306.72509765625] [-6848.5:7397.5] [-6477:7567.5] [-7323.5:6992.5] [-6849:7262.5] [-9566.6298828125:5507.2001953125] [82.652725219726562:1102.033447265625] [-7282.9638671875:7282.25048828125] [-6848:7260] [-6218.5:7537.5] [-7323:6932] [-6529.5:7322.5] [-9514.2548828125:5555.375] [82.652725219726562:1102.033447265625] [-7187.46728515625:7255.9091796875] [-6530:7322.5] [-6408.5:7610] [-6711:6925] [-6485:7382.5] [-9460.4052734375:5595.22509765625] [82.652725219726562:1102.033447265625] [-7077.015625:7267.41748046875] [-6487:7382.5] [-6313.5:7670] [-6722.5:6985] [-6594.5:7157.5] [-9407.955078125:5626.2001953125] [82.652725219726562:1102.033447265625] [-6955.01416015625:7257.42529296875] [-6596.5:7155] [-6385:7365] [-6832:6862.5] [-6614:7050] [-9355.6796875:5658.64990234375] [82.652725219726562:1102.033447265625] [-6810.4677734375:7238.568359375] [-6616:7052.5] [-6443.5:7085] [-6851.5:6018] [-6724.5:6254] [-9310.330078125:5689.4501953125] [82.652725219726562:1102.033447265625] [-6708.60693359375:7068.92578125] [-6726.5:6249] [-6528.5:6455] [-6962:5960] [-6733:6245] [-9260.10546875:5714.2001953125] [82.652725219726562:1102.033447265625] [-6601.2333984375:6872.65966796875] [-6732.5:6245] [-6638:6392.5] [-6849.5:5930] [-6686.5:6127.5] [-9207.3046875:5733.02490234375] [82.652725219726562:1102.033447265625] [-6481.3486328125:6584.0087890625] [-6685:6125] [-6657.5:6217.5] [-6919.5:5585] [-6797:5827.5] [-9155.48046875:5743.375] [82.652725219726562:1102.033447265625] [-6377.81689453125:6349.78076171875] [-6795.5:5827.5] [-6768:6520] [-6950:5465.5] [-6813.5:6182.5] [-9105.10546875:5758.375] [82.652725219726562:1102.033447265625] [-6301.197265625:6144.11865234375] [-6811:6182.5] [-6565.5:6505] [-7070.5:5785] [-6585:6127.5] [-9043.60546875:5768.2998046875] [82.652725219726562:1102.033447265625] [-6176.08837890625:6029.22509765625] [-6585.5:6125] [-6506.5:6447.5] [-6931:5727.5] [-6695.5:6070] [-8999.580078125:5780.1748046875] [82.652725219726562:1102.033447265625] [-6157.8076171875:6004.75048828125] [-6696:6062.5] [-6585.5:6232.5] [-6961:5657.5] [-6792.5:5750] [-8949.580078125:5794.875] [82.652725219726562:1102.033447265625] [-6134.52587890625:5978.4091796875] [-6792:5750] [-6695:6122.5] [-7144.5:5507.5] [-6812:6105] [-8897.830078125:5810.4248046875] [82.652725219726562:1102.033447265625] [-6177.88720703125:5989.91748046875] [-6811.5:6105] [-6714.5:6392.5] [-7091:5707.5] [-6922.5:6047.5] [-8848.8798828125:5814.7998046875] [82.652725219726562:1102.033447265625] [-6245.5791015625:5979.92529296875] [-6922:6047.5] [-6825:6335] [-7149.5:5650] [-6848:5822.5] [-8799.48046875:5814.4501953125] [82.652725219726562:1102.033447265625] [-6300.3447265625:5961.068359375] [-6847.5:5820] [-6590:6030] [-7169:5527.5] [-6790.5:5715] [-8748.080078125:5814.3251953125] [82.652725219726562:1102.033447265625] [-6341.1767578125:5903.568359375] [-6789.5:5717.5] [-6700.5:5752.5] [-7279.5:5177.5] [-6900:5355] [-8694.60546875:5814.580078125] [82.652725219726562:1102.033447265625] [-6390.615234375:5733.92578125] [-6899:5355] [-6547.5:5642.5] [-7374:4980] [-6919.5:5495] [-8641.5302734375:5817.77978515625] [82.652725219726562:1102.033447265625] [-6417.51416015625:5537.65966796875] [-6918.5:5495] [-6658:5782.5] [-7393.5:5097.5] [-7030:5567.5] [-8590.8798828125:5817.35498046875] [82.652725219726562:1102.033447265625] [-6473.19482421875:5452.41748046875] [-7029:5567.5] [-5679.5:5855] [-7504:5170] [-6051.5:5342.5] [-8541.23046875:5806.52978515625] [82.652725219726562:1102.033447265625] [-6400.44970703125:5442.42529296875] [-6050.5:5340] [-5404.5:5550] [-6525.5:5047.5] [-5776.5:5235] [-8489.5546875:5794.580078125] [82.652725219726562:1102.033447265625] [-5992.13623046875:5423.568359375] [-5775.5:5237.5] [-5280.5:5270] [-6250.5:4462.5] [-5652.5:4650] [-8427.6298828125:5797.77978515625] [82.652725219726562:1102.033447265625] [-5696.03271484375:5253.92578125] [-5651.5:4652.5] [-4759.5:4727.5] [-6126.5:4225] [-5013.5:4412.5] [-8351.0048828125:5797.35498046875] [82.652725219726562:1102.033447265625] [-5424.21142578125:5057.65966796875] [-5013:4415] [-4916:4447.5] [-5292:3440] [-4939:3627.5] [-8272.8798828125:5786.52978515625] [82.652725219726562:1102.033447265625] [-5107.55615234375:4769.0087890625] [-4938.5:3630] [-4717:3702.5] [-5309:3087.5] [-5089:3685] [-8187.2548828125:5759.30517578125] [82.652725219726562:1102.033447265625] [-4842.7783203125:4534.78076171875] [-5088:3685] [-4791.5:3972.5] [-5563:3287.5] [-4976:3460] [-8102.705078125:5731.580078125] [82.652725219726562:1102.033447265625] [-4603.61669921875:4329.11865234375] [-4975.5:3457.5] [-4527:3667.5] [-5180.5:3165] [-4777.5:3352.5] [-8012.77978515625:5701.72998046875] [82.652725219726562:1102.033447265625] [-4508.51416015625:4081.698974609375] [-4776.5:3355] [-4749:4182.5] [-5240:1952.5] [-5121:2140] [-7912.80517578125:5669.77978515625] [82.652725219726562:1102.033447265625] [-4564.19482421875:3785.408203125] [-5120:2142.5] [-2419.5:3979.5] [-5595:1510] [-3764:1971] [-7813.47998046875:5632.10498046875] [82.652725219726562:1102.033447265625] [-4491.44970703125:3494.4619140625] [-3759:2008] [0:3450.5] [-4277:0] none [-7700.93017578125:5575.6298828125] [82.652725219726562:1102.033447265625] [-4083.135986328125:3176.78369140625]
tree_sizes=2753 2754 2748 2793 2791 2745 2759 2733 2754 2775 2762

Tree=0
num_leaves=31
num_cat=0
split_feature=254 52 225 220 138 33 179 19 12 227 192 232 217 234 198 178 8 127 176 183 233 5 221 240 229 201 197 199 218 36
split_gain=1.23428e+06 3.82288e+06 1.90555e+06 1.77024e+06 1.19186e+06 1.81952e+06 2.76312e+06 861039 1.19376e+06 1.08079e+06 1.01885e+06 988620 1.30827e+06 1.33624e+06 1.75252e+06 1.30897e+06 1.2714e+06 1.4212e+06 1.2511e+06 1.30477e+06 901791 1.14665e+06 890790 870910 903100 773512 722112 765765 709410 1.13405e+06
threshold=-803.24999999999989 237.75000000000003 -1108.7499999999998 -888.74999999999989 756.37554931640636 642.48309326171886 3118.0600585937505 475.31204223632818 437.79225158691412 -1256.2499999999998 603.25000000000011 -663.74999999999989 -811.49999999999989 129.75000000000003 529.25000000000011 650.50000000000011 -2764.4999999999995 226.25000000000003 685.25000000000011 52.750000000000007 -588.74999999999989 642.48309326171886 -867.13497924804676 -370.24999999999994 523.07272338867199 642.43734741210949 -551.99999999999989 -283.74999999999994 375.75000000000006 -851.24999999999989
decision_type=2 2 2 2 2 2 2 2 2 2 2 2 2 2 2 2 2 2 2 2 2 2 2 2 2 2 2 2 2 2
left_child=1 2 -1 -4 7 -6 -7 8 9 -2 26 -9 20 14 16 18 -14 28 19 22 21 -13 -15 -19 -25 -17 -10 -28 29 -18
right_child=4 -3 3 -5 5 6 -8 11 10 -11 -12 12 13 15 -16 25 17 23 -20 -21 -22 -23 -24 24 -26 -27 27 -29 -30 -31
leaf_value=-10.414441873477179 -7.7538609768648561 25.804099602404957 18.24784988850725 -0.95631703460840123 3.8367783768299164 -19.896922878068423 2.9792132977230033 -5.4818124989282513 3.3696354020672268 0.68517336092488579 3.4240995687012377 -1.5408625060915093 -12.741241193545504 16.422537263635519 13.77201635444818 3.5274807066397438 -3.8054837798041876 1.4467969230481788 17.397314197084174 0.22633175599093358 14.741063970543948 12.655349716845873 3.1696352385802009 -3.4551156506321212 -15.122428061991544 -6.1720696546052283 -14.115946568147619 -4.6463661475880889 9.8656945293048324 5.6255702244439716
leaf_weight=24 38 20 20 30 35 33 22 37 21 23980 44 33 22 32 21 61 60 38 28 56 35 25 21 43 27 31 27 102 29 68
leaf_count=24 38 20 20 30 35 33 22 37 21 23980 44 33 22 32 21 61 60 38 28 56 35 25 21 43 27 31 27 102 29 68
internal_value=0.689842 6.40854 1.1665 6.72535 0.668313 -5.07521 -10.7465 0.68909 0.640268 0.671822 -3.26617 2.46131 2.92781 1.9796 -0.17103 4.87216 -1.19125 -0.232386 7.96995 5.54824 8.40293 4.57819 11.1714 -4.6472 -7.95536 0.259154 -5.22865 -6.62837 2.80455 1.20476
internal_weight=25063 94 74 50 24969 90 55 24879 24212 24018 194 667 630 537 308 229 287 265 137 109 93 58 53 108 70 92 150 129 157 128
internal_count=25063 94 74 50 24969 90 55 24879 24212 24018 194 667 630 537 308 229 287 265 137 109 93 58 53 108 70 92 150 129 157 128
is_linear=0
shrinkage=1


Tree=1
num_leaves=31
num_cat=0
split_feature=254 52 225 220 138 33 179 19 180 239 239 240 217 240 234 246 38 253 239 248 219 164 141 127 234 71 218 248 225 118
split_gain=1.11394e+06 3.45015e+06 1.71976e+06 1.59764e+06 1.07566e+06 1.64212e+06 2.49371e+06 777088 1.09829e+06 954038 946801 894337 821491 1.24677e+06 1.16559e+06 1.09137e+06 1.15371e+06 955068 931011 789530 780751 732509 751565 724239 791392 764383 722549 1.07178e+06 688856 686735
threshold=-803.24999999999989 237.75000000000003 -1108.7499999999998 -888.74999999999989 756.37554931640636 642.48309326171886 3118.0600585937505 475.31204223632818 411.96957397460943 -78.249999999999986 18.250000000000004 -1275.4999999999998 -811.49999999999989 186.25000000000003 -557.24999999999989 -155.24999999999997 2492.5000000000005 34.750000000000007 356.75000000000006 317.25000000000006 -931.74999999999989 -1317.2499999999998 1796.0000000000002 1363.0000000000002 135.25000000000003 -619.74999999999989 10.750000000000002 -273.24999999999994 15.750000000000002 1917.3045654296877
decision_type=2 2 2 2 2 2 2 2 2 2 2 2 2 2 2 2 2 2 2 2 2 2 2 2 2 2 2 2 2 2
left_child=1 2 -1 -4 7 -6 -7 8 29 26 -11 -9 14 15 -13 -14 17 -17 -16 -15 -19 -22 23 24 28 -26 27 -10 -23 -2
right_child=4 -3 3 -5 5 6 -8 11 9 10 -12 12 13 19 18 16 -18 20 -20 -21 21 22 -24 -25 25 -27 -28 -29 -30 -31
leaf_value=-10.549069881439209 -0.02442934409572501 23.858545113801956 16.68010768890381 -1.5638508508602778 2.9895894404820034 -19.557426354379366 2.174902967973189 -8.7305630111694352 -12.312365158081056 8.6816945151849225 -2.0459138761026949 -0.56265812363735468 8.2077756310764123 12.861597186326982 13.898978300297514 -10.368268421718053 -11.529814276487933 -8.7590725830623093 1.4362938317385587 3.0782721638679504 6.9706853161466888 2.7133658590061325 8.7302471876144416 -8.271618052985934 11.37907410470339 1.1151723957061768 -14.179009768366814 1.0176759882977133 -4.1885318663920845 3.2125066777070366
leaf_weight=24 23620 20 20 30 35 33 22 20 25 22 316 43 38 32 47 21 23 21 22 58 47 56 24 27 26 60 26 38 102 165
leaf_count=24 23620 20 20 30 35 33 22 20 25 22 316 43 38 32 47 21 23 21 22 58 47 56 24 27 26 60 26 38 102 165
internal_value=-8.3758e-08 5.43276 0.452824 5.73373 -0.0204526 -5.4768 -10.8645 -0.000714272 -0.0470949 -2.56043 -1.34767 1.68289 2.00479 1.18962 5.89872 0.104123 -0.652484 -0.000977078 9.92537 6.55679 0.598784 1.17339 0.249752 -0.501288 0.358543 4.21821 -7.1662 -4.27202 -1.74229 -0.00197425
internal_weight=25063 94 74 50 24969 90 55 24879 24212 427 338 667 647 535 112 445 407 384 69 90 363 342 295 271 244 86 89 63 158 23785
internal_count=25063 94 74 50 24969 90 55 24879 24212 427 338 667 647 535 112 445 407 384 69 90 363 342 295 271 244 86 89 63 158 23785
is_linear=0
shrinkage=0.05


Tree=2
num_leaves=31
num_cat=0
split_feature=227 254 227 138 54 179 31 47 94 257 253 233 226 236 192 197 253 47 211 232 252 213 19 248 198 239 96 169 202 96
split_gain=1.03782e+06 2.5103e+06 2.07051e+06 966971 1.54719e+06 1.76459e+06 1.3826e+06 906491 865166 849598 1.34184e+06 1.45428e+06 1.05483e+06 798775 709914 1.30753e+06 932929 634520 1.03444e+06 1.00007e+06 943168 1.10237e+06 899695 768460 944838 745918 631505 721170 1.00861e+06 707946
threshold=-1256.2499999999998 -803.24999999999989 -886.99999999999989 756.37554931640636 642.48309326171886 3118.0600585937505 -1346.7499999999998 366.18142700195318 -624.74999999999989 598.35256958007824 302.25000000000006 -643.74999999999989 471.00000000000006 598.35256958007824 344.75000000000006 -302.24999999999994 119.25000000000001 475.31204223632818 875.75000000000011 634.25000000000011 91.250000000000014 -913.24999999999989 424.32580566406256 197.25000000000003 -131.24999999999997 -37.749999999999993 497.51815795898443 -427.24999999999994 -379.80587768554682 475.31204223632818
decision_type=2 2 2 2 2 2 2 2 2 2 2 2 2 2 2 2 2 2 2 2 2 2 2 2 2 2 2 2 2 2
left_child=7 2 -2 9 -5 6 -6 -1 -4 13 12 -12 14 17 15 16 -11 22 20 -20 21 -19 -3 24 -22 -24 29 -28 -29 -23
right_child=1 3 8 4 5 -7 -8 -9 -10 10 11 -13 -14 -15 -16 -17 -18 18 19 -21 23 26 25 -25 -26 -27 27 28 -30 -31
leaf_value=-11.438481780555513 21.473994996150338 -0.0053005423466571389 -4.4623527061939248 5.0539922090677116 -5.8455504131317149 2.3911036582220171 -24.009738852761011 -1.4924946822817364 9.9063679131594569 3.634690078099569 -12.667316757548939 1.7053561408411373 -4.3469038629531864 -7.6746405436712157 15.188023832109241 -1.4214034186469187 16.961543946430602 7.252882679088696 16.00437832673391 2.2063353536457853 16.28086757850647 -2.1683618939839877 -8.1694775506010604 1.07637181820408 2.5343207931518559 -1.6079896767934163 -9.7337018547988521 7.5779121908274565 -4.6955241967524799 7.4769133989016217
leaf_weight=36 24 23822 20 26 20 21 22 63 22 24 22 88 20 34 27 36 29 37 24 29 25 52 53 62 25 237 41 22 70 30
leaf_count=36 24 23822 20 26 20 21 22 63 22 24 22 88 20 34 27 36 29 37 24 29 25 52 53 62 25 237 41 22 70 30
internal_value=-3.51329e-08 0.0202616 9.75862 -0.00555295 -5.20796 -9.44305 -15.3601 -5.10922 3.06412 0.0131102 2.93689 -1.16918 6.25798 -0.0161717 8.08641 5.93199 10.9267 -0.00555616 1.9282 8.45451 0.977938 -0.71883 -0.0389991 4.79567 9.40759 -2.80716 -2.09071 -4.21845 -1.76057 1.3604
internal_weight=25063 24964 66 24898 89 63 42 99 42 24809 246 110 136 24563 116 89 53 24529 417 53 364 252 24112 112 50 290 215 133 92 82
internal_count=25063 24964 66 24898 89 63 42 99 42 24809 246 110 136 24563 116 89 53 24529 417 53 364 252 24112 112 50 290 215 133 92 82
is_linear=0
shrinkage=0.05


Tree=3
num_leaves=31
num_cat=0
split_feature=180 232 254 225 124 85 88 250 241 254 239 253 248 16 91 253 136 239 44 78 86 254 231 61 47 213 19 240 192 17
split_gain=951564 1.8222e+06 1.74749e+06 2.97417e+06 3.68805e+06 1.32008e+06 1.83918e+06 1.22149e+06 1.18467e+06 1.11495e+06 834884 642425 620037 1.19432e+06 629278 729142 1.25815e+06 1.00031e+06 822609 647614 616945 567624 718710 554366 948462 1.23274e+06 1.10731e+06 1.05647e+06 1.0152e+06 1.02231e+06
threshold=697.67520141601574 -300.24999999999994 -803.24999999999989 -1108.7499999999998 411.96957397460943 1818.2500000000002 2144.9975585937505 697.67520141601574 -218.74999999999997 -155.24999999999997 591.25000000000011 242.75000000000003 -557.74999999999989 -2338.2499999999995 1732.7500000000002 302.25000000000006 1265.2500000000002 -17.249999999999996 1932.7500000000002 1748.2500000000002 1014.2500000000001 -107.74999999999999 -1251.2499999999998 697.99713134765636 475.31204223632818 -968.74999999999989 424.32580566406256 -12.249999999999998 -549.74999999999989 -545.49999999999989
decision_type=2 2 2 2 2 2 2 2 2 2 2 2 2 2 2 2 2 2 2 2 2 2 2 2 2 2 2 2 2 2
left_child=2 -2 3 -1 -5 8 -7 12 -3 10 -10 -9 13 -4 19 17 -17 -16 -18 21 -21 22 -14 24 26 -26 -24 -27 -28 -30
right_child=1 5 7 4 -6 6 -8 11 9 -11 -12 -13 14 -15 15 16 18 -19 -20 20 -22 -23 23 -25 25 27 28 -29 29 -31
leaf_value=-7.2344412525494892 -14.384301716834308 11.27809595489502 -14.508250163850329 2.4682415594977716 28.575632270177206 -16.623560953140259 2.4584353198175846 12.165448792775472 -11.163908910751344 5.7083687149816091 1.659776876189492 2.3776935037813689 -7.7021430940339064 -1.192569264944862 9.7259828465325509 16.900399236679078 -1.9271043263730547 -0.2095577479389153 8.2976932886484516 -8.7120233104035663 -1.5393468893875806 0.17149524644557082 -0.30524024368763647 -6.6803817165248534 11.68961954983798 -0.58103811720555487 4.5728549775546012 7.1018203215052687 -15.857196714401248 -4.3073219604608495
leaf_weight=24 32 25 21 31 24 28 23 30 30 36 22 38 33 85 28 20 42 266 37 37 158 15595 7965 34 33 176 23 60 25 82
leaf_count=24 32 25 21 31 24 28 23 30 30 36 22 38 33 85 28 20 42 266 37 37 158 15595 7965 34 33 176 23 60 25 82
internal_value=-1.72752e-08 -3.47021 0.027352 7.45195 13.8606 -1.34064 -8.01795 0.00368958 1.67302 -1.05569 -5.7385 6.69582 -0.0147192 -3.83058 0.00171379 1.98644 5.69782 0.736684 2.86172 -0.0304895 -2.90032 -0.00719739 -0.337729 -0.30879 -0.28289 2.63793 -0.37995 1.37223 -4.95734 -7.00589
internal_weight=25063 196 24867 79 55 164 51 24788 113 88 52 68 24720 106 24614 393 99 294 79 24221 195 24026 8431 8398 8364 269 8095 236 130 107
internal_count=25063 196 24867 79 55 164 51 24788 113 88 52 68 24720 106 24614 393 99 294 79 24221 195 24026 8431 8398 8364 269 8095 236 130 107
is_linear=0
shrinkage=0.05


Tree=4
num_leaves=31
num_cat=0
split_feature=180 232 254 225 124 114 245 254 250 164 185 253 248 16 63 220 218 30 254 86 7 234 19 183 184 12 253 247 128 241
split_gain=858787 1.64454e+06 1.57711e+06 2.68419e+06 3.32847e+06 1.2464e+06 1.23263e+06 1.23499e+06 1.1024e+06 841577 692044 579788 559583 1.07787e+06 575671 1.01605e+06 2.32839e+06 779049 541742 485970 462885 453578 519564 1.06776e+06 1.0359e+06 1.02597e+06 1.00713e+06 913884 902544 871917
threshold=697.67520141601574 -300.24999999999994 -803.24999999999989 -1108.7499999999998 411.96957397460943 1590.5000000000002 -248.74999999999997 -155.24999999999997 697.67520141601574 282.75000000000006 15.750000000000002 242.75000000000003 -557.74999999999989 -2338.2499999999995 2348.7500000000005 373.75000000000006 317.75000000000006 2125.0000000000005 -28.749999999999996 -1936.2499999999998 -429.74999999999994 -1125.9999999999998 475.31204223632818 65.250000000000014 -291.24999999999994 437.79225158691412 684.00000000000011 -75.749999999999986 -195.74999999999997 518.25000000000011
decision_type=2 2 2 2 2 2 2 2 2 2 2 2 2 2 2 2 2 2 2 2 2 2 2 2 2 2 2 2 2 2
left_child=2 -2 3 -1 -5 6 -3 10 12 -9 -8 -10 13 -4 18 16 -16 -17 21 -20 -15 -14 25 27 -25 26 -23 -24 -28 -26
right_child=1 5 8 4 -6 -7 7 9 11 -11 -12 -13 14 20 15 17 -18 -19 19 -21 -22 22 23 24 29 -27 28 -29 -30 -31
leaf_value=-6.8727191269397743 -13.665086634457111 11.585565774337105 -13.782837345486596 2.344829656616334 27.146851392587024 -9.2108610818260601 -0.52830947552408491 -1.8851935029029847 11.557176609039308 11.64076239337092 -11.548679215332559 2.2588087916374207 -5.3118277796677189 2.5136530022288479 0.6812508014532237 7.1365363336744769 21.024424249475654 -4.44719265750114 -6.7377042770385742 0.55077650981916937 -4.8663578186716352 -0.097037669143359762 2.5551206507380049 -8.3403804873165335 -0.41051993474053844 -4.2970827500159681 -15.064926795959474 10.961709992090862 -2.5325550098045202 10.559561613798142
leaf_weight=24 32 23 21 31 24 38 28 23 30 23 29 38 42 43 39 21 22 47 23 4061 42 19662 189 38 192 148 20 39 51 20
leaf_count=24 32 23 21 31 24 38 28 23 30 23 29 38 42 43 39 21 22 47 23 4061 42 19662 189 38 192 148 20 39 51 20
internal_value=3.90287e-09 -3.2967 0.0259844 7.07935 13.1675 -1.2736 1.12017 -1.21676 0.00350512 4.87778 -6.13516 6.36103 -0.0139832 -3.63905 0.00162812 3.33299 8.01813 -0.869865 -0.0159233 0.50973 -1.13294 -0.121152 -0.110444 1.51854 -0.738252 -0.149609 -0.118503 3.99309 -6.0628 0.624393
internal_weight=25063 196 24867 79 55 164 126 103 24788 46 57 68 24720 106 24614 129 61 68 24485 4084 85 20401 20359 478 250 19881 19733 228 71 212
internal_count=25063 196 24867 79 55 164 126 103 24788 46 57 68 24720 106 24614 129 61 68 24485 4084 85 20401 20359 478 250 19881 19733 228 71 212
is_linear=0
shrinkage=0.05


Tree=5
num_leaves=31
num_cat=0
split_feature=227 254 227 47 94 138 254 254 41 199 243 162 211 247 254 47 240 213 234 248 43 19 253 122 69 82 190 226 186 256
split_gain=806262 1.84516e+06 1.79851e+06 770692 769024 714617 1.32613e+06 1.82056e+06 703518 1.3688e+06 1.33358e+06 1.38963e+06 592894 497993 495907 447572 917916 1.27716e+06 908114 857141 857082 814077 871442 804950 718840 702076 668668 902862 584839 568520
threshold=-1256.2499999999998 -803.24999999999989 -886.99999999999989 366.18142700195318 -624.74999999999989 756.37554931640636 -115.24999999999999 -244.74999999999997 -3854.994750976562 -722.24999999999989 697.67520141601574 -767.74999999999989 1088.5000000000002 -1057.9999999999998 -28.749999999999996 475.31204223632818 112.75000000000001 -812.99999999999989 -230.24999999999997 317.25000000000006 2692.2500000000005 424.32580566406256 684.00000000000011 -57.249999999999993 1342.9631958007815 325.33366394042974 -527.24999999999989 -6.7499999999999991 -29.579999923706051 -539.67752075195301
decision_type=2 2 2 2 2 2 2 2 2 2 2 2 2 2 2 2 2 2 2 2 2 2 2 2 2 2 2 2 2 2
left_child=3 2 -2 -1 -4 8 7 -7 9 -3 14 -12 -13 -5 15 21 17 18 -17 -18 24 22 -10 -24 -19 -25 -23 29 -21 -28
right_child=1 5 4 13 -6 6 -8 -9 10 -11 11 12 -14 -15 -16 16 19 20 -20 28 -22 26 23 25 -26 -27 27 -29 -30 -31
leaf_value=-10.339253523614673 19.285744199653468 -15.893863812685012 -4.9682984137535096 -5.4069992556716464 8.5785501653497871 -0.36975551352781411 5.288749904632569 -17.268832003275556 -0.078968278068528533 2.3832285495031451 15.332375087056841 -1.8599023544635529 8.1283846703668434 3.4939115651448569 0.50246206465290821 2.4009297412984516 10.823443931473626 -1.0273151988714513 14.033932098388673 7.5457098317146309 -10.053004873047273 4.4105919454778943 -14.009536645412446 -6.3082288491420258 7.1109358288347728 5.2141144943237308 -12.143080146523083 -0.39486860403515123 -3.8270375380149257 -4.5983396228323592
leaf_weight=36 24 20 20 33 22 34 25 30 19729 21 28 39 24 30 4100 51 45 284 25 20 24 28 20 39 30 20 34 108 26 94
leaf_count=36 24 20 20 33 22 34 25 30 19729 21 28 39 24 30 4100 51 45 284 25 20 24 28 20 39 30 20 34 108 26 94
internal_value=-7.1914e-09 0.0178588 8.36697 -4.5033 2.12767 -0.00427317 -4.47661 -8.2912 0.0117709 -6.53243 0.0226039 6.0643 1.94516 -1.16847 0.000324286 -0.0997275 1.37042 0.371 6.22758 5.91721 -0.945863 -0.136715 -0.0999543 -5.34088 -0.249775 -2.40235 -2.89492 -3.76167 1.11764 -6.60241
internal_weight=25063 24964 66 99 42 24898 89 64 24809 41 24768 91 63 63 24677 20577 505 414 76 91 338 20072 19808 79 314 59 264 236 46 128
internal_count=25063 24964 66 99 42 24898 89 64 24809 41 24768 91 63 63 24677 20577 505 414 76 91 338 20072 19808 79 314 59 264 236 46 128
is_linear=0
shrinkage=0.05


Tree=6
num_leaves=31
num_cat=0
split_feature=180 232 254 124 183 150 114 250 115 1 146 85 151 257 166 54 236 63 89 138 200 141 229 208 47 64 43 169 254 6
split_gain=735452 1.44697e+06 1.32415e+06 2.32454e+06 1.18638e+06 2.48542e+06 1.08558e+06 937839 778476 694321 640844 742192 555679 937106 1.39946e+06 1.14042e+06 773348 853759 650598 653872 834304 1.02659e+06 588494 923344 879929 627340 521330 714167 510534 870907
threshold=697.67520141601574 -300.24999999999994 -803.24999999999989 411.96957397460943 157.75000000000003 -238.74999999999997 1590.5000000000002 697.67520141601574 -817.24999999999989 -2816.4999999999995 766.89465332031261 208.75000000000003 1256.414978027344 598.35256958007824 642.43734741210949 642.48309326171886 642.43734741210949 2348.7500000000005 523.24734497070324 411.96957397460943 2395.3850097656255 1176.0000000000002 282.50642395019537 270.57742309570318 246.33631134033206 469.25000000000006 -2572.4999999999995 -438.24999999999994 -658.74999999999989 -2621.304077148437
decision_type=2 2 2 2 2 2 2 2 2 2 2 2 2 2 2 2 2 2 2 2 2 2 2 2 2 2 2 2 2 2
left_child=2 -2 3 8 9 -6 10 12 -1 -3 11 -7 16 15 -15 18 17 22 19 -14 21 -21 -4 24 25 -24 -9 -28 -25 -30
right_child=1 4 7 -5 5 6 -8 26 -10 -11 -12 -13 13 14 -16 -17 -18 -19 -20 20 -22 -23 23 28 -26 -27 27 -29 29 -31
leaf_value=-7.3999422031900153 -12.77646379172802 0.45742238680521646 0.028589968964235421 16.354197892546654 -19.974905748367309 6.3737740017118911 -7.8695198293888211 -0.06048522790273031 5.7560473658821802 12.484484869241715 10.725693812370302 -7.084690238237382 0.80262439677866926 15.313647173510658 -0.64040081160409112 -10.743590610677547 -8.1090704282124833 8.3533069737752292 8.884837046762307 -15.356509710394818 2.3325572007359603 -1.9047439829723256 2.7486518432567646 -6.2659191705085142 -5.2517550161286222 -5.8797444639534788 16.07869502067566 3.2855984767278041 2.8416478405892853 -0.55705113841149645
leaf_weight=23 32 30 18652 34 20 21 33 24 22 20 20 20 1991 27 28 22 30 30 24 23 39 37 77 37 199 29 20 24 200 3275
leaf_count=23 32 30 18652 34 20 21 33 24 22 20 20 20 1991 27 28 22 30 30 24 23 39 37 77 37 199 29 20 24 200 3275
internal_value=-2.59498e-09 -3.0508 0.0240462 6.48705 -1.15311 -3.9695 -0.564094 0.00344845 -0.968125 5.26825 3.38802 -0.191331 -0.0126819 0.747482 7.19159 0.581553 -0.0866097 -0.0759126 0.699411 0.605416 -3.36066 -7.06125 -0.0871671 -0.652821 -3.29169 0.388053 5.8673 9.10064 -0.423648 -0.361443
internal_weight=25063 196 24867 79 164 114 94 24788 45 50 61 41 24720 2191 55 2136 22529 22499 2114 2090 99 60 22469 3817 305 106 68 44 3512 3475
internal_count=25063 196 24867 79 164 114 94 24788 45 50 61 41 24720 2191 55 2136 22529 22499 2114 2090 99 60 22469 3817 305 106 68 44 3512 3475
is_linear=0
shrinkage=0.05


Tree=7
num_leaves=31
num_cat=0
split_feature=227 219 254 239 212 219 254 145 254 166 45 75 103 246 246 61 241 241 103 233 178 218 96 162 211 233 199 241 249 19
split_gain=754141 1.67238e+06 1.64129e+06 1.33442e+06 883683 847930 697943 661942 1.61277e+06 2.24163e+06 604109 597012 1.36509e+06 602978 821259 580186 937904 1.21708e+06 966328 896570 819071 1.07512e+06 809848 806594 684199 664227 598619 562136 571650 557205
threshold=-1256.2499999999998 -1358.7499999999998 -658.74999999999989 -190.24999999999997 -1440.9999999999998 -1665.2499999999998 -112.74999999999999 756.37554931640636 -117.74999999999999 756.37554931640636 -2190.2499999999995 697.99713134765636 697.99713134765636 569.25000000000011 31.750000000000004 475.31204223632818 142.75000000000003 -432.24999999999994 523.24734497070324 -623.24999999999989 575.25000000000011 559.75000000000011 437.79225158691412 1007.7500000000001 380.25000000000006 -51.749999999999993 -214.74999999999997 28.750000000000004 -2039.7799682617185 475.31204223632818
decision_type=2 2 2 2 2 2 2 2 2 2 2 2 2 2 2 2 2 2 2 2 2 2 2 2 2 2 2 2 2 2
left_child=6 2 -2 -4 -3 -5 10 11 9 -9 -1 12 15 14 -13 22 17 26 19 -19 21 24 -6 -22 -18 -21 -17 28 -20 -24
right_child=1 4 3 5 7 -7 -8 8 -10 -11 -12 13 -14 -15 -16 16 20 18 27 25 23 -23 29 -25 -26 -27 -28 -29 -30 -31
leaf_value=-11.629867591279925 18.713204524630594 -7.0897748803550549 -4.2781261298391557 14.660872835379379 0.0066670519995495657 2.2258795820433521 3.9884308415651319 -22.288814678192139 6.8215351839860281 -2.2380712437240975 -2.7643223721048109 9.0461176872253422 -10.839856908239168 9.3711108406384778 -2.3701096580028533 2.9331899902305092 7.6574064563526667 -6.1519611396789555 -8.2053515391548473 7.8172830330241814 -7.2719902276992805 15.269135028123856 -4.5600146548604812 4.5462153928620479 -3.3531000156132951 -1.7584514538447065 13.66979334831238 -9.8934800046862978 -0.0069047751492016937 2.5994555803862487
leaf_weight=33 21 44 36 26 23936 29 20 20 24 46 46 23 29 33 50 37 43 25 30 55 22 32 154 42 21 27 20 33 73 33
leaf_count=33 21 44 36 26 23936 29 20 20 24 46 46 23 29 33 50 37 43 25 30 55 22 32 154 42 21 27 20 33 73 33
internal_value=1.70678e-08 0.0172719 6.11337 3.20572 -0.0102013 8.10424 -4.35531 0.00235522 -4.2779 -8.31405 -6.46765 0.0179399 0.00181364 3.76228 1.22678 0.0146033 1.77363 0.124826 -1.4176 2.13713 4.86514 7.7861 -0.0189395 0.483707 4.04458 4.6643 6.70042 -4.21433 -2.3948 -3.29658
internal_weight=25063 24964 112 91 24852 55 99 24808 90 66 79 24718 24612 106 73 24583 460 300 243 107 160 96 24123 64 64 82 57 136 103 187
internal_count=25063 24964 112 91 24852 55 99 24808 90 66 79 24718 24612 106 73 24583 460 300 243 107 160 96 24123 64 64 82 57 136 103 187
is_linear=0
shrinkage=0.05


Tree=8
num_leaves=31
num_cat=0
split_feature=227 219 200 88 245 212 47 145 254 166 75 103 257 239 118 117 220 0 241 248 233 254 38 78 76 194 257 117 19 187
split_gain=680612 1.50932e+06 1.58057e+06 1.30393e+06 1.071e+06 797524 662084 597402 1.45552e+06 2.02308e+06 538804 1.232e+06 557537 607767 547356 543780 834704 534331 493180 486489 485957 477877 467151 519242 464642 648205 607883 981270 768705 757072
threshold=-1256.2499999999998 -1358.7499999999998 389.50250244140631 -4178.1623535156241 -256.74999999999994 -1440.9999999999998 366.18142700195318 756.37554931640636 -117.74999999999999 756.37554931640636 697.99713134765636 697.99713134765636 642.43734741210949 662.25000000000011 1917.3045654296877 598.35256958007824 237.75000000000003 -1900.7499999999998 -323.24999999999994 -25.749999999999996 -270.24999999999994 -58.749999999999993 2090.7500000000005 1581.0000000000002 -3599.448120117187 642.43734741210949 475.18203735351568 497.39965820312506 475.31204223632818 497.39965820312506
decision_type=2 2 2 2 2 2 2 2 2 2 2 2 2 2 2 2 2 2 2 2 2 2 2 2 2 2 2 2 2 2
left_child=6 2 3 -2 -5 18 -1 10 9 -9 11 14 19 -14 15 21 20 -11 -3 -12 -17 22 24 -24 -7 26 -26 28 -28 -30
right_child=1 5 -4 4 -6 7 -8 8 -10 17 12 -13 13 -15 -16 16 -18 -19 -20 -21 -22 -23 23 -25 25 -27 27 -29 29 -31
leaf_value=-9.5466842830181129 13.348425384189774 -1.6771319513735563 18.547049708366394 -6.0248144055667678 6.4984276471599465 -7.7984894227981574 -1.0466097525187903 -21.174373989105227 6.4804583787918091 2.8127955126762392 -5.3711872761448234 -10.297864262811069 12.823719327926637 2.2679659044742588 2.4686780904663936 3.7261183578917318 10.010631429447848 -8.0058859791074486 -12.275169565564111 4.4125306482668281 -4.5044125063665978 0.25201691082380201 2.3184837081215597 -6.8191997123214438 -0.19485545631314583 -7.5143638769785568 1.9028192115149327 -1.1684294482936031 4.8680894707088118 17.363293756138194
leaf_weight=36 23 23 20 38 31 20 63 20 24 25 24 29 25 30 225 47 34 21 21 27 29 9493 22 53 14433 30 56 92 27 22
leaf_count=36 23 23 20 38 31 20 63 20 24 25 24 29 25 30 225 47 34 21 21 27 29 9493 22 53 14433 30 56 92 27 22
internal_value=-2.15333e-09 0.0164083 5.80771 3.03828 -0.39843 -0.00969122 -4.13755 0.00223744 -4.064 -7.89835 0.0170429 0.00172294 3.57417 7.06604 0.0138731 -0.00880243 3.49874 -2.12617 -6.73529 -0.191572 0.585521 -0.0247142 -0.202756 -4.13881 -0.182647 -0.172257 -0.157201 2.60149 5.90465 10.4782
internal_weight=25063 24964 112 92 69 24852 99 24808 90 66 24718 24612 106 55 24583 24358 110 46 44 51 76 24248 14755 75 14680 14660 14630 197 105 49
internal_count=25063 24964 112 92 69 24852 99 24808 90 66 24718 24612 106 55 24583 24358 110 46 44 51 76 24248 14755 75 14680 14660 14630 197 105 49
is_linear=0
shrinkage=0.05


Tree=9
num_leaves=31
num_cat=0
split_feature=180 234 254 225 124 85 88 241 247 232 250 151 257 166 54 236 63 89 138 200 141 229 208 1 40 180 254 6 253 200
split_gain=624225 1.31189e+06 1.15709e+06 2.04612e+06 2.6668e+06 1.15507e+06 1.5154e+06 867174 1.00611e+06 1.12071e+06 802501 490494 769614 1.23661e+06 999867 669618 741994 565448 577552 746786 903531 527555 824620 832701 534931 467017 465341 787775 797942 699983
threshold=697.67520141601574 -557.24999999999989 -803.24999999999989 -1108.7499999999998 411.96957397460943 1818.2500000000002 2144.9975585937505 -218.74999999999997 -252.24999999999997 520.25000000000011 697.67520141601574 1256.414978027344 598.35256958007824 642.43734741210949 642.48309326171886 642.43734741210949 2348.7500000000005 523.24734497070324 411.96957397460943 2395.3850097656255 1176.0000000000002 282.50642395019537 270.57742309570318 169.25000000000003 254.96839141845706 308.31390380859381 -658.74999999999989 -2621.304077148437 3.2500000000000004 -2393.109985351562
decision_type=2 2 2 2 2 2 2 2 2 2 2 2 2 2 2 2 2 2 2 2 2 2 2 2 2 2 2 2 2 2
left_child=2 -2 3 -1 -5 7 -7 -3 -9 -10 11 15 14 -14 17 16 21 18 -13 20 -20 25 23 24 -23 -4 -24 -28 -29 -30
right_child=1 5 10 4 -6 6 -8 8 9 -11 -12 12 13 -15 -16 -17 -18 -19 19 -21 -22 22 26 -25 -26 -27 27 28 29 -31
leaf_value=-6.1176961382230131 -11.7397781680612 9.8858820438385013 0.0081370867930876112 1.6917936586564588 23.892167284091315 -14.971315734727042 2.5645772448994899 -8.9824877967834471 -4.6777943151968495 8.966758128299432 5.427175532511491 0.75986411737653259 14.176932998939797 -0.82014833060758452 -10.052499804713511 -7.5465440416336067 7.7866157547632859 8.2931484480698909 -14.436244358187137 2.2334224655078008 -1.8164480077253806 1.6881208209581275 -5.9787038107176089 -6.2893479713579508 -3.7346085368247515 3.2465718862999768 2.7047611559331419 -8.2633550297130238 -4.7968134636349147 -0.32477087381196584
leaf_weight=24 34 26 18540 31 24 28 22 25 27 34 68 1991 27 28 22 30 30 24 23 39 37 93 37 123 89 112 200 33 90 3152
leaf_count=24 34 26 18540 31 24 28 22 25 27 34 68 1991 27 28 22 30 30 24 23 39 37 93 37 123 89 112 200 33 90 3152
internal_value=7.76125e-09 -2.81066 0.0221534 6.06371 11.3792 -0.936642 -7.25552 1.88429 -0.534801 2.92737 0.00289881 -0.0120223 0.702165 6.54206 0.551794 -0.0814788 -0.071525 0.662151 0.574522 -3.15292 -6.65404 -0.0820169 -0.617584 -3.11139 -0.963653 0.027583 -0.401008 -0.34162 -0.527659 -0.448918
internal_weight=25063 196 24867 79 55 162 50 112 86 61 24788 24720 2191 55 2136 22529 22499 2114 2090 99 60 22469 3817 305 182 18652 3512 3475 3275 3242
internal_count=25063 196 24867 79 55 162 50 112 86 61 24788 24720 2191 55 2136 22529 22499 2114 2090 99 60 22469 3817 305 182 18652 3512 3475 3275 3242
is_linear=0
shrinkage=0.05


Tree=10
num_leaves=31
num_cat=0
split_feature=227 219 247 239 212 219 45 232 163 138 5 213 248 140 79 232 253 199 254 90 72 253 241 93 232 75 229 209 44 218
split_gain=602792 1.31892e+06 1.47905e+06 1.33168e+06 715248 682995 616841 510422 1.40127e+06 879175 1.93759e+06 1.63484e+06 699986 492787 932973 800858 739543 595211 454180 454248 463364 753169 719583 690590 911106 464406 709242 461423 461393 604479
threshold=-1256.2499999999998 -1358.7499999999998 -894.74999999999989 -190.24999999999997 -1440.9999999999998 -1665.2499999999998 -2190.2499999999995 1416.7500000000002 533.00000000000011 756.37554931640636 598.85974121093761 486.50000000000006 380.25000000000006 1963.2500000000002 1437.2500000000002 352.75000000000006 374.25000000000006 1666.5000000000002 -28.749999999999996 -3505.8476562499995 -2031.7499999999998 684.00000000000011 322.25000000000006 -1877.9999999999998 188.25000000000003 325.33366394042974 274.88392639160162 -1351.9973144531248 -2215.4999999999995 398.25000000000006
decision_type=2 2 2 2 2 2 2 2 2 2 2 2 2 2 2 2 2 2 2 2 2 2 2 2 2 2 2 2 2 2
left_child=6 2 -2 -4 -3 -5 -1 9 -9 13 -11 -12 -10 17 -15 -16 -17 18 19 -6 22 23 28 24 -22 26 -23 -25 29 -21
right_child=1 4 3 5 7 -7 -8 8 12 10 11 -13 -14 14 15 16 -18 -19 -20 20 21 25 -24 27 -26 -27 -28 -29 -30 -31
leaf_value=-9.1148782051271873 16.431560039520264 -6.3781887292861938 -5.7082051031291492 12.80070600244734 -5.7901181500298637 1.7499540178940216 -0.91036939677738005 15.079327321052553 4.8490397851169114 4.0769516712234868 -22.776405184268953 -3.2301813094512277 -6.7448215691939639 -4.3360426597297197 14.423212772607805 0.15667383394071036 10.975835398110476 -8.4241456168038518 0.47961474101625168 -1.5569860347411919 -1.3933022012313208 -2.7053801200389866 8.8213420188788216 4.8664972136629387 -14.095338916778566 -0.64047982181821561 -15.337854685783388 -0.093516173026416183 4.0490910308676611 6.6665972727995655
leaf_weight=36 24 44 32 27 35 29 63 21 30 31 20 23 23 32 20 56 22 21 4069 159 48 25 33 47 20 35 20 19907 85 26
leaf_count=36 24 44 32 27 35 29 63 21 30 31 20 23 23 32 20 56 22 21 4069 159 48 25 33 47 20 35 20 19907 85 26
internal_value=7.06606e-10 0.0154418 5.42913 2.42847 -0.00895597 7.078 -3.89383 0.00234064 4.14873 -0.0100647 -5.45185 -12.3214 -0.182259 0.00626509 3.07656 5.497 3.20823 -0.0100064 -0.00279688 -0.0988308 -0.0890687 -0.118321 1.85164 -0.0989754 -5.1292 -4.9601 -8.31981 -0.0818333 0.999791 -0.401239
internal_weight=25063 24964 112 88 24852 56 99 24808 74 24734 74 43 53 24660 130 98 78 24530 24509 20440 20405 20102 303 20022 68 80 45 19954 270 185
internal_count=25063 24964 112 88 24852 56 99 24808 74 24734 74 43 53 24660 130 98 78 24530 24509 20440 20405 20102 303 20022 68 80 45 19954 270 185
is_linear=0
shrinkage=0.05


end of trees

feature_importances:
Column_254=23
Column_253=11
Column_232=9
Column_239=9
Column_19=8
Column_227=8
Column_241=8
Column_248=8
Column_47=7
Column_138=7
Column_180=6
Column_219=6
Column_225=6
Column_234=6
Column_218=5
Column_233=5
Column_240=5
Column_257=5
Column_124=4
Column_166=4
Column_199=4
Column_200=4
Column_213=4
Column_220=4
Column_229=4
Column_247=4
Column_250=4
Column_54=3
Column_63=3
Column_75=3
Column_85=3
Column_88=3
Column_96=3
Column_103=3
Column_141=3
Column_179=3
Column_183=3
Column_192=3
Column_211=3
Column_212=3
Column_236=3
Column_246=3
Column_1=2
Column_5=2
Column_6=2
Column_12=2
Column_16=2
Column_33=2
Column_38=2
Column_43=2
Column_44=2
Column_45=2
Column_52=2
Column_61=2
Column_78=2
Column_86=2
Column_89=2
Column_94=2
Column_114=2
Column_117=2
Column_118=2
Column_127=2
Column_145=2
Column_151=2
Column_162=2
Column_164=2
Column_169=2
Column_178=2
Column_197=2
Column_198=2
Column_208=2
Column_217=2
Column_226=2
Column_245=2
Column_0=1
Column_7=1
Column_8=1
Column_17=1
Column_30=1
Column_31=1
Column_36=1
Column_40=1
Column_41=1
Column_64=1
Column_69=1
Column_71=1
Column_72=1
Column_76=1
Column_79=1
Column_82=1
Column_90=1
Column_91=1
Column_93=1
Column_115=1
Column_122=1
Column_128=1
Column_136=1
Column_140=1
Column_146=1
Column_150=1
Column_163=1
Column_176=1
Column_184=1
Column_185=1
Column_186=1
Column_187=1
Column_190=1
Column_194=1
Column_201=1
Column_202=1
Column_209=1
Column_221=1
Column_231=1
Column_243=1
Column_249=1
Column_252=1
Column_256=1

parameters:
[boosting: gbdt]
[objective: regression]
[metric: l2]
[tree_learner: serial]
[device_type: cpu]
[data_sample_strategy: bagging]
[data: ]
[valid: ]
[num_iterations: 1000]
[learning_rate: 0.05]
[num_leaves: 31]
[num_threads: 0]
[seed: 42]
[deterministic: 1]
[force_col_wise: 0]
[force_row_wise: 0]
[histogram_pool_size: -1]
[max_depth: -1]
[min_data_in_leaf: 20]
[min_sum_hessian_in_leaf: 0.001]
[bagging_fraction: 1]
[pos_bagging_fraction: 1]
[neg_bagging_fraction: 1]
[bagging_freq: 0]
[bagging_seed: 400]
[bagging_by_query: 0]
[feature_fraction: 1]
[feature_fraction_bynode: 1]
[feature_fraction_seed: 30056]
[extra_trees: 0]
[extra_seed: 12879]
[early_stopping_round: 0]
[early_stopping_min_delta: 0]
[first_metric_only: 0]
[max_delta_step: 0]
[lambda_l1: 0]
[lambda_l2: 0]
[linear_lambda: 0]
[min_gain_to_split: 0]
[drop_rate: 0.1]
[max_drop: 50]
[skip_drop: 0.5]
[xgboost_dart_mode: 0]
[uniform_drop: 0]
[drop_seed: 17869]
[top_rate: 0.2]
[other_rate: 0.1]
[min_data_per_group: 100]
[max_cat_threshold: 32]
[cat_l2: 10]
[cat_smooth: 10]
[max_cat_to_onehot: 4]
[top_k: 20]
[monotone_constraints: ]
[monotone_constraints_method: basic]
[monotone_penalty: 0]
[feature_contri: ]
[forcedsplits_filename: ]
[refit_decay_rate: 0.9]
[cegb_tradeoff: 1]
[cegb_penalty_split: 0]
[cegb_penalty_feature_lazy: ]
[cegb_penalty_feature_coupled: ]
[path_smooth: 0]
[interaction_constraints: ]
[verbosity: -1]
[saved_feature_importance_type: 0]
[use_quantized_grad: 0]
[num_grad_quant_bins: 4]
[quant_train_renew_leaf: 0]
[stochastic_rounding: 1]
[linear_tree: 0]
[max_bin: 255]
[max_bin_by_feature: ]
[min_data_in_bin: 3]
[bin_construct_sample_cnt: 200000]
[data_random_seed: 175]
[is_enable_sparse: 1]
[enable_bundle: 1]
[use_missing: 1]
[zero_as_missing: 0]
[feature_pre_filter: 1]
[pre_partition: 0]
[two_round: 0]
[header: 0]
[label_column: ]
[weight_column: ]
[group_column: ]
[ignore_column: ]
[categorical_feature: ]
[forcedbins_filename: ]
[precise_float_parser: 0]
[parser_config_file: ]
[objective_seed: 16083]
[num_class: 1]
[is_unbalance: 0]
[scale_pos_weight: 1]
[sigmoid: 1]
[boost_from_average: 1]
[reg_sqrt: 0]
[alpha: 0.9]
[fair_c: 1]
[poisson_max_delta_step: 0.7]
[tweedie_variance_power: 1.5]
[lambdarank_truncation_level: 30]
[lambdarank_norm: 1]
[label_gain: ]
[lambdarank_position_bias_regularization: 0]
[eval_at: ]
[multi_error_top_k: 1]
[auc_mu_weights: ]
[num_machines: 1]
[local_listen_port: 12400]
[time_out: 120]
[machine_list_filename: ]
[machines: ]
[gpu_platform_id: -1]
[gpu_device_id: -1]
[gpu_device_id_list: ]
[gpu_use_dp: 0]
[num_gpu: 1]

end of parameters

pandas_categorical:null
