tree
version=v4
num_class=1
num_tree_per_iteration=1
label_index=0
max_feature_idx=258
objective=regression
feature_names=Column_0 Column_1 Column_2 Column_3 Column_4 Column_5 Column_6 Column_7 Column_8 Column_9 Column_10 Column_11 Column_12 Column_13 Column_14 Column_15 Column_16 Column_17 Column_18 Column_19 Column_20 Column_21 Column_22 Column_23 Column_24 Column_25 Column_26 Column_27 Column_28 Column_29 Column_30 Column_31 Column_32 Column_33 Column_34 Column_35 Column_36 Column_37 Column_38 Column_39 Column_40 Column_41 Column_42 Column_43 Column_44 Column_45 Column_46 Column_47 Column_48 Column_49 Column_50 Column_51 Column_52 Column_53 Column_54 Column_55 Column_56 Column_57 Column_58 Column_59 Column_60 Column_61 Column_62 Column_63 Column_64 Column_65 Column_66 Column_67 Column_68 Column_69 Column_70 Column_71 Column_72 Column_73 Column_74 Column_75 Column_76 Column_77 Column_78 Column_79 Column_80 Column_81 Column_82 Column_83 Column_84 Column_85 Column_86 Column_87 Column_88 Column_89 Column_90 Column_91 Column_92 Column_93 Column_94 Column_95 Column_96 Column_97 Column_98 Column_99 Column_100 Column_101 Column_102 Column_103 Column_104 Column_105 Column_106 Column_107 Column_108 Column_109 Column_110 Column_111 Column_112 Column_113 Column_114 Column_115 Column_116 Column_117 Column_118 Column_119 Column_120 Column_121 Column_122 Column_123 Column_124 Column_125 Column_126 Column_127 Column_128 Column_129 Column_130 Column_131 Column_132 Column_133 Column_134 Column_135 Column_136 Column_137 Column_138 Column_139 Column_140 Column_141 Column_142 Column_143 Column_144 Column_145 Column_146 Column_147 Column_148 Column_149 Column_150 Column_151 Column_152 Column_153 Column_154 Column_155 Column_156 Column_157 Column_158 Column_159 Column_160 Column_161 Column_162 Column_163 Column_164 Column_165 Column_166 Column_167 Column_168 Column_169 Column_170 Column_171 Column_172 Column_173 Column_174 Column_175 Column_176 Column_177 Column_178 Column_179 Column_180 Column_181 Column_182 Column_183 Column_184 Column_185 Column_186 Column_187 Column_188 Column_189 Column_190 Column_191 Column_192 Column_193 Column_194 Column_195 Column_196 Column_197 Column_198 Column_199 Column_200 Column_201 Column_202 Column_203 Column_204 Column_205 Column_206 Column_207 Column_208 Column_209 Column_210 Column_211 Column_212 Column_213 Column_214 Column_215 Column_216 Column_217 Column_218 Column_219 Column_220 Column_221 Column_222 Column_223 Column_224 Column_225 Column_226 Column_227 Column_228 Column_229 Column_230 Column_231 Column_232 Column_233 Column_234 Column_235 Column_236 Column_237 Column_238 Column_239 Column_240 Column_241 Column_242 Column_243 Column_244 Column_245 Column_246 Column_247 Column_248 Column_249 Column_250 Column_251 Column_252 Column_253 Column_254 Column_255 Column_256 Column_257 Column_258
feature_infos=[-7335:7990] [-7053.5:8007.5] [-7810:7725] [-7425.5:7800] [-9872.48046875:5434.02978515625] [82.652725219726562:1102.033447265625] [-7814.51416015625:7580.662109375] [-7424.5:7797.5] [-7005:7877.5] [-7899.5:7469.5] [-7287.5:7742.5] [-9787.0546875:5406.80517578125] [82.652725219726562:1102.033447265625] [-7760.921875:7469.01123046875] [-7290:7740] [-7037.5:7820] [-7655:7442.5] [-7320:7610] [-9753.3798828125:5379.080078125] [82.652725219726562:1102.033447265625] [-7720.837890625:7346.146484375] [-7322.5:7610] [-6615:7752.5] [-7546:7385] [-6735:7552.5] [-9714.48046875:5349.22998046875] [82.652725219726562:1102.033447265625] [-7625.080078125:7280.58740234375] [-6737.5:7552.5] [-6519.5:7797.5] [-7165:7172.5] [-6804.5:7510] [-9666.8798828125:5387.375] [82.652725219726562:1102.033447265625] [-7516.4365234375:7296.89794921875] [-6803.5:7510] [-6477.5:7782.5] [-7278.5:7245] [-6849.5:7405] [-9615.0048828125:5454.7001953125] [82.652725219726562:1102.033447265625] [-7384.26025390625:7306.72509765625] [-6848.5:7397.5] [-6477:7567.5] [-7323.5:6992.5] [-6849:7262.5] [-9566.6298828125:5507.2001953125] [82.652725219726562:1102.033447265625] [-7282.9638671875:7282.25048828125] [-6848:7260] [-6218.5:7537.5] [-7323:6932] [-6529.5:7322.5] [-9514.2548828125:5555.375] [82.652725219726562:1102.033447265625] [-7187.46728515625:7255.9091796875] [-6530:7322.5] [-6408.5:7610] [-6711:6925] [-6485:7382.5] [-9460.4052734375:5595.22509765625] [82.652725219726562:1102.033447265625] [-7077.015625:7267.41748046875] [-6487:7382.5] [-6313.5:7670] [-6722.5:6985] [-6594.5:7157.5] [-9407.955078125:5626.2001953125] [82.652725219726562:1102.033447265625] [-6955.01416015625:7257.42529296875] [-6596.5:7155] [-6385:7365] [-6832:6862.5] [-6614:7050] [-9355.6796875:5658.64990234375] [82.652725219726562:1102.033447265625] [-6810.4677734375:7238.568359375] [-6616:7052.5] [-6443.5:7085] [-6851.5:6018] [-6724.5:6254] [-9310.330078125:5689.4501953125] [82.652725219726562:1102.033447265625] [-6708.60693359375:7068.92578125] [-6726.5:6249] [-6528.5:6455] [-6962:5960] [-6733:6245] [-9260.10546875:5714.2001953125] [82.652725219726562:1102.033447265625] [-6601.2333984375:6872.65966796875] [-6732.5:6245] [-6638:6392.5] [-6849.5:5930] [-6686.5:6127.5] [-9207.3046875:5733.02490234375] [82.652725219726562:1102.033447265625] [-6481.3486328125:6584.0087890625] [-6685:6125] [-6657.5:6217.5] [-6919.5:5585] [-6797:5827.5] [-9155.48046875:5743.375] [82.652725219726562:1102.033447265625] [-6377.81689453125:6349.78076171875] [-6795.5:5827.5] [-6768:6520] [-6950:5465.5] [-6813.5:6182.5] [-9105.10546875:5758.375] [82.652725219726562:1102.033447265625] [-6301.197265625:6144.11865234375] [-6811:6182.5] [-6565.5:6505] [-7070.5:5785] [-6585:6127.5] [-9043.60546875:5768.2998046875] [82.652725219726562:1102.033447265625] [-6176.08837890625:6029.22509765625] [-6585.5:6125] [-6506.5:6447.5] [-6931:5727.5] [-6695.5:6070] [-8999.580078125:5780.1748046875] [82.652725219726562:1102.033447265625] [-6157.8076171875:6004.75048828125] [-6696:6062.5] [-6585.5:6232.5] [-6961:5657.5] [-6792.5:5750] [-8949.580078125:5794.875] [82.652725219726562:1102.033447265625] [-6134.52587890625:5978.4091796875] [-6792:5750] [-6695:6122.5] [-7144.5:5507.5] [-6812:6105] [-8897.830078125:5810.4248046875] [82.652725219726562:1102.033447265625] [-6177.88720703125:5989.91748046875] [-6811.5:6105] [-6714.5:6392.5] [-7091:5707.5] [-6922.5:6047.5] [-8848.8798828125:5814.7998046875] [82.652725219726562:1102.033447265625] [-6245.5791015625:5979.92529296875] [-6922:6047.5] [-6825:6335] [-7149.5:5650] [-6848:5822.5] [-8799.48046875:5814.4501953125] [82.652725219726562:1102.033447265625] [-6300.3447265625:5961.068359375] [-6847.5:5820] [-6590:6030] [-7169:5527.5] [-6790.5:5715] [-8748.080078125:5814.3251953125] [82.652725219726562:1102.033447265625] [-6341.1767578125:5903.568359375] [-6789.5:5717.5] [-6700.5:5752.5] [-7279.5:5177.5] [-6900:5355] [-8694.60546875:5814.580078125] [82.652725219726562:1102.033447265625] [-6390.615234375:5733.92578125] [-6899:5355] [-6547.5:5642.5] [-7374:4980] [-6919.5:5495] [-8641.5302734375:5817.77978515625] [82.652725219726562:1102.033447265625] [-6417.51416015625:5537.65966796875] [-6918.5:5495] [-6658:5782.5] [-7393.5:5097.5] [-7030:5567.5] [-8590.8798828125:5817.35498046875] [82.652725219726562:1102.033447265625] [-6473.19482421875:5452.41748046875] [-7029:5567.5] [-5679.5:5855] [-7504:5170] [-6051.5:5342.5] [-8541.23046875:5806.52978515625] [82.652725219726562:1102.033447265625] [-6400.44970703125:5442.42529296875] [-6050.5:5340] [-5404.5:5550] [-6525.5:5047.5] [-5776.5:5235] [-8489.5546875:5794.580078125] [82.652725219726562:1102.033447265625] [-5992.13623046875:5423.568359375] [-5775.5:5237.5] [-5280.5:5270] [-6250.5:4462.5] [-5652.5:4650] [-8427.6298828125:5797.77978515625] [82.652725219726562:1102.033447265625] [-5696.03271484375:5253.92578125] [-5651.5:4652.5] [-4759.5:4727.5] [-6126.5:4225] [-5013.5:4412.5] [-8351.0048828125:5797.35498046875] [82.652725219726562:1102.033447265625] [-5424.21142578125:5057.65966796875] [-5013:4415] [-4916:4447.5] [-5292:3440] [-4939:3627.5] [-8272.8798828125:5786.52978515625] [82.652725219726562:1102.033447265625] [-5107.55615234375:4769.0087890625] [-4938.5:3630] [-4717:3702.5] [-5309:3087.5] [-5089:3685] [-8187.2548828125:5759.30517578125] [82.652725219726562:1102.033447265625] [-4842.7783203125:4534.78076171875] [-5088:3685] [-4791.5:3972.5] [-5563:3287.5] [-4976:3460] [-8102.705078125:5731.580078125] [82.652725219726562:1102.033447265625] [-4603.61669921875:4329.11865234375] [-4975.5:3457.5] [-4527:3667.5] [-5180.5:3165] [-4777.5:3352.5] [-8012.77978515625:5701.72998046875] [82.652725219726562:1102.033447265625] [-4508.51416015625:4081.698974609375] [-4776.5:3355] [-4749:4182.5] [-5240:1952.5] [-5121:2140] [-7912.80517578125:5669.77978515625] [82.652725219726562:1102.033447265625] [-4564.19482421875:3785.408203125] [-5120:2142.5] [-2419.5:3979.5] [-5595:1510] [-3764:1971] [-7813.47998046875:5632.10498046875] [82.652725219726562:1102.033447265625] [-4491.44970703125:3494.4619140625] [-3759:2008] [0:3450.5] [-4277:0] none [-7700.93017578125:5575.6298828125] [82.652725219726562:1102.033447265625] [-4083.135986328125:3176.78369140625]
tree_sizes=2874 2868 2877 2882 2897 2870 2883 2875 2878 2828 2853 2849 2872 2885 2870 2883 2869 2862 2855

Tree=0
num_leaves=31
num_cat=0
split_feature=236 180 103 12 242 114 11 229 215 246 239 212 236 6 100 22 219 136 53 152 51 61 234 253 68 29 246 247 20 218
split_gain=3.71524e+07 1.34401e+07 5.53006e+06 5.28217e+06 5.21056e+06 3.8233e+06 3.90813e+06 3.66363e+06 2.35814e+06 2.29423e+06 2.01222e+06 2.59208e+06 2.01001e+06 1.75164e+06 4.07757e+06 2.4463e+06 2.19878e+06 2.65788e+06 2.10049e+06 2.78478e+06 1.89978e+06 1.72895e+06 1.67268e+06 1.66466e+06 1.58962e+06 1.5599e+06 1.53017e+06 1.71048e+06 1.47991e+06 1.40683e+06
threshold=273.86253356933599 697.67520141601574 184.29510498046878 598.85974121093761 -2710.3974609374995 1590.5000000000002 1312.8174438476565 366.12072753906256 297.50462341308599 569.25000000000011 356.75000000000006 713.75000000000011 302.91500854492193 -2621.304077148437 -1601.2499999999998 -2691.4999999999995 -1218.4999999999998 -782.74999999999989 -2643.737426757812 523.07272338867199 -2360.2499999999995 697.99713134765636 -49.749999999999993 411.25000000000006 598.85974121093761 -1713.4999999999998 90.750000000000014 -197.24999999999997 2644.4401855468755 30.250000000000004
decision_type=2 2 2 2 2 2 2 2 2 2 2 2 2 2 2 2 2 2 2 2 2 2 2 2 2 2 2 2 2 2
left_child=2 7 -1 24 -5 22 -7 8 10 13 11 23 -10 15 16 -9 -15 20 19 -16 -18 -20 -6 -2 -3 -14 27 -4 -27 -11
right_child=1 3 26 4 5 6 -8 9 12 29 -12 -13 25 14 18 -17 17 -19 21 -21 -22 -23 -24 -25 -26 28 -28 -29 -30 -31
leaf_value=-112.03278763406506 -117.790336849365 -124.58412743416278 -113.2823792151693 -157.10345319991924 -132.87845424514629 -158.98220335441448 -127.72470371681072 -122.78012073150964 -112.97291652718452 -123.37873194851099 -113.66583961592133 -129.07299969717752 -124.78257193719611 -140.92293684670668 -135.33138895676845 -111.90488775361247 -130.56142735915995 -141.96470400291301 -118.42796108629729 -116.46051298078339 -115.85373203350279 -129.92080677376046 -115.61736059586325 -131.65322676573177 -108.55095421944043 -116.10945586610758 -113.13617261231603 -115.12258279407432 -105.25798528331138 -112.56111901267361
leaf_weight=8696 1381 52 2177 25 25 20 20 81 679 36 262 55 51 29 46 143 37 20 872 34 54 34 32 22 22 1732 5205 3007 32 182
leaf_count=8696 1381 52 2177 25 25 20 20 81 679 36 262 55 51 29 46 143 37 20 872 34 54 34 32 22 22 1732 5205 3007 32 182
internal_value=-114.04 -117.48 -112.963 -130.357 -136.75 -131.504 -143.353 -117.044 -116.276 -119.107 -117.7 -118.425 -115.294 -119.875 -120.679 -115.837 -128.664 -125.461 -119.545 -127.311 -121.834 -118.859 -123.188 -118.008 -119.818 -116.162 -113.742 -114.35 -115.913 -114.348
internal_weight=25063 5978 19085 196 122 97 40 5782 4214 1568 1720 1458 2494 1350 1126 224 140 111 986 80 91 906 57 1403 74 1815 10389 5184 1764 218
internal_count=25063 5978 19085 196 122 97 40 5782 4214 1568 1720 1458 2494 1350 1126 224 140 111 986 80 91 906 57 1403 74 1815 10389 5184 1764 218
is_linear=0
shrinkage=1


Tree=1
num_leaves=31
num_cat=0
split_feature=236 180 61 12 242 114 11 71 32 239 229 215 212 247 226 246 187 247 239 236 100 25 16 44 196 52 13 214 253 240
split_gain=3.35301e+07 1.21297e+07 5.03978e+06 4.76716e+06 4.70254e+06 3.45053e+06 3.52708e+06 3.34878e+06 2.70724e+06 2.25727e+06 2.41451e+06 2.2057e+06 2.307e+06 2.12297e+06 1.8085e+06 1.75276e+06 1.74656e+06 1.55173e+06 1.51953e+06 1.48214e+06 1.4804e+06 1.47208e+06 1.36825e+06 1.3522e+06 1.39866e+06 1.38817e+06 1.35157e+06 2.67029e+06 1.34931e+06 1.97087e+06
threshold=273.86253356933599 697.67520141601574 171.26660919189456 598.85974121093761 -2710.3974609374995 1590.5000000000002 1312.8174438476565 -2343.2499999999995 -2578.807495117187 391.75000000000006 366.12072753906256 297.50462341308599 713.75000000000011 -524.49999999999989 -1261.2499999999998 90.750000000000014 320.29513549804693 -197.24999999999997 188.25000000000003 697.67520141601574 -834.74999999999989 -3350.7075195312495 -2781.7499999999995 1932.7500000000002 1144.5000000000002 2393.2500000000005 -2584.8361816406245 -2184.309936523437 348.25000000000006 -174.24999999999997
decision_type=2 2 2 2 2 2 2 2 2 2 2 2 2 2 2 2 2 2 2 2 2 2 2 2 2 2 2 2 2 2
left_child=2 7 -1 19 -5 18 -7 8 21 10 11 12 -9 14 -12 17 -13 -4 -6 -3 -18 -2 -21 24 -15 -25 -11 -28 -22 -30
right_child=1 3 15 4 5 6 -8 9 -10 26 13 16 -14 23 -16 -17 20 -19 -20 22 28 -23 -24 25 -26 -27 27 -29 29 -31
leaf_value=2.0887197808387485 -10.26636926614961 4.7253904084364571 0.78905929501433647 -40.909827638626098 -18.615907921998396 -42.694640612602235 -13.000014622211456 -3.6023570531415476 -24.019685968859445 8.0185187112717404 -9.2819385549757225 0.25001650600747877 -13.609713271458943 -6.3803849912491168 2.2404991804489067 1.0108746222462368 -6.4891094471224484 -0.84352219603086764 -1.9756841358016519 -3.3522283792495728 -2.368542663259193 2.5969826952616373 -20.110474515245073 -21.871259587151666 5.2128358372935546 -5.6613644609451299 -18.779393568493074 -0.79494620687943751 17.778120395115444 -1.9348697938024999
leaf_weight=7020 86 24 2416 25 23 20 20 1434 29 42 45 849 60 714 140 5988 216 3661 34 29 780 30 21 28 27 25 21 1203 21 32
leaf_count=7020 86 24 2416 25 23 20 20 1434 29 42 45 849 60 714 140 5988 216 3661 34 29 780 30 21 28 27 25 21 1203 21 32
internal_value=1.75269e-08 -3.26768 1.02353 -15.5005 -21.5736 -16.59 -27.8473 -2.853 -10.3556 -2.66001 -3.19849 -2.56715 -4.00426 -5.3859 -0.562256 0.403759 -1.43594 -0.194466 -8.69016 -5.48818 -2.80046 -6.93964 -10.3907 -6.5098 -5.95796 -14.2251 -0.800877 -1.1035 -1.84398 5.87594
internal_weight=25063 5978 19085 196 122 97 40 5782 145 5637 4371 3392 1494 979 185 12065 1898 6077 57 74 1049 116 50 794 741 53 1266 1224 833 53
internal_count=25063 5978 19085 196 122 97 40 5782 145 5637 4371 3392 1494 979 185 12065 1898 6077 57 74 1049 116 50 794 741 53 1266 1224 833 53
is_linear=0
shrinkage=0.05


Tree=2
num_leaves=31
num_cat=0
split_feature=236 180 236 12 67 229 185 60 246 215 236 239 218 6 100 17 219 136 53 152 51 254 110 253 257 29 246 247 68 45
split_gain=3.02609e+07 1.0947e+07 4.69723e+06 4.30236e+06 4.30507e+06 3.03961e+06 1.99517e+06 3.01336e+06 1.96431e+06 1.91521e+06 1.75668e+06 1.71233e+06 2.20153e+06 1.60157e+06 3.59589e+06 2.18488e+06 1.93555e+06 2.39884e+06 1.85745e+06 2.47777e+06 1.69251e+06 1.54777e+06 2.00866e+06 1.50247e+06 1.41667e+06 1.57443e+06 1.40976e+06 1.47478e+06 1.40796e+06 1.36611e+06
threshold=273.86253356933599 697.67520141601574 188.93824768066409 598.85974121093761 -2031.4749755859373 366.12072753906256 -2.7499999999999996 2099.450073242188 569.25000000000011 297.50462341308599 302.91500854492193 356.75000000000006 939.75000000000011 -2621.304077148437 -1601.2499999999998 -2558.7499999999995 -1218.4999999999998 -782.74999999999989 -2643.737426757812 523.07272338867199 -2360.2499999999995 -466.24999999999994 697.99713134765636 411.25000000000006 424.42092895507818 -1713.4999999999998 90.750000000000014 -197.24999999999997 598.85974121093761 -797.74999999999989
decision_type=2 2 2 2 2 2 2 2 2 2 2 2 2 2 2 2 2 2 2 2 2 2 2 2 2 2 2 2 2 2
left_child=2 5 -1 28 -5 9 -6 -8 13 11 -11 12 23 15 16 -7 -15 20 19 29 -18 -20 -23 -2 25 -12 27 -4 -3 -16
right_child=1 3 26 4 6 8 7 -9 -10 10 24 -13 -14 14 18 -17 17 -19 21 -21 -22 22 -24 -25 -26 -27 -28 -29 -30 -31
leaf_value=1.7764593657668997 -3.3499593404856598 -9.699773348294773 0.6097375507517101 -34.459493047312684 -2.6683338596270634 -5.6387507429489725 -28.912115147534543 -5.7720710674921669 -0.18579288283619314 1.0437193129282989 -10.931480151293229 0.42698298356005254 -13.261298836645535 -25.06951318321557 -10.872855897383257 4.3675083656260307 -15.354471836057868 -26.241440925598148 2.4215326011954965 -2.0722677939078387 -1.472248974994377 -4.5464008319756459 -18.66707697098072 -16.520646511424673 10.673371488397772 -1.8438632300139592 0.79647774602535248 -1.1619647608939079 5.3895114730704918 -28.122310294707617
leaf_weight=9306 1375 52 2052 38 26 130 34 24 218 679 49 262 61 29 22 94 37 20 77 34 54 803 26 22 22 1744 4980 2747 22 24
leaf_count=9306 1375 52 2052 38 26 130 34 24 218 679 49 262 61 29 22 94 37 20 77 34 54 803 26 22 22 1744 4980 2747 22 24
internal_value=1.47427e-08 -3.10429 0.972358 -14.7255 -20.4949 -2.71035 -14.1776 -19.3369 -4.58973 -2.01105 -1.12584 -3.2946 -3.96337 -5.30088 -6.06901 -1.4397 -13.5676 -10.5626 -5.0043 -12.3074 -7.11667 -4.35943 -4.98927 -3.55737 -1.93748 -2.09221 0.20715 -0.404404 -5.21377 -19.8726
internal_weight=25063 5978 19085 196 122 5782 84 58 1568 4214 2494 1720 1458 1350 1126 224 140 111 986 80 91 906 829 1397 1815 1793 9779 4799 74 46
internal_count=25063 5978 19085 196 122 5782 84 58 1568 4214 2494 1720 1458 1350 1126 224 140 111 986 80 91 906 829 1397 1815 1793 9779 4799 74 46
is_linear=0
shrinkage=0.05


Tree=3
num_leaves=31
num_cat=0
split_feature=236 145 103 5 32 113 227 252 190 205 69 162 254 215 54 236 208 229 145 246 221 134 120 1 190 198 236 241 219 40
split_gain=2.74118e+07 9.13166e+06 6.75509e+06 6.44247e+06 7.41911e+06 3.32651e+06 2.07306e+06 2.87363e+06 2.72193e+06 1.96747e+06 2.22781e+06 1.86883e+06 1.72161e+06 1.77904e+06 1.62826e+06 1.60864e+06 1.60964e+06 2.13197e+06 1.5307e+06 1.57895e+06 1.51771e+06 1.43755e+06 1.65432e+06 3.43965e+06 2.09169e+06 1.37651e+06 1.34062e+06 1.33447e+06 1.30103e+06 1.23221e+06
threshold=302.91500854492193 756.37554931640636 208.1150817871094 598.85974121093761 -831.83499145507801 -1309.4999999999998 -1256.2499999999998 -389.74999999999994 -1642.9999999999998 -29.749999999999996 -3660.8039550781245 -1643.7499999999998 -803.24999999999989 270.59570312500006 240.642692565918 246.45658874511722 267.34095764160162 282.50642395019537 388.34660339355474 569.25000000000011 -2525.3124999999995 -842.24999999999989 -402.24999999999994 593.25000000000011 -527.24999999999989 1093.7500000000002 143.42427062988284 -336.24999999999994 -1218.4999999999998 238.16750335693362
decision_type=2 2 2 2 2 2 2 2 2 2 2 2 2 2 2 2 2 2 2 2 2 2 2 2 2 2 2 2 2 2
left_child=2 5 26 -3 -5 6 7 -2 27 10 -10 -7 -13 14 -14 29 17 -17 -15 21 -12 -20 23 24 -23 -24 -1 -8 -22 -4
right_child=1 3 15 4 -6 11 8 -9 9 -11 20 12 13 18 -16 16 -18 -19 19 -21 28 22 25 -25 -26 -27 -28 -29 -30 -31
leaf_value=2.350709059102754 -30.660592805255547 -0.86763938764731086 -0.4045161061547482 -47.412560408455988 -13.299331701124039 -16.003111395570965 14.862812552452088 -5.6429014126459762 -22.12188173021589 -17.888655926460444 -0.2456909413240394 7.9301846394667752 2.9611970818042757 -1.9783156443474983 -13.118021708656407 -1.4847920917784347 -0.099246802415850724 -7.0370468098143633 2.6294728668112506 0.28934798917652649 -19.698938837505523 7.1777125525474545 -5.175987690312116 -29.561240838539035 -11.382060840205542 6.1193530763898583 1.1775772553049779 -2.6247578402360281 -6.421787108245649 1.1765255733805906
leaf_weight=3465 22 33 2601 28 37 27 20 24 21 43 98 37 20 2251 74 1824 2427 191 57 162 21 20 735 21 63 28 8195 24 152 2342
leaf_count=3465 22 33 2601 28 37 27 20 24 21 43 98 37 20 2251 74 1824 2427 191 57 162 21 20 735 21 63 28 8195 24 152 2342
internal_value=3.6518e-09 -3.78435 0.722524 -18.8598 -27.9943 -3.40746 -7.58433 -17.6079 -6.36775 -7.9034 -6.43297 -2.89955 -2.79753 -2.91322 -9.69691 -0.275965 -0.966504 -2.01109 -2.72213 -4.26386 -5.21722 -5.06215 -5.56783 -11.4837 -6.90983 -4.76148 1.5262 5.32414 -8.03346 0.344584
internal_weight=25063 4018 21045 98 65 3920 425 46 379 335 292 3495 3468 3431 94 9385 4442 2015 3337 1086 271 924 867 104 83 763 11660 44 173 4943
internal_count=25063 4018 21045 98 65 3920 425 46 379 335 292 3495 3468 3431 94 9385 4442 2015 3337 1086 271 924 867 104 83 763 11660 44 173 4943
is_linear=0
shrinkage=0.05


Tree=4
num_leaves=31
num_cat=0
split_feature=236 152 12 102 54 61 135 183 232 254 254 239 253 225 219 106 85 194 61 61 246 225 159 247 208 246 257 236 145 164
split_gain=2.47532e+07 9.12618e+06 5.11577e+06 4.07986e+06 5.15072e+06 3.93703e+06 3.15138e+06 2.89077e+06 5.48457e+06 2.83162e+06 2.03115e+06 1.94952e+06 2.11744e+06 2.14115e+06 1.91345e+06 1.68828e+06 1.86513e+06 1.64846e+06 1.56917e+06 1.48908e+06 1.45049e+06 1.35131e+06 1.35291e+06 1.18319e+06 1.17577e+06 1.72868e+06 1.60797e+06 1.15595e+06 1.09533e+06 1.06956e+06
threshold=273.86253356933599 697.67520141601574 598.85974121093761 3413.807495117188 757.00543212890636 162.2836837768555 -2256.2499999999995 1.0000000180025095e-35 814.25000000000011 -658.74999999999989 -803.24999999999989 271.25000000000006 2.2500000000000004 73.750000000000014 -417.74999999999994 -903.24999999999989 -771.74999999999989 642.43734741210949 317.71459960937506 598.85974121093761 152.75000000000003 833.25000000000011 325.27511596679693 -26.749999999999996 598.35256958007824 551.00000000000011 598.35256958007824 245.69543457031253 403.88594055175787 665.25000000000011
decision_type=2 2 2 2 2 2 2 2 2 2 2 2 2 2 2 2 2 2 2 2 2 2 2 2 2 2 2 2 2 2
left_child=5 6 19 4 7 -1 9 -4 -9 -2 -8 12 -12 14 -14 16 18 -11 -15 29 23 28 -23 27 26 -26 -13 -7 -17 -3
right_child=1 2 3 -5 -6 20 10 8 -10 17 11 24 13 15 -16 21 -18 -19 -20 -21 -22 22 -24 -25 25 -27 -28 -29 -30 -31
leaf_value=1.9610657609497633 -23.325995608033807 -15.524304315318233 -3.2637705383300784 -1.7095469786570623 -42.612381526717435 0.5725423623616116 9.1291635892330074 -41.943405914306645 -8.4245728254318237 -3.4622465289675675 -14.301347066425695 -0.94733725708379335 -2.8919090627302086 -2.5697971971888172 0.46605111635873042 -2.6694664350146149 -19.171315625134635 -16.453629878259473 -12.986729548871518 6.9867766481179459 1.179972607567275 -14.772674329464252 -2.4532217137897625 -1.4398825110979827 -15.72841506726814 -0.17933470041323932 13.306910033226012 -0.92553885164209593 -6.6249068038070149 0.28554496526718143
leaf_weight=5839 29 23 25 26 27 6338 39 23 26 115 41 1838 1178 102 663 1270 34 31 56 26 4130 52 39 1162 33 39 20 1616 203 20
leaf_count=5839 29 23 25 26 27 6338 39 23 26 115 41 1838 1178 102 663 1270 34 31 56 26 4130 52 39 1162 33 39 20 1616 203 20
internal_value=3.02975e-09 -2.80761 -13.4184 -19.3726 -23.9195 0.879429 -2.44793 -17.0991 -24.1579 -9.05528 -2.2417 -2.32135 -3.00279 -2.87401 -1.68261 -4.12308 -8.54792 -6.22069 -6.26187 -2.4593 0.402631 -3.57988 -9.49291 0.0504563 -1.03684 -7.306 -0.793901 0.26818 -3.21458 -8.17089
internal_weight=25063 5978 196 127 101 19085 5782 74 49 175 5607 5568 3638 3597 1841 1756 192 146 158 69 13246 1564 91 9116 1930 72 1858 7954 1473 43
internal_count=25063 5978 196 127 101 19085 5782 74 49 175 5607 5568 3638 3597 1841 1756 192 146 158 69 13246 1564 91 9116 1930 72 1858 7954 1473 43
is_linear=0
shrinkage=0.05


Tree=5
num_leaves=31
num_cat=0
split_feature=236 145 103 5 25 113 140 227 252 190 239 162 215 54 41 208 254 145 246 179 230 226 217 236 208 229 243 241 82 164
split_gain=2.25758e+07 7.59744e+06 5.63183e+06 5.50312e+06 6.52274e+06 2.77196e+06 1.85702e+06 2.06478e+06 2.44844e+06 2.05233e+06 1.76887e+06 1.632e+06 1.50595e+06 1.69194e+06 1.38812e+06 1.4228e+06 1.3626e+06 1.29836e+06 1.38033e+06 1.41477e+06 1.41535e+06 2.11902e+06 1.43731e+06 1.27775e+06 1.47332e+06 1.85533e+06 1.27407e+06 1.22754e+06 1.14934e+06 1.1431e+06
threshold=302.91500854492193 756.37554931640636 208.1150817871094 598.85974121093761 -1109.3225097656248 -1309.4999999999998 -704.24999999999989 -1256.2499999999998 -389.74999999999994 -1642.9999999999998 424.75000000000006 -1643.7499999999998 270.59570312500006 238.16750335693362 -3854.994750976562 697.67520141601574 -803.24999999999989 388.34660339355474 569.25000000000011 -3680.8525390624995 1193.8001098632815 373.75000000000006 1008.7500000000001 246.45658874511722 267.34095764160162 282.50642395019537 598.35256958007824 -336.24999999999994 222.39125061035159 -1317.2499999999998
decision_type=2 2 2 2 2 2 2 2 2 2 2 2 2 2 2 2 2 2 2 2 2 2 2 2 2 2 2 2 2 2
left_child=2 5 -1 -3 -5 6 7 8 -2 27 -6 -7 13 -13 -11 26 -14 -18 19 -19 22 -22 29 28 25 -25 -16 -9 -4 -21
right_child=1 3 23 4 10 11 -8 9 -10 14 -12 12 16 -15 15 -17 17 18 -20 20 21 -23 -24 24 -26 -27 -28 -29 -30 -31
leaf_value=1.3895191579217157 -28.190876418893989 -0.55637032371578798 -0.86527672560100166 -46.329609449704492 -24.151135673522951 -14.872070522661563 -21.77634556412697 14.372730188369752 -5.0980712970097866 -18.130417790620225 -3.3739965189070933 4.2328343918919566 7.4583891664232524 -12.111824687099771 -5.3036843570470813 7.4988255667686463 -1.7736896991224977 5.541180450266058 0.37856598489078475 5.6374455332756046 13.375054237365724 -8.1694865374338068 -17.527523616949718 -1.3798416406635132 -0.041714161068283954 -6.5593524502600049 -17.854447023976935 -2.3995921338597936 0.79716848024033471 -5.437704454233387
leaf_weight=11660 22 33 1487 24 20 27 20 20 24 23 21 20 35 76 250 20 2251 33 162 24 25 21 24 1824 2427 191 22 24 3456 797
leaf_count=11660 22 33 1487 24 20 27 20 20 24 23 21 20 35 76 250 20 2251 33 162 24 25 21 24 1824 2427 191 22 24 3456 797
internal_value=2.90097e-09 -3.43435 0.655701 -17.1852 -25.6275 -3.09058 -6.90343 -6.16896 -16.1425 -4.89102 -13.5092 -2.62693 -2.5316 -8.70669 -6.30394 -5.37241 -2.35579 -2.45873 -3.87865 -4.62504 -5.00157 3.5395 -5.46652 -0.256 -0.871434 -1.8708 -6.31882 5.22419 0.297056 -5.11395
internal_weight=25063 4018 21045 98 65 3920 425 405 46 359 41 3495 3468 96 315 292 3372 3337 1086 924 891 46 845 9385 4442 2015 272 44 4943 821
internal_count=25063 4018 21045 98 65 3920 425 405 46 359 41 3495 3468 96 315 292 3372 3337 1086 924 891 46 845 9385 4442 2015 272 44 4943 821
is_linear=0
shrinkage=0.05


Tree=6
num_leaves=31
num_cat=0
split_feature=236 145 17 4 103 113 205 227 252 190 69 162 215 54 221 254 219 236 145 124 191 133 117 208 33 236 208 241 148 257
split_gain=2.03747e+07 6.85669e+06 5.23034e+06 7.06201e+06 5.11291e+06 2.50169e+06 1.70161e+06 2.0249e+06 2.20972e+06 1.6818e+06 1.78271e+06 1.47288e+06 1.35912e+06 1.52697e+06 1.3487e+06 1.22974e+06 1.20142e+06 1.17755e+06 1.17177e+06 1.30954e+06 1.52968e+06 1.34592e+06 1.17891e+06 1.9328e+06 1.15073e+06 1.11088e+06 1.41654e+06 1.10785e+06 1.07706e+06 1.05281e+06
threshold=302.91500854492193 756.37554931640636 -2923.2499999999995 1281.1724853515627 212.2242126464844 -1309.4999999999998 -29.749999999999996 -1256.2499999999998 -389.74999999999994 -1642.9999999999998 -3660.8039550781245 -1643.7499999999998 270.59570312500006 238.16750335693362 -2525.3124999999995 -803.24999999999989 -1218.4999999999998 143.42427062988284 388.34660339355474 388.34660339355474 -504.24999999999994 -619.24999999999989 475.18203735351568 475.18203735351568 160.77922058105472 246.45658874511722 304.50262451171881 -336.24999999999994 -456.24999999999994 223.31399536132815
decision_type=2 2 2 2 2 2 2 2 2 2 2 2 2 2 2 2 2 2 2 2 2 2 2 2 2 2 2 2 2 2
left_child=4 5 -3 -4 17 6 7 8 -2 27 -11 -7 13 -13 -12 -14 -16 -1 -17 20 -20 22 -21 -24 -6 29 -27 -9 -23 -26
right_child=1 2 3 -5 24 11 -8 9 -10 10 14 12 15 -15 16 18 -18 -19 19 21 -22 28 23 -25 25 26 -28 -29 -30 -31
leaf_value=2.0690983628325736 -26.781332354112109 -2.1184791054481114 -40.041785038539345 -4.8273732205231994 -12.267750474810601 -14.128466979662576 -15.988062672836836 13.654093833863735 -4.8431677500406902 -19.557427958079749 0.25108194951804313 4.0211926877498625 7.0854698535374228 -11.506233538804871 -18.300323880286445 -1.6850052126748254 -5.5415264899597361 0.97886636598988686 -19.417359841346741 8.7951734631489487 -5.7603387744803181 -13.849538997503428 -15.386177492141725 1.763799768427144 -0.42505188749104938 -1.1510846703922739 1.6716184283929518 -2.2796123814458649 -3.50253926473198 1.1085255380265771
leaf_weight=3465 22 39 35 24 20 27 43 20 24 21 98 20 35 76 21 2251 152 8684 25 39 114 26 20 92 2396 3878 502 24 770 2100
leaf_count=3465 22 39 35 24 20 27 43 20 24 21 98 20 35 76 21 2251 152 8684 25 39 114 26 20 92 2396 3878 502 24 770 2100
internal_value=5.10723e-09 -3.26264 -16.3259 -25.7173 0.622916 -2.93605 -6.55826 -5.49679 -15.3353 -4.14984 -5.52301 -2.49559 -2.40502 -8.27135 -4.43547 -2.23801 -7.09028 1.28981 -2.33579 -3.68471 -8.21664 -3.01952 1.30833 -1.2987 -0.287841 -0.260847 -0.827569 4.96298 -3.84051 0.291254
internal_weight=25063 4018 98 59 21045 3920 425 382 46 336 292 3495 3468 96 271 3372 173 12149 3337 1086 139 947 151 112 8896 8876 4380 44 796 4496
internal_count=25063 4018 98 59 21045 3920 425 382 46 336 292 3495 3468 96 271 3372 173 12149 3337 1086 139 947 151 112 8896 8876 4380 44 796 4496
is_linear=0
shrinkage=0.05


Tree=7
num_leaves=31
num_cat=0
split_feature=236 152 12 102 54 61 51 162 155 252 227 246 36 151 225 236 187 66 13 208 61 246 203 54 246 89 4 247 102 156
split_gain=1.84424e+07 7.02187e+06 4.04513e+06 3.4662e+06 4.23046e+06 3.07004e+06 2.80919e+06 2.49781e+06 2.40356e+06 1.91849e+06 2.17209e+06 1.53046e+06 1.63135e+06 1.86547e+06 1.67366e+06 1.56583e+06 1.435e+06 1.90677e+06 2.25242e+06 1.59847e+06 1.36772e+06 1.32085e+06 1.26072e+06 1.24216e+06 1.48457e+06 1.21275e+06 1.113e+06 1.06928e+06 1.03639e+06 1.88572e+06
threshold=273.86253356933599 697.67520141601574 598.85974121093761 3413.807495117188 757.00543212890636 162.2836837768555 1766.7500000000002 -1643.7499999999998 420.25000000000006 -282.24999999999994 -1256.2499999999998 390.75000000000006 -1889.7499999999998 -3847.0725097656245 -139.74999999999997 299.64010620117193 411.96957397460943 2321.7500000000005 -2584.8361816406245 268.40893554687506 598.85974121093761 152.75000000000003 439.75000000000006 262.93220520019537 -44.749999999999993 335.90113830566412 -997.86499023437489 -26.749999999999996 -5108.1350097656241 -2641.2499999999995
decision_type=2 2 2 2 2 2 2 2 2 2 2 2 2 2 2 2 2 2 2 2 2 2 2 2 2 2 2 2 2 2
left_child=5 7 20 4 6 -1 8 9 -4 10 -2 12 13 -9 22 -15 19 18 -18 23 -3 27 -14 -16 -25 -20 -17 -7 -11 -30
right_child=1 2 3 -5 -6 21 -8 11 -10 28 -12 -13 14 15 16 26 17 -19 25 -21 -22 -23 -24 24 -26 -27 -28 -29 29 -31
leaf_value=1.7142359549260382 -28.249072783333915 -7.4596621258314277 -17.54632436613883 -0.74487462977950392 -38.157377433776858 0.20896096704427625 -30.012674453041768 3.6216677315734529 4.3619703565325052 -14.419219536440714 -8.1159033549798512 -0.080986272370694667 -0.61098058903046271 0.72386892693383365 -2.5051430704306119 -9.2800855005780871 6.5327622437477118 6.7806568079981311 -18.370103996276857 -1.8248526040109123 7.0672113243203896 1.079843534254999 10.981751724084219 -19.260629133077771 -6.395313518764052 -6.8973962643040743 -22.020278874635697 -1.414797600277294 8.0302008082789751 -6.8493883599253271
leaf_weight=5839 21 43 31 26 27 7954 22 37 21 21 37 939 1028 35 199 120 30 29 25 2636 26 4130 24 26 163 293 20 1162 31 68
leaf_count=5839 21 43 31 26 27 7954 22 37 21 21 37 939 1028 35 199 120 30 29 25 2636 26 4130 24 26 163 293 20 1162 31 68
internal_value=2.70153e-09 -2.42343 -11.7309 -17.0254 -21.2165 0.759091 -15.0353 -2.10792 -8.69874 -7.93902 -15.4055 -1.92271 -2.29342 -6.57867 -2.08941 -8.73532 -2.62853 -5.53732 -6.56381 -2.26589 -1.98577 0.338052 -0.346508 -5.26221 -8.16515 -7.79934 -11.1001 0.00198341 -4.33021 -2.19012
internal_weight=25063 5978 196 127 101 19085 74 5782 52 178 58 5604 4665 212 4453 175 3401 377 348 3024 69 13246 1052 388 189 318 140 9116 120 99
internal_count=25063 5978 196 127 101 19085 74 5782 52 178 58 5604 4665 212 4453 175 3401 377 348 3024 69 13246 1052 388 189 318 140 9116 120 99
is_linear=0
shrinkage=0.05


Tree=8
num_leaves=31
num_cat=0
split_feature=236 145 17 46 236 162 72 4 36 245 246 152 8 9 254 109 13 53 157 246 1 106 253 215 236 208 9 16 225 177
split_gain=1.68289e+07 5.72073e+06 4.4621e+06 6.0629e+06 4.33426e+06 2.07412e+06 2.52575e+06 1.87349e+06 1.89672e+06 1.79757e+06 1.7427e+06 1.69473e+06 1.75219e+06 1.78072e+06 1.59375e+06 1.45859e+06 1.3429e+06 1.76002e+06 2.17738e+06 1.28953e+06 1.22052e+06 2.30137e+06 1.70288e+06 1.17794e+06 1.32194e+06 1.28494e+06 1.1761e+06 1.17101e+06 1.14536e+06 1.12361e+06
threshold=302.91500854492193 756.37554931640636 -2923.2499999999995 -785.06747436523426 208.1150817871094 -1643.7499999999998 -1268.7499999999998 -5812.5725097656241 -1889.7499999999998 -927.74999999999989 498.00000000000006 697.67520141601574 2360.7500000000005 -550.24999999999989 -803.24999999999989 -5071.8850097656241 -2584.8361816406245 -2643.737426757812 674.75000000000011 261.75000000000006 95.750000000000014 -69.749999999999986 236.75000000000003 207.27247619628909 246.45658874511722 302.84857177734381 -1855.2499999999998 -459.24999999999994 93.250000000000014 -822.24999999999989
decision_type=2 2 2 2 2 2 2 2 2 2 2 2 2 2 2 2 2 2 2 2 2 2 2 2 2 2 2 2 2 2
left_child=4 5 -3 -4 -1 6 9 -7 10 -2 29 14 13 -13 -10 -11 -16 18 -18 20 -19 22 -22 -6 -25 -26 -21 -23 -17 -9
right_child=1 2 3 -5 23 7 -8 8 11 15 -12 12 -14 -15 16 28 17 19 -20 26 21 27 -24 24 25 -27 -28 -29 -30 -31
leaf_value=1.2085182523091165 -19.005970332839272 -1.7747653148113152 -44.357780376957223 -11.21232971959823 -2.1799151812360127 7.9590556655165763 -24.24439530599685 -12.51883744615497 9.3666251500447597 -14.459930317670107 4.4910229550940652 -15.904493279457093 -22.570906400680542 4.1120381259918215 5.4700217353446146 -4.0304357621404865 -5.0367890561372048 -1.2360392541817726 -21.489542869899584 -12.600377684831621 -7.039129651688981 -13.752333252876998 -21.803140150416983 0.59603362475480193 -0.95222189151084846 1.5931203939720779 -0.35448181798103395 -2.5883672190065128 7.8608563922069692 -4.6816570148397894
leaf_weight=11682 22 39 22 37 719 43 21 99 30 25 28 20 20 25 56 81 160 815 23 20 174 24 22 3978 4102 564 997 1103 27 85
leaf_count=11682 22 39 22 37 719 43 21 99 30 25 28 20 20 25 56 81 160 815 23 20 174 24 22 3978 4102 564 997 1103 27 85
internal_value=1.0058e-08 -2.96518 -14.8974 -23.5717 0.566124 -2.66687 -7.9715 -2.41751 -2.53807 -5.76679 -7.12999 -2.25905 -10.257 -4.7842 -2.10722 -3.57685 -2.20864 -2.33746 -7.10462 -2.06095 -2.75813 -3.69577 -8.69631 -0.235377 -0.0736317 -0.644555 -0.595306 -2.82611 -1.05761 -8.8984
internal_weight=25063 4018 98 59 21045 3920 176 3744 3701 155 212 3489 65 45 3424 133 3394 3338 183 3155 2138 1323 196 9363 8644 4666 1017 1127 108 184
internal_count=25063 4018 98 59 21045 3920 176 3744 3701 155 212 3489 65 45 3424 133 3394 3338 183 3155 2138 1323 196 9363 8644 4666 1017 1127 108 184
is_linear=0
shrinkage=0.05


Tree=9
num_leaves=31
num_cat=0
split_feature=236 145 5 4 103 113 1 196 114 246 41 257 179 219 19 26 38 240 38 254 135 142 189 191 44 215 61 65 149 43
split_gain=1.51881e+07 5.16296e+06 4.06734e+06 5.3407e+06 4.00194e+06 1.93875e+06 1.67362e+06 1.89159e+06 1.5807e+06 1.50612e+06 1.51553e+06 1.85515e+06 1.46245e+06 1.35888e+06 1.34113e+06 2.09723e+06 2.46799e+06 1.55989e+06 1.63149e+06 1.46796e+06 1.45694e+06 1.37595e+06 1.57488e+06 2.0472e+06 1.40542e+06 1.295e+06 1.3434e+06 1.14152e+06 1.04804e+06 1.0468e+06
threshold=302.91500854492193 756.37554931640636 598.85974121093761 -1436.2075195312498 212.2242126464844 -1391.7499999999998 -1253.9999999999998 -314.74999999999994 2282.7500000000005 -417.24999999999994 -3854.994750976562 642.43734741210949 -3680.8525390624995 -1107.4999999999998 424.32580566406256 455.67280578613287 415.50000000000006 204.25000000000003 2492.5000000000005 -135.24999999999997 772.25000000000011 1427.5000000000002 -255.24999999999997 -300.74999999999994 -806.74999999999989 270.59570312500006 240.642692565918 197.25000000000003 11.750000000000002 -1398.7499999999998
decision_type=2 2 2 2 2 2 2 2 2 2 2 2 2 2 2 2 2 2 2 2 2 2 2 2 2 2 2 2 2 2
left_child=4 5 -3 -4 -1 6 9 13 -5 -2 -11 29 -7 -8 25 16 19 18 21 -16 28 22 -17 27 -25 26 -14 -24 -19 -12
right_child=1 2 3 8 -6 12 7 -9 -10 10 11 -13 14 -15 15 17 -18 20 -20 -21 -22 -23 23 24 -26 -27 -28 -29 -30 -31
leaf_value=1.1278257400828648 -15.384157880147299 0.14339720552617854 -40.777922929888192 -0.63103562355041509 -0.26793845603125266 7.0017112621041235 -17.686435906783395 -25.035588909330826 -20.052963863719597 -12.149128122207447 -1.9959003488617864 8.94097382624944 4.012467176318169 -2.6893320983826099 -26.548565567016603 0.25077476015797368 -4.7025238639542035 1.9856247024536131 -14.551117464990327 -10.486019169200551 -3.8951783757460747 9.4627298196156815 -8.0521585583686832 -12.371389878959192 -2.1243652291841562 -1.5600325286796379 -10.571945542653403 -23.820031157406895 16.61351334253947 -12.744093482310957
leaf_weight=12149 27 33 23 20 8896 43 23 21 22 39 176 36 20 44 25 162 112 25 33 33 38 21 24 41 182 2648 75 22 24 26
leaf_count=12149 27 33 23 20 8896 43 23 21 22 39 176 36 20 44 25 162 112 25 33 33 38 21 24 41 182 2648 75 22 24 26
internal_value=-4.7933e-09 -2.81692 -14.1525 -21.4104 0.537818 -2.53353 -5.8694 -11.9417 -10.8044 -4.11164 -3.01287 -1.51576 -2.16288 -7.83759 -2.27595 -4.16184 -9.03786 -2.71267 -3.81855 -17.4095 3.45228 -3.03498 -3.64392 -5.98942 -4.00835 -1.76581 -7.50154 -15.5933 9.1503 -3.37933
internal_weight=25063 4018 98 65 21045 3920 392 88 42 304 277 238 3528 67 3485 742 170 572 485 58 87 452 431 269 223 2743 95 46 49 202
internal_count=25063 4018 98 65 21045 3920 392 88 42 304 277 238 3528 67 3485 742 170 572 485 58 87 452 431 269 223 2743 95 46 49 202
is_linear=0
shrinkage=0.05


Tree=10
num_leaves=31
num_cat=0
split_feature=236 180 54 116 194 71 32 232 225 205 164 246 220 248 246 247 257 257 191 80 201 236 239 219 150 13 165 252 229 215
split_gain=1.3847e+07 5.41876e+06 2.5932e+06 5.04794e+06 2.46998e+06 1.7571e+06 2.18042e+06 1.63631e+06 4.11576e+06 1.69255e+06 1.62416e+06 1.52155e+06 1.49883e+06 1.32765e+06 1.27275e+06 1.3374e+06 1.1734e+06 1.73666e+06 2.50581e+06 1.42418e+06 1.0679e+06 2.27516e+06 1.15862e+06 997712 977417 944414 1.18791e+06 933132 1.00632e+06 1.72528e+06
threshold=273.86253356933599 697.67520141601574 757.00543212890636 3361.224975585938 182.86527252197268 -2343.2499999999995 -2578.807495117187 520.25000000000011 326.75000000000006 118.75000000000001 1222.2500000000002 268.75000000000006 1010.7500000000001 203.25000000000003 90.750000000000014 -197.24999999999997 598.35256958007824 551.05221557617199 -494.74999999999994 7.2500000000000009 551.05221557617199 523.07272338867199 -21.749999999999996 -931.74999999999989 1199.2500000000002 -2584.8361816406245 -2547.987426757812 193.25000000000003 330.13107299804693 297.50462341308599
decision_type=2 2 2 2 2 2 2 2 2 2 2 2 2 2 2 2 2 2 2 2 2 2 2 2 2 2 2 2 2 2
left_child=4 5 7 -4 -1 6 20 8 23 -9 -11 12 13 16 15 -6 17 27 -19 -18 21 22 -2 -3 -14 -13 -27 28 29 -7
right_child=1 2 3 -5 14 11 -8 9 -10 10 -12 25 24 -15 -16 -17 19 18 -20 -21 -22 -23 -24 -25 -26 26 -28 -29 -30 -31
leaf_value=1.2919035749847725 -12.405653001322891 -12.320067025314678 -33.075505452156072 -0.64629822731018072 0.54506450082189184 -2.6353631433091227 -19.520068474473625 10.24082961515947 -28.539736957550048 -16.79793393725441 2.4346424609746626 5.7796240572134661 -4.8316716618008089 -13.566551864624024 0.69119535733939563 -1.0767343222507599 -0.93013226138918026 0.035154888629913332 -24.993898806571963 15.05533404783769 -12.135628081906226 13.452676305770874 0.94691755697131164 1.4262294991449878 -17.858200306942067 -11.651421141624452 -0.43943150631831607 8.2608541488647464 -3.123685616663459 0.053200432007836411
leaf_weight=8509 33 22 30 20 2168 1349 29 22 25 21 23 60 36 25 5335 3073 38 20 20 22 31 20 32 33 24 24 1509 22 1418 1070
leaf_count=8509 33 22 30 20 2168 1349 29 22 25 21 23 60 36 25 5335 3073 38 20 20 22 31 20 32 33 24 24 1509 22 1418 1070
internal_value=-4.62454e-09 -2.0999 -10.2761 -20.1038 0.657754 -1.82274 -7.25737 -6.91049 -11.7184 -1.08275 -6.74454 -1.68295 -2.19852 -2.0804 0.147544 -0.405859 -2.00786 -2.11465 -12.4794 4.93121 -4.19169 -1.29449 -5.83208 -4.07229 -10.0423 -0.374111 -0.614962 -2.00721 -2.06608 -1.44613
internal_weight=25063 5978 196 50 19085 5782 145 146 80 66 44 5637 4044 3984 10576 5241 3959 3899 40 60 116 85 65 55 60 1593 1533 3859 3837 2419
internal_count=25063 5978 196 50 19085 5782 145 146 80 66 44 5637 4044 3984 10576 5241 3959 3899 40 60 116 85 65 55 60 1593 1533 3859 3837 2419
is_linear=0
shrinkage=0.05


Tree=11
num_leaves=31
num_cat=0
split_feature=229 180 47 239 61 215 229 232 57 215 246 78 118 236 257 155 4 185 20 101 257 13 247 253 240 243 16 208 167 79
split_gain=1.2592e+07 4.85626e+06 2.40253e+06 4.39718e+06 2.32878e+06 1.54895e+06 2.02752e+06 1.76785e+06 1.48507e+06 1.3106e+06 1.24095e+06 1.17177e+06 1.16234e+06 1.15939e+06 1.90996e+06 1.73542e+06 1.27765e+06 1.51075e+06 1.04829e+06 1.02249e+06 1.01082e+06 1.12783e+06 974347 955247 944116 938619 901024 1.15021e+06 1.88813e+06 2.28989e+06
threshold=274.88392639160162 697.67520141601574 757.00543212890636 424.75000000000006 162.2836837768555 270.59570312500006 366.12072753906256 1416.7500000000002 -1394.2499999999998 366.12072753906256 89.750000000000014 -929.24999999999989 -153.85218811035153 697.67520141601574 756.37554931640636 369.25000000000006 -851.61999511718739 23.750000000000004 2644.4401855468755 -38.749999999999993 424.42092895507818 -2373.890014648437 -202.74999999999997 2.2500000000000004 -377.74999999999994 312.08459472656256 2963.2500000000005 551.05221557617199 1158.9356689453127 -2788.7499999999995
decision_type=2 2 2 2 2 2 2 2 2 2 2 2 2 2 2 2 2 2 2 2 2 2 2 2 2 2 2 2 2 2
left_child=4 5 13 -4 -1 8 18 9 -2 11 22 -8 -13 15 16 -3 17 -15 20 -14 21 -7 -6 -23 -10 -26 27 -11 29 -29
right_child=1 2 3 -5 10 6 7 -9 24 26 -12 12 19 14 -16 -17 -18 -19 -20 -21 -22 23 -24 -25 25 -27 -28 28 -30 -31
leaf_value=1.4531996307928396 6.0002931148775165 -10.239008366316558 -35.260449834491901 -4.967338897705079 0.57086437260408451 -8.4246265607721664 -14.68263631832032 8.2578831714742318 3.210678678949674 -2.2167706133885319 0.7452382464996139 4.3786912624652574 -17.292730603899276 -10.622509372234346 -1.2714648141417393 10.111309773424132 -5.5501409178194798 -30.056717469394211 6.2478584430965727 -4.8459435159509834 8.8521511261279766 -10.484298462134142 -0.67476528157672488 -0.86498306025033012 -5.3138644719516845 -14.813960599899293 6.8426609913508107 -13.710283527550875 -20.297166774386454 -2.0002112213036289
leaf_weight=5840 31 20 23 25 2475 51 42 34 30 1085 6575 26 21 20 43 22 23 20 51 77 26 26 4293 3509 364 28 24 54 21 184
leaf_count=5840 31 20 23 25 2475 51 42 34 30 1085 6575 26 21 20 43 22 23 20 51 77 26 26 4293 3509 364 28 24 54 21 184
internal_value=7.5453e-10 -2.02428 -9.76233 -19.4828 0.620484 -1.75745 -1.51455 -3.0191 -4.56227 -3.26905 0.256019 -7.46452 -5.01967 -6.60974 -9.39538 0.420682 -14.9403 -20.3396 -0.87051 -7.51311 -0.971018 -1.04224 -0.219249 -0.935733 -5.33819 -5.99244 -2.75995 -2.93142 -5.92523 -4.65712
internal_weight=25063 5880 196 48 19183 5684 5231 1568 453 1534 13343 166 124 148 106 42 63 40 3663 98 3612 3586 6768 3535 422 392 1368 1344 259 238
internal_count=25063 5880 196 48 19183 5684 5231 1568 453 1534 13343 166 124 148 106 42 63 40 3663 98 3612 3586 6768 3535 422 392 1368 1344 259 238
is_linear=0
shrinkage=0.05


Tree=12
num_leaves=31
num_cat=0
split_feature=236 145 17 4 103 162 72 4 36 252 246 82 152 8 254 188 226 13 53 163 246 1 106 253 212 16 160 177 176 9
split_gain=1.14633e+07 3.88201e+06 3.56671e+06 5.11472e+06 3.13859e+06 1.59904e+06 2.27508e+06 1.66223e+06 1.53429e+06 1.51111e+06 1.46217e+06 1.30111e+06 1.24278e+06 1.54383e+06 1.42328e+06 1.41902e+06 1.18637e+06 1.16227e+06 1.44325e+06 1.94478e+06 1.02544e+06 1.06146e+06 2.01251e+06 1.47005e+06 1.03964e+06 1.03103e+06 1.00275e+06 986435 1.1778e+06 985927
threshold=302.91500854492193 756.37554931640636 -2923.2499999999995 1281.1724853515627 220.71407318115237 -1643.7499999999998 -1268.7499999999998 -5812.5725097656241 -1889.7499999999998 -192.24999999999997 498.00000000000006 226.46710968017581 697.67520141601574 2360.7500000000005 -803.24999999999989 557.53701782226574 -1557.4999999999998 -2584.8361816406245 -2643.737426757812 439.75000000000006 261.75000000000006 95.750000000000014 -69.749999999999986 236.75000000000003 -1440.9999999999998 -459.24999999999994 168.93416595458987 -822.24999999999989 -440.74999999999994 -1855.2499999999998
decision_type=2 2 2 2 2 2 2 2 2 2 2 2 2 2 2 2 2 2 2 2 2 2 2 2 2 2 2 2 2 2
left_child=4 5 -3 -4 -1 6 9 -7 10 16 27 -6 14 15 -10 -14 -2 -16 19 -19 21 24 23 -23 -20 -24 -27 28 -9 -22
right_child=1 2 3 -5 11 7 -8 8 12 -11 -12 -13 13 -15 17 -17 -18 18 20 -21 29 22 25 -25 -26 26 -28 -29 -30 -31
leaf_value=0.93749075598314691 -19.742621050710266 -0.54422649175692828 -32.222486552510944 -2.2538139257580041 -1.9165919839310044 7.7914440886918888 -22.303481183733261 -8.4084041783442878 9.1276813058058419 -0.6265194987202739 4.4185466391699659 -0.064672008255955163 -11.862463136514029 -20.252760944366457 5.3326055171234268 5.9349029450189503 -5.5548280896210089 -4.1974200491345481 -11.134850380321344 -19.205765073776249 -11.365157484114171 -6.3130338865792623 -12.615715818603833 -20.030622622641651 -0.57163572192154399 1.6893327808863408 -2.7337132292225257 -3.8949562535566447 -21.748729051862444 -0.15297160232467663
leaf_weight=13210 23 39 35 24 1104 43 21 78 30 91 28 6731 24 20 56 21 41 158 24 25 20 174 24 22 791 148 955 85 21 997
leaf_count=13210 23 39 35 24 1104 43 21 78 30 91 28 6731 24 20 56 21 41 158 24 25 20 174 24 22 791 148 955 85 21 997
internal_value=1.75324e-09 -2.44724 -12.2766 -20.0318 0.467238 -2.20151 -6.85917 -1.98256 -2.09612 -4.76672 -6.22609 -0.325619 -1.84517 -8.69417 -1.71515 -3.55703 -10.6536 -1.811 -1.93084 -6.24774 -1.68045 -2.30215 -3.17656 -7.85276 -0.8827 -2.36331 -2.14023 -7.84592 -11.2382 -0.373467
internal_weight=25063 4018 98 59 21045 3920 176 3744 3701 155 212 7835 3489 65 3424 45 64 3394 3338 183 3155 2138 1323 196 815 1127 1103 184 99 1017
internal_count=25063 4018 98 59 21045 3920 176 3744 3701 155 212 7835 3489 65 3424 45 64 3394 3338 183 3155 2138 1323 196 815 1127 1103 184 99 1017
is_linear=0
shrinkage=0.05


Tree=13
num_leaves=31
num_cat=0
split_feature=236 180 239 236 254 58 253 71 173 187 103 40 19 185 156 121 246 96 40 96 208 202 40 241 83 254 90 58 232 247
split_gain=1.0487e+07 4.3868e+06 2.10032e+06 1.66768e+06 1.73598e+06 3.01241e+06 1.6028e+06 1.46334e+06 1.43139e+06 1.80586e+06 1.73211e+06 1.43597e+06 1.36919e+06 1.36062e+06 4.50565e+06 1.62641e+06 1.31304e+06 1.16994e+06 1.298e+06 1.1525e+06 1.39169e+06 1.13838e+06 1.10494e+06 1.0861e+06 1.42099e+06 1.52253e+06 1.38165e+06 1.05435e+06 1.10171e+06 1.04368e+06
threshold=250.573600769043 697.67520141601574 -104.74999999999999 342.62866210937506 -803.24999999999989 -1359.2499999999998 3.2500000000000004 -885.24999999999989 277.46133422851568 278.79521179199224 285.49470520019537 308.31669616699224 164.45284271240237 -153.74999999999997 -347.74999999999994 1693.0000000000002 -44.749999999999993 269.41552734375006 232.38098144531253 330.09014892578131 278.83967590332037 759.40682983398449 162.97988891601565 66.250000000000014 2310.5019531250005 -658.74999999999989 2861.1967773437505 1998.7500000000002 1416.7500000000002 -524.49999999999989
decision_type=2 2 2 2 2 2 2 2 2 2 2 2 2 2 2 2 2 2 2 2 2 2 2 2 2 2 2 2 2 2
left_child=12 3 7 8 5 -5 -6 -3 9 -2 -10 19 -1 -4 -15 21 -13 -11 -19 -12 -21 -16 -14 24 25 -8 -26 28 -25 -27
right_child=1 2 13 4 6 -7 23 -9 10 17 11 16 22 14 15 -17 -18 18 -20 20 -22 -23 -24 27 26 29 -28 -29 -30 -31
leaf_value=1.3117108515967839 -1.1115421428169701 -8.9756004858016976 0.52903944324044616 -3.6556267261505129 -16.430108019283839 21.751391229629519 -15.38324108695984 -27.662668046084317 1.5849142225807429 -1.8169147995264774 -1.7321309637235001 -3.3108130290208972 -1.9303159710898576 -29.523079291256995 -6.1139577076985283 -13.494389205965502 0.82473609593360797 -17.961951869726182 -5.7162254777550707 -18.605528086707704 -4.6079640313853387 8.6819769510856055 0.48625109580631121 -2.036576134414442 -20.798845191623855 0.32287989810836026 -3.272133137963035 4.6417844293822705 9.0676989166632946 -3.6134538512262155
leaf_weight=6123 2272 20 51 28 21 20 25 22 1011 208 688 233 496 22 26 29 1089 24 220 21 115 26 10211 775 23 205 22 71 23 943
leaf_count=6123 2272 20 51 28 21 20 25 22 1011 208 688 233 496 22 26 29 1089 24 220 21 115 26 10211 775 23 205 22 71 23 943
internal_value=-1.08001e-08 -1.46232 -8.85299 -1.28208 -2.47162 6.93063 -2.68572 -18.7641 -0.84599 -1.68576 -0.121404 -0.925266 0.715346 -6.14997 -9.45705 -4.00702 0.0958534 -4.57207 -6.92072 -2.56352 -6.76935 1.28401 0.374304 -2.54742 -3.51087 -3.17637 -12.2302 -1.19703 -1.71653 -2.91054
internal_weight=25063 8233 196 8037 2156 48 2108 42 5881 2724 3157 2146 16830 154 103 81 1322 452 244 824 136 52 10707 2087 1218 1173 45 869 798 1148
internal_count=25063 8233 196 8037 2156 48 2108 42 5881 2724 3157 2146 16830 154 103 81 1322 452 244 824 136 52 10707 2087 1218 1173 45 869 798 1148
is_linear=0
shrinkage=0.05


Tree=14
num_leaves=31
num_cat=0
split_feature=229 180 238 47 236 183 156 215 240 215 229 232 57 47 12 166 145 230 16 210 25 193 113 82 236 44 118 183 45 79
split_gain=9.47716e+06 3.59112e+06 1.95164e+06 2.93361e+06 1.86804e+06 1.60641e+06 2.27374e+06 1.50038e+06 1.43311e+06 1.42817e+06 1.56058e+06 1.46387e+06 1.35325e+06 1.18241e+06 1.57117e+06 1.65581e+06 1.51399e+06 1.68463e+06 1.31852e+06 1.86124e+06 1.4275e+06 1.7782e+06 1.43369e+06 1.23348e+06 1.14237e+06 1.11795e+06 2.16917e+06 1.75633e+06 1.33807e+06 1.05132e+06
threshold=274.88392639160162 697.67520141601574 254.25000000000003 757.00543212890636 188.93824768066409 43.750000000000007 -4.2499999999999991 199.19667053222659 118.25000000000001 270.59570312500006 366.12072753906256 1416.7500000000002 -1394.2499999999998 475.31204223632818 330.09014892578131 316.03454589843756 697.67520141601574 1193.8001098632815 -379.74999999999994 630.25000000000011 -1908.3349609374998 576.16500854492199 72.750000000000014 317.71459960937506 208.1150817871094 -2981.7499999999995 -1137.0603027343748 -1237.2499999999998 -909.74999999999989 -2788.7499999999995
decision_type=2 2 2 2 2 2 2 2 2 2 2 2 2 2 2 2 2 2 2 2 2 2 2 2 2 2 2 2 2 2
left_child=4 9 3 5 -1 -3 -7 -6 -4 12 -11 13 -2 14 23 -16 17 25 19 -17 -20 -22 -23 -12 -9 27 29 -15 -28 -27
right_child=1 2 8 -5 7 6 -8 24 -10 10 11 -13 -14 16 15 18 -18 -19 20 -21 21 22 -24 -25 -26 26 28 -29 -30 -31
leaf_value=1.0466170497624936 5.8629560884929477 -1.3335158393826596 6.2060692342122401 -27.372748815096344 -1.4090932134644678 -26.386663276498968 -4.1329620108008385 1.6818639776349436 -7.5662485094631426 -0.72842834146712176 -3.6167148696302807 7.6483223382164454 -4.9606332990936757 0.66599325239658358 -19.647238621711733 -5.9383637518601651 -11.514110329656891 13.399773852030435 -14.776762261598007 -18.168315949704915 3.8959840436992437 -16.264221158234971 -2.9677402084333857 2.560204816046562 0.068640018200606737 -4.0755137355239306 -11.150721035248194 -16.322855512849216 -1.2999974278889923 6.8445181886355089
leaf_weight=9306 31 43 30 26 1479 22 24 1298 51 3663 211 34 422 32 20 229 33 21 23 36 92 23 171 131 7100 27 39 29 297 120
leaf_count=9306 31 43 30 26 1479 22 24 1298 51 3663 211 34 422 32 20 229 33 21 23 36 92 23 171 131 7100 27 39 29 297 120
internal_value=-7.85672e-09 -1.75615 -8.41034 -12.5977 0.538298 -8.28134 -14.776 0.0593657 -2.46539 -1.5267 -1.29346 -2.61344 -4.21995 -2.84089 -3.95045 -5.50486 -1.10417 -0.496159 -5.01209 -7.59979 -2.79287 -1.82913 -4.54413 -1.2507 0.317981 -1.03258 -0.227068 -7.41067 -2.44338 4.8388
internal_weight=25063 5880 196 115 19183 89 46 9877 81 5684 5231 1568 453 1534 936 594 598 565 574 265 309 286 194 342 8398 544 483 61 336 147
internal_count=25063 5880 196 115 19183 89 46 9877 81 5684 5231 1568 453 1534 936 594 598 565 574 265 309 286 194 342 8398 544 483 61 336 147
is_linear=0
shrinkage=0.05


Tree=15
num_leaves=31
num_cat=0
split_feature=236 145 17 4 103 113 1 196 179 110 215 218 246 41 250 113 162 225 219 43 247 43 38 108 232 196 154 72 160 185
split_gain=8.67616e+06 2.94293e+06 3.05706e+06 4.59881e+06 2.41792e+06 1.39019e+06 1.49006e+06 1.58651e+06 1.20759e+06 1.2315e+06 1.49705e+06 1.17177e+06 1.17066e+06 1.21892e+06 1.67243e+06 1.10668e+06 1.06174e+06 1.02133e+06 2.20048e+06 969760 1.05603e+06 965015 898692 1.05319e+06 1.67082e+06 2.03254e+06 1.3115e+06 1.21371e+06 1.05562e+06 1.37358e+06
threshold=302.91500854492193 756.37554931640636 -2923.2499999999995 1281.1724853515627 208.1150817871094 -1391.7499999999998 -1253.9999999999998 -314.74999999999994 -3680.8525390624995 238.96878814697268 270.59570312500006 -487.24999999999994 -417.24999999999994 -3854.994750976562 697.67520141601574 760.25000000000011 -1643.7499999999998 -239.74999999999997 -449.74999999999994 -1847.2499999999998 -169.24999999999997 -1398.7499999999998 -1449.2499999999998 -515.74999999999989 895.25000000000011 732.75000000000011 -120.74999999999999 -1011.7499999999999 -455.05157470703119 40.250000000000007
decision_type=2 2 2 2 2 2 2 2 2 2 2 2 2 2 2 2 2 2 2 2 2 2 2 2 2 2 2 2 2 2
left_child=4 5 -3 -4 -1 6 12 11 -7 -10 -11 -8 -2 -14 21 17 -12 -6 -19 20 -18 -15 -21 24 25 28 -25 -28 -24 -30
right_child=1 2 3 -5 15 8 7 -9 9 10 16 -13 13 14 -16 -17 19 18 -20 22 -22 -23 23 26 -26 -27 27 -29 29 -31
leaf_value=0.88731022058540587 -13.019492227059823 0.17451642942734255 -29.426627268110003 -1.0095592916011811 0.86880905960566845 6.7266034470048055 -14.280061982212397 -22.461112453824001 3.4071040588512762 -8.5500240503469609 -12.188589541117352 -0.93445481908948802 -10.306198949080247 -1.0745143735146785 10.266404021581016 0.99960079123219947 -2.3685287509048196 -3.4668301994088182 -0.38588412926489829 2.0625634071742289 -13.216133666682888 -11.372357630729676 -2.3805386859382991 0.94060847242858925 10.116691085270475 -19.89802777528763 -8.7970074931129076 -1.63038554079175 -11.937735894608172 -0.21563221027976587
leaf_weight=11660 27 39 35 24 1253 43 29 21 114 82 24 38 39 182 30 1616 57 643 5873 169 37 26 379 535 21 20 61 1875 73 38
leaf_count=11660 27 39 35 24 1253 43 29 21 114 82 24 38 39 182 30 1616 57 643 5873 169 37 26 379 535 21 20 61 1875 73 38
internal_value=1.20339e-09 -2.12905 -10.6873 -17.8671 0.406488 -1.9151 -4.73988 -10.4695 -1.60123 -1.70399 -1.87683 -6.71091 -3.08131 -2.11261 -0.769961 -0.190889 -1.71046 -0.438519 -0.689912 -1.63344 -6.63833 -2.36174 -1.48508 -1.68479 -3.70505 -4.27418 -1.25065 -1.85619 -3.63648 -7.92476
internal_weight=25063 4018 98 59 21045 3920 392 88 3528 3485 3371 67 304 277 238 9385 3289 7769 6516 3265 94 208 3171 3002 531 510 2471 1936 490 111
internal_count=25063 4018 98 59 21045 3920 392 88 3528 3485 3371 67 304 277 238 9385 3289 7769 6516 3265 94 208 3171 3002 531 510 2471 1936 490 111
is_linear=0
shrinkage=0.05


Tree=16
num_leaves=31
num_cat=0
split_feature=236 208 57 4 253 119 191 257 236 204 58 254 236 212 12 236 131 17 236 246 257 246 248 5 218 219 112 143 241 254
split_gain=7.93621e+06 3.48937e+06 1.35621e+06 5.19804e+06 2.61523e+06 2.27354e+06 1.80507e+06 1.71819e+06 1.92485e+06 1.71069e+06 1.62518e+06 1.3913e+06 1.34479e+06 1.41799e+06 1.77411e+06 1.83295e+06 1.32451e+06 1.16734e+06 1.13106e+06 1.1643e+06 1.08322e+06 1.07814e+06 1.05241e+06 1.05216e+06 1.02847e+06 1.51331e+06 1.32312e+06 2.69247e+06 1.32442e+06 1.0229e+06
threshold=250.573600769043 551.05221557617199 1948.7500000000002 1263.570007324219 54.750000000000007 -2195.9999999999995 -1504.2499999999998 756.37554931640636 697.67520141601574 -109.74999999999999 -1995.2499999999998 -244.74999999999997 598.35256958007824 -1440.9999999999998 403.98791503906256 366.18142700195318 598.35256958007824 -2027.2499999999998 142.51051330566409 90.750000000000014 642.43734741210949 247.75000000000003 147.25000000000003 380.37800598144537 61.250000000000007 -344.74999999999994 -1368.7499999999998 -1007.7499999999999 -82.249999999999986 -77.749999999999986
decision_type=2 2 2 2 2 2 2 2 2 2 2 2 2 2 2 2 2 2 2 2 2 2 2 2 2 2 2 2 2 2
left_child=18 12 4 -4 10 9 -7 8 20 16 -3 -5 13 14 15 -2 -6 -16 -1 -20 23 24 -23 -8 25 -15 27 -26 -29 -25
right_child=1 2 3 11 5 6 7 -9 -10 -11 -12 -13 -14 21 17 -17 -18 -19 19 -21 -22 22 -24 29 26 -27 -28 28 -30 -31
leaf_value=1.4420809761429041 -5.6129920521297976 -6.6769294319152834 -27.524645154706896 6.9566115061442062 -7.5324848098754886 11.308798678167935 5.6793375252649705 9.3262079715728756 -12.515310463698015 0.14175637226838331 -25.544690204802016 -8.3441233696081696 11.935384635925294 -1.3056442226059106 7.3470677724039106 -23.58744944256285 -23.808283757686617 -7.2239191047315092 -0.017696069340667982 0.91427836709745469 7.8162348747253425 1.2682945962358871 -0.98218025474392157 -2.2286756570080679 0.85000993683934212 1.4821096809523435 -1.8016431050170205 -26.593649816513064 -8.3973932743072517 -13.280384904997689
leaf_weight=3366 37 25 31 24 25 29 29 30 46 26 21 39 20 1957 27 23 25 28 7179 6285 29 919 1195 83 40 648 2809 20 20 28
leaf_count=3366 37 25 31 24 25 29 29 30 46 26 21 39 20 1957 27 23 25 28 7179 6285 29 919 1195 83 40 648 2809 20 20 28
internal_value=-2.91327e-09 -1.27211 -5.36397 -10.763 -4.08237 -2.6093 -0.486942 -1.88317 -3.44727 -10.261 -15.2905 -2.51527 -1.01316 -1.04669 -6.55731 -12.5032 -15.6704 -0.0708892 0.622296 0.41735 -0.979049 -0.963396 -0.00385178 -2.80093 -1.33261 -0.612184 -1.98222 -8.32276 -17.4955 -5.01649
internal_weight=25063 8233 490 94 396 350 274 245 215 76 46 63 7743 7723 115 60 50 55 16830 13464 169 7608 2114 140 5494 2605 2889 80 40 111
internal_count=25063 8233 490 94 396 350 274 245 215 76 46 63 7743 7723 115 60 50 55 16830 13464 169 7608 2114 140 5494 2605 2889 80 40 111
is_linear=0
shrinkage=0.05


Tree=17
num_leaves=31
num_cat=0
split_feature=236 145 5 4 103 117 114 246 150 4 215 247 253 185 220 156 22 6 208 236 40 19 61 253 127 66 180 225 239 253
split_gain=7.22885e+06 2.39413e+06 2.71233e+06 4.20954e+06 2.25856e+06 1.76685e+06 1.39578e+06 1.27834e+06 1.54424e+06 1.87824e+06 1.99453e+06 1.54906e+06 1.8565e+06 1.46321e+06 1.37113e+06 1.19501e+06 1.13318e+06 1.13966e+06 999355 1.16952e+06 1.05298e+06 1.17756e+06 1.01655e+06 950043 1.73167e+06 933931 933326 926307 1.17657e+06 938798
threshold=312.07698059082037 756.37554931640636 598.85974121093761 -1436.2075195312498 233.15493774414065 231.71320343017581 2282.7500000000005 200.25000000000003 -1938.4999999999998 -2061.255004882812 497.39965820312506 -627.24999999999989 3.2500000000000004 581.75000000000011 1010.7500000000001 1635.2500000000002 -2691.4999999999995 -2973.9760742187495 316.03454589843756 282.52000427246099 243.94082641601565 257.83746337890631 267.30926513671881 239.75000000000003 -247.74999999999997 807.25000000000011 523.07272338867199 -106.74999999999999 -270.74999999999994 54.750000000000007
decision_type=2 2 2 2 2 2 2 2 2 2 2 2 2 2 2 2 2 2 2 2 2 2 2 2 2 2 2 2 2 2
left_child=4 7 -3 -4 -1 25 -5 8 9 10 -2 13 -13 23 15 16 -14 -18 19 20 21 -7 -22 26 -25 -6 -10 -19 -29 -30
right_child=1 2 3 6 5 18 -8 -9 11 -11 -12 12 14 -15 -16 -17 17 27 -20 -21 22 -23 -24 24 -26 -27 -28 28 29 -31
leaf_value=0.69424526675539089 -13.749192527488427 1.8705352241342721 -32.925168120342754 3.2453034853935243 -3.855850479847962 -0.71818885313683678 -15.005291085351599 -0.74982890501721156 -0.041260211901231247 -17.129142689704896 4.0243066605768707 -16.399894667625428 -12.819601691872984 14.575983036756515 -12.46190625326974 6.5487150629361466 4.9383931045532234 -0.67210679230534653 2.3125127193938662 -1.7029005978076162 1.5614112294366951 -6.1678947287439199 -0.20700936284245963 3.9209528708457948 -16.885721397399902 2.096354220650698 9.3330705533708862 -15.50145869910717 -0.97088305929416352 -4.2123713388677269
leaf_weight=14663 27 33 23 20 496 1206 22 1450 110 40 38 25 27 20 35 36 50 399 383 1219 1356 108 2028 20 20 76 35 20 316 762
leaf_count=14663 27 33 23 20 496 1206 22 1450 110 40 38 25 27 20 35 36 50 399 383 1219 1356 108 2028 20 20 76 35 20 316 762
internal_value=-2.72938e-09 -2.09796 -9.80369 -15.7306 0.3437 -0.404268 -6.31453 -1.87779 -2.70382 -8.60448 -3.35853 -2.37339 -2.87691 1.7285 -2.6714 -2.45856 -2.66457 -2.48733 -0.162691 -0.322908 0.0351618 -1.16611 0.501613 0.339586 -6.48238 -3.065 2.22151 -2.73535 -3.48511 -3.26218
internal_weight=25063 3528 98 65 21535 6872 42 3430 1980 105 65 1875 1670 205 1645 1610 1574 1547 6300 5917 4698 1314 3384 185 40 572 145 1497 1098 1078
internal_count=25063 3528 98 65 21535 6872 42 3430 1980 105 65 1875 1670 205 1645 1610 1574 1547 6300 5917 4698 1314 3384 185 40 572 145 1497 1098 1078
is_linear=0
shrinkage=0.05


Tree=18
num_leaves=31
num_cat=0
split_feature=236 208 239 178 91 240 236 212 12 236 225 204 19 245 224 234 17 61 254 246 247 254 26 246 225 144 246 257 239 225
split_gain=6.55667e+06 2.99152e+06 1.24687e+06 2.64427e+06 2.56406e+06 1.44296e+06 1.21997e+06 1.23586e+06 1.58322e+06 1.59988e+06 1.06629e+06 3.20236e+06 1.60812e+06 1.6257e+06 1.55167e+06 1.05741e+06 1.03035e+06 1.00972e+06 1.00598e+06 996927 1.39281e+06 963234 1.04665e+06 924319 994887 1.45268e+06 1.03894e+06 1.03311e+06 988527 1.0407e+06
threshold=250.573600769043 551.05221557617199 -104.74999999999999 140.25000000000003 -2126.7499999999995 -534.74999999999989 598.35256958007824 -1440.9999999999998 403.98791503906256 366.18142700195318 289.75000000000006 -152.24999999999997 757.00543212890636 406.75000000000006 235.25000000000003 -42.749999999999993 -2027.2499999999998 159.8748474121094 -299.24999999999994 108.25000000000001 -27.749999999999996 -85.249999999999986 642.48309326171886 261.75000000000006 46.750000000000007 -2220.5024414062495 20.250000000000004 497.39965820312506 271.25000000000006 907.75000000000011
decision_type=2 2 2 2 2 2 2 2 2 2 2 2 2 2 2 2 2 2 2 2 2 2 2 2 2 2 2 2 2 2
left_child=17 6 3 4 -3 18 7 8 9 -2 15 -12 13 14 -13 -7 -10 -1 -4 20 -19 22 -15 24 26 -26 27 -9 29 -27
right_child=1 2 5 -5 -6 10 -8 23 16 -11 11 12 -14 21 -16 -17 -18 19 -20 -21 -22 -23 -24 -25 25 28 -28 -29 -30 -31
leaf_value=1.1184212210575049 -5.2726323350055804 -15.988613383910234 10.833555682182313 -25.225700777227232 2.2042920727199977 -6.6826975191964042 11.416453161239625 -1.7023589999058222 7.0036762131585029 -22.065510546642802 -25.192072789235549 -18.657313616347054 -16.614857215147751 -0.23036276045299711 -3.8573750478880751 3.5311492697945961 -6.6856995412281579 0.11789877386179284 -1.5804306933854491 0.847000640169151 -2.4874643058776726 -4.8863306541442881 15.751906452178956 0.05343083657981279 -7.1352571185006468 -1.8876241816812944 0.58316047926675119 7.848872717495623 0.099310773726194318 -8.5582574216524758
leaf_weight=5541 37 34 25 22 45 45 20 1193 27 23 22 23 26 21 77 58 28 5992 47 4736 561 25 20 1996 122 2293 1229 29 686 60
leaf_count=5541 37 34 25 22 45 45 20 1193 27 23 22 23 26 21 77 58 28 5992 47 4736 561 25 20 1996 122 2293 1229 29 686 60
internal_value=-1.08097e-09 -1.15627 -4.94499 -9.8949 -5.62557 -3.6598 -0.916505 -0.948444 -6.093 -11.7099 -5.11111 -7.12292 -5.0525 -3.24153 -7.26136 -0.931211 0.0345395 0.56563 2.72998 0.294302 -0.105145 2.84912 7.56587 -0.87068 -1.19936 -1.78557 -0.443326 -1.47569 -1.57081 -2.05772
internal_weight=25063 8233 490 101 79 389 7743 7723 115 60 317 214 192 166 100 103 55 16830 72 11289 6553 66 41 7608 5612 3161 2451 1222 3039 2353
internal_count=25063 8233 490 101 79 389 7743 7723 115 60 317 214 192 166 100 103 55 16830 72 11289 6553 66 41 7608 5612 3161 2451 1222 3039 2353
is_linear=0
shrinkage=0.05


end of trees

feature_importances:
Column_236=42
Column_246=28
Column_215=15
Column_254=15
Column_145=13
Column_208=13
Column_239=12
Column_247=12
Column_253=12
Column_4=11
Column_61=11
Column_257=11
Column_225=10
Column_229=10
Column_103=9
Column_219=9
Column_12=8
Column_180=8
Column_17=7
Column_54=7
Column_113=7
Column_162=7
Column_13=6
Column_152=6
Column_232=6
Column_252=6
Column_1=5
Column_5=5
Column_16=5
Column_40=5
Column_185=5
Column_212=5
Column_240=5
Column_241=5
Column_19=4
Column_53=4
Column_114=4
Column_156=4
Column_190=4
Column_191=4
Column_196=4
Column_218=4
Column_227=4
Column_6=3
Column_9=3
Column_25=3
Column_32=3
Column_36=3
Column_38=3
Column_41=3
Column_43=3
Column_44=3
Column_47=3
Column_51=3
Column_57=3
Column_58=3
Column_71=3
Column_72=3
Column_82=3
Column_100=3
Column_102=3
Column_106=3
Column_164=3
Column_179=3
Column_183=3
Column_187=3
Column_205=3
Column_226=3
Column_8=2
Column_11=2
Column_20=2
Column_22=2
Column_26=2
Column_29=2
Column_45=2
Column_66=2
Column_68=2
Column_69=2
Column_79=2
Column_96=2
Column_110=2
Column_117=2
Column_118=2
Column_135=2
Column_136=2
Column_150=2
Column_155=2
Column_160=2
Column_177=2
Column_194=2
Column_204=2
Column_220=2
Column_221=2
Column_230=2
Column_234=2
Column_242=2
Column_243=2
Column_245=2
Column_248=2
Column_33=1
Column_46=1
Column_52=1
Column_60=1
Column_65=1
Column_67=1
Column_78=1
Column_80=1
Column_83=1
Column_85=1
Column_89=1
Column_90=1
Column_91=1
Column_101=1
Column_108=1
Column_109=1
Column_112=1
Column_116=1
Column_119=1
Column_120=1
Column_121=1
Column_124=1
Column_127=1
Column_131=1
Column_133=1
Column_134=1
Column_140=1
Column_142=1
Column_143=1
Column_144=1
Column_148=1
Column_149=1
Column_151=1
Column_154=1
Column_157=1
Column_159=1
Column_163=1
Column_165=1
Column_166=1
Column_167=1
Column_173=1
Column_176=1
Column_178=1
Column_188=1
Column_189=1
Column_193=1
Column_198=1
Column_201=1
Column_202=1
Column_203=1
Column_210=1
Column_214=1
Column_217=1
Column_224=1
Column_238=1
Column_250=1

parameters:
[boosting: gbdt]
[objective: regression]
[metric: l2]
[tree_learner: serial]
[device_type: cpu]
[data_sample_strategy: bagging]
[data: ]
[valid: ]
[num_iterations: 1000]
[learning_rate: 0.05]
[num_leaves: 31]
[num_threads: 0]
[seed: 42]
[deterministic: 1]
[force_col_wise: 0]
[force_row_wise: 0]
[histogram_pool_size: -1]
[max_depth: -1]
[min_data_in_leaf: 20]
[min_sum_hessian_in_leaf: 0.001]
[bagging_fraction: 1]
[pos_bagging_fraction: 1]
[neg_bagging_fraction: 1]
[bagging_freq: 0]
[bagging_seed: 400]
[bagging_by_query: 0]
[feature_fraction: 1]
[feature_fraction_bynode: 1]
[feature_fraction_seed: 30056]
[extra_trees: 0]
[extra_seed: 12879]
[early_stopping_round: 0]
[early_stopping_min_delta: 0]
[first_metric_only: 0]
[max_delta_step: 0]
[lambda_l1: 0]
[lambda_l2: 0]
[linear_lambda: 0]
[min_gain_to_split: 0]
[drop_rate: 0.1]
[max_drop: 50]
[skip_drop: 0.5]
[xgboost_dart_mode: 0]
[uniform_drop: 0]
[drop_seed: 17869]
[top_rate: 0.2]
[other_rate: 0.1]
[min_data_per_group: 100]
[max_cat_threshold: 32]
[cat_l2: 10]
[cat_smooth: 10]
[max_cat_to_onehot: 4]
[top_k: 20]
[monotone_constraints: ]
[monotone_constraints_method: basic]
[monotone_penalty: 0]
[feature_contri: ]
[forcedsplits_filename: ]
[refit_decay_rate: 0.9]
[cegb_tradeoff: 1]
[cegb_penalty_split: 0]
[cegb_penalty_feature_lazy: ]
[cegb_penalty_feature_coupled: ]
[path_smooth: 0]
[interaction_constraints: ]
[verbosity: -1]
[saved_feature_importance_type: 0]
[use_quantized_grad: 0]
[num_grad_quant_bins: 4]
[quant_train_renew_leaf: 0]
[stochastic_rounding: 1]
[linear_tree: 0]
[max_bin: 255]
[max_bin_by_feature: ]
[min_data_in_bin: 3]
[bin_construct_sample_cnt: 200000]
[data_random_seed: 175]
[is_enable_sparse: 1]
[enable_bundle: 1]
[use_missing: 1]
[zero_as_missing: 0]
[feature_pre_filter: 1]
[pre_partition: 0]
[two_round: 0]
[header: 0]
[label_column: ]
[weight_column: ]
[group_column: ]
[ignore_column: ]
[categorical_feature: ]
[forcedbins_filename: ]
[precise_float_parser: 0]
[parser_config_file: ]
[objective_seed: 16083]
[num_class: 1]
[is_unbalance: 0]
[scale_pos_weight: 1]
[sigmoid: 1]
[boost_from_average: 1]
[reg_sqrt: 0]
[alpha: 0.9]
[fair_c: 1]
[poisson_max_delta_step: 0.7]
[tweedie_variance_power: 1.5]
[lambdarank_truncation_level: 30]
[lambdarank_norm: 1]
[label_gain: ]
[lambdarank_position_bias_regularization: 0]
[eval_at: ]
[multi_error_top_k: 1]
[auc_mu_weights: ]
[num_machines: 1]
[local_listen_port: 12400]
[time_out: 120]
[machine_list_filename: ]
[machines: ]
[gpu_platform_id: -1]
[gpu_device_id: -1]
[gpu_device_id_list: ]
[gpu_use_dp: 0]
[num_gpu: 1]

end of parameters

pandas_categorical:null
